  Hgt    Lat     Lon    MeanT      MeanP       MeanD     MeanU  MeanV SigmaT   SigmaP     SigmaD   SigmaU SigmaV
 -.001  47.43  -52.73  277.64  1.01330E+05  1.26880E+00    .01    .01   8.29  1.085E+03  4.268E-02    .01    .01
  .000  47.43  -52.73  277.64  1.01330E+05  1.26880E+00    .01    .01   8.29  1.085E+03  4.268E-02    .01    .01
  .140  47.43  -52.73  277.22  9.96009E+04  1.24910E+00   2.68    .62   8.41  1.069E+03  4.184E-02   5.24   4.83
  .250  47.43  -52.73  276.81  9.82701E+04  1.23434E+00   3.56    .84   8.39  1.040E+03  4.044E-02   6.27   5.79
  .500  47.43  -52.73  276.26  9.52849E+04  1.19938E+00   4.90    .94   9.10  1.023E+03  4.108E-02   7.47   7.14
  .750  47.43  -52.73  275.72  9.23759E+04  1.16531E+00   5.87    .98   9.49  1.018E+03  4.050E-02   8.26   8.11
 1.000  47.43  -52.73  275.10  8.95530E+04  1.13245E+00   6.39   1.07   9.48  1.015E+03  3.819E-02   8.29   8.31
 1.250  47.43  -52.73  274.44  8.68157E+04  1.10061E+00   6.90   1.17   9.34  1.023E+03  3.537E-02   8.41   8.48
 1.500  47.43  -52.73  273.73  8.41576E+04  1.06980E+00   7.42   1.29   9.16  1.037E+03  3.250E-02   8.53   8.69
 1.750  47.43  -52.73  272.89  8.15730E+04  1.04023E+00   8.02   1.51   8.99  1.061E+03  2.977E-02   8.52   8.76
 2.000  47.43  -52.73  271.96  7.90545E+04  1.01167E+00   8.60   1.71   8.84  1.081E+03  2.736E-02   8.58   8.87
 2.250  47.43  -52.73  270.94  7.66055E+04  9.84111E-01   9.21   1.91   8.73  1.102E+03  2.523E-02   8.72   9.05
 2.500  47.43  -52.73  269.86  7.42252E+04  9.57460E-01   9.83   2.10   8.64  1.121E+03  2.328E-02   8.95   9.30
 2.750  47.43  -52.73  268.72  7.19126E+04  9.31631E-01  10.41   2.30   8.57  1.140E+03  2.156E-02   9.20   9.58
 3.000  47.43  -52.73  267.51  6.96662E+04  9.06668E-01  11.01   2.49   8.52  1.161E+03  2.004E-02   9.49   9.83
 3.250  47.43  -52.73  266.26  6.74788E+04  8.82384E-01  11.65   2.69   8.49  1.191E+03  1.855E-02   9.77  10.09
 3.500  47.43  -52.73  264.97  6.53417E+04  8.58686E-01  12.26   2.86   8.47  1.211E+03  1.722E-02  10.08  10.38
 3.750  47.43  -52.73  263.63  6.32622E+04  8.35640E-01  12.88   3.06   8.46  1.229E+03  1.601E-02  10.42  10.71
 4.000  47.43  -52.73  262.26  6.12385E+04  8.13193E-01  13.48   3.27   8.46  1.246E+03  1.495E-02  10.79  11.04
 4.250  47.43  -52.73  260.85  5.92711E+04  7.91362E-01  14.11   3.43   8.48  1.261E+03  1.398E-02  11.21  11.43
 4.500  47.43  -52.73  259.40  5.73561E+04  7.70102E-01  14.67   3.64   8.48  1.274E+03  1.303E-02  11.62  11.81
 4.750  47.43  -52.73  257.92  5.54955E+04  7.49426E-01  15.26   3.81   8.50  1.286E+03  1.218E-02  12.06  12.25
 5.000  47.43  -52.73  256.41  5.36869E+04  7.29283E-01  15.84   4.00   8.52  1.295E+03  1.141E-02  12.52  12.71
 5.250  47.43  -52.73  254.88  5.19303E+04  7.09705E-01  16.39   4.16   8.53  1.303E+03  1.071E-02  12.98  13.15
 5.500  47.43  -52.73  253.31  5.02231E+04  6.90621E-01  16.90   4.31   8.56  1.314E+03  1.007E-02  13.45  13.58
 5.750  47.43  -52.73  251.72  4.85588E+04  6.71978E-01  17.42   4.47   8.57  1.331E+03  9.425E-03  13.88  14.02
 6.000  47.43  -52.73  250.08  4.69330E+04  6.53750E-01  17.97   4.62   8.56  1.339E+03  8.871E-03  14.28  14.48
 6.250  47.43  -52.73  248.42  4.53523E+04  6.35948E-01  18.49   4.79   8.54  1.341E+03  8.416E-03  14.69  14.95
 6.500  47.43  -52.73  246.75  4.38171E+04  6.18589E-01  19.04   4.97   8.50  1.341E+03  8.049E-03  15.15  15.43
 6.750  47.43  -52.73  245.07  4.23275E+04  6.01651E-01  19.58   5.12   8.45  1.339E+03  7.811E-03  15.61  15.93
 7.000  47.43  -52.73  243.39  4.08807E+04  5.85091E-01  20.08   5.27   8.38  1.340E+03  7.692E-03  16.01  16.40
 7.250  47.43  -52.73  241.70  3.94697E+04  5.68833E-01  20.58   5.42   8.28  1.343E+03  7.697E-03  16.37  16.81
 7.500  47.43  -52.73  240.02  3.80926E+04  5.52839E-01  21.15   5.58   8.16  1.341E+03  7.817E-03  16.72  17.23
 7.750  47.43  -52.73  238.34  3.67523E+04  5.37141E-01  21.66   5.75   7.99  1.330E+03  8.079E-03  17.04  17.62
 8.000  47.43  -52.73  236.68  3.54527E+04  5.21779E-01  22.18   5.95   7.80  1.318E+03  8.515E-03  17.38  18.03
 8.250  47.43  -52.73  235.05  3.41947E+04  5.06744E-01  22.73   6.09   7.57  1.303E+03  9.091E-03  17.75  18.47
 8.500  47.43  -52.73  233.45  3.29767E+04  4.92040E-01  23.27   6.23   7.34  1.287E+03  9.770E-03  18.11  18.93
 8.750  47.43  -52.73  231.89  3.17976E+04  4.77640E-01  23.79   6.35   7.09  1.268E+03  1.055E-02  18.47  19.37
 9.000  47.43  -52.73  230.38  3.06550E+04  4.63493E-01  24.24   6.42   6.82  1.250E+03  1.141E-02  18.70  19.69
 9.250  47.43  -52.73  228.94  2.95447E+04  4.49532E-01  24.60   6.46   6.55  1.234E+03  1.230E-02  18.78  19.76
 9.500  47.43  -52.73  227.55  2.84620E+04  4.35707E-01  24.99   6.49   6.29  1.213E+03  1.319E-02  18.83  19.80
 9.750  47.43  -52.73  226.24  2.74101E+04  4.22070E-01  25.40   6.50   6.04  1.183E+03  1.404E-02  18.88  19.79
10.000  47.43  -52.73  225.00  2.63961E+04  4.08725E-01  25.80   6.45   5.84  1.151E+03  1.484E-02  18.96  19.78
10.250  47.43  -52.73  223.85  2.54177E+04  3.95632E-01  26.10   6.38   5.69  1.120E+03  1.563E-02  18.97  19.70
10.500  47.43  -52.73  222.80  2.44704E+04  3.82724E-01  26.28   6.30   5.58  1.091E+03  1.635E-02  18.83  19.44
10.750  47.43  -52.73  221.89  2.35540E+04  3.69946E-01  26.36   6.14   5.53  1.060E+03  1.694E-02  18.54  19.03
11.000  47.43  -52.73  221.09  2.26635E+04  3.57294E-01  26.30   5.98   5.54  1.021E+03  1.738E-02  18.19  18.48
11.250  47.43  -52.73  220.40  2.18051E+04  3.44899E-01  26.17   5.80   5.60  9.815E+02  1.770E-02  17.81  17.93
11.500  47.43  -52.73  219.82  2.09791E+04  3.32746E-01  26.01   5.62   5.67  9.427E+02  1.787E-02  17.43  17.38
11.750  47.43  -52.73  219.35  2.01841E+04  3.20860E-01  25.69   5.45   5.76  9.052E+02  1.791E-02  17.07  16.79
12.000  47.43  -52.73  218.98  1.94185E+04  3.09253E-01  25.39   5.25   5.84  8.697E+02  1.779E-02  16.71  16.23
12.250  47.43  -52.73  218.69  1.86791E+04  2.97889E-01  24.90   5.08   5.87  8.343E+02  1.750E-02  16.18  15.56
12.500  47.43  -52.73  218.49  1.79651E+04  2.86783E-01  24.28   4.93   5.84  7.961E+02  1.699E-02  15.52  14.82
12.750  47.43  -52.73  218.35  1.72780E+04  2.75991E-01  23.60   4.80   5.75  7.587E+02  1.635E-02  14.88  14.10
13.000  47.43  -52.73  218.24  1.66175E+04  2.65558E-01  22.89   4.67   5.60  7.235E+02  1.562E-02  14.26  13.41
13.250  47.43  -52.73  218.13  1.59824E+04  2.55530E-01  22.20   4.53   5.42  6.897E+02  1.484E-02  13.68  12.75
13.500  47.43  -52.73  218.00  1.53715E+04  2.45894E-01  21.48   4.38   5.24  6.575E+02  1.407E-02  13.17  12.12
13.750  47.43  -52.73  217.84  1.47833E+04  2.36651E-01  20.84   4.26   5.07  6.280E+02  1.333E-02  12.73  11.61
14.000  47.43  -52.73  217.64  1.42166E+04  2.27776E-01  20.21   4.13   4.93  6.000E+02  1.264E-02  12.35  11.12
14.250  47.43  -52.73  217.42  1.36707E+04  2.19238E-01  19.60   4.00   4.80  5.723E+02  1.197E-02  11.99  10.69
14.500  47.43  -52.73  217.19  1.31452E+04  2.11022E-01  18.99   3.88   4.68  5.459E+02  1.133E-02  11.67  10.28
14.750  47.43  -52.73  216.96  1.26397E+04  2.03119E-01  18.40   3.76   4.59  5.212E+02  1.073E-02  11.37   9.88
15.000  47.43  -52.73  216.74  1.21538E+04  1.95498E-01  17.81   3.62   4.49  4.975E+02  1.015E-02  11.10   9.48
15.250  47.43  -52.73  216.53  1.16862E+04  1.88146E-01  17.25   3.46   4.38  4.753E+02  9.570E-03  10.88   9.11
15.500  47.43  -52.73  216.35  1.12366E+04  1.81050E-01  16.64   3.33   4.28  4.544E+02  9.023E-03  10.65   8.71
15.750  47.43  -52.73  216.20  1.08043E+04  1.74197E-01  16.00   3.17   4.20  4.342E+02  8.496E-03  10.43   8.36
16.000  47.43  -52.73  216.07  1.03928E+04  1.67656E-01  15.22   3.02   4.11  4.141E+02  7.979E-03  10.17   8.03
16.250  47.43  -52.73  215.95  9.99473E+03  1.61317E-01  14.63   2.89   4.03  3.982E+02  7.527E-03  10.00   7.74
16.500  47.43  -52.73  215.85  9.60717E+03  1.55119E-01  14.13   2.82   3.96  3.836E+02  7.105E-03   9.92   7.49
16.750  47.43  -52.73  215.79  9.23289E+03  1.49112E-01  13.65   2.79   3.90  3.673E+02  6.654E-03   9.85   7.21
17.000  47.43  -52.73  215.73  8.87660E+03  1.43395E-01  13.14   2.69   3.86  3.530E+02  6.263E-03   9.76   6.95
17.250  47.43  -52.73  215.69  8.53410E+03  1.37881E-01  12.64   2.61   3.83  3.397E+02  5.889E-03   9.70   6.73
17.500  47.43  -52.73  215.66  8.20475E+03  1.32569E-01  12.14   2.53   3.80  3.272E+02  5.535E-03   9.67   6.52
17.750  47.43  -52.73  215.65  7.88800E+03  1.27449E-01  11.66   2.45   3.78  3.153E+02  5.199E-03   9.66   6.35
18.000  47.43  -52.73  215.66  7.58376E+03  1.22526E-01  11.20   2.35   3.76  3.038E+02  4.887E-03   9.66   6.18
18.250  47.43  -52.73  215.68  7.29168E+03  1.17793E-01  10.71   2.25   3.75  2.928E+02  4.589E-03   9.67   6.05
18.500  47.43  -52.73  215.70  7.01048E+03  1.13232E-01  10.25   2.16   3.76  2.830E+02  4.322E-03   9.68   5.92
18.750  47.43  -52.73  215.74  6.74002E+03  1.08841E-01   9.84   2.09   3.79  2.739E+02  4.072E-03   9.72   5.79
19.000  47.43  -52.73  215.77  6.48037E+03  1.04628E-01   9.44   2.02   3.83  2.656E+02  3.849E-03   9.76   5.65
19.250  47.43  -52.73  215.80  6.23041E+03  1.00578E-01   9.10   1.97   3.88  2.575E+02  3.640E-03   9.83   5.55
19.500  47.43  -52.73  215.84  5.99045E+03  9.66832E-02   8.77   1.91   3.92  2.498E+02  3.447E-03   9.90   5.45
19.750  47.43  -52.73  215.87  5.75952E+03  9.29396E-02   8.44   1.83   4.00  2.423E+02  3.268E-03   9.98   5.37
20.000  47.43  -52.73  215.92  5.53777E+03  8.93409E-02   8.11   1.76   4.08  2.350E+02  3.109E-03  10.07   5.33
20.250  47.43  -52.73  215.97  5.32529E+03  8.58901E-02   7.64   1.65   4.16  2.278E+02  2.952E-03   9.94   5.26
20.500  47.43  -52.73  216.01  5.12067E+03  8.25677E-02   7.21   1.56   4.25  2.213E+02  2.805E-03   9.99   5.19
20.750  47.43  -52.73  216.07  4.92328E+03  7.93670E-02   6.95   1.54   4.34  2.152E+02  2.672E-03  10.17   5.14
21.000  47.43  -52.73  216.12  4.73417E+03  7.62962E-02   6.79   1.49   4.43  2.096E+02  2.556E-03  10.36   5.11
21.250  47.43  -52.73  216.19  4.55242E+03  7.33439E-02   6.65   1.43   4.52  2.047E+02  2.453E-03  10.50   5.10
21.500  47.43  -52.73  216.26  4.37757E+03  7.05044E-02   6.49   1.36   4.63  1.993E+02  2.352E-03  10.65   5.09
21.750  47.43  -52.73  216.34  4.20956E+03  6.77716E-02   6.34   1.29   4.73  1.945E+02  2.258E-03  10.80   5.12
22.000  47.43  -52.73  216.42  4.04818E+03  6.51439E-02   6.17   1.24   4.83  1.896E+02  2.168E-03  10.95   5.18
22.250  47.43  -52.73  216.51  3.89289E+03  6.26189E-02   6.00   1.18   4.93  1.849E+02  2.082E-03  11.12   5.20
22.500  47.43  -52.73  216.61  3.74382E+03  6.01912E-02   5.85   1.12   5.02  1.804E+02  2.003E-03  11.30   5.23
22.750  47.43  -52.73  216.73  3.60048E+03  5.78554E-02   5.70   1.07   5.11  1.759E+02  1.925E-03  11.50   5.27
23.000  47.43  -52.73  216.84  3.46302E+03  5.56136E-02   5.54   1.01   5.22  1.715E+02  1.852E-03  11.67   5.32
23.250  47.43  -52.73  216.96  3.33071E+03  5.34588E-02   5.31    .93   5.32  1.672E+02  1.783E-03  11.76   5.34
23.500  47.43  -52.73  217.09  3.20326E+03  5.13838E-02   5.08    .86   5.43  1.630E+02  1.716E-03  11.87   5.38
23.750  47.43  -52.73  217.24  3.08124E+03  4.93932E-02   4.89    .82   5.54  1.590E+02  1.656E-03  12.04   5.39
24.000  47.43  -52.73  217.37  2.96347E+03  4.74745E-02   4.85    .79   5.67  1.551E+02  1.595E-03  12.32   5.42
24.250  47.43  -52.73  217.53  2.85045E+03  4.56293E-02   4.85    .76   5.79  1.515E+02  1.543E-03  12.58   5.47
24.500  47.43  -52.73  217.69  2.74216E+03  4.38607E-02   4.91    .71   5.90  1.484E+02  1.497E-03  12.84   5.53
24.750  47.43  -52.73  217.86  2.63786E+03  4.21597E-02   4.92    .66   6.01  1.452E+02  1.452E-03  13.08   5.57
25.000  47.43  -52.73  218.03  2.53765E+03  4.05250E-02   4.93    .62   6.13  1.422E+02  1.409E-03  13.31   5.63
25.250  47.43  -52.73  218.21  2.44156E+03  3.89550E-02   4.93    .60   6.26  1.389E+02  1.365E-03  13.53   5.69
25.500  47.43  -52.73  218.39  2.34880E+03  3.74444E-02   4.95    .56   6.39  1.359E+02  1.327E-03  13.75   5.77
25.750  47.43  -52.73  218.61  2.25990E+03  3.59925E-02   4.86    .49   6.51  1.328E+02  1.289E-03  13.82   5.82
26.000  47.43  -52.73  218.83  2.17441E+03  3.45936E-02   4.59    .42   6.64  1.300E+02  1.255E-03  13.77   5.82
26.250  47.43  -52.73  219.08  2.09255E+03  3.32525E-02   4.14    .34   6.76  1.271E+02  1.221E-03  13.85   5.71
26.500  47.43  -52.73  219.30  2.01340E+03  3.19606E-02   4.11    .29   6.89  1.245E+02  1.192E-03  14.35   5.76
26.750  47.43  -52.73  219.54  1.93743E+03  3.07215E-02   4.34    .28   7.02  1.218E+02  1.163E-03  14.86   5.91
27.000  47.43  -52.73  219.77  1.86421E+03  2.95278E-02   4.72    .27   7.14  1.190E+02  1.134E-03  15.30   6.00
27.250  47.43  -52.73  220.00  1.79401E+03  2.83846E-02   5.58    .27   7.26  1.165E+02  1.110E-03  15.74   6.24
27.500  47.43  -52.73  220.26  1.72652E+03  2.72854E-02   5.76    .28   7.37  1.142E+02  1.089E-03  16.03   6.31
27.750  47.43  -52.73  220.52  1.66200E+03  2.62313E-02   5.92    .27   7.49  1.117E+02  1.066E-03  16.31   6.35
28.000  47.43  -52.73  220.79  1.59926E+03  2.52126E-02   6.09    .27   7.60  1.094E+02  1.046E-03  16.61   6.42
28.250  47.43  -52.73  221.10  1.53969E+03  2.42358E-02   6.28    .25   7.69  1.072E+02  1.026E-03  16.92   6.52
28.500  47.43  -52.73  221.44  1.48205E+03  2.32956E-02   6.43    .23   7.77  1.049E+02  1.007E-03  17.24   6.61
28.750  47.43  -52.73  221.75  1.42691E+03  2.23940E-02   6.59    .22   7.86  1.026E+02  9.870E-04  17.55   6.69
29.000  47.43  -52.73  222.09  1.37378E+03  2.15294E-02   6.75    .21   7.95  1.003E+02  9.676E-04  17.84   6.79
29.250  47.43  -52.73  222.44  1.32295E+03  2.06964E-02   6.92    .20   8.06  9.790E+01  9.481E-04  18.14   6.91
29.500  47.43  -52.73  222.76  1.27358E+03  1.98950E-02   7.05    .17   8.18  9.600E+01  9.303E-04  18.42   7.00
29.750  47.43  -52.73  223.11  1.22613E+03  1.91232E-02   7.14    .13   8.29  9.390E+01  9.125E-04  18.64   7.09
30.000  47.43  -52.73  223.50  1.18103E+03  1.83887E-02   7.12    .06   8.36  9.140E+01  8.915E-04  18.77   7.14
