      Time    Hgtkm GeocenLat  Lon(East)   DensMean   PresMean    Tmean   EWmean   NSmean   DensPert   PresPert    Tpert   EWpert  NSpert SDden% SDprs% SDtemK SDuwnd SDvwnd SDwwnd Wpert SpdAvg  SpdStd SOSmean SOSpert Sev
      0.00  140.000   0.45000 -164.53000 4.4059e-009 9.9656e-004  690.23   20.45    0.31 4.7679e-009 9.4098e-004  602.27   91.47  -69.41   7.20  12.50 100.77  69.00  69.00   8.33  -3.45  78.61  61.33  562.72  525.64   0
     60.00  138.000   0.85000 -163.33000 5.0219e-009 1.0850e-003  662.03   17.48    0.51 5.2715e-009 1.0024e-003  582.64   60.84  -41.21   7.27  13.20 101.78  66.36  66.20   8.16  -4.10  74.98  58.91  549.98  515.95   0
    120.00  136.000   1.25000 -162.13000 5.7642e-009 1.1862e-003  633.20   14.02    0.59 5.7464e-009 1.1160e-003  597.55   36.76  -36.88   7.35  13.86 102.02  63.64  63.30   7.99   8.50  71.22  56.42  536.75  521.42   0
    180.00  134.000   1.65000 -160.93000 6.6673e-009 1.3028e-003  603.80   10.08    0.59 6.6018e-009 1.2079e-003  565.37   31.14  -42.72   7.42  14.49 101.53  60.83  60.31   7.82   9.04  67.38  53.83  523.03  506.11   0
    240.00  132.000   2.05000 -159.73000 7.7777e-009 1.4382e-003  573.92    5.70    0.52 7.6575e-009 1.3365e-003  541.67   17.52   13.41   7.49  15.09 100.39  57.90  57.19   7.65   9.05  63.56  51.15  508.81  494.31   0
    300.00  130.000   2.45000 -158.53000 9.1586e-009 1.5971e-003  543.64    0.96    0.40 9.2883e-009 1.4459e-003  485.31  -17.91   20.16   7.56  15.67  98.64  54.85  53.92   7.48   7.72  59.84  48.34  494.10  466.84   0
    360.00  128.000   2.85000 -157.33000 1.0897e-008 1.7852e-003  513.08   -4.04    0.26 1.0765e-008 1.7612e-003  512.38   -8.45   22.39   7.63  16.23  96.32  51.66  50.49   7.31   7.13  56.33  45.40  478.91  478.58   0
    420.00  126.000   3.25000 -156.13000 1.3117e-008 2.0105e-003  482.33   -9.15    0.11 1.2282e-008 2.0215e-003  517.92  -28.67   -8.22   7.70  16.77  93.48  48.28  46.85   7.14   6.55  53.12  42.28  463.24  480.02   0
    480.00  124.000   3.65000 -154.93000 1.5994e-008 2.2837e-003  451.51  -14.19   -0.03 1.4123e-008 2.3597e-003  528.34   -1.80   11.13   7.77  17.30  90.17  44.69  42.94   6.97   3.45  50.25  38.95  447.11  483.65   0
    540.00  122.000   4.05000 -153.73000 1.9776e-008 2.6195e-003  420.96  -18.96   -0.15 1.9971e-008 2.2212e-003  353.47  -37.12   -4.03   7.83  17.81  86.48  40.83  38.70   6.80   3.04  47.69  35.36  430.63  394.60   0
    600.00  120.000   4.45000 -152.53000 2.4813e-008 3.0381e-003  391.14  -23.26   -0.25 2.3941e-008 2.7224e-003  363.26  -28.42  -12.38   7.90  18.30  82.53  36.60  33.99   6.63  -0.92  45.28  31.39  414.02  399.00   0
    660.00  118.000   4.85000 -151.33000 3.1544e-008 3.5586e-003  362.27  -26.54   -0.34 2.8032e-008 3.5778e-003  409.86  -53.03   21.14   8.71  17.79  71.77  36.17  37.51   6.49   5.68  48.45  32.75  397.41  422.71   0
    720.00  116.000   5.25000 -150.13000 4.0626e-008 4.2072e-003  334.29  -28.14   -0.46 3.4432e-008 4.2452e-003  397.98  -35.46   55.69   9.45  17.27  61.61  35.71  40.57   6.36  -1.85  50.59  33.97  380.77  415.46   0
    780.00  114.000   5.65000 -148.93000 5.3200e-008 5.0374e-003  307.30  -27.95   -0.64 4.7577e-008 4.8507e-003  330.88  -31.72   24.16  10.21  16.77  52.47  37.08  42.05   6.22   2.10  51.80  35.23  364.09  377.81   0
    840.00  112.000   6.05000 -147.73000 7.1147e-008 6.1342e-003  281.47  -26.01   -0.89 5.9527e-008 5.5751e-003  305.75  -34.79   31.77  10.98  16.29  44.33  39.91  42.33   6.09  -2.25  52.20  36.57  347.43  362.10   0
    900.00  110.000   6.45000 -146.53000 9.7908e-008 7.6369e-003  256.31  -22.71   -1.27 7.6859e-008 6.5414e-003  279.67  -46.05   95.69  11.70  15.80  36.65  42.33  42.72   5.95   0.22  52.02  37.80  330.46  345.19   0
    960.00  108.000   6.85000 -145.33000 1.3670e-007 9.7576e-003  236.08  -17.99   -1.78 1.2519e-007 8.1104e-003  214.27  -31.99   70.50  12.45  15.29  30.80  39.05  41.86   5.81   1.48  48.06  35.98  316.12  301.16   0
   1020.00  106.000   7.25000 -144.13000 1.9552e-007 1.2808e-002  218.13  -12.73   -2.43 1.5954e-007 1.0586e-002  220.95  -12.13   49.41  13.16  14.77  25.43  35.77  41.08   5.68   0.95  44.30  34.23  302.83  304.78   0
   1080.00  104.000   7.65000 -142.93000 2.8394e-007 1.7282e-002  204.10   -8.09   -3.23 2.4308e-007 1.4171e-002  195.49    0.72   11.11  13.90  14.25  21.04  37.13  40.52   5.54   0.69  43.62  34.54  291.91  285.69   0
   1140.00  102.000   8.05000 -141.73000 4.1385e-007 2.3846e-002  194.53   -4.80   -4.15 3.1860e-007 1.8581e-002  196.90    7.19   19.42  14.67  13.73  17.54  42.42  40.20   5.40   1.35  45.89  36.73  284.02  285.74   0
   1200.00  100.000   8.45000 -140.53000 6.0943e-007 3.3513e-002  186.92   -2.74   -5.16 4.2093e-007 2.4148e-002  194.99    2.57   68.33  15.40  13.20  14.02  47.02  40.00   5.26  -4.01  48.37  38.79  277.47  283.40   0
   1260.00   98.000   8.85000 -139.33000 8.8752e-007 4.7755e-002  183.88   -2.12   -5.96 7.9259e-007 3.9768e-002  171.47    1.56   46.45  14.76  13.66  14.17  46.38  37.01   5.16  -9.67  46.58  37.29  274.46  265.04   0
   1320.00   96.000   9.25000 -138.13000 1.2906e-006 6.8407e-002  182.10   -2.32   -6.47 1.1237e-006 5.6800e-002  173.65   23.34   24.54  14.10  14.16  14.39  45.69  33.46   5.06  -5.43  44.58  35.59  272.41  266.02   0
   1380.00   94.000   9.65000 -136.93000 1.8719e-006 9.9068e-002  182.59   -3.63   -6.84 1.6747e-006 8.3613e-002  172.26   15.79   31.13  13.45  14.71  14.83  47.01  32.13   4.96  -1.64  44.96  35.79  272.20  264.39   0
   1440.00   92.000  10.05000 -135.73000 2.6950e-006 1.4414e-001  185.12   -5.52   -7.01 2.4707e-006 1.2731e-001  178.34  -11.26   22.25  12.81  15.29  15.48  49.90  33.50   4.85  -1.38  47.59  37.77  273.64  268.59   0
   1500.00   90.000  10.45000 -134.53000 3.8446e-006 2.0815e-001  188.00   -6.55   -6.73 3.4478e-006 1.8989e-001  191.25   -6.86   36.91  12.14  15.76  16.14  52.32  34.80   4.75  -3.17  49.77  39.49  275.31  277.68   0
   1560.00   88.000  10.85000 -133.33000 5.3673e-006 2.9567e-001  191.50   -3.75   -5.10 4.5024e-006 2.6592e-001  205.32  -15.59   23.15  10.18  13.11  13.97  50.95  36.45   4.49  -0.30  49.13  39.37  277.71  287.55   0
   1620.00   86.000  11.25000 -132.13000 7.4491e-006 4.1743e-001  195.01   -0.93   -3.61 6.6918e-006 3.9362e-001  204.70   36.07   28.93   7.71   9.84  11.20  49.90  37.79   4.22   5.64  48.83  39.34  280.09  286.97   0
   1680.00   84.000  11.65000 -130.93000 1.0266e-005 5.8439e-001  198.22    1.60   -2.90 9.9814e-006 5.7302e-001  199.91   58.46  -22.51   5.86   7.33   9.13  47.59  36.31   3.93  -2.79  46.68  37.62  282.30  283.50   0
   1740.00   82.000  12.05000 -129.73000 1.4068e-005 8.1207e-001  201.03    4.13   -2.98 1.3505e-005 8.0267e-001  206.99   58.65   -9.10   5.34   6.51   8.50  43.52  31.92   3.62  -3.99  42.29  33.92  284.28  288.46   0
   1800.00   80.000  12.45000 -128.53000 1.9203e-005 1.1235e+000  203.76    7.07   -3.19 1.8793e-005 1.1210e+000  207.77   53.78  -15.42   4.76   5.58   7.79  39.10  26.93   3.30  -4.87  37.73  29.84  286.19  288.99   0
   1860.00   78.000  12.85000 -127.33000 2.6179e-005 1.5487e+000  206.03   13.56   -1.05 2.6142e-005 1.5640e+000  208.37   24.69  -11.15   4.68   5.54   7.83  38.03  25.76   2.98  -4.08  38.23  28.87  287.79  289.42   0
   1920.00   76.000  13.25000 -126.13000 3.5588e-005 2.1284e+000  208.28   20.06    0.84 3.6428e-005 2.1671e+000  207.17   21.75   -0.81   4.59   5.51   7.87  36.86  24.57   2.67   0.86  39.88  27.84  289.36  288.59   0
   1980.00   74.000  13.65000 -124.93000 4.8046e-005 2.9186e+000  211.57   25.43    1.51 5.0239e-005 3.0190e+000  209.29   29.20    4.13   4.43   5.26   7.63  35.54  22.44   2.39  -0.18  41.45  26.42  291.62  290.05   0
   2040.00   72.000  14.05000 -123.73000 6.4285e-005 3.9834e+000  215.86   29.72    1.14 6.4572e-005 4.1047e+000  221.45   31.22    8.97   4.17   4.73   7.05  34.17  18.99   2.15   1.47  42.53  24.57  294.53  298.32   0
   2100.00   70.000  14.45000 -122.53000 8.5552e-005 5.4040e+000  220.11   34.07    0.81 8.7401e-005 5.5790e+000  222.43   45.55    4.40   3.88   4.13   6.35  32.80  14.74   1.91   1.70  44.09  22.60  297.38  298.94   0
   2160.00   68.000  14.85000 -121.33000 1.1209e-004 7.2811e+000  226.37   35.10    0.59 1.1025e-004 7.4585e+000  235.75   58.74   -5.98   4.00   4.04   6.31  30.37  15.01   1.76  -0.26  43.90  21.29  301.57  307.76   0
   2220.00   66.000  15.25000 -120.13000 1.4583e-004 9.7301e+000  232.53   36.27    0.39 1.4601e-004 1.0003e+001  238.76   69.16  -10.03   4.07   3.93   6.26  27.77  15.31   1.61   0.56  43.86  19.93  305.63  309.70   0
   2280.00   64.000  15.65000 -118.93000 1.8903e-004 1.2920e+001  238.16   36.26    0.43 1.9010e-004 1.3300e+001  243.78   59.89  -11.48   4.20   4.10   6.14  26.03  15.04   1.55  -1.11  43.15  18.90  309.34  312.97   0
   2340.00   62.000  16.05000 -117.73000 2.4440e-004 1.7070e+001  243.32   35.09    0.53 2.3688e-004 1.7221e+001  253.25   35.19   -2.68   4.41   4.54   5.92  25.28  14.16   1.58   0.91  41.70  18.21  312.71  319.03   0
   2400.00   60.000  16.45000 -116.53000 3.1444e-004 2.2427e+001  248.43   34.01    0.61 3.0052e-004 2.2344e+001  258.98   50.82    2.87   4.61   4.94   5.63  24.44  13.20   1.61  -0.69  40.29  17.46  315.99  322.63   0
   2460.00   58.000  16.85000 -115.33000 4.0259e-004 2.9288e+001  253.49   29.51    0.18 4.0675e-004 2.9917e+001  256.29   60.94   -0.11   4.40   4.74   5.51  24.33  12.73   1.53   1.49  36.43  17.26  319.13  320.89   0
   2520.00   56.000  17.25000 -114.13000 5.1291e-004 3.8052e+001  258.59   25.04   -0.25 5.3825e-004 3.9599e+001  256.44   61.34   -8.57   4.20   4.55   5.40  24.25  12.24   1.46   2.80  32.76  17.07  322.28  320.93   0
   2580.00   54.000  17.65000 -112.93000 6.5349e-004 4.9199e+001  262.42   20.98   -0.50 6.9612e-004 5.1730e+001  259.02   32.47  -15.07   4.01   4.37   5.30  24.36  11.93   1.37  -0.52  29.76  17.05  324.65  322.55   0
   2640.00   52.000  18.05000 -111.73000 8.3410e-004 6.3429e+001  265.00   17.28   -0.58 8.4883e-004 6.5611e+001  269.37   33.55    2.53   3.82   4.19   5.18  24.66  11.85   1.26  -2.14  27.42  17.19  326.28  328.96   0
   2700.00   50.000  18.45000 -110.53000 1.0619e-003 8.1578e+001  267.67   13.52   -0.62 1.0963e-003 8.4731e+001  269.29   16.23    2.58   3.62   4.00   5.01  24.98  11.78   1.15  -0.61  25.39  17.36  327.95  328.94   0
   2760.00   48.000  18.85000 -109.33000 1.3681e-003 1.0476e+002  266.76   13.65   -0.70 1.4318e-003 1.0941e+002  266.22   37.49  -10.25   3.53   3.81   5.09  24.41  11.06   1.05  -0.64  24.92  16.84  327.41  327.08   0
   2820.00   46.000  19.25000 -108.13000 1.7638e-003 1.3463e+002  265.90   13.59   -0.74 1.8068e-003 1.3949e+002  268.93    6.27   -8.02   3.44   3.61   5.19  23.83  10.29   0.94   0.25  24.35  16.31  326.90  328.76   0
   2880.00   44.000  19.65000 -106.93000 2.2911e-003 1.7329e+002  263.47   13.94   -0.79 2.3484e-003 1.7949e+002  266.24   36.66   -7.91   3.29   3.41   5.18  23.08   9.43   0.86   0.20  23.90  15.67  325.41  327.12   0
   2940.00   42.000  20.05000 -105.73000 3.0066e-003 2.2388e+002  259.38   14.66   -0.84 3.1038e-003 2.3208e+002  260.47   35.06   -9.22   3.06   3.21   5.04  22.11   8.45   0.81  -0.37  23.55  14.88  322.87  323.55   0
   3000.00   40.000  20.45000 -104.53000 3.9614e-003 2.9021e+002  255.19   14.94   -0.92 4.0667e-003 3.0015e+002  257.11   17.00   -2.10   2.83   3.03   4.93  20.97   7.41   0.75   0.91  22.87  13.98  320.26  321.45   0
   3060.00   38.000  20.85000 -103.33000 5.2875e-003 3.7872e+002  249.51   13.94   -0.97 5.3346e-003 3.8979e+002  254.53   44.36    5.94   2.67   2.83   4.96  19.85   7.11   0.70   0.38  21.54  13.25  316.66  319.84   0
   3120.00   36.000  21.25000 -102.13000 7.1057e-003 4.9732e+002  243.81   12.82   -1.04 7.1706e-003 5.1057e+002  248.04   18.14    0.26   2.49   2.60   4.95  18.64   6.76   0.65   0.53  20.08  12.46  313.03  315.73   0
   3180.00   34.000  21.65000 -100.93000 9.6138e-003 6.5752e+002  238.30   12.08   -0.87 9.7249e-003 6.7227e+002  240.86   11.85   -5.02   2.30   2.38   4.76  17.13   6.26   0.61  -0.30  18.66  11.46  309.44  311.09   0
   3240.00   32.000  22.05000  -99.73000 1.3090e-002 8.7510e+002  233.04   11.81   -0.53 1.2973e-002 8.9225e+002  239.76   35.00    0.86   2.08   2.16   4.41  15.31   5.55   0.57  -0.09  17.32  10.23  305.93  310.30   0
   3300.00   30.000  22.45000  -98.53000 1.7935e-002 1.1711e+003  227.71   11.21   -0.18 1.7778e-002 1.1892e+003  233.27   22.95    0.87   1.80   1.86   3.97  13.03   4.84   0.53   0.48  15.52   8.57  302.36  306.03   0
   3360.00   28.000  22.85000  -97.33000 2.4722e-002 1.5759e+003  222.12    8.60    0.67 2.4468e-002 1.5946e+003  227.09   16.89    2.30   1.55   1.36   3.27  10.37   4.75   0.50   0.22  12.25   6.71  298.73  302.05   0
   3420.00   26.000  23.25000  -96.13000 3.4230e-002 2.1351e+003  217.32    6.06    1.78 3.3975e-002 2.1542e+003  220.91   12.54    9.28   1.39   1.00   3.00   8.24   4.24   0.47   0.71   9.63   5.78  295.51  297.94   0
   3480.00   24.000  23.65000  -94.93000 4.7558e-002 2.9199e+003  213.91    5.09    2.00 4.7645e-002 2.9429e+003  215.20    3.17   10.55   1.26   0.81   2.69   6.71   4.21   0.44   0.54   8.15   5.15  293.18  294.06   0
   3540.00   22.000  24.05000  -93.73000 6.7159e-002 4.0243e+003  208.77    5.77    2.31 6.7295e-002 4.0465e+003  209.50    8.59    4.23   1.21   0.71   2.48   5.75   3.73   0.43   0.74   8.05   4.70  289.64  290.14   0
   3600.00   20.000  24.45000  -92.53000 9.5505e-002 5.5755e+003  203.41    8.46    2.65 9.5172e-002 5.5988e+003  204.97    8.21    5.07   1.19   0.68   2.36   5.47   3.76   0.42   0.75   9.99   4.90  285.89  286.98   0
   3660.00   18.000  24.85000  -91.33000 1.3629e-001 7.8141e+003  199.76   15.92    3.88 1.3706e-001 7.8142e+003  198.63   24.47    3.02   1.23   0.82   2.44   6.99   5.22   0.46  -0.61  17.38   6.62  283.31  282.52   0
   3720.00   16.000  25.25000  -90.13000 1.8849e-001 1.0959e+004  202.57   25.83    5.81 1.8882e-001 1.0958e+004  202.19   41.87   18.56   1.20   1.04   2.39   9.25   7.47   0.49   0.10  27.57   9.11  285.30  285.03   0
   3780.00   14.000  25.65000  -88.93000 2.5208e-001 1.5237e+004  210.61   33.85    7.61 2.5187e-001 1.5189e+004  210.12   50.73   24.05   1.25   1.17   2.63  11.40   9.89   0.53  -1.46  36.06  11.45  290.90  290.57   0
   3840.00   12.000  26.05000  -87.73000 3.3048e-001 2.0857e+004  219.87   35.16    6.51 3.2565e-001 2.0710e+004  221.57   36.32   11.07   1.33   1.20   2.97  13.36  12.51   0.58  -0.43  37.88  13.39  297.24  298.39   0
   3900.00   10.000  26.45000  -86.53000 4.2200e-001 2.8154e+004  232.41   30.34    5.06 4.1528e-001 2.7874e+004  233.82   40.81   15.21   1.01   1.12   2.34  12.71  11.63   0.63  -0.39  32.95  12.54  305.62  306.54   0
   3960.00    8.000  26.85000  -85.33000 5.2712e-001 3.7336e+004  246.69   23.94    3.74 5.1939e-001 3.6971e+004  247.92   40.68   14.99   0.98   0.93   2.40  10.64   9.77   0.63   0.30  26.23  10.46  314.90  315.68   0
   4020.00    6.000  27.25000  -84.13000 6.5256e-001 4.8822e+004  260.53   17.77    2.61 6.4775e-001 4.8398e+004  260.18   23.99   -1.58   0.98   0.75   2.53   8.97   8.41   0.63   0.92  19.95   8.78  323.64  323.42   0
   4080.00    4.000  27.65000  -82.93000 8.0372e-001 6.2973e+004  272.73   12.12    1.60 8.0295e-001 6.2577e+004  271.28    4.32    1.67   0.97   0.59   2.65   7.83   6.92   0.62  -0.23  14.35   7.31  331.20  330.32   0
   4140.00    2.000  28.05000  -81.73000 9.9145e-001 8.0449e+004  281.99    5.92    1.51 9.8964e-001 8.0037e+004  281.06   -0.99    2.16   1.38   0.45   3.79   7.14   6.26   0.50   0.26   9.80   5.73  337.05  336.49   0
   4200.00    0.000  28.45000  -80.53000 1.2210e+000 1.0200e+005  290.00   -0.07   -0.08 1.2339e+000 1.0212e+005  287.32   -2.90    0.06   2.66   0.59   6.11   2.67   2.85   0.36  -0.56   3.27   2.13  341.98  340.40   0
