 0 1FHAW619020    7.93S   14.42W  20 1601279   11180   0  30                                        
     T A B L E  I - 13.  W I N D  S T A T I S T I C A L  P A R A M E T E R S                        
                                   ANNUAL                                                           
 STATION =   619020     ASCENSION ISLAND                                                            
    Z    MEAN U   SD  U  R(U,V)  MEAN V   SD  V MEAN WS  SD  WS SKEW WS    NOBS                     
    KM     M/S     M/S             M/S     M/S     M/S     M/S                                      
  0.020   -6.90    1.86  0.0699    3.59    1.71    8.00    1.71   -0.14   5716.                     
  1.000   -5.45    2.77  -.3353    2.71    2.26    6.49    2.76    0.03   5714.                     
  2.000   -3.75    4.30  -.2036    0.38    2.78    5.54    3.11    0.85   5710.                     
  3.000   -3.25    4.79  -.1774   -0.75    2.95    5.75    3.12    0.71   5707.                     
  4.000   -3.10    4.47  -.0966   -0.88    2.90    5.44    3.03    0.82   5706.                     
  5.000   -3.51    4.22  -.1301   -0.49    3.03    5.55    2.95    0.69   5707.                     
  6.000   -4.02    4.77  -.1367   -0.28    3.38    6.29    3.30    0.70   5710.                     
  7.000   -3.70    5.45  -.0828   -0.18    3.81    6.75    3.52    0.63   5707.                     
  8.000   -2.25    6.30  -.0921   -0.23    4.43    7.09    3.76    0.75   5693.                     
  9.000   -0.26    7.24  -.0870   -0.93    5.19    7.84    4.34    0.87   5687.                     
 10.000    1.68    8.09  -.0215   -2.13    5.95    9.06    5.12    0.88   5680.                     
 11.000    3.53    9.23  0.0676   -3.51    6.75   10.87    6.11    0.78   5665.                     
 12.000    5.76    9.97  0.0701   -3.93    6.61   12.01    6.90    0.75   5660.                     
 13.000    7.79   10.70  0.0375   -3.72    6.49   13.18    7.59    0.72   5658.                     
 14.000    8.71   10.81  -.0279   -2.81    6.05   13.28    7.81    0.71   5653.                     
 15.000    6.66    9.68  -.0350   -2.00    5.30   11.21    6.69    0.88   5644.                     
 16.000    2.13    7.40  -.0618   -1.58    4.27    7.72    4.53    1.03   5627.                     
 17.000   -1.65    5.69  -.0846   -0.90    3.48    6.05    3.38    0.81   5542.                     
 18.000   -2.60    6.11  -.0068   -0.04    3.21    6.33    3.78    0.97   5534.                     
 19.000   -2.03    7.08  0.0051    0.18    2.75    6.64    4.23    1.04   5502.                     
 20.000   -3.21    9.05  -.0508    0.40    2.69    8.28    5.57    0.92   5438.                     
 21.000   -5.65   11.27  -.0832    0.58    2.91   10.59    7.45    0.75   5314.                     
 22.000   -8.56   12.76  -.0547    0.77    3.06   12.99    8.80    0.65   5288.                     
 23.000  -10.73   12.86  -.0275    0.73    2.69   14.24    9.26    0.48   5180.                     
 24.000  -12.64   13.47  -.0274    0.51    3.31   16.06    9.72    0.35   5120.                     
 25.000  -13.99   13.43  -.0314   -0.10    3.10   17.01    9.82    0.30   5022.                     
 26.000  -14.82   13.73  -.0301   -0.66    2.84   17.66   10.25    0.22   4810.                     
 27.000  -15.37   14.60  -.0220   -1.16    3.09   18.49   10.90    0.16   4373.                     
 28.000  -15.76   15.17  -.0090   -1.41    2.90   18.96   11.40    0.18   4264.                     
 29.000  -16.67   15.80  0.0088   -1.37    3.21   20.06   11.73    0.14   3346.                     
 30.000  -16.58   15.79  0.0312   -1.12    2.96   19.82   11.91    0.22   3164.                     
 32.000  -11.22   16.28  0.1086   -0.23    3.65   16.69   11.27    0.53    962.                     
 34.000  -12.46   16.68  0.0192    0.48    3.76   17.69   11.67    0.68    962.                     
 36.000  -13.60   17.78  -.0245    0.64    4.10   19.26   12.17    0.65    962.                     
 38.000  -13.65   19.12  0.0994    0.78    4.47   20.08   13.04    0.62    963.                     
 40.000  -12.93   21.25  0.1081    1.24    5.19   21.01   14.37    0.76    963.                     
 42.000  -12.05   24.20  0.1839    1.87    5.64   22.33   16.37    1.00    964.                     
 44.000  -10.98   26.96  0.2155    1.56    6.85   23.81   18.17    1.19    980.                     
 46.000  -10.37   29.02  0.1915    0.35    7.27   24.85   19.65    1.37    982.                     
 48.000   -9.24   30.39  0.1403   -1.79    7.21   25.47   20.40    1.59    979.                     
 50.000   -5.89   29.77  0.1464   -3.71    7.39   24.93   19.21    1.61    972.                     
 52.000   -1.26   28.01  0.1836   -4.24    7.87   24.37   16.52    1.40    963.                     
 54.000    4.18   25.72  0.1337   -3.60    8.51   23.70   14.27    0.99    935.                     
 56.000    9.25   23.66  0.1571   -2.07    9.34   23.53   13.57    0.78    884.                     
 58.000   14.18   21.67  0.1219   -0.05   10.10   24.18   13.77    0.70    759.                     
 60.000   17.91   21.49  0.0903    2.09   11.02   26.55   14.37    0.65    574.                     
 62.000   20.68   23.27  0.1204    3.56   13.06   29.84   16.33    0.49    428.                     
 64.000   22.80   20.91  0.1516    3.55   13.53   30.39   15.31    0.62    261.                     
 66.000   22.90   23.63  0.1233    5.39   14.37   32.13   17.45    0.48    117.                     
 68.000    0.00    0.00  0.0000    0.00    0.00    0.00    0.00    0.00      0.                     
 70.000    0.00    0.00  0.0000    0.00    0.00    0.00    0.00    0.00      0.                     
     T A B L E  I -  1.  W I N D  S T A T I S T I C A L  P A R A M E T E R S                        
                                   JANUARY                                                          
 STATION =   619020     ASCENSION ISLAND                                                            
    Z    MEAN U   SD  U  R(U,V)  MEAN V   SD  V MEAN WS  SD  WS SKEW WS    NOBS                     
    KM     M/S     M/S             M/S     M/S     M/S     M/S                                      
  0.020   -6.30    1.80  0.0845    3.97    1.68    7.67    1.64    0.15    508.                     
  1.000   -3.59    2.68  -.3459    1.96    2.09    4.69    2.50    0.40    509.                     
  2.000   -3.17    3.72  -.2961    0.12    2.88    4.93    2.80    0.93    509.                     
  3.000   -4.31    3.91  -.1958   -0.08    2.98    5.85    2.93    0.49    509.                     
  4.000   -4.63    3.89  -.1458   -0.86    2.89    6.07    2.97    0.49    510.                     
  5.000   -5.14    3.65  -.1238   -0.70    3.05    6.34    3.05    0.31    509.                     
  6.000   -5.80    3.97  -.0633   -0.64    3.31    7.10    3.21    0.16    509.                     
  7.000   -5.62    4.76  -.0441   -0.86    3.59    7.54    3.31    0.11    509.                     
  8.000   -4.06    6.52  0.0285   -1.11    3.80    7.78    3.75    0.71    509.                     
  9.000   -1.81    8.09  0.0173   -1.57    4.31    8.23    4.69    1.20    510.                     
 10.000    0.40    9.08  0.0156   -2.28    4.90    8.86    5.75    1.28    509.                     
 11.000    2.54    9.99  0.0596   -2.94    5.42    9.95    6.71    1.27    507.                     
 12.000    5.08   10.61  0.0535   -3.70    5.38   11.05    7.66    1.14    507.                     
 13.000    7.80   12.07  0.0270   -3.72    5.65   13.11    8.95    1.07    507.                     
 14.000    9.09   13.38  0.0445   -2.52    5.78   14.29    9.84    0.93    507.                     
 15.000    6.49   12.17  0.1368   -1.51    5.53   12.40    8.31    1.00    505.                     
 16.000    1.18    8.93  0.0032   -1.41    4.43    8.74    5.12    0.99    506.                     
 17.000   -3.57    5.77  -.1384   -1.21    3.70    6.97    3.55    0.47    500.                     
 18.000   -6.15    4.94  -.0475   -0.44    3.31    7.54    4.05    0.55    499.                     
 19.000   -6.33    5.84  0.0008   -0.32    2.69    7.64    4.80    0.74    494.                     
 20.000   -7.88    8.18  -.1084    0.02    2.49    9.30    6.97    0.60    490.                     
 21.000  -10.45   10.77  -.1677    0.75    2.71   11.90    9.56    0.58    483.                     
 22.000  -13.81   12.03  -.1250    1.61    3.22   15.07   11.01    0.47    481.                     
 23.000  -15.80   10.95  -.0040    1.30    2.70   16.38   10.49    0.36    473.                     
 24.000  -17.23   10.75  0.0781    0.62    3.22   17.85   10.23    0.38    466.                     
 25.000  -17.74   10.09  0.0831   -0.89    3.13   18.25    9.70    0.41    455.                     
 26.000  -18.33   10.55  -.0004   -1.69    2.80   18.87   10.11    0.44    441.                     
 27.000  -19.57   12.16  -.0313   -1.75    3.03   20.31   11.42    0.31    414.                     
 28.000  -21.27   13.10  -.0515   -1.30    3.21   21.97   12.38    0.20    402.                     
 29.000  -23.52   13.88  0.0192   -1.06    3.11   24.13   13.21   -0.04    326.                     
 30.000  -25.08   13.84  0.1181   -0.84    3.27   25.62   13.26   -0.16    306.                     
 32.000  -22.15   13.14  0.0866   -0.37    3.86   22.77   12.64    0.01     81.                     
 34.000  -26.55   12.93  -.2146    0.89    3.96   26.95   12.74   -0.02     81.                     
 36.000  -30.24   11.10  -.1430    1.50    4.49   30.63   11.03    0.12     81.                     
 38.000  -34.56   10.44  0.0349    1.07    4.58   34.88   10.43    0.20     81.                     
 40.000  -42.88    9.83  0.0401    0.68    4.93   43.15    9.90    0.58     81.                     
 42.000  -52.25    8.56  0.0495   -1.18    5.88   52.60    8.48    0.01     81.                     
 44.000  -61.49    9.06  -.0411   -3.23    7.60   62.05    8.95   -0.18     81.                     
 46.000  -67.94   13.29  -.0485   -5.30    8.15   68.63   13.31   -0.18     80.                     
 48.000  -71.46   17.99  -.0810   -6.27    7.28   72.14   17.82   -0.32     79.                     
 50.000  -63.61   22.97  -.0070   -6.68    9.11   64.73   22.61   -0.39     77.                     
 52.000  -45.86   24.16  0.0218   -7.25   10.12   48.28   22.55    0.12     76.                     
 54.000  -28.28   20.95  -.0365   -4.33   14.06   33.92   17.32    0.77     74.                     
 56.000  -14.85   17.15  0.1339   -1.18   15.17   24.41   12.04    0.78     70.                     
 58.000   -1.54   16.54  -.1369    1.48   15.57   20.14   10.40    0.36     58.                     
 60.000    4.24   17.46  -.2738    3.09   14.29   20.46   10.49    1.00     50.                     
 62.000    6.44   17.37  -.0196    2.29   17.37   22.49   11.56    1.22     43.                     
 64.000   11.77   16.85  -.0045    4.73   18.56   25.41   11.18    0.28     27.                     
 66.000   20.23   18.51  -.0590    5.01   22.72   29.43   18.84    0.47      7.                     
 68.000    0.00    0.00  0.0000    0.00    0.00    0.00    0.00    0.00      0.                     
 70.000    0.00    0.00  0.0000    0.00    0.00    0.00    0.00    0.00      0.                     
     T A B L E  I -  2.  W I N D  S T A T I S T I C A L  P A R A M E T E R S                        
                                   FEBRUARY                                                         
 STATION =   619020     ASCENSION ISLAND                                                            
    Z    MEAN U   SD  U  R(U,V)  MEAN V   SD  V MEAN WS  SD  WS SKEW WS    NOBS                     
    KM     M/S     M/S             M/S     M/S     M/S     M/S                                      
  0.020   -6.37    1.86  0.0559    3.78    1.75    7.62    1.81   -0.13    461.                     
  1.000   -4.33    2.59  -.3489    2.55    2.16    5.49    2.54    0.23    461.                     
  2.000   -2.73    3.31  -.2459    0.26    2.81    4.61    2.26    0.80    459.                     
  3.000   -3.55    3.51  -.2228   -0.92    2.87    5.26    2.52    0.30    459.                     
  4.000   -3.48    3.57  -.1671   -1.15    3.03    5.43    2.42    0.33    459.                     
  5.000   -4.29    3.58  -.1261   -0.60    2.86    5.70    2.69    0.27    459.                     
  6.000   -5.42    3.82  -.1763   -0.38    3.20    6.77    2.93    0.37    459.                     
  7.000   -5.93    4.52  -.1228   -0.69    3.53    7.68    3.10    0.22    459.                     
  8.000   -5.27    5.47  -.1803   -1.32    3.70    7.88    3.32    0.36    458.                     
  9.000   -4.06    6.49  -.2190   -1.89    4.20    8.01    3.94    0.58    458.                     
 10.000   -2.47    7.31  -.1478   -2.52    4.87    8.39    4.37    0.99    458.                     
 11.000   -0.68    8.67  -.0288   -3.36    5.61    9.56    5.18    1.19    456.                     
 12.000    1.39    9.50  -.0129   -3.42    5.53    9.94    5.95    1.08    454.                     
 13.000    3.00   10.57  -.0112   -3.29    5.78   10.71    7.08    1.33    455.                     
 14.000    2.90   11.18  -.0534   -2.81    5.88   11.01    7.39    1.31    456.                     
 15.000    0.31   10.03  -.1376   -2.30    5.13    9.75    6.10    1.39    456.                     
 16.000   -2.50    7.30  -.1981   -1.75    4.13    7.76    4.40    0.87    457.                     
 17.000   -4.70    5.29  -.1821   -0.74    3.53    7.11    3.52    0.57    450.                     
 18.000   -6.17    5.11  -.0299    0.02    3.31    7.62    4.13    0.61    446.                     
 19.000   -6.84    5.86  -.0397   -0.17    2.64    8.05    4.84    0.67    444.                     
 20.000   -8.57    8.09  -.1856    0.09    2.78    9.82    7.08    0.64    439.                     
 21.000  -10.73   10.62  -.1984    0.81    3.07   12.10    9.58    0.61    425.                     
 22.000  -13.56   11.66  0.0152    1.49    3.21   14.63   10.88    0.55    422.                     
 23.000  -15.29   10.16  0.2285    1.39    2.77   15.79    9.86    0.53    411.                     
 24.000  -16.84    9.92  0.1282    1.08    3.47   17.42    9.59    0.52    404.                     
 25.000  -17.80   10.18  -.0351   -0.44    3.18   18.28    9.83    0.77    393.                     
 26.000  -19.04   11.29  -.0857   -1.23    2.94   19.49   10.96    0.59    375.                     
 27.000  -20.22   12.71  -.0679   -1.84    3.07   20.90   12.09    0.29    339.                     
 28.000  -22.02   13.74  -.0088   -1.89    3.01   22.70   13.08    0.13    332.                     
 29.000  -23.86   14.44  -.0312   -1.79    3.33   24.54   13.76   -0.02    258.                     
 30.000  -25.72   14.37  -.0348   -1.72    3.06   26.20   13.92   -0.09    241.                     
 32.000  -22.08   13.70  0.2389   -1.20    3.76   22.67   13.29    0.16     73.                     
 34.000  -26.69   13.29  -.0989   -0.63    3.93   27.03   13.20    0.14     73.                     
 36.000  -31.33   12.48  -.2811   -0.33    3.93   31.64   12.30    0.37     73.                     
 38.000  -35.25   11.57  -.0309   -0.16    4.86   35.60   11.48    0.49     73.                     
 40.000  -40.42   10.19  -.1296    0.78    4.86   40.74   10.10    0.73     73.                     
 42.000  -45.43   14.21  0.1920    0.79    6.00   46.03   13.52    0.32     73.                     
 44.000  -45.89   19.68  0.2467   -1.66    8.01   47.04   18.60   -0.21     73.                     
 46.000  -40.10   23.53  0.2119   -2.93    8.87   41.82   22.33    0.06     76.                     
 48.000  -30.13   24.84  0.1266   -4.99    6.99   33.45   21.83    0.81     77.                     
 50.000  -17.64   22.44  0.1258   -6.78    8.21   24.44   18.10    1.34     77.                     
 52.000   -4.87   17.89  -.0742   -7.22    8.79   18.45   11.37    1.46     77.                     
 54.000    3.71   16.22  0.0091   -6.07   10.01   18.17    8.94    0.55     72.                     
 56.000    8.93   15.67  0.0825   -3.84   10.44   18.35   10.43    1.04     68.                     
 58.000   11.89   11.72  0.3424   -1.13   10.19   17.90    7.78    0.22     58.                     
 60.000   15.81   12.35  0.1816   -1.30   11.99   21.63    8.71   -0.07     51.                     
 62.000   15.64   16.38  -.3950    1.09   12.55   23.25   11.09    0.67     36.                     
 64.000   15.91   16.44  -.4237    0.29   13.99   24.24   10.73    0.61     21.                     
 66.000   12.53   20.57  0.7527   -2.38   14.23   23.13   14.15    0.42      8.                     
 68.000    0.00    0.00  0.0000    0.00    0.00    0.00    0.00    0.00      0.                     
 70.000    0.00    0.00  0.0000    0.00    0.00    0.00    0.00    0.00      0.                     
     T A B L E  I -  3.  W I N D  S T A T I S T I C A L  P A R A M E T E R S                        
                                   MARCH                                                            
 STATION =   619020     ASCENSION ISLAND                                                            
    Z    MEAN U   SD  U  R(U,V)  MEAN V   SD  V MEAN WS  SD  WS SKEW WS    NOBS                     
    KM     M/S     M/S             M/S     M/S     M/S     M/S                                      
  0.020   -6.47    1.98  -.0870    3.75    1.78    7.74    1.76   -0.14    506.                     
  1.000   -4.76    2.56  -.3311    2.69    2.13    5.84    2.62    0.23    507.                     
  2.000   -2.66    3.79  -.3078    0.44    2.57    4.69    2.50    0.69    506.                     
  3.000   -2.61    3.85  -.1946   -0.79    2.77    4.87    2.50    0.58    505.                     
  4.000   -3.05    3.43  -.0756   -0.96    2.66    4.80    2.43    0.53    505.                     
  5.000   -4.17    3.25  -.1066   -0.64    2.87    5.51    2.49    0.30    506.                     
  6.000   -5.26    3.51  -.2644   -0.31    3.16    6.43    2.93    0.25    507.                     
  7.000   -5.55    3.87  -.2370   -0.41    3.31    6.87    3.10    0.33    507.                     
  8.000   -4.58    4.68  -.1681   -0.68    3.81    6.82    3.36    0.31    506.                     
  9.000   -2.97    5.61  -.0885   -0.90    4.41    6.93    3.54    0.78    505.                     
 10.000   -1.02    6.54  -.0407   -1.33    4.91    7.33    3.97    0.92    505.                     
 11.000    0.80    7.53  0.0209   -1.99    5.58    8.36    4.74    1.16    505.                     
 12.000    2.22    8.13  0.0362   -3.01    5.50    9.07    5.29    1.14    505.                     
 13.000    3.35    9.35  0.0674   -3.55    5.70   10.36    6.03    0.97    506.                     
 14.000    4.26   10.55  0.0803   -3.10    5.51   11.24    6.56    0.96    506.                     
 15.000    3.09    9.90  -.0031   -1.95    5.04    9.99    6.06    0.96    505.                     
 16.000   -0.29    7.25  -.0573   -1.32    4.18    7.37    4.17    1.15    500.                     
 17.000   -3.72    4.79  -.0021   -0.66    3.32    6.12    3.27    0.72    492.                     
 18.000   -5.51    5.59  0.0630    0.17    3.01    7.34    4.09    0.52    491.                     
 19.000   -5.65    6.84  -.0155    0.38    2.69    7.70    5.18    0.82    490.                     
 20.000   -7.17    8.54  -.0080    0.81    2.66    9.26    6.81    0.62    483.                     
 21.000   -9.45    9.83  -.0445    1.20    2.79   11.03    8.57    0.59    474.                     
 22.000  -12.00   10.51  0.0265    1.69    3.02   13.31    9.46    0.67    471.                     
 23.000  -13.54    9.27  0.1379    1.73    2.55   14.25    8.69    0.58    467.                     
 24.000  -14.67    9.54  0.0367    1.51    3.25   15.47    8.94    0.64    457.                     
 25.000  -16.13   10.43  -.0225    0.09    3.09   16.69    9.99    0.85    454.                     
 26.000  -17.42   11.81  -.0576   -1.01    2.83   18.01   11.30    0.50    436.                     
 27.000  -18.98   13.13  -.0356   -1.78    2.79   19.77   12.34    0.20    389.                     
 28.000  -20.68   13.85  -.0375   -2.37    2.90   21.69   12.76    0.01    377.                     
 29.000  -22.87   14.46  0.0016   -2.38    2.83   23.80   13.39   -0.14    280.                     
 30.000  -24.03   14.16  -.0730   -2.10    2.69   24.77   13.26   -0.29    268.                     
 32.000  -19.57   15.65  0.0006   -0.76    3.27   21.14   13.84   -0.03     99.                     
 34.000  -23.02   14.32  -.0152    1.04    3.82   23.60   13.91   -0.02     99.                     
 36.000  -27.68   13.01  -.1595    1.34    4.28   28.15   12.76   -0.11     99.                     
 38.000  -29.76   11.34  0.0666    0.07    4.58   30.20   11.07   -0.13     99.                     
 40.000  -27.05   12.83  0.0867   -0.86    5.07   27.79   12.25    0.22     99.                     
 42.000  -19.41   19.31  0.3700    0.85    6.45   23.31   15.72    0.49     98.                     
 44.000   -8.25   20.83  0.3888    1.06    7.81   19.60   13.30    0.89    101.                     
 46.000   -0.10   17.78  0.2375   -0.20    7.01   16.21   10.00    0.89    101.                     
 48.000    4.97   16.20  0.0805   -1.96    7.66   16.17    9.27    0.80    100.                     
 50.000   11.87   13.82  0.0347   -4.11    7.16   18.25    8.08    0.19    100.                     
 52.000   17.12   12.85  0.2441   -3.80    8.66   21.29    9.62   -0.06     99.                     
 54.000   21.08   11.48  0.0792   -3.61    8.53   23.59   10.21   -0.32     96.                     
 56.000   23.79   11.56  0.0417   -3.06    8.42   25.78   10.69    0.02     91.                     
 58.000   24.29   13.64  0.1266   -0.33    9.26   26.41   12.78    0.30     79.                     
 60.000   25.73   16.95  0.1673    0.08   10.92   29.47   14.05    0.51     66.                     
 62.000   23.89   20.27  0.0510    0.77   14.30   30.84   15.10    0.44     50.                     
 64.000   23.90   19.56  -.3154   -0.02   10.19   28.19   15.95    0.59     27.                     
 66.000   30.99   24.16  0.2276   -0.92   15.87   37.11   19.18    0.28      9.                     
 68.000    0.00    0.00  0.0000    0.00    0.00    0.00    0.00    0.00      0.                     
 70.000    0.00    0.00  0.0000    0.00    0.00    0.00    0.00    0.00      0.                     
     T A B L E  I -  4.  W I N D  S T A T I S T I C A L  P A R A M E T E R S                        
                                   APRIL                                                            
 STATION =   619020     ASCENSION ISLAND                                                            
    Z    MEAN U   SD  U  R(U,V)  MEAN V   SD  V MEAN WS  SD  WS SKEW WS    NOBS                     
    KM     M/S     M/S             M/S     M/S     M/S     M/S                                      
  0.020   -6.84    1.93  0.1010    3.80    1.72    8.04    1.77   -0.36    485.                     
  1.000   -5.37    2.87  -.3248    2.93    2.19    6.48    2.91    0.01    484.                     
  2.000   -3.04    4.32  -.1472    0.29    2.49    5.12    2.82    0.74    484.                     
  3.000   -2.30    4.15  -.2186   -0.71    2.57    4.75    2.65    0.58    484.                     
  4.000   -2.26    3.65  -.1870   -0.65    2.57    4.42    2.44    0.60    485.                     
  5.000   -2.89    3.64  -.1762   -0.51    2.69    4.79    2.48    0.59    485.                     
  6.000   -3.47    3.88  -.1512   -0.20    3.06    5.37    2.75    0.70    486.                     
  7.000   -3.53    4.42  -.0938    0.10    3.34    5.79    3.11    0.73    486.                     
  8.000   -2.70    5.26  -.1147    0.49    3.78    6.12    3.46    1.02    485.                     
  9.000   -0.85    5.94  -.1485    0.33    4.27    6.33    3.78    0.96    485.                     
 10.000    1.14    6.57  -.0617   -0.54    5.09    7.15    4.41    1.23    483.                     
 11.000    2.51    7.21  0.0348   -2.49    6.02    8.72    4.95    1.29    482.                     
 12.000    3.56    7.76  0.0315   -3.30    6.09    9.57    5.40    1.31    481.                     
 13.000    4.40    8.72  0.0171   -3.46    6.04   10.36    6.03    1.08    480.                     
 14.000    4.73    9.48  -.0361   -2.82    5.40   10.38    6.43    1.18    480.                     
 15.000    3.59    9.23  0.0356   -1.95    4.54    9.36    5.90    1.38    479.                     
 16.000    0.35    7.57  0.0893   -1.33    3.77    7.17    4.67    1.40    479.                     
 17.000   -3.09    6.16  -.0077   -0.61    3.32    6.61    3.90    1.05    471.                     
 18.000   -4.03    6.31  -.0459    0.06    3.25    6.82    4.47    1.56    472.                     
 19.000   -3.44    7.16  -.0582    0.43    2.62    6.83    4.84    1.20    469.                     
 20.000   -4.72    8.53  -.0947    0.74    2.53    7.96    6.21    1.05    463.                     
 21.000   -6.66    9.25  -.0701    0.97    2.80    9.35    7.16    0.89    452.                     
 22.000   -8.20    9.26  -.0190    1.02    3.04   10.34    7.51    1.04    451.                     
 23.000  -10.01    8.90  0.0321    1.05    2.33   11.19    7.78    0.91    439.                     
 24.000  -11.86   10.58  0.0182    0.87    2.85   13.38    9.07    0.72    435.                     
 25.000  -14.07   11.96  0.0164    0.71    3.00   15.54   10.44    0.43    431.                     
 26.000  -15.79   13.09  -.0039    0.06    2.75   17.31   11.33    0.25    415.                     
 27.000  -16.84   14.24  -.0122   -0.81    2.89   18.85   11.83    0.07    367.                     
 28.000  -17.88   14.66  0.0121   -1.74    2.99   20.26   11.64   -0.03    355.                     
 29.000  -18.04   15.75  0.0534   -2.30    3.26   21.03   12.11   -0.04    269.                     
 30.000  -17.88   15.95  -.0429   -2.24    2.78   21.01   12.03   -0.10    261.                     
 32.000  -10.79   17.53  0.1097   -0.49    3.42   17.40   11.44    0.21     92.                     
 34.000  -11.64   16.71  0.1740    1.49    3.88   17.23   11.55    0.42     91.                     
 36.000  -12.42   14.66  0.0794    1.96    3.68   15.90   11.53    0.57     91.                     
 38.000   -9.44   14.13  0.1966    1.17    4.14   14.59    9.64    1.01     92.                     
 40.000   -0.45   14.85  0.1576    1.22    6.02   13.86    8.02    0.41     92.                     
 42.000    9.39   14.17  0.2151    3.47    5.01   16.12    8.04    0.30     92.                     
 44.000   18.01   10.55  0.1068    2.91    5.34   20.00    8.48    0.00     93.                     
 46.000   21.93    9.25  -.1908    1.25    5.08   22.72    8.79    0.05     93.                     
 48.000   24.10   10.21  -.0139   -1.12    5.38   25.10    9.20    0.10     93.                     
 50.000   25.80   11.31  0.0348   -2.37    5.80   27.06    9.99   -0.23     93.                     
 52.000   28.63   11.73  -.0628   -2.51    6.07   29.75   10.72   -0.34     92.                     
 54.000   32.62   12.01  0.0806   -1.43    6.63   33.59   11.21   -0.36     90.                     
 56.000   36.45   11.16  0.0425    0.19    8.36   37.54   10.60   -0.25     83.                     
 58.000   40.57   11.87  -.3547    1.38    9.08   41.73   11.36   -0.31     73.                     
 60.000   40.09   13.32  -.3075    3.61    8.85   41.51   12.31   -0.19     59.                     
 62.000   43.40   17.64  -.2803    4.93   11.35   45.85   15.51   -0.52     48.                     
 64.000   36.77   19.75  -.1592    8.67   11.54   41.36   15.15    0.21     28.                     
 66.000   28.88   26.84  -.0658    3.31   11.76   36.62   17.95    0.72     13.                     
 68.000    0.00    0.00  0.0000    0.00    0.00    0.00    0.00    0.00      0.                     
 70.000    0.00    0.00  0.0000    0.00    0.00    0.00    0.00    0.00      0.                     
     T A B L E  I -  5.  W I N D  S T A T I S T I C A L  P A R A M E T E R S                        
                                   MAY                                                              
 STATION =   619020     ASCENSION ISLAND                                                            
    Z    MEAN U   SD  U  R(U,V)  MEAN V   SD  V MEAN WS  SD  WS SKEW WS    NOBS                     
    KM     M/S     M/S             M/S     M/S     M/S     M/S                                      
  0.020   -7.28    1.90  0.0403    3.67    1.69    8.36    1.75   -0.33    509.                     
  1.000   -5.42    2.81  -.3183    2.52    2.10    6.33    2.82    0.09    509.                     
  2.000   -1.96    3.87  -.0896    0.05    2.54    4.43    2.38    0.77    510.                     
  3.000   -0.56    3.81  -.1053   -0.87    2.83    4.29    2.28    0.65    510.                     
  4.000   -0.86    3.72  -.1246   -0.59    2.91    4.18    2.43    1.15    510.                     
  5.000   -1.69    4.04  -.2392   -0.24    2.94    4.56    2.65    1.00    510.                     
  6.000   -2.43    4.92  -.2085   -0.16    3.23    5.50    3.19    0.74    510.                     
  7.000   -2.43    5.52  -.1596    0.14    3.60    6.05    3.57    0.79    509.                     
  8.000   -1.04    6.11  -.1497    0.40    4.46    6.64    3.78    0.93    504.                     
  9.000    1.28    6.71  -.1660   -0.09    5.08    7.36    4.27    1.00    503.                     
 10.000    3.08    6.91  -.1031   -1.80    5.47    8.16    4.87    1.01    504.                     
 11.000    4.42    7.27  -.0246   -4.02    6.03    9.64    5.65    0.79    504.                     
 12.000    5.50    7.88  0.0613   -4.80    5.58   10.54    5.94    0.72    505.                     
 13.000    6.43    8.80  0.1328   -5.03    5.60   11.67    6.26    0.61    504.                     
 14.000    7.53    9.48  0.1089   -4.55    5.46   12.34    6.68    0.60    503.                     
 15.000    7.52    9.12  0.0819   -3.75    5.05   11.74    6.43    0.58    504.                     
 16.000    4.10    7.35  0.0547   -2.37    4.19    8.45    4.75    0.70    503.                     
 17.000   -0.06    5.89  -.0347   -0.91    3.65    6.09    3.43    0.84    496.                     
 18.000   -1.45    6.52  -.0700    0.01    3.29    6.44    3.73    0.60    498.                     
 19.000    0.26    6.78  -.0489    0.39    2.78    6.41    3.55    0.54    491.                     
 20.000   -0.25    7.51  -.0244    0.70    2.73    6.75    4.32    0.92    485.                     
 21.000   -2.60    8.32  0.0976    0.50    2.87    7.37    5.49    1.28    477.                     
 22.000   -5.60    9.31  0.0373    0.23    2.81    9.36    6.18    0.98    475.                     
 23.000   -8.17   10.79  -.0323    0.03    2.36   11.44    7.60    0.55    468.                     
 24.000  -10.41   12.99  -.0690   -0.14    2.92   14.31    8.97    0.17    463.                     
 25.000  -12.00   14.82  -.1605   -0.12    3.02   16.93    9.25   -0.03    456.                     
 26.000  -13.12   15.64  -.0553   -0.18    2.95   18.52    9.06   -0.14    441.                     
 27.000  -13.68   16.47  0.0217   -0.52    3.22   19.56    9.28   -0.16    399.                     
 28.000  -13.57   17.18  -.0044   -1.23    2.97   20.04    9.35   -0.16    391.                     
 29.000  -14.46   17.72  -.0105   -1.53    3.28   21.12    9.45   -0.35    319.                     
 30.000  -13.65   18.09  -.0559   -1.18    2.95   20.78    9.55   -0.28    304.                     
 32.000   -3.43   18.98  -.0751    0.40    3.42   17.64    8.28   -0.13     73.                     
 34.000   -3.68   15.99  0.2756    1.62    4.43   15.01    7.94    0.27     73.                     
 36.000   -1.62   13.41  -.0572    2.04    4.20   12.53    6.71    0.61     73.                     
 38.000    4.51   13.45  -.1225    2.44    4.20   13.00    7.33    0.32     73.                     
 40.000   11.16   12.64  -.1403    3.15    4.03   15.81    7.69    0.28     73.                     
 42.000   16.30   10.75  -.1785    2.67    4.29   17.95    9.17    0.33     73.                     
 44.000   17.84    9.84  -.2551    2.38    5.19   19.28    8.67    0.32     76.                     
 46.000   17.74   11.20  -.1604    2.07    5.97   19.59    9.77    0.21     75.                     
 48.000   15.78   12.97  -.0931   -0.57    7.35   19.20   10.07    0.14     75.                     
 50.000   16.49   13.00  -.1429   -2.22    7.01   20.14    9.37    0.15     74.                     
 52.000   18.89   14.30  -.0557   -2.56    7.46   22.62   10.47    0.26     74.                     
 54.000   21.63   15.83  0.0309   -1.01    6.30   24.69   12.14   -0.08     71.                     
 56.000   25.25   17.80  -.0977    2.28    6.44   28.43   13.79    0.04     69.                     
 58.000   26.57   20.63  -.0342    5.57    7.85   31.59   14.90    0.04     58.                     
 60.000   26.39   26.55  0.3297    5.40    8.95   34.59   17.34   -0.20     37.                     
 62.000   32.53   31.14  0.3262    5.81    9.98   42.36   18.25   -0.81     22.                     
 64.000   28.57   36.70  0.6788    5.77   18.74   46.23   17.40    0.19     13.                     
 66.000   20.91   35.06  0.6696    4.99   15.06   36.25   21.95   -0.03      8.                     
 68.000    0.00    0.00  0.0000    0.00    0.00    0.00    0.00    0.00      0.                     
 70.000    0.00    0.00  0.0000    0.00    0.00    0.00    0.00    0.00      0.                     
     T A B L E  I -  6.  W I N D  S T A T I S T I C A L  P A R A M E T E R S                        
                                   JUNE                                                             
 STATION =   619020     ASCENSION ISLAND                                                            
    Z    MEAN U   SD  U  R(U,V)  MEAN V   SD  V MEAN WS  SD  WS SKEW WS    NOBS                     
    KM     M/S     M/S             M/S     M/S     M/S     M/S                                      
  0.020   -7.21    1.96  0.1400    3.51    1.90    8.28    1.78    0.02    474.                     
  1.000   -5.39    2.60  -.3114    2.85    2.19    6.45    2.66    0.12    474.                     
  2.000   -1.68    3.58  -.0947    0.47    2.78    4.24    2.38    0.79    475.                     
  3.000   -0.14    3.66  -.1641   -0.70    3.25    4.39    2.29    0.59    475.                     
  4.000   -0.52    4.14  -.1926   -0.86    3.03    4.59    2.48    0.82    475.                     
  5.000   -1.89    4.78  -.1376   -0.26    2.97    5.18    2.89    0.82    475.                     
  6.000   -2.93    5.91  -.0497    0.19    3.52    6.48    3.73    0.88    476.                     
  7.000   -2.89    6.68  -.0397    0.66    4.43    7.51    4.07    0.83    475.                     
  8.000   -1.50    6.95  -.1719    0.48    5.02    7.61    4.22    0.82    474.                     
  9.000    0.22    7.13  -.1505   -1.00    5.58    8.00    4.35    0.78    474.                     
 10.000    1.35    7.25  -.0498   -2.99    6.01    8.87    4.55    0.58    472.                     
 11.000    1.99    8.07  0.1218   -5.24    6.51   10.61    5.12    0.46    471.                     
 12.000    3.57    9.17  0.2504   -5.66    6.59   11.85    5.64    0.57    471.                     
 13.000    5.23    9.81  0.1967   -5.21    6.22   12.38    5.99    0.55    470.                     
 14.000    6.57    9.10  0.0085   -3.86    5.72   11.70    6.05    0.47    470.                     
 15.000    5.67    7.86  -.0587   -2.35    5.41    9.87    5.58    0.61    466.                     
 16.000    2.10    6.45  0.0177   -1.31    4.34    7.07    4.05    0.89    463.                     
 17.000   -0.63    5.76  0.0392   -0.65    3.41    5.88    3.33    0.78    456.                     
 18.000   -0.32    6.17  -.0178   -0.32    3.26    6.05    3.50    0.93    454.                     
 19.000    1.45    6.38  -.1331   -0.15    2.95    6.24    3.54    0.68    451.                     
 20.000    1.18    7.24  -.1512   -0.08    2.80    6.83    3.86    0.67    449.                     
 21.000   -0.80    9.10  -.0056    0.05    2.78    8.09    5.05    0.78    432.                     
 22.000   -4.34   11.79  0.0480    0.22    2.84   11.24    6.27    0.42    430.                     
 23.000   -7.30   13.32  -.0206    0.10    2.56   13.43    7.54    0.12    425.                     
 24.000   -9.76   14.94  -.0843   -0.33    3.14   16.12    8.26   -0.07    422.                     
 25.000  -10.87   15.55  -.1650   -0.68    2.94   17.50    7.89   -0.13    415.                     
 26.000  -11.50   16.15  -.1675   -0.82    2.84   18.36    8.03   -0.16    394.                     
 27.000  -11.77   16.99  -.1231   -0.97    3.26   18.96    8.86   -0.22    353.                     
 28.000  -11.48   17.56  -.0664   -0.94    2.76   19.06    9.22   -0.24    345.                     
 29.000  -12.23   17.87  -.0049   -0.89    3.06   19.72    9.46   -0.29    280.                     
 30.000  -11.08   17.01  0.0219   -0.45    2.72   18.21    9.35   -0.10    262.                     
 32.000   -3.93   15.56  -.0436    0.35    3.64   13.08    9.86    0.96     61.                     
 34.000   -1.80   14.43  -.1396   -0.32    3.57   12.67    7.82    0.56     61.                     
 36.000    0.86   17.02  0.4073    0.06    4.31   15.66    7.73    0.44     61.                     
 38.000    4.84   16.36  0.3326    1.61    3.97   15.52    8.05    0.33     61.                     
 40.000    6.90   13.81  0.0463    1.77    4.63   14.39    7.29    0.38     61.                     
 42.000    7.45   13.28  -.1927    2.60    5.06   14.41    7.36    0.61     61.                     
 44.000    5.32   14.62  -.1304    3.55    5.30   14.84    7.73    0.64     61.                     
 46.000    1.73   15.45  0.0069    3.28    6.08   14.84    8.12    0.34     61.                     
 48.000   -1.31   17.53  0.1402    0.37    7.41   16.25    9.79    0.58     61.                     
 50.000   -1.48   20.34  0.1990   -3.08    6.35   17.92   11.80    0.68     60.                     
 52.000    1.40   23.97  0.3374   -2.79    7.72   21.51   13.17    0.78     59.                     
 54.000    7.52   23.27  0.0221   -0.59    8.37   22.64   12.17    0.65     58.                     
 56.000   12.29   21.99  0.1326    1.47    9.41   23.17   13.47    0.66     54.                     
 58.000   18.31   19.57  -.1625    2.35    7.76   24.17   13.94    0.43     47.                     
 60.000   24.26   20.77  -.2183    3.60   10.28   30.30   14.51   -0.05     33.                     
 62.000   26.59   23.31  0.0760    2.09   12.13   32.87   17.46    0.21     23.                     
 64.000   30.64   18.00  -.0489    1.66   13.69   35.57   12.76   -0.03     14.                     
 66.000   33.47   18.72  -.2488   -2.04    9.99   35.67   16.51   -0.02      6.                     
 68.000    0.00    0.00  0.0000    0.00    0.00    0.00    0.00    0.00      0.                     
 70.000    0.00    0.00  0.0000    0.00    0.00    0.00    0.00    0.00      0.                     
     T A B L E  I -  7.  W I N D  S T A T I S T I C A L  P A R A M E T E R S                        
                                   JULY                                                             
 STATION =   619020     ASCENSION ISLAND                                                            
    Z    MEAN U   SD  U  R(U,V)  MEAN V   SD  V MEAN WS  SD  WS SKEW WS    NOBS                     
    KM     M/S     M/S             M/S     M/S     M/S     M/S                                      
  0.020   -7.38    1.91  -.0589    3.47    1.98    8.43    1.73   -0.09    468.                     
  1.000   -5.82    2.69  -.1870    3.18    2.32    7.06    2.60    0.10    467.                     
  2.000   -1.79    3.95  -.0853    0.46    3.08    4.68    2.55    0.74    467.                     
  3.000    0.30    4.36  -.0874   -1.21    3.49    5.09    2.60    0.46    467.                     
  4.000   -0.54    4.40  -.1227   -0.80    3.00    4.72    2.64    0.81    467.                     
  5.000   -2.38    4.62  -.1076   -0.37    3.14    5.25    3.06    0.95    467.                     
  6.000   -3.50    5.40  -.1238   -0.18    3.64    6.37    3.76    1.01    468.                     
  7.000   -3.18    6.04  -.0650    0.19    4.02    6.93    3.83    0.75    467.                     
  8.000   -1.88    6.67  -.1312    0.32    4.56    7.32    3.90    0.79    468.                     
  9.000   -0.36    7.40  -.0771   -0.88    5.66    8.31    4.31    0.78    466.                     
 10.000    0.88    8.24  0.0509   -2.72    6.45    9.71    4.82    0.48    465.                     
 11.000    2.27    9.91  0.2036   -3.89    7.21   11.66    5.86    0.41    462.                     
 12.000    4.46   11.30  0.2176   -4.05    6.71   12.82    6.65    0.49    459.                     
 13.000    7.04   11.98  0.1883   -3.32    6.59   13.91    7.32    0.61    458.                     
 14.000    8.71   11.09  0.0440   -1.71    5.96   13.30    7.76    0.52    456.                     
 15.000    6.15    8.62  -.0350   -0.80    4.84    9.99    6.02    0.79    456.                     
 16.000    1.43    6.44  -.1026   -0.83    3.85    6.67    3.82    0.98    454.                     
 17.000   -0.86    5.37  -.0953   -0.33    3.30    5.46    3.27    0.83    445.                     
 18.000    0.42    5.51  -.0171    0.52    3.34    5.54    3.35    0.97    446.                     
 19.000    1.65    5.68  0.0023    0.66    2.84    5.69    3.32    0.85    445.                     
 20.000    0.92    7.60  0.0395    0.68    2.67    7.06    4.02    1.12    434.                     
 21.000   -1.84   11.11  0.0749    0.46    3.14   10.34    5.44    0.71    426.                     
 22.000   -5.56   13.68  0.1187   -0.11    2.95   13.42    6.81    0.25    423.                     
 23.000   -7.61   14.13  0.0220   -0.24    2.74   14.37    7.64    0.09    412.                     
 24.000   -9.17   14.75  -.0721   -0.22    3.35   15.73    8.08    0.04    409.                     
 25.000  -10.57   14.80  -.1702   -0.12    3.04   16.39    8.44    0.11    395.                     
 26.000  -11.53   14.90  -.1713   -0.28    2.82   16.75    9.06   -0.01    381.                     
 27.000  -12.02   15.27  -.1129   -0.64    3.23   17.11    9.77   -0.04    356.                     
 28.000  -12.35   15.09  -.0025   -0.60    2.83   16.79   10.31    0.06    346.                     
 29.000  -13.47   15.18  0.0756   -0.28    3.21   17.81   10.21   -0.03    278.                     
 30.000  -12.88   13.53  0.1309    0.14    2.82   16.22    9.67    0.09    260.                     
 32.000   -5.56   12.27  0.1561    0.65    3.56   10.77    8.81    1.10     87.                     
 34.000   -5.38   10.72  0.1180    0.36    3.29   10.43    6.72    0.92     87.                     
 36.000   -7.63   12.91  0.0409    0.04    4.01   13.38    7.79    0.59     87.                     
 38.000   -9.69   15.42  0.1294    0.93    4.16   15.52   10.37    0.80     87.                     
 40.000  -11.05   15.61  0.0270    2.11    5.25   16.86   10.56    0.67     87.                     
 42.000  -13.45   15.23  0.0152    3.32    5.96   18.36   11.00    0.32     87.                     
 44.000  -16.78   15.94  -.0554    4.05    6.56   20.64   12.95    0.26     89.                     
 46.000  -21.20   16.90  -.0469    4.60    6.73   24.53   14.08    0.27     89.                     
 48.000  -24.18   16.76  0.0398    1.28    7.91   27.08   13.95    0.30     88.                     
 50.000  -23.37   17.29  0.2892   -1.79    8.19   26.57   14.41    0.53     87.                     
 52.000  -17.39   15.98  0.1089   -3.35    7.71   21.30   13.15    0.73     86.                     
 54.000   -7.96   15.50  0.0499   -2.37    8.61   17.52    8.57    0.90     84.                     
 56.000    0.98   14.91  -.1023   -2.67    9.44   16.17    7.39    0.31     80.                     
 58.000    9.61   14.04  -.2011   -2.72   11.48   18.32    9.47    0.56     69.                     
 60.000   13.88   16.38  0.1286    1.88   10.72   21.00   11.52    0.51     44.                     
 62.000   18.26   17.22  0.4054    7.51    9.70   24.03   14.05    0.28     35.                     
 64.000   22.28   17.71  -.3052    5.63    9.69   27.43   13.16    0.53     23.                     
 66.000   22.19   23.68  0.0392   10.49   12.69   33.00   13.65   -0.12     11.                     
 68.000    0.00    0.00  0.0000    0.00    0.00    0.00    0.00    0.00      0.                     
 70.000    0.00    0.00  0.0000    0.00    0.00    0.00    0.00    0.00      0.                     
     T A B L E  I -  8.  W I N D  S T A T I S T I C A L  P A R A M E T E R S                        
                                   AUGUST                                                           
 STATION =   619020     ASCENSION ISLAND                                                            
    Z    MEAN U   SD  U  R(U,V)  MEAN V   SD  V MEAN WS  SD  WS SKEW WS    NOBS                     
    KM     M/S     M/S             M/S     M/S     M/S     M/S                                      
  0.020   -7.34    1.77  0.0699    3.45    1.59    8.29    1.67   -0.15    483.                     
  1.000   -6.59    2.51  -.2012    3.60    2.14    7.80    2.51   -0.30    481.                     
  2.000   -3.77    4.16  -.1882    0.79    2.60    5.52    2.89    0.56    480.                     
  3.000   -1.84    4.54  -.0387   -1.00    3.16    5.31    2.59    0.54    479.                     
  4.000   -1.84    4.14  -.1326   -0.97    3.29    5.04    2.61    0.83    479.                     
  5.000   -2.78    4.50  -.1274   -0.18    3.22    5.47    2.89    0.65    479.                     
  6.000   -3.26    5.13  -.0556    0.09    3.71    6.32    3.27    0.59    480.                     
  7.000   -2.34    5.79  -.0700    0.51    4.08    6.63    3.46    0.66    480.                     
  8.000   -0.89    6.48  -.0613    0.56    4.79    7.19    3.78    0.69    479.                     
  9.000    0.15    7.39  -.0295   -0.77    5.67    8.24    4.41    0.76    478.                     
 10.000    0.95    8.39  0.1315   -2.72    6.60    9.73    5.24    0.64    477.                     
 11.000    2.18   10.19  0.3114   -4.30    8.07   12.27    6.43    0.46    476.                     
 12.000    5.25   10.67  0.3353   -3.56    8.05   12.96    7.12    0.60    476.                     
 13.000    8.41   10.41  0.2086   -2.14    7.23   13.45    7.39    0.43    475.                     
 14.000    9.62    8.62  0.0042   -0.77    6.29   12.62    6.91    0.37    475.                     
 15.000    6.51    6.86  -.0791   -0.83    5.31    9.54    5.21    0.53    474.                     
 16.000    2.00    5.53  -.2168   -1.04    4.02    6.28    3.52    0.73    473.                     
 17.000   -0.45    4.79  -.2364   -0.36    3.06    5.06    2.63    0.70    470.                     
 18.000    0.38    5.28  -.0691    0.35    3.10    5.30    3.10    1.03    469.                     
 19.000    1.60    6.59  -.0540    0.51    2.77    6.20    3.92    1.20    469.                     
 20.000    0.40    8.79  -.0446    0.61    2.67    8.03    4.50    0.98    467.                     
 21.000   -2.51   11.90  -.0134    0.54    2.98   11.26    5.49    0.23    459.                     
 22.000   -5.53   13.98  0.0974    0.25    2.84   13.55    7.09    0.20    456.                     
 23.000   -7.59   14.72  0.1083    0.23    2.69   14.62    8.21    0.25    448.                     
 24.000   -9.41   14.98  0.0697    0.26    3.30   15.63    8.92    0.15    443.                     
 25.000  -11.16   14.89  -.0346    0.06    2.95   16.38    9.29    0.05    433.                     
 26.000  -11.96   15.29  -.0924   -0.56    2.94   17.06    9.71    0.03    419.                     
 27.000  -11.82   16.13  -.0999   -1.02    3.08   17.38   10.38    0.13    381.                     
 28.000  -12.13   16.19  -.0635   -0.66    2.61   17.22   10.93    0.09    374.                     
 29.000  -13.17   15.68  -.0037   -0.46    3.06   17.74   10.65   -0.03    304.                     
 30.000  -12.43   14.04  -.0391   -0.06    2.73   16.11    9.95    0.09    285.                     
 32.000   -6.40   12.05  0.1296    0.41    3.60   11.43    8.23    0.88     89.                     
 34.000   -7.18   11.41  -.0449    0.06    3.91   12.01    7.18    0.71     89.                     
 36.000   -9.18   13.52  -.0199   -0.70    4.55   14.62    8.54    0.61     89.                     
 38.000  -12.77   16.04  -.0380    0.72    5.54   17.57   11.88    0.47     89.                     
 40.000  -16.14   15.92  0.0008    2.73    6.00   19.82   12.77    0.41     88.                     
 42.000  -15.90   13.12  0.0172    4.28    6.18   19.28   10.41    0.36     88.                     
 44.000  -16.05   11.75  -.0650    4.21    8.08   19.39   10.09    0.33     88.                     
 46.000  -15.98   11.85  -.1944    2.21    7.87   18.97   10.09    0.34     88.                     
 48.000  -12.14   12.18  -.0970   -0.16    6.93   16.07    9.19    0.58     88.                     
 50.000   -6.04   12.38  0.0943   -2.08    7.10   13.08    8.47    0.79     87.                     
 52.000   -1.25   13.83  -.0059   -2.44    7.68   13.47    8.63    0.83     86.                     
 54.000    2.37   13.11  -.0798   -2.20    7.94   13.30    8.15    0.95     84.                     
 56.000    8.15   13.73  -.1595   -1.17    8.32   15.71    8.74    0.56     79.                     
 58.000   14.05   13.60  -.1306    2.92    8.77   19.57    9.06    0.45     68.                     
 60.000   18.01   14.42  0.0331    6.42   12.44   24.30   11.55    0.22     53.                     
 62.000   22.68   16.56  -.0057   11.07   15.91   30.91   14.10    0.07     33.                     
 64.000   27.30   17.96  -.1571    9.10   16.74   35.00   13.60   -0.17     20.                     
 66.000   23.49   18.57  -.3741   22.13   11.88   36.70   12.11    0.03     10.                     
 68.000    0.00    0.00  0.0000    0.00    0.00    0.00    0.00    0.00      0.                     
 70.000    0.00    0.00  0.0000    0.00    0.00    0.00    0.00    0.00      0.                     
     T A B L E  I -  9.  W I N D  S T A T I S T I C A L  P A R A M E T E R S                        
                                   SEPTEMBER                                                        
 STATION =   619020     ASCENSION ISLAND                                                            
    Z    MEAN U   SD  U  R(U,V)  MEAN V   SD  V MEAN WS  SD  WS SKEW WS    NOBS                     
    KM     M/S     M/S             M/S     M/S     M/S     M/S                                      
  0.020   -6.96    1.86  0.1129    3.54    1.60    8.01    1.69   -0.40    445.                     
  1.000   -6.85    2.55  -.2636    3.51    2.15    8.01    2.47   -0.25    444.                     
  2.000   -6.51    4.28  -.1773    1.09    2.92    7.59    3.58    0.41    444.                     
  3.000   -5.89    5.04  -.2247   -0.79    2.81    7.46    3.59    0.45    443.                     
  4.000   -4.24    4.93  -.0723   -1.14    2.86    6.23    3.60    0.66    443.                     
  5.000   -3.27    4.46  -.2616   -0.43    2.94    5.36    3.27    0.98    443.                     
  6.000   -3.43    5.16  -.2097    0.13    3.18    5.92    3.67    1.15    443.                     
  7.000   -3.03    5.97  -.0365    0.33    3.73    6.57    3.94    0.91    443.                     
  8.000   -1.47    6.56  -.0333   -0.21    4.31    7.04    3.75    0.64    443.                     
  9.000    0.14    7.42  -.0038   -1.60    5.30    8.25    4.19    0.60    443.                     
 10.000    1.86    8.60  0.1373   -3.09    6.39   10.17    4.92    0.80    442.                     
 11.000    4.08    9.86  0.2015   -4.01    6.96   12.01    5.82    0.49    441.                     
 12.000    7.81   10.46  0.1551   -3.06    6.50   13.17    6.94    0.56    441.                     
 13.000   10.96   10.43  0.0404   -2.06    6.11   14.45    7.83    0.31    441.                     
 14.000   12.11    9.30  -.0597   -1.15    5.59   14.43    7.57    0.16    442.                     
 15.000    9.30    7.33  -.0305   -1.09    4.99   11.35    6.10    0.41    442.                     
 16.000    3.47    5.36  -.1222   -1.40    3.85    6.67    3.59    0.63    440.                     
 17.000   -0.38    4.74  -.1795   -0.84    2.91    4.96    2.67    0.65    435.                     
 18.000   -0.22    5.52  -.0886    0.23    3.10    5.44    3.24    1.22    434.                     
 19.000    0.28    6.67  -.0432    0.31    2.89    6.16    3.88    1.65    431.                     
 20.000   -0.86    9.09  -.1063    0.45    2.86    8.52    4.37    0.89    426.                     
 21.000   -2.85   12.10  -.0749    0.32    2.97   11.40    5.76    0.35    418.                     
 22.000   -5.44   14.36  -.0039    0.53    2.96   13.66    7.61    0.43    416.                     
 23.000   -7.36   15.14  -.0069    0.65    2.83   14.56    8.91    0.38    400.                     
 24.000   -9.57   15.77  -.0293    0.54    3.71   16.06    9.81    0.35    396.                     
 25.000  -11.10   14.84  -.0845    0.00    3.22   15.97    9.92    0.16    388.                     
 26.000  -12.00   14.40  -.1945   -0.52    2.82   15.88   10.34    0.15    361.                     
 27.000  -12.61   14.80  -.2130   -0.86    3.37   16.49   10.87    0.18    332.                     
 28.000  -12.91   14.51  -.2222   -0.93    2.69   15.85   11.57    0.25    320.                     
 29.000  -14.20   14.30  -.1871   -0.80    3.14   17.10   11.13    0.15    243.                     
 30.000  -13.87   13.54  0.0088   -0.65    2.63   16.25   10.90    0.22    220.                     
 32.000   -6.46   12.51  0.0797   -0.61    3.53   12.43    7.42    0.52     88.                     
 34.000   -6.00   14.33  -.0286    0.45    3.30   13.99    7.42    0.33     88.                     
 36.000   -6.97   15.66  0.0956    0.29    3.95   14.99    9.11    0.47     88.                     
 38.000   -8.78   16.64  -.1077    0.65    4.13   15.58   11.27    0.49     88.                     
 40.000  -10.90   17.12  -.0894    1.23    5.75   17.17   12.23    0.65     89.                     
 42.000  -10.28   16.39  0.0479    1.12    5.15   16.78   10.90    1.17     89.                     
 44.000   -7.09   14.82  -.0387    2.83    5.02   14.44    9.63    1.48     91.                     
 46.000   -1.57   14.88  0.1470    3.06    6.28   14.11    8.45    0.96     92.                     
 48.000    3.21   13.61  -.0843    0.51    6.53   13.32    7.69    0.84     91.                     
 50.000    6.45   13.67  -.1207   -3.31    7.29   14.65    8.73    0.95     91.                     
 52.000    8.00   15.75  0.0460   -5.40    6.65   17.39    8.98    0.52     90.                     
 54.000    9.71   15.68  0.1198   -5.12    6.24   17.75    9.38    0.50     89.                     
 56.000   12.87   13.27  0.0190   -1.81    8.07   17.78    9.59    0.48     88.                     
 58.000   16.18   14.18  0.0479    3.26    8.02   20.29   11.16    0.59     80.                     
 60.000   20.26   15.00  -.1762    7.14    8.44   24.65   12.14    0.91     66.                     
 62.000   25.69   17.52  0.0154    7.84   10.00   30.00   14.98    0.42     49.                     
 64.000   34.12   19.46  0.3458    8.64   11.65   38.58   15.98    0.33     26.                     
 66.000   48.06   16.73  0.0684    6.32   11.69   49.80   16.48   -0.25     10.                     
 68.000    0.00    0.00  0.0000    0.00    0.00    0.00    0.00    0.00      0.                     
 70.000    0.00    0.00  0.0000    0.00    0.00    0.00    0.00    0.00      0.                     
     T A B L E  I - 10.  W I N D  S T A T I S T I C A L  P A R A M E T E R S                        
                                   OCTOBER                                                          
 STATION =   619020     ASCENSION ISLAND                                                            
    Z    MEAN U   SD  U  R(U,V)  MEAN V   SD  V MEAN WS  SD  WS SKEW WS    NOBS                     
    KM     M/S     M/S             M/S     M/S     M/S     M/S                                      
  0.020   -7.15    1.61  0.0975    3.20    1.60    8.00    1.55   -0.10    461.                     
  1.000   -6.97    2.37  -.3082    2.78    2.18    7.79    2.47   -0.14    461.                     
  2.000   -7.30    4.40  -.3783    0.63    2.78    8.16    3.76    0.39    460.                     
  3.000   -7.14    4.91  -.2585   -0.41    2.61    8.21    3.82    0.20    460.                     
  4.000   -5.67    4.96  0.0486   -1.10    2.55    7.05    3.84    0.48    459.                     
  5.000   -4.18    4.28  -.0748   -0.83    2.84    5.87    3.18    0.82    460.                     
  6.000   -3.61    4.82  -.2983   -0.61    3.35    6.09    3.27    1.03    461.                     
  7.000   -2.56    5.18  -.2724   -0.19    4.03    6.22    3.32    0.91    461.                     
  8.000   -0.37    5.95  -.2669    0.09    4.97    6.71    3.88    1.26    458.                     
  9.000    2.60    6.84  -.2418   -0.32    6.08    8.24    4.75    0.97    458.                     
 10.000    5.47    7.48  -.1627   -1.39    7.12   10.36    5.56    0.59    460.                     
 11.000    8.21    8.36  -.0516   -2.55    8.19   13.04    6.37    0.37    460.                     
 12.000   11.21    8.82  -.0833   -2.94    7.66   14.93    6.91    0.17    462.                     
 13.000   13.56    8.88  -.1336   -2.69    7.31   16.35    7.47    0.18    463.                     
 14.000   14.28    8.57  -.2546   -1.93    6.46   16.24    7.66    0.21    462.                     
 15.000   11.54    7.81  -.1943   -1.49    5.28   13.37    6.74    0.43    461.                     
 16.000    5.47    6.04  -.0866   -1.33    4.08    7.96    4.63    0.85    460.                     
 17.000    0.32    4.99  -.1114   -0.85    3.16    5.21    2.91    0.67    450.                     
 18.000   -0.82    5.59  0.0893    0.33    3.02    5.40    3.45    1.39    447.                     
 19.000   -0.86    6.31  0.1288    0.39    2.67    5.83    3.71    1.39    447.                     
 20.000   -1.90    8.78  0.0095    0.35    2.70    8.30    4.38    0.46    443.                     
 21.000   -4.40   12.28  -.1073    0.22    2.76   11.49    6.75    0.48    428.                     
 22.000   -6.65   14.48  -.1024    0.23    3.15   13.85    8.46    0.30    427.                     
 23.000   -8.67   14.85  -.0690    0.49    2.71   14.32    9.89    0.33    412.                     
 24.000  -11.13   15.27  -.0025    0.63    3.43   15.91   10.76    0.28    406.                     
 25.000  -13.12   14.33  0.0204    0.71    2.87   16.48   10.70    0.10    399.                     
 26.000  -14.09   13.72  0.1250    0.22    2.51   16.49   11.00    0.10    376.                     
 27.000  -14.78   13.63  0.0942   -0.58    3.18   17.01   11.20    0.08    344.                     
 28.000  -14.01   12.94  -.1038   -1.66    2.67   16.00   10.85    0.24    336.                     
 29.000  -13.92   13.21  -.2039   -2.01    3.13   16.59   10.34    0.27    262.                     
 30.000  -12.68   13.34  -.1739   -2.03    2.81   15.72   10.17    0.37    246.                     
 32.000   -7.59   14.50  0.0334   -1.00    3.86   14.40    8.63    0.27     83.                     
 34.000   -9.22   15.71  -.0959   -0.03    3.44   16.07    9.13    0.14     83.                     
 36.000   -8.74   17.79  -.0252    0.80    3.69   17.36   10.15    0.30     83.                     
 38.000   -7.62   17.41  -.0276    0.20    4.12   16.34   10.43    0.56     83.                     
 40.000   -3.25   14.35  0.1446    0.26    4.68   12.88    8.41    1.03     83.                     
 42.000    0.45   11.29  0.0144    1.82    5.14   10.80    6.28    0.63     84.                     
 44.000    4.25   11.50  -.2897    2.19    6.32   12.01    7.04    0.75     87.                     
 46.000    8.35   10.56  -.4203   -0.97    7.18   12.98    8.01    1.08     86.                     
 48.000   11.38   10.91  -.5467   -2.31    6.45   14.62    8.99    0.86     85.                     
 50.000   12.57   11.70  -.1206   -3.29    6.40   16.39    8.78    0.39     85.                     
 52.000   14.13   13.28  0.2135   -2.03    7.12   18.92    8.42    0.41     83.                     
 54.000   17.89   11.54  0.1062   -2.73    7.27   20.98    8.50    0.10     81.                     
 56.000   19.76    9.28  0.1266   -1.52    6.54   21.29    8.23    0.29     73.                     
 58.000   20.07    9.23  -.0069   -1.76    7.31   21.85    8.13    0.08     60.                     
 60.000   23.05   11.90  0.1331    0.62    7.81   25.13   10.02   -0.03     46.                     
 62.000   24.69   11.31  0.0262    3.79    8.53   26.66   10.56    0.00     38.                     
 64.000   26.86    9.70  0.0375    3.77    7.61   28.19    9.54   -0.11     27.                     
 66.000   23.33   16.57  -.0991    6.67   13.28   29.44   12.44    0.18     16.                     
 68.000    0.00    0.00  0.0000    0.00    0.00    0.00    0.00    0.00      0.                     
 70.000    0.00    0.00  0.0000    0.00    0.00    0.00    0.00    0.00      0.                     
     T A B L E  I - 11.  W I N D  S T A T I S T I C A L  P A R A M E T E R S                        
                                   NOVEMBER                                                         
 STATION =   619020     ASCENSION ISLAND                                                            
    Z    MEAN U   SD  U  R(U,V)  MEAN V   SD  V MEAN WS  SD  WS SKEW WS    NOBS                     
    KM     M/S     M/S             M/S     M/S     M/S     M/S                                      
  0.020   -6.92    1.63  0.0816    3.26    1.50    7.81    1.55   -0.18    463.                     
  1.000   -5.90    2.34  -.3269    2.05    2.39    6.68    2.36   -0.18    462.                     
  2.000   -6.15    3.67  -.2578   -0.19    2.74    7.02    3.09    0.62    462.                     
  3.000   -5.89    4.20  -.2109   -0.97    2.85    7.14    3.22    0.31    462.                     
  4.000   -4.77    4.15  -.0788   -0.80    2.87    6.22    3.18    0.44    461.                     
  5.000   -4.07    3.98  -.1824   -0.61    3.44    6.00    2.92    0.45    461.                     
  6.000   -3.54    4.51  -.2053   -0.64    3.69    6.11    3.09    0.59    459.                     
  7.000   -2.31    5.42  -.1882   -0.65    4.04    6.33    3.37    0.64    459.                     
  8.000   -0.02    6.25  -.2225   -0.32    4.93    7.00    3.79    0.82    458.                     
  9.000    3.03    7.33  -.1621   -0.57    5.93    8.59    4.93    0.72    457.                     
 10.000    6.24    8.30  -.1448   -1.75    6.88   11.04    6.01    0.59    456.                     
 11.000    9.25    9.28  -.1383   -3.59    7.97   14.07    7.07    0.34    452.                     
 12.000   11.94    9.47  -.1966   -4.55    8.07   15.99    7.88    0.31    450.                     
 13.000   13.97    9.60  -.2172   -4.72    7.63   17.23    8.41    0.23    450.                     
 14.000   14.55    9.47  -.2355   -4.07    6.75   17.09    8.45    0.32    448.                     
 15.000   12.13    8.83  -.2200   -2.75    5.54   14.36    7.55    0.57    448.                     
 16.000    6.17    7.35  -.0532   -2.20    4.91    9.65    5.27    1.01    446.                     
 17.000    0.43    5.94  -.0658   -1.63    3.94    6.41    3.53    0.81    439.                     
 18.000   -2.27    5.40  -.0941   -0.69    3.09    5.83    3.22    0.62    438.                     
 19.000   -1.96    6.19  0.0110   -0.16    2.71    6.08    3.53    0.58    432.                     
 20.000   -3.42    9.14  -.0163    0.26    2.69    8.66    5.24    0.73    425.                     
 21.000   -6.45   11.82  -.0655    0.57    3.08   11.44    7.75    0.48    415.                     
 22.000   -9.47   13.08  -.0043    0.90    2.91   13.34    9.58    0.39    413.                     
 23.000  -12.04   13.20  0.0137    0.83    2.57   14.52   10.75    0.32    407.                     
 24.000  -14.05   13.96  -.0403    0.68    3.28   16.71   11.15    0.24    403.                     
 25.000  -15.12   13.27  0.0378    0.31    3.07   17.13   10.98    0.27    395.                     
 26.000  -15.09   12.87  0.0736   -0.37    2.53   16.76   10.90    0.15    378.                     
 27.000  -14.35   13.51  0.0013   -1.21    2.76   16.96   10.47    0.11    336.                     
 28.000  -13.22   14.03  -.0141   -2.01    2.84   16.89    9.90    0.27    328.                     
 29.000  -12.27   14.68  -.0044   -1.90    3.37   16.92    9.69    0.38    250.                     
 30.000  -11.43   14.93  0.0153   -1.56    3.01   16.65    9.34    0.40    243.                     
 32.000   -8.44   16.82  0.1492    0.45    3.90   17.34    8.12    0.15     77.                     
 34.000   -8.98   17.99  0.1861   -0.07    3.87   17.67   10.22    0.23     78.                     
 36.000   -7.06   18.24  -.0345   -0.03    3.30   16.68   10.59    0.35     78.                     
 38.000   -3.59   14.90  0.1566    0.71    4.35   13.65    8.10    0.83     78.                     
 40.000    0.85   12.34  0.3062    1.48    4.49   10.73    7.66    1.83     78.                     
 42.000    1.14   12.45  0.0827    0.78    4.67   11.20    7.19    1.09     79.                     
 44.000   -0.09   12.97  -.0699   -0.45    5.91   12.04    7.53    0.85     81.                     
 46.000   -2.30   13.93  -.0689   -1.47    4.83   12.80    7.67    1.00     82.                     
 48.000   -4.35   16.92  -.0897   -3.35    6.16   16.45    9.01    0.70     83.                     
 50.000   -6.56   17.62  0.1335   -4.32    7.11   17.58   10.52    0.52     83.                     
 52.000   -7.22   18.50  0.1163   -5.59    6.63   18.45   11.21    0.72     82.                     
 54.000   -7.21   19.29  0.0986   -6.61    6.70   18.95   12.25    0.93     77.                     
 56.000   -6.39   19.92  0.1618   -6.55    6.00   18.76   12.68    1.43     74.                     
 58.000   -4.18   19.82  0.0858   -6.39    8.06   18.54   12.95    1.38     61.                     
 60.000   -3.08   21.08  -.3371   -5.23    8.31   19.03   13.38    2.14     36.                     
 62.000    1.53   25.73  0.1046   -4.29   11.54   23.14   16.17    1.43     28.                     
 64.000    9.08   16.07  -.0429   -4.28   11.87   20.21    8.63    0.19     19.                     
 66.000   11.68   13.69  0.0923    3.32   13.75   20.33    9.29    0.10     12.                     
 68.000    0.00    0.00  0.0000    0.00    0.00    0.00    0.00    0.00      0.                     
 70.000    0.00    0.00  0.0000    0.00    0.00    0.00    0.00    0.00      0.                     
     T A B L E  I - 12.  W I N D  S T A T I S T I C A L  P A R A M E T E R S                        
                                   DECEMBER                                                         
 STATION =   619020     ASCENSION ISLAND                                                            
    Z    MEAN U   SD  U  R(U,V)  MEAN V   SD  V MEAN WS  SD  WS SKEW WS    NOBS                     
    KM     M/S     M/S             M/S     M/S     M/S     M/S                                      
  0.020   -6.64    1.61  0.0740    3.63    1.50    7.73    1.53   -0.26    453.                     
  1.000   -4.66    2.46  -.4217    1.93    2.28    5.55    2.43    0.07    455.                     
  2.000   -4.87    3.43  -.3237    0.17    2.91    5.94    2.93    0.41    454.                     
  3.000   -5.72    3.78  -.3175   -0.57    2.95    6.82    3.07    0.30    454.                     
  4.000   -5.72    3.79  -.1842   -0.77    3.10    6.85    3.20    0.70    453.                     
  5.000   -5.45    3.70  -.1382   -0.47    3.35    6.73    3.10    0.65    453.                     
  6.000   -5.62    4.06  -.1417   -0.68    3.25    7.02    3.12    0.34    452.                     
  7.000   -4.92    4.70  -.0983   -1.28    3.46    6.96    3.38    0.29    452.                     
  8.000   -2.97    5.93  -.0424   -1.58    4.12    7.03    3.71    0.39    451.                     
  9.000   -0.10    7.10  -.0762   -1.97    5.00    7.83    4.22    0.60    450.                     
 10.000    2.71    7.98  -.0675   -2.66    5.78    9.30    5.00    0.80    449.                     
 11.000    5.31    8.96  0.0176   -3.84    6.33   11.19    6.17    0.69    449.                     
 12.000    7.95    9.31  -.0193   -5.13    6.53   12.92    7.20    0.49    449.                     
 13.000   10.39   10.07  -.0959   -5.40    6.73   14.83    7.98    0.42    449.                     
 14.000   11.20   10.81  -.1704   -4.30    6.45   15.26    8.31    0.34    448.                     
 15.000    8.29   10.20  -.0413   -3.19    5.95   12.93    7.13    0.63    448.                     
 16.000    2.38    7.72  -.0769   -2.75    4.99    8.75    4.58    0.72    446.                     
 17.000   -2.83    5.28  -.1716   -2.13    3.91    6.65    3.38    0.55    438.                     
 18.000   -4.61    4.70  -.0476   -0.69    3.11    6.43    3.49    0.82    440.                     
 19.000   -4.06    6.15  -.0155   -0.18    2.49    6.60    4.11    0.74    439.                     
 20.000   -5.74    8.88  -.1084    0.10    2.57    8.85    6.32    0.64    434.                     
 21.000   -8.61   11.35  -.1627    0.48    2.87   11.64    8.70    0.46    425.                     
 22.000  -12.12   12.76  -.1325    1.10    3.10   14.38   10.67    0.34    423.                     
 23.000  -14.92   12.62  -.0943    1.07    2.76   16.24   11.27    0.27    418.                     
 24.000  -17.28   12.52  -.0235    0.65    3.41   18.44   11.29    0.13    416.                     
 25.000  -17.85   11.23  0.0848   -0.73    3.18   18.57   10.51    0.27    408.                     
 26.000  -17.45   10.50  0.0716   -1.45    2.57   17.95   10.05    0.22    393.                     
 27.000  -17.07   11.37  0.0453   -1.86    2.69   17.92   10.50    0.24    363.                     
 28.000  -16.61   12.71  0.0529   -1.62    2.64   18.02   11.05    0.28    358.                     
 29.000  -17.09   14.21  0.0484   -1.21    3.00   18.96   12.03    0.23    277.                     
 30.000  -17.08   14.62  0.0536   -0.97    2.70   18.86   12.57    0.29    268.                     
 32.000  -18.12   14.80  0.0272   -0.48    3.70   20.25   12.24   -0.07     59.                     
 34.000  -18.16   14.37  0.0333    0.57    2.99   19.78   12.38    0.19     59.                     
 36.000  -17.60   13.05  -.0822    0.44    3.63   18.81   11.78    0.25     59.                     
 38.000  -15.54   11.85  0.1542    0.16    4.19   16.64   11.03    0.55     59.                     
 40.000  -16.74   12.67  0.0879    0.81    4.47   17.98   11.71    0.36     59.                     
 42.000  -22.25   14.58  0.1227    1.79    4.90   23.19   14.02    0.70     59.                     
 44.000  -29.78   15.04  0.1541   -0.11    4.83   30.25   14.85    0.58     59.                     
 46.000  -38.26   16.12  -.1025   -2.41    5.34   38.83   15.80    0.29     59.                     
 48.000  -44.45   17.54  -.0589   -3.81    6.30   45.19   17.16    0.74     59.                     
 50.000  -47.26   20.08  0.0591   -5.48    6.47   48.66   18.44    0.51     58.                     
 52.000  -48.48   20.67  0.2186   -6.85    6.77   50.05   19.07    0.34     59.                     
 54.000  -42.17   22.99  -.0213   -7.72    5.61   45.08   19.02   -0.26     59.                     
 56.000  -32.90   25.56  0.0382   -7.32    9.12   38.69   19.20   -0.15     55.                     
 58.000  -20.45   25.46  -.0494   -7.12    8.04   28.94   18.34    0.55     48.                     
 60.000  -12.98   24.17  -.0466   -4.83   10.15   22.97   18.46    1.39     33.                     
 62.000   -9.58   24.85  0.1527   -4.44   12.48   23.65   17.47    1.14     23.                     
 64.000   -1.26   12.54  0.3361   -6.46    9.47   15.06    7.15    0.96     16.                     
 66.000   -8.23   15.04  0.4519    0.87    6.86   15.86    7.73   -0.03      7.                     
 68.000    0.00    0.00  0.0000    0.00    0.00    0.00    0.00    0.00      0.                     
 70.000    0.00    0.00  0.0000    0.00    0.00    0.00    0.00    0.00      0.                     
