        911650   21.98N  159.34W
     T A B L E  I -   1.  W I N D  S T A T I S T I C A L  P A R A M E T E R S
                                   January
 Station =   911650     Barking Sands, Hawaii (Lihue)
    Z    MEAN U   SD  U  R(U,V)  MEAN V   SD  V MEAN WS  SD  WS SKEW WS    NOBS
    KM     M/S     M/S             M/S     M/S     M/S     M/S                 
  0.036   -1.54    4.14  0.5132   -0.99    3.59    5.26    2.37    0.51    1222
  0.500   -1.70    5.28  0.5476   -0.78    4.20    6.45    3.13    0.55    1222
  1.000   -1.21    6.23  0.4836   -0.36    4.43    7.03    3.57    0.70    1222
  1.500   -0.47    6.98  0.3810    0.10    4.64    7.44    3.91    0.67    1222
  2.000    0.53    7.29  0.3168    0.15    4.47    7.93    3.86    0.81    1222
  2.500    1.63    7.71  0.2546    0.12    4.63    8.39    4.29    0.93    1222
  3.000    2.77    8.26  0.1945   -0.00    5.11    8.82    5.11    0.93    1222
  3.500    4.06    8.68  0.1765   -0.27    5.32    9.72    5.62    0.88    1222
  4.000    5.42    9.07  0.1734   -0.62    5.59   10.81    6.08    0.82    1222
  4.500    6.76    9.53  0.1662   -1.00    6.11   11.93    6.68    0.76    1222
  5.000    8.12   10.12  0.1598   -1.34    6.84   13.10    7.45    0.74    1222
  5.500    9.47   10.78  0.1523   -1.69    7.70   14.30    8.31    0.70    1222
  6.000   10.77   11.32  0.1430   -2.20    8.40   15.58    8.97    0.65    1222
  6.500   12.00   11.68  0.1447   -2.90    8.90   17.04    9.27    0.62    1222
  7.000   13.21   12.21  0.1371   -3.60    9.73   18.51    9.80    0.56    1222
  7.500   14.38   12.82  0.1286   -4.29   10.78   19.94   10.47    0.50    1222
  8.000   15.84   13.07  0.1570   -5.26   11.31   21.79   10.61    0.48    1222
  8.500   17.26   13.40  0.1846   -6.24   12.10   23.63   10.89    0.42    1222
  9.000   18.70   13.91  0.2068   -7.20   13.18   25.48   11.46    0.39    1222
  9.500   20.15   14.54  0.2213   -8.19   14.45   27.33   12.21    0.35    1222
 10.000   21.57   14.73  0.2497   -9.01   15.03   29.08   12.26    0.28    1222
 10.500   22.89   15.03  0.2679   -9.72   15.78   30.69   12.55    0.26    1222
 11.000   24.13   15.30  0.2841  -10.32   16.29   32.06   12.84    0.24    1222
 11.500   25.06   15.22  0.3136  -10.66   16.29   32.97   12.73    0.27    1222
 12.000   25.92   15.47  0.3287  -10.88   16.53   33.74   13.09    0.32    1222
 12.500   26.33   15.48  0.3390  -10.92   16.29   33.90   13.17    0.33    1221
 13.000   26.01   15.06  0.3518  -10.50   15.23   33.10   12.74    0.36    1221
 13.500   25.57   14.91  0.3485   -9.95   14.30   32.14   12.58    0.40    1221
 14.000   25.05   14.98  0.3365   -9.39   13.63   31.14   12.66    0.45    1220
 14.500   23.65   14.10  0.3359   -8.64   12.56   29.29   11.80    0.41    1220
 15.000   21.82   13.06  0.3333   -7.77   11.36   27.03   10.83    0.44    1220
 15.500   19.90   12.18  0.3184   -6.83   10.35   24.67   10.07    0.48    1220
 16.000   17.85   11.30  0.2935   -5.89    9.45   22.18    9.34    0.50    1220
 16.500   15.67   10.54  0.2571   -5.02    8.71   19.59    8.76    0.58    1220
 17.000   13.45    9.59  0.2517   -4.13    7.70   17.16    7.86    0.79    1218
 17.500   10.82    8.53  0.2398   -3.17    6.64   14.43    6.73    0.86    1217
 18.000    7.92    7.53  0.2184   -2.35    5.52   11.57    5.60    0.97    1217
 18.500    4.98    6.83  0.1786   -1.62    4.71    8.81    4.80    1.18    1217
 19.000    3.24    6.17  0.1786   -1.09    3.98    7.46    4.07    1.14    1216
 19.500    2.06    5.50  0.1888   -0.69    3.27    6.71    3.32    1.20    1216
 20.000    0.91    5.06  0.1427   -0.35    2.88    6.02    2.79    0.96    1216
 20.500   -0.15    4.98  0.0869   -0.05    3.01    5.37    2.83    0.93    1216
 21.000   -0.65    4.87  0.0862    0.01    2.86    5.28    2.76    0.87    1210
 21.500   -0.85    4.74  0.0932   -0.01    2.59    5.38    2.63    0.87    1210
 22.000   -1.05    4.74  0.0975   -0.01    2.47    5.50    2.62    0.91    1210
 22.500   -1.23    4.89  0.0884   -0.01    2.52    5.64    2.71    1.02    1210
 23.000   -1.41    5.18  0.0833   -0.04    2.73    5.78    2.93    1.10    1210
 23.500   -1.58    5.59  0.0770   -0.03    3.04    5.93    3.27    1.14    1210
 24.000   -1.56    5.94  0.0808   -0.02    3.13    6.14    3.47    1.15    1207
 24.500   -1.24    6.14  0.0987   -0.06    2.94    6.47    3.42    1.19    1207
 25.000   -0.90    6.48  0.1130   -0.11    2.94    6.80    3.53    1.20    1207
 25.500   -0.58    6.95  0.1194   -0.13    3.18    7.14    3.81    1.18    1207
 26.000   -0.25    7.53  0.1144   -0.13    3.56    7.46    4.22    1.13    1207
 26.500    0.08    8.07  0.1044   -0.19    3.91    7.81    4.58    1.10    1130
 27.000    0.73    8.32  0.1310   -0.16    3.75    8.33    4.56    1.12    1075
 27.500    1.26    8.68  0.1526   -0.11    3.65    8.87    4.66    1.08    1075
 28.000    1.82    9.14  0.1682   -0.08    3.68    9.43    4.88    1.01    1073
 28.500    2.37    9.61  0.1742   -0.04    3.83    9.97    5.18    0.98    1070
 29.000    2.92   10.14  0.1755    0.03    4.08   10.52    5.54    0.93    1064
 29.500    3.41   10.68  0.1724    0.11    4.45   11.06    5.94    0.90    1046
 30.000    3.99   11.30  0.1751    0.25    4.93   11.68    6.40    0.86    1024
     T A B L E  I -   2.  W I N D  S T A T I S T I C A L  P A R A M E T E R S
                                  February
 Station =   911650     Barking Sands, Hawaii (Lihue)
    Z    MEAN U   SD  U  R(U,V)  MEAN V   SD  V MEAN WS  SD  WS SKEW WS    NOBS
    KM     M/S     M/S             M/S     M/S     M/S     M/S                 
  0.036   -2.43    3.77  0.4696   -1.45    3.45    5.36    2.33    0.48    1033
  0.500   -3.05    4.64  0.5001   -1.30    3.88    6.41    2.95    0.53    1034
  1.000   -2.80    5.50  0.4426   -0.88    4.04    6.79    3.37    0.62    1034
  1.500   -2.08    6.29  0.3458   -0.42    4.17    6.93    3.70    0.72    1034
  2.000   -1.15    6.62  0.2801   -0.18    4.10    7.24    3.68    0.91    1034
  2.500   -0.14    7.06  0.2339   -0.03    4.22    7.46    4.09    1.16    1034
  3.000    0.96    7.63  0.1921    0.06    4.64    7.68    4.82    1.27    1034
  3.500    2.20    8.00  0.1715   -0.20    4.81    8.45    5.10    1.30    1034
  4.000    3.48    8.37  0.1660   -0.60    5.10    9.49    5.36    1.30    1034
  4.500    4.79    8.86  0.1654   -1.02    5.55   10.54    5.82    1.22    1034
  5.000    6.15    9.41  0.1572   -1.46    6.15   11.60    6.46    1.08    1034
  5.500    7.53   10.05  0.1372   -1.92    6.85   12.68    7.25    0.96    1034
  6.000    8.88   10.64  0.1299   -2.36    7.48   13.93    7.91    0.85    1034
  6.500   10.25   11.10  0.1431   -2.87    8.06   15.46    8.37    0.76    1034
  7.000   11.57   11.77  0.1475   -3.40    8.98   16.99    9.09    0.69    1034
  7.500   12.91   12.62  0.1402   -3.98   10.16   18.60   10.00    0.63    1034
  8.000   14.54   13.16  0.1811   -4.80   10.70   20.68   10.17    0.50    1034
  8.500   16.17   13.93  0.2176   -5.69   11.54   22.79   10.67    0.36    1034
  9.000   17.82   14.91  0.2488   -6.59   12.66   24.94   11.49    0.28    1034
  9.500   19.58   16.07  0.2692   -7.52   14.01   27.18   12.57    0.24    1034
 10.000   21.25   16.43  0.3235   -8.34   14.74   29.25   12.65    0.20    1034
 10.500   22.84   16.83  0.3730   -9.12   15.72   31.19   13.00    0.18    1034
 11.000   24.21   17.06  0.4092   -9.88   16.36   32.74   13.19    0.18    1034
 11.500   24.99   16.85  0.4454  -10.41   16.32   33.58   12.84    0.18    1034
 12.000   25.74   16.90  0.4647  -10.85   16.48   34.29   12.94    0.19    1034
 12.500   26.07   16.72  0.4770  -10.89   16.02   34.32   12.71    0.20    1034
 13.000   25.84   16.11  0.4883  -10.48   14.73   33.47   12.05    0.20    1034
 13.500   25.46   15.63  0.4694  -10.05   13.68   32.45   11.75    0.25    1034
 14.000   25.02   15.32  0.4318   -9.58   12.94   31.36   11.82    0.30    1034
 14.500   23.58   14.27  0.4268   -8.77   11.91   29.40   11.00    0.25    1034
 15.000   21.73   13.06  0.4243   -7.87   10.73   27.04   10.01    0.27    1034
 15.500   19.83   11.91  0.4061   -6.93    9.69   24.61    9.14    0.32    1034
 16.000   17.86   10.89  0.3662   -6.05    8.87   22.13    8.45    0.40    1034
 16.500   15.70   10.02  0.3020   -5.36    8.14   19.54    7.87    0.48    1034
 17.000   13.38    8.99  0.2811   -4.53    7.30   17.05    6.95    0.48    1033
 17.500   10.81    8.09  0.2584   -3.58    6.40   14.38    6.06    0.51    1033
 18.000    8.08    7.30  0.2390   -2.68    5.44   11.67    5.17    0.62    1033
 18.500    5.34    6.70  0.1844   -1.88    4.86    9.07    4.60    0.89    1033
 19.000    3.60    6.05  0.1730   -1.38    4.11    7.68    3.92    0.96    1033
 19.500    2.29    5.38  0.1758   -0.96    3.35    6.80    3.19    0.95    1033
 20.000    1.09    4.92  0.1612   -0.56    2.89    5.97    2.71    0.90    1033
 20.500   -0.06    4.80  0.1283   -0.19    2.82    5.19    2.67    0.97    1033
 21.000   -0.51    4.67  0.0943   -0.01    2.57    5.05    2.57    1.01    1033
 21.500   -0.64    4.49  0.0766    0.08    2.26    5.12    2.42    1.00    1033
 22.000   -0.76    4.46  0.0714    0.13    2.09    5.20    2.38    0.93    1033
 22.500   -0.87    4.62  0.0655    0.17    2.12    5.31    2.47    0.88    1033
 23.000   -0.99    4.88  0.0529    0.21    2.38    5.42    2.68    0.83    1033
 23.500   -1.09    5.27  0.0395    0.25    2.76    5.55    2.96    0.84    1033
 24.000   -1.04    5.52  0.0501    0.28    2.91    5.72    3.08    0.83    1031
 24.500   -0.70    5.49  0.0890    0.26    2.66    5.92    2.86    0.75    1031
 25.000   -0.35    5.64  0.1354    0.24    2.61    6.14    2.86    0.66    1031
 25.500    0.01    5.97  0.1539    0.22    2.79    6.38    3.05    0.67    1031
 26.000    0.41    6.43  0.1506    0.19    3.16    6.62    3.39    0.74    1031
 26.500    0.79    6.86  0.1368    0.10    3.49    6.87    3.73    0.76     947
 27.000    1.48    6.97  0.1462    0.13    3.26    7.36    3.60    0.62     902
 27.500    2.09    7.21  0.1517    0.18    3.14    7.88    3.65    0.57     902
 28.000    2.69    7.54  0.1442    0.22    3.14    8.40    3.83    0.58     902
 28.500    3.28    7.93  0.1346    0.27    3.24    8.93    4.10    0.61     901
 29.000    3.86    8.35  0.1203    0.34    3.44    9.44    4.46    0.64     897
 29.500    4.40    8.84  0.1104    0.39    3.71    9.94    4.89    0.65     885
 30.000    4.98    9.40  0.1053    0.47    4.08   10.47    5.41    0.68     870
     T A B L E  I -   3.  W I N D  S T A T I S T I C A L  P A R A M E T E R S
                                     March
 Station =   911650     Barking Sands, Hawaii (Lihue)
    Z    MEAN U   SD  U  R(U,V)  MEAN V   SD  V MEAN WS  SD  WS SKEW WS    NOBS
    KM     M/S     M/S             M/S     M/S     M/S     M/S                 
  0.036   -3.17    3.78  0.4130   -1.98    3.40    5.82    2.42    0.30    1186
  0.500   -3.98    4.55  0.4685   -1.94    3.97    6.95    3.10    0.27    1186
  1.000   -3.76    5.29  0.4622   -1.43    4.06    7.11    3.45    0.40    1186
  1.500   -3.00    5.93  0.4228   -0.85    3.98    6.92    3.61    0.54    1186
  2.000   -2.10    6.26  0.3336   -0.47    3.78    7.07    3.43    0.67    1186
  2.500   -1.16    6.70  0.2391   -0.25    3.82    7.16    3.72    0.96    1186
  3.000   -0.13    7.24  0.1587   -0.07    4.17    7.22    4.40    1.11    1186
  3.500    0.98    7.51  0.1484   -0.17    4.32    7.67    4.65    1.25    1186
  4.000    2.13    7.78  0.1633   -0.38    4.58    8.39    4.88    1.36    1186
  4.500    3.26    8.18  0.1664   -0.62    5.01    9.18    5.30    1.35    1186
  5.000    4.38    8.68  0.1653   -0.85    5.59    9.98    5.91    1.27    1186
  5.500    5.54    9.24  0.1622   -1.09    6.21   10.79    6.60    1.18    1186
  6.000    6.73    9.77  0.1764   -1.31    6.76   11.76    7.21    1.05    1186
  6.500    7.94   10.17  0.2039   -1.54    7.22   13.00    7.61    0.95    1186
  7.000    9.20   10.78  0.2098   -1.79    7.97   14.29    8.28    0.84    1186
  7.500   10.52   11.60  0.2123   -2.05    8.88   15.66    9.15    0.73    1186
  8.000   12.40   12.04  0.2234   -2.41    9.39   17.60    9.57    0.65    1186
  8.500   14.33   12.66  0.2264   -2.83   10.15   19.61   10.20    0.55    1186
  9.000   16.25   13.56  0.2176   -3.27   11.16   21.66   11.11    0.47    1186
  9.500   18.20   14.69  0.2077   -3.77   12.36   23.79   12.24    0.42    1186
 10.000   20.67   15.50  0.2563   -4.21   12.95   26.39   12.82    0.34    1186
 10.500   23.20   16.60  0.3004   -4.64   13.91   29.08   13.77    0.29    1186
 11.000   25.48   17.40  0.3352   -5.06   14.77   31.48   14.43    0.27    1186
 11.500   27.18   17.53  0.3657   -5.36   15.11   33.18   14.51    0.27    1186
 12.000   28.77   17.88  0.3842   -5.61   15.58   34.69   14.94    0.26    1186
 12.500   29.49   17.74  0.3850   -5.77   15.40   35.20   14.83    0.22    1186
 13.000   29.11   16.94  0.3729   -5.78   14.32   34.46   14.02    0.23    1186
 13.500   28.48   16.34  0.3444   -5.78   13.40   33.48   13.42    0.26    1186
 14.000   27.70   15.98  0.2974   -5.66   12.50   32.29   13.09    0.32    1186
 14.500   25.79   14.72  0.2775   -5.20   11.30   30.00   11.97    0.28    1186
 15.000   23.51   13.38  0.2696   -4.65   10.07   27.37   10.78    0.28    1186
 15.500   21.18   12.17  0.2573   -4.08    9.06   24.73    9.74    0.31    1186
 16.000   18.78   11.07  0.2287   -3.54    8.29   22.02    8.90    0.35    1186
 16.500   16.26   10.10  0.2002   -3.08    7.75   19.25    8.16    0.43    1186
 17.000   14.02    9.11  0.1993   -2.68    6.87   16.89    7.31    0.47    1185
 17.500   11.53    8.07  0.2066   -2.17    6.02   14.32    6.37    0.53    1185
 18.000    8.89    7.03  0.2107   -1.64    5.22   11.67    5.35    0.65    1185
 18.500    6.26    6.29  0.1895   -1.12    4.66    9.09    4.62    0.80    1185
 19.000    4.62    5.63  0.1799   -0.73    4.03    7.72    3.92    0.87    1185
 19.500    3.39    5.05  0.1906   -0.42    3.36    6.82    3.22    0.94    1185
 20.000    2.16    4.67  0.1740   -0.16    2.95    5.95    2.74    0.88    1185
 20.500    0.99    4.63  0.1147    0.10    2.89    5.15    2.65    0.89    1185
 21.000    0.44    4.48  0.0932    0.20    2.72    4.95    2.51    0.82    1184
 21.500    0.18    4.27  0.0991    0.20    2.45    4.98    2.30    0.74    1184
 22.000   -0.05    4.16  0.1019    0.20    2.31    5.01    2.18    0.67    1184
 22.500   -0.25    4.19  0.0970    0.21    2.33    5.06    2.18    0.70    1184
 23.000   -0.43    4.36  0.0901    0.25    2.49    5.09    2.32    0.77    1184
 23.500   -0.58    4.66  0.0791    0.26    2.81    5.14    2.58    0.86    1184
 24.000   -0.60    4.89  0.0757    0.27    2.99    5.22    2.74    0.91    1182
 24.500   -0.31    4.73  0.1135    0.32    2.71    5.34    2.51    0.94    1182
 25.000   -0.01    4.73  0.1500    0.39    2.60    5.45    2.45    0.90    1182
 25.500    0.29    4.86  0.1721    0.47    2.69    5.56    2.53    0.83    1182
 26.000    0.66    5.12  0.1731    0.55    2.99    5.69    2.74    0.79    1182
 26.500    1.06    5.52  0.1717    0.58    3.36    5.87    3.09    0.74    1096
 27.000    1.79    5.59  0.1880    0.62    3.19    6.34    3.08    0.72    1020
 27.500    2.33    5.80  0.2017    0.69    3.06    6.83    3.18    0.74    1020
 28.000    2.85    6.10  0.2103    0.75    2.99    7.29    3.41    0.79    1020
 28.500    3.37    6.46  0.1982    0.81    3.06    7.78    3.69    0.81    1018
 29.000    3.85    6.91  0.1643    0.90    3.25    8.27    4.08    0.82    1006
 29.500    4.28    7.38  0.1308    0.98    3.55    8.75    4.48    0.85     994
 30.000    4.76    7.86  0.0994    1.09    3.88    9.23    4.90    0.84     980
     T A B L E  I -   4.  W I N D  S T A T I S T I C A L  P A R A M E T E R S
                                     April
 Station =   911650     Barking Sands, Hawaii (Lihue)
    Z    MEAN U   SD  U  R(U,V)  MEAN V   SD  V MEAN WS  SD  WS SKEW WS    NOBS
    KM     M/S     M/S             M/S     M/S     M/S     M/S                 
  0.036   -4.33    3.15  0.3844   -2.55    2.76    6.18    2.13    0.07    1118
  0.500   -5.42    3.66  0.4364   -2.43    3.13    7.27    2.67    0.16    1119
  1.000   -5.47    4.23  0.4012   -1.87    3.17    7.34    2.97    0.14    1119
  1.500   -4.92    4.84  0.3144   -1.34    3.17    7.05    3.18    0.24    1119
  2.000   -4.24    5.01  0.2587   -0.94    2.96    6.80    3.01    0.45    1119
  2.500   -3.48    5.23  0.2116   -0.59    2.95    6.51    3.07    0.65    1119
  3.000   -2.65    5.63  0.1483   -0.31    3.23    6.23    3.41    0.89    1119
  3.500   -1.76    5.74  0.1259   -0.28    3.41    6.30    3.38    0.95    1119
  4.000   -0.83    5.78  0.1281   -0.39    3.63    6.57    3.25    1.10    1119
  4.500    0.10    5.94  0.1163   -0.51    3.96    6.86    3.39    1.23    1119
  5.000    1.00    6.24  0.1110   -0.62    4.38    7.19    3.75    1.24    1119
  5.500    1.87    6.67  0.1058   -0.73    4.86    7.57    4.28    1.23    1119
  6.000    2.77    7.13  0.1020   -0.84    5.26    8.06    4.82    1.18    1119
  6.500    3.69    7.58  0.1057   -0.97    5.45    8.84    5.24    1.17    1119
  7.000    4.63    8.21  0.1119   -1.09    5.83    9.65    5.88    1.10    1119
  7.500    5.57    8.96  0.1127   -1.23    6.36   10.47    6.65    1.03    1119
  8.000    6.95    9.46  0.1372   -1.36    6.62   11.82    7.04    1.00    1119
  8.500    8.42   10.16  0.1616   -1.51    7.02   13.23    7.70    0.93    1119
  9.000    9.85   11.06  0.1839   -1.66    7.61   14.64    8.55    0.90    1119
  9.500   11.32   12.17  0.2018   -1.80    8.35   16.08    9.61    0.92    1119
 10.000   13.42   13.15  0.2518   -1.95    8.88   18.16   10.55    0.84    1119
 10.500   15.69   14.47  0.2928   -2.11    9.67   20.43   11.88    0.79    1119
 11.000   18.03   15.80  0.3231   -2.28   10.41   22.74   13.18    0.74    1118
 11.500   20.36   16.56  0.3453   -2.44   10.67   24.97   13.86    0.68    1118
 12.000   22.72   17.56  0.3538   -2.53   11.19   27.18   14.89    0.62    1118
 12.500   24.49   17.80  0.3564   -2.68   11.28   28.66   15.28    0.57    1118
 13.000   25.12   16.99  0.3697   -2.84   10.50   28.90   14.55    0.55    1118
 13.500   25.47   16.32  0.3680   -3.05    9.91   28.91   13.98    0.55    1118
 14.000   25.46   15.70  0.3514   -3.28    9.53   28.56   13.52    0.56    1118
 14.500   23.80   14.18  0.3365   -3.16    8.81   26.66   12.21    0.52    1117
 15.000   21.63   12.67  0.3336   -2.89    8.05   24.33   10.85    0.53    1117
 15.500   19.31   11.26  0.3147   -2.55    7.30   21.81    9.58    0.55    1117
 16.000   16.87    9.82  0.2879   -2.19    6.67   19.15    8.32    0.51    1117
 16.500   14.35    8.66  0.2626   -1.86    6.24   16.45    7.32    0.44    1117
 17.000   12.09    7.69  0.2519   -1.50    5.49   14.21    6.33    0.45    1117
 17.500    9.74    6.81  0.2418   -1.15    4.80   11.96    5.39    0.56    1117
 18.000    7.40    6.01  0.2168   -0.80    4.17    9.72    4.53    0.72    1117
 18.500    5.05    5.42  0.1623   -0.43    3.79    7.51    3.90    0.90    1117
 19.000    3.42    4.85  0.1520   -0.17    3.25    6.33    3.30    0.94    1116
 19.500    2.10    4.32  0.1647    0.04    2.66    5.63    2.65    1.10    1116
 20.000    0.80    3.97  0.1530    0.22    2.34    5.02    2.21    0.98    1116
 20.500   -0.44    3.92  0.1435    0.41    2.41    4.47    2.23    0.99    1116
 21.000   -1.34    3.82  0.1465    0.46    2.36    4.49    2.20    0.95    1112
 21.500   -2.02    3.64  0.1579    0.39    2.15    4.86    2.04    0.76    1112
 22.000   -2.69    3.61  0.1640    0.34    2.06    5.26    2.05    0.58    1112
 22.500   -3.31    3.75  0.1422    0.29    2.10    5.65    2.23    0.44    1112
 23.000   -3.89    3.99  0.1132    0.25    2.27    6.01    2.53    0.42    1112
 23.500   -4.46    4.34  0.0784    0.19    2.55    6.36    2.89    0.43    1112
 24.000   -4.91    4.74  0.0575    0.11    2.76    6.71    3.22    0.46    1111
 24.500   -4.86    4.91  0.0598    0.12    2.49    6.90    3.17    0.52    1109
 25.000   -4.78    5.20  0.0693    0.15    2.36    7.07    3.26    0.58    1109
 25.500   -4.67    5.62  0.0880    0.20    2.41    7.23    3.48    0.64    1109
 26.000   -4.53    6.15  0.0916    0.23    2.64    7.36    3.83    0.70    1109
 26.500   -4.50    6.74  0.0792    0.27    3.02    7.55    4.29    0.70    1076
 27.000   -4.15    6.89  0.0869    0.19    2.87    7.65    4.16    0.75     924
 27.500   -4.01    6.99  0.0941    0.21    2.71    7.80    4.06    0.76     923
 28.000   -3.88    7.14  0.1027    0.23    2.63    7.95    4.03    0.79     923
 28.500   -3.73    7.37  0.1031    0.27    2.68    8.15    4.03    0.82     921
 29.000   -3.62    7.63  0.0953    0.30    2.78    8.33    4.14    0.81     917
 29.500   -3.56    7.92  0.0758    0.33    2.95    8.53    4.29    0.79     907
 30.000   -3.51    8.26  0.0752    0.38    3.17    8.75    4.48    0.75     880
     T A B L E  I -   5.  W I N D  S T A T I S T I C A L  P A R A M E T E R S
                                       May
 Station =   911650     Barking Sands, Hawaii (Lihue)
    Z    MEAN U   SD  U  R(U,V)  MEAN V   SD  V MEAN WS  SD  WS SKEW WS    NOBS
    KM     M/S     M/S             M/S     M/S     M/S     M/S                 
  0.036   -4.06    2.89  0.3588   -2.17    2.54    5.71    1.86   -0.03    1240
  0.500   -4.97    3.23  0.4442   -2.05    2.73    6.49    2.47    0.09    1240
  1.000   -4.97    3.83  0.4071   -1.60    2.72    6.52    2.86    0.14    1240
  1.500   -4.53    4.53  0.3178   -1.20    2.72    6.35    3.15    0.31    1240
  2.000   -4.05    4.68  0.2944   -0.81    2.61    6.30    2.97    0.48    1240
  2.500   -3.45    4.98  0.2587   -0.49    2.78    6.24    3.01    0.67    1240
  3.000   -2.77    5.44  0.2144   -0.17    3.20    6.13    3.35    0.83    1240
  3.500   -2.10    5.60  0.1958   -0.11    3.34    6.18    3.33    0.81    1240
  4.000   -1.44    5.66  0.1887   -0.23    3.42    6.35    3.16    0.79    1240
  4.500   -0.80    5.86  0.1852   -0.34    3.57    6.53    3.22    0.87    1240
  5.000   -0.21    6.14  0.1798   -0.47    3.82    6.74    3.40    0.95    1240
  5.500    0.40    6.49  0.1675   -0.63    4.20    6.99    3.74    0.98    1240
  6.000    1.03    6.87  0.1572   -0.78    4.54    7.30    4.12    1.02    1240
  6.500    1.62    7.22  0.1600   -1.00    4.69    7.86    4.33    1.13    1240
  7.000    2.21    7.77  0.1581   -1.24    5.05    8.49    4.78    1.15    1240
  7.500    2.81    8.42  0.1558   -1.45    5.58    9.13    5.38    1.12    1240
  8.000    3.69    8.91  0.1939   -1.62    5.85   10.06    5.69    1.12    1240
  8.500    4.61    9.55  0.2255   -1.79    6.24   11.03    6.19    1.11    1240
  9.000    5.56   10.38  0.2454   -1.97    6.73   12.04    6.90    1.10    1240
  9.500    6.51   11.34  0.2594   -2.15    7.31   13.05    7.76    1.13    1240
 10.000    7.79   12.27  0.2791   -2.32    7.69   14.36    8.52    1.11    1240
 10.500    9.22   13.39  0.2984   -2.46    8.15   15.80    9.51    1.06    1240
 11.000   10.70   14.62  0.3125   -2.57    8.70   17.28   10.63    1.04    1240
 11.500   12.37   15.45  0.3285   -2.56    8.94   18.82   11.37    1.00    1240
 12.000   14.06   16.56  0.3272   -2.57    9.40   20.41   12.43    0.96    1240
 12.500   15.53   17.28  0.3215   -2.63    9.67   21.64   13.19    0.91    1240
 13.000   16.44   16.92  0.3177   -2.69    9.23   21.99   13.10    0.84    1240
 13.500   17.25   16.63  0.3130   -2.64    8.88   22.17   13.18    0.78    1240
 14.000   17.86   16.34  0.3037   -2.55    8.61   22.13   13.38    0.76    1240
 14.500   17.00   14.98  0.3150   -2.29    7.87   20.77   12.35    0.74    1240
 15.000   15.45   13.27  0.3271   -1.96    7.02   18.83   10.90    0.72    1240
 15.500   13.70   11.63  0.3285   -1.60    6.31   16.74    9.54    0.73    1240
 16.000   11.71   10.10  0.3175   -1.22    5.72   14.48    8.26    0.80    1240
 16.500    9.51    8.79  0.2972   -0.76    5.29   12.09    7.17    0.90    1240
 17.000    7.39    7.65  0.2847   -0.37    4.62   10.27    5.96    0.94    1233
 17.500    5.33    6.63  0.2778    0.04    3.93    8.67    4.76    1.00    1233
 18.000    3.29    5.79  0.2499    0.42    3.38    7.17    3.70    1.08    1233
 18.500    1.26    5.15  0.1870    0.73    3.13    5.76    3.02    1.04    1233
 19.000   -0.49    4.61  0.1572    0.78    2.76    5.30    2.60    0.90    1232
 19.500   -2.02    4.11  0.1566    0.67    2.30    5.59    2.27    0.72    1232
 20.000   -3.53    3.78  0.1432    0.54    2.07    5.95    2.36    0.68    1232
 20.500   -5.01    3.63  0.1115    0.41    2.16    6.34    2.77    0.59    1232
 21.000   -6.14    3.53  0.0959    0.34    2.18    6.88    2.98    0.48    1223
 21.500   -6.89    3.32  0.0922    0.33    1.96    7.55    2.85    0.37    1223
 22.000   -7.62    3.22  0.0865    0.33    1.82    8.20    2.84    0.24    1223
 22.500   -8.36    3.21  0.0780    0.35    1.81    8.87    2.90    0.15    1223
 23.000   -9.06    3.30  0.0676    0.37    1.93    9.51    3.07    0.08    1223
 23.500   -9.76    3.49  0.0559    0.38    2.14   10.15    3.32    0.04    1223
 24.000  -10.43    3.78  0.0412    0.40    2.42   10.77    3.63    0.04    1222
 24.500  -10.67    3.79  0.0505    0.39    2.11   11.05    3.60    0.01    1220
 25.000  -10.87    3.92  0.0619    0.38    1.98   11.28    3.69   -0.01    1220
 25.500  -11.05    4.18  0.0542    0.35    2.05   11.50    3.87   -0.03    1220
 26.000  -11.22    4.51  0.0352    0.31    2.31   11.71    4.15   -0.05    1220
 26.500  -11.39    4.94  0.0111    0.27    2.72   11.91    4.52   -0.06    1220
 27.000  -11.44    5.11 -0.0226    0.16    2.65   12.03    4.55   -0.06     999
 27.500  -11.51    5.20 -0.0258    0.17    2.49   12.16    4.52   -0.10     997
 28.000  -11.55    5.30 -0.0371    0.18    2.41   12.29    4.49   -0.10     993
 28.500  -11.58    5.45 -0.0388    0.21    2.41   12.39    4.52   -0.09     986
 29.000  -11.62    5.66 -0.0433    0.22    2.45   12.50    4.61   -0.07     978
 29.500  -11.65    5.90 -0.0227    0.25    2.54   12.60    4.75   -0.03     966
 30.000  -11.72    6.15 -0.0115    0.29    2.68   12.73    4.91    0.04     948
     T A B L E  I -   6.  W I N D  S T A T I S T I C A L  P A R A M E T E R S
                                      June
 Station =   911650     Barking Sands, Hawaii (Lihue)
    Z    MEAN U   SD  U  R(U,V)  MEAN V   SD  V MEAN WS  SD  WS SKEW WS    NOBS
    KM     M/S     M/S             M/S     M/S     M/S     M/S                 
  0.036   -5.04    1.98  0.1533   -2.85    1.57    6.12    1.53   -0.28    1252
  0.500   -6.51    2.20  0.2754   -2.73    1.67    7.37    2.05   -0.12    1252
  1.000   -7.04    2.63  0.2565   -2.24    1.79    7.72    2.45   -0.13    1252
  1.500   -7.04    3.15  0.2115   -1.80    2.04    7.68    2.86   -0.01    1252
  2.000   -6.80    3.34  0.1922   -1.29    2.03    7.55    2.91    0.30    1252
  2.500   -6.39    3.77  0.1609   -0.83    2.19    7.30    3.18    0.62    1252
  3.000   -5.81    4.35  0.1109   -0.40    2.60    6.92    3.60    0.81    1252
  3.500   -5.04    4.48  0.1223   -0.18    2.80    6.67    3.44    0.94    1252
  4.000   -4.24    4.44  0.1452   -0.10    2.99    6.54    3.13    0.98    1252
  4.500   -3.53    4.54  0.1638   -0.04    3.33    6.48    3.00    0.89    1252
  5.000   -2.83    4.77  0.1850    0.01    3.80    6.47    3.06    0.85    1252
  5.500   -2.11    5.15  0.1805    0.09    4.31    6.48    3.32    0.89    1252
  6.000   -1.39    5.61  0.1627    0.13    4.79    6.65    3.63    0.90    1252
  6.500   -0.68    5.93  0.1735    0.11    5.07    7.18    3.68    0.94    1252
  7.000    0.05    6.40  0.1770    0.10    5.58    7.70    4.06    0.93    1252
  7.500    0.75    7.02  0.1746    0.10    6.28    8.24    4.71    0.89    1252
  8.000    1.41    7.54  0.1899    0.06    6.72    9.02    5.03    0.88    1252
  8.500    2.08    8.13  0.2079    0.01    7.15    9.84    5.34    0.91    1252
  9.000    2.78    8.79  0.2193   -0.08    7.68   10.68    5.80    0.90    1252
  9.500    3.47    9.56  0.2194   -0.19    8.32   11.52    6.42    0.91    1252
 10.000    4.33   10.33  0.2238   -0.26    8.77   12.52    6.91    0.91    1252
 10.500    5.28   11.25  0.2301   -0.31    9.23   13.60    7.55    0.87    1252
 11.000    6.29   12.27  0.2319   -0.36    9.72   14.69    8.34    0.82    1252
 11.500    7.41   13.00  0.2499   -0.32    9.76   15.67    8.80    0.78    1252
 12.000    8.48   13.86  0.2582   -0.25    9.95   16.58    9.53    0.76    1252
 12.500    9.35   14.43  0.2570   -0.19   10.04   17.20   10.08    0.75    1252
 13.000    9.70   13.93  0.2514   -0.11    9.47   17.00    9.68    0.77    1252
 13.500    9.96   13.46  0.2293   -0.02    9.05   16.66    9.46    0.80    1252
 14.000   10.01   13.00  0.1945    0.10    8.73   16.10    9.38    0.88    1252
 14.500    9.10   11.83  0.1690    0.29    8.07   14.79    8.55    0.91    1251
 15.000    7.62   10.28  0.1522    0.49    7.18   13.02    7.28    0.99    1251
 15.500    5.96    8.77  0.1225    0.66    6.29   11.14    6.05    1.06    1251
 16.000    4.11    7.38  0.0768    0.83    5.40    9.17    4.89    1.11    1251
 16.500    2.14    6.24  0.0181    0.95    4.55    7.20    3.95    1.13    1251
 17.000    0.20    5.41 -0.0196    0.95    3.83    6.60    3.27    1.05    1248
 17.500   -1.70    4.70 -0.0311    0.87    3.14    6.61    2.78    0.76    1248
 18.000   -3.59    4.19 -0.0456    0.79    2.63    6.78    2.67    0.73    1248
 18.500   -5.47    3.89 -0.0391    0.69    2.36    7.05    2.99    0.71    1248
 19.000   -7.13    3.64 -0.0319    0.60    2.18    7.81    3.16    0.60    1247
 19.500   -8.52    3.27 -0.0210    0.54    1.81    9.05    2.94    0.49    1247
 20.000   -9.88    3.07 -0.0150    0.47    1.72   10.27    2.86    0.31    1247
 20.500  -11.19    3.09 -0.0150    0.40    1.91   11.49    2.97    0.12    1247
 21.000  -12.29    3.12  0.0014    0.34    2.05   12.52    3.06    0.09    1243
 21.500  -13.01    2.93  0.0065    0.32    1.82   13.23    2.89    0.11    1243
 22.000  -13.72    2.87  0.0101    0.33    1.71   13.93    2.83    0.10    1243
 22.500  -14.39    2.90  0.0105    0.33    1.76   14.60    2.87    0.11    1243
 23.000  -15.02    3.04  0.0063    0.35    1.90   15.23    3.01    0.06    1243
 23.500  -15.66    3.26  0.0148    0.35    2.14   15.87    3.23    0.04    1243
 24.000  -16.29    3.60  0.0141    0.35    2.48   16.50    3.56    0.03    1243
 24.500  -16.66    3.51  0.0085    0.38    2.18   16.88    3.46    0.03    1238
 25.000  -16.98    3.49  0.0124    0.42    1.97   17.20    3.43    0.00    1238
 25.500  -17.30    3.60  0.0249    0.43    1.91   17.52    3.53   -0.04    1238
 26.000  -17.63    3.82  0.0266    0.44    2.06   17.85    3.74   -0.09    1238
 26.500  -17.95    4.15  0.0155    0.44    2.45   18.17    4.06   -0.13    1238
 27.000  -18.23    4.30 -0.0088    0.49    2.54   18.46    4.21   -0.21    1039
 27.500  -18.46    4.29 -0.0201    0.49    2.34   18.70    4.20   -0.25    1035
 28.000  -18.72    4.29 -0.0398    0.49    2.24   18.96    4.20   -0.23    1032
 28.500  -18.97    4.32 -0.0564    0.49    2.20   19.21    4.24   -0.23    1029
 29.000  -19.23    4.39 -0.0683    0.51    2.22   19.48    4.32   -0.21    1022
 29.500  -19.47    4.49 -0.0655    0.52    2.29   19.72    4.42   -0.17    1010
 30.000  -19.77    4.63 -0.0550    0.52    2.48   20.03    4.56   -0.13    1002
     T A B L E  I -   7.  W I N D  S T A T I S T I C A L  P A R A M E T E R S
                                      July
 Station =   911650     Barking Sands, Hawaii (Lihue)
    Z    MEAN U   SD  U  R(U,V)  MEAN V   SD  V MEAN WS  SD  WS SKEW WS    NOBS
    KM     M/S     M/S             M/S     M/S     M/S     M/S                 
  0.036   -5.14    1.80  0.1688   -3.14    1.52    6.31    1.43   -0.52    1231
  0.500   -6.65    1.98  0.3019   -3.07    1.63    7.58    1.92   -0.29    1232
  1.000   -7.29    2.37  0.3039   -2.61    1.77    8.02    2.31   -0.32    1232
  1.500   -7.39    2.87  0.2557   -2.11    2.09    8.02    2.74   -0.16    1232
  2.000   -6.92    3.02  0.2381   -1.52    2.20    7.68    2.72    0.19    1233
  2.500   -6.25    3.39  0.1904   -0.94    2.53    7.21    2.92    0.55    1233
  3.000   -5.39    3.89  0.1339   -0.48    2.95    6.58    3.31    0.67    1233
  3.500   -4.45    3.99  0.1152   -0.28    3.04    6.22    3.13    0.72    1233
  4.000   -3.49    3.99  0.1491   -0.17    3.07    6.07    2.76    0.69    1233
  4.500   -2.57    4.20  0.1768   -0.03    3.31    6.03    2.64    0.64    1233
  5.000   -1.70    4.51  0.1988    0.10    3.72    6.05    2.75    0.72    1233
  5.500   -0.79    4.96  0.2038    0.20    4.18    6.10    3.11    0.87    1233
  6.000    0.18    5.40  0.2040    0.38    4.64    6.31    3.47    0.89    1233
  6.500    1.26    5.60  0.2171    0.65    4.84    6.95    3.50    0.71    1233
  7.000    2.32    5.97  0.2281    0.90    5.22    7.62    3.87    0.60    1233
  7.500    3.38    6.50  0.2238    1.13    5.79    8.31    4.51    0.58    1233
  8.000    4.60    6.79  0.2390    1.32    6.13    9.30    4.80    0.63    1233
  8.500    5.86    7.12  0.2516    1.51    6.47   10.37    5.14    0.60    1233
  9.000    7.13    7.58  0.2498    1.69    6.92   11.45    5.69    0.54    1233
  9.500    8.40    8.16  0.2418    1.88    7.52   12.57    6.40    0.49    1233
 10.000    9.83    8.69  0.2394    2.02    7.92   13.90    6.93    0.43    1233
 10.500   11.35    9.35  0.2266    2.11    8.34   15.35    7.57    0.38    1233
 11.000   12.84   10.10  0.2083    2.25    8.93   16.79    8.39    0.35    1233
 11.500   14.20   10.42  0.1881    2.47    9.21   18.12    8.74    0.32    1233
 12.000   15.45   10.91  0.1566    2.72    9.64   19.37    9.28    0.32    1233
 12.500   16.42   11.31  0.1270    2.96    9.97   20.30    9.73    0.31    1233
 13.000   16.09   10.93  0.1072    3.17    9.47   19.90    9.34    0.35    1233
 13.500   15.59   10.73  0.0825    3.40    9.08   19.35    9.13    0.41    1233
 14.000   14.84   10.57  0.0530    3.75    8.71   18.55    8.96    0.48    1233
 14.500   12.88    9.74  0.0433    3.87    7.82   16.65    8.08    0.52    1233
 15.000   10.05    8.55  0.0448    3.74    6.66   14.08    6.77    0.62    1233
 15.500    6.95    7.32  0.0338    3.51    5.58   11.40    5.38    0.78    1233
 16.000    3.62    6.02  0.0256    3.09    4.52    8.71    3.95    0.78    1233
 16.500    0.28    4.91  0.0069    2.49    3.68    6.32    2.96    0.75    1233
 17.000   -2.46    4.19  0.0041    2.02    3.08    6.27    2.59    0.72    1227
 17.500   -4.83    3.59  0.0169    1.69    2.51    7.41    2.40    0.38    1227
 18.000   -7.08    3.16  0.0168    1.37    2.12    8.70    2.41    0.18    1227
 18.500   -9.26    2.93  0.0234    1.07    1.98   10.03    2.61    0.02    1227
 19.000  -11.10    2.75  0.0278    0.85    1.89   11.35    2.67   -0.05    1227
 19.500  -12.45    2.49  0.0298    0.75    1.61   12.68    2.43   -0.01    1227
 20.000  -13.77    2.44  0.0475    0.65    1.64   13.97    2.40    0.01    1227
 20.500  -15.06    2.63  0.0486    0.56    1.89   15.25    2.59   -0.01    1227
 21.000  -16.22    2.80  0.0377    0.49    2.13   16.39    2.77   -0.04    1227
 21.500  -16.99    2.60  0.0260    0.49    1.90   17.16    2.57   -0.06    1227
 22.000  -17.74    2.54  0.0216    0.48    1.79   17.91    2.51   -0.05    1227
 22.500  -18.47    2.61  0.0279    0.46    1.78   18.64    2.58   -0.02    1227
 23.000  -19.17    2.77  0.0078    0.44    1.87   19.33    2.74   -0.02    1227
 23.500  -19.88    3.01 -0.0063    0.42    2.08   20.04    2.99   -0.05    1227
 24.000  -20.58    3.35 -0.0139    0.40    2.43   20.74    3.33   -0.11    1227
 24.500  -21.06    3.21 -0.0173    0.41    2.17   21.22    3.19   -0.17    1224
 25.000  -21.47    3.06 -0.0147    0.44    1.89   21.63    3.04   -0.19    1224
 25.500  -21.86    3.08 -0.0037    0.49    1.84   22.03    3.05   -0.14    1224
 26.000  -22.26    3.25  0.0098    0.54    2.00   22.42    3.22   -0.07    1224
 26.500  -22.64    3.56  0.0158    0.58    2.38   22.81    3.53   -0.03    1224
 27.000  -23.11    3.72  0.0236    0.61    2.49   23.28    3.68   -0.06    1052
 27.500  -23.51    3.62  0.0194    0.63    2.28   23.68    3.58   -0.05    1038
 28.000  -23.93    3.58  0.0004    0.65    2.15   24.10    3.54   -0.06    1037
 28.500  -24.36    3.61 -0.0310    0.67    2.12   24.54    3.57   -0.03    1033
 29.000  -24.76    3.68 -0.0606    0.67    2.18   24.95    3.65   -0.01    1030
 29.500  -25.17    3.82 -0.0712    0.67    2.28   25.36    3.79    0.02    1016
 30.000  -25.55    3.98 -0.0663    0.72    2.44   25.75    3.95    0.08    1004
     T A B L E  I -   8.  W I N D  S T A T I S T I C A L  P A R A M E T E R S
                                    August
 Station =   911650     Barking Sands, Hawaii (Lihue)
    Z    MEAN U   SD  U  R(U,V)  MEAN V   SD  V MEAN WS  SD  WS SKEW WS    NOBS
    KM     M/S     M/S             M/S     M/S     M/S     M/S                 
  0.036   -4.77    2.04  0.1965   -2.85    1.55    5.92    1.53   -0.28    1312
  0.500   -6.31    2.11  0.3172   -2.71    1.67    7.19    1.97   -0.10    1312
  1.000   -6.90    2.56  0.2898   -2.25    1.81    7.59    2.38   -0.10    1312
  1.500   -6.89    3.18  0.2205   -1.88    2.08    7.57    2.87    0.06    1312
  2.000   -6.22    3.27  0.2359   -1.35    2.16    7.11    2.79    0.36    1312
  2.500   -5.42    3.50  0.2366   -0.83    2.46    6.57    2.87    0.68    1312
  3.000   -4.59    3.90  0.1961   -0.41    2.87    6.00    3.16    0.88    1312
  3.500   -3.75    3.97  0.1787   -0.19    2.97    5.74    3.01    0.90    1312
  4.000   -2.93    3.87  0.1762   -0.03    2.97    5.64    2.62    0.78    1312
  4.500   -2.12    3.91  0.1727    0.13    3.08    5.55    2.46    0.58    1312
  5.000   -1.25    4.14  0.1608    0.31    3.37    5.51    2.53    0.72    1312
  5.500   -0.41    4.48  0.1445    0.48    3.79    5.53    2.85    0.88    1312
  6.000    0.47    4.85  0.1352    0.70    4.20    5.69    3.23    0.93    1312
  6.500    1.45    4.97  0.1483    1.00    4.42    6.31    3.30    0.94    1312
  7.000    2.43    5.26  0.1582    1.29    4.82    6.97    3.66    0.88    1312
  7.500    3.42    5.72  0.1679    1.60    5.36    7.65    4.26    0.79    1312
  8.000    4.59    5.99  0.1760    1.84    5.69    8.63    4.58    0.77    1312
  8.500    5.85    6.30  0.1822    2.09    6.07    9.73    4.97    0.72    1312
  9.000    7.11    6.78  0.1872    2.33    6.53   10.86    5.54    0.68    1312
  9.500    8.34    7.34  0.1948    2.57    7.09   11.96    6.23    0.62    1312
 10.000    9.64    7.78  0.2015    2.80    7.55   13.20    6.76    0.57    1312
 10.500   10.99    8.27  0.1992    2.99    8.02   14.54    7.31    0.49    1312
 11.000   12.33    8.93  0.1828    3.16    8.63   15.88    8.03    0.41    1312
 11.500   13.57    9.17  0.1616    3.31    8.94   17.16    8.31    0.38    1312
 12.000   14.80    9.63  0.1334    3.49    9.47   18.42    8.84    0.38    1312
 12.500   15.79   10.08  0.1088    3.69    9.93   19.42    9.34    0.37    1312
 13.000   15.50    9.87  0.0980    3.91    9.39   19.07    9.07    0.44    1312
 13.500   15.07    9.80  0.0811    4.17    8.91   18.57    8.98    0.48    1312
 14.000   14.47    9.82  0.0659    4.41    8.52   17.88    9.01    0.50    1312
 14.500   12.77    9.20  0.0625    4.38    7.67   16.23    8.19    0.49    1312
 15.000   10.05    8.13  0.0647    4.10    6.51   13.80    6.79    0.53    1312
 15.500    6.99    7.03  0.0482    3.69    5.46   11.19    5.38    0.58    1312
 16.000    3.67    5.82  0.0401    3.12    4.42    8.54    3.87    0.65    1312
 16.500    0.18    4.67  0.0417    2.46    3.61    6.18    2.75    0.77    1312
 17.000   -2.63    3.93  0.0294    1.97    3.04    6.16    2.56    0.67    1303
 17.500   -5.08    3.31  0.0364    1.63    2.49    7.49    2.33    0.38    1303
 18.000   -7.44    2.88  0.0271    1.28    2.09    8.96    2.25    0.13    1303
 18.500   -9.73    2.71 -0.0140    0.98    1.96   10.45    2.45    0.03    1303
 19.000  -11.59    2.59 -0.0452    0.77    1.90   11.82    2.54   -0.03    1302
 19.500  -12.83    2.33 -0.0384    0.66    1.67   13.04    2.28   -0.12    1302
 20.000  -14.04    2.27  0.0097    0.57    1.70   14.24    2.22   -0.13    1302
 20.500  -15.22    2.46  0.0505    0.50    1.96   15.41    2.41   -0.16    1302
 21.000  -16.28    2.68  0.0499    0.45    2.20   16.46    2.64   -0.13    1295
 21.500  -17.03    2.55  0.0449    0.44    1.92   17.20    2.50   -0.14    1295
 22.000  -17.78    2.52  0.0415    0.41    1.78   17.95    2.48   -0.14    1295
 22.500  -18.52    2.62  0.0423    0.38    1.78   18.69    2.58   -0.13    1295
 23.000  -19.25    2.82  0.0356    0.36    1.88   19.42    2.79   -0.11    1295
 23.500  -19.99    3.09  0.0179    0.35    2.10   20.15    3.07   -0.07    1295
 24.000  -20.73    3.43  0.0170    0.33    2.46   20.90    3.40   -0.02    1295
 24.500  -21.25    3.30 -0.0067    0.37    2.16   21.42    3.27   -0.03    1291
 25.000  -21.69    3.13 -0.0307    0.43    1.85   21.86    3.12    0.00    1291
 25.500  -22.12    3.13 -0.0388    0.50    1.79   22.28    3.12    0.09    1291
 26.000  -22.53    3.31 -0.0392    0.56    2.01   22.70    3.30    0.18    1291
 26.500  -22.94    3.63 -0.0382    0.61    2.47   23.11    3.62    0.22    1291
 27.000  -23.47    3.66 -0.0578    0.67    2.61   23.65    3.65    0.17    1136
 27.500  -23.93    3.54 -0.0558    0.64    2.39   24.12    3.54    0.25    1117
 28.000  -24.39    3.47 -0.0460    0.63    2.26   24.58    3.46    0.27    1116
 28.500  -24.84    3.46 -0.0442    0.62    2.21   25.04    3.45    0.29    1114
 29.000  -25.29    3.54 -0.0483    0.59    2.24   25.49    3.53    0.31    1111
 29.500  -25.70    3.65 -0.0534    0.56    2.38   25.91    3.62    0.29    1098
 30.000  -26.14    3.81 -0.0553    0.53    2.64   26.36    3.77    0.28    1085
     T A B L E  I -   9.  W I N D  S T A T I S T I C A L  P A R A M E T E R S
                                 September
 Station =   911650     Barking Sands, Hawaii (Lihue)
    Z    MEAN U   SD  U  R(U,V)  MEAN V   SD  V MEAN WS  SD  WS SKEW WS    NOBS
    KM     M/S     M/S             M/S     M/S     M/S     M/S                 
  0.036   -4.17    2.51  0.3527   -2.32    1.82    5.47    1.58   -0.18    1205
  0.500   -5.51    2.56  0.4503   -2.22    1.87    6.50    2.04   -0.08    1206
  1.000   -5.96    2.99  0.3922   -1.89    1.97    6.83    2.47   -0.06    1206
  1.500   -5.91    3.47  0.2765   -1.69    2.19    6.83    2.88    0.04    1206
  2.000   -5.36    3.48  0.2801   -1.42    2.16    6.49    2.74    0.26    1206
  2.500   -4.72    3.65  0.2657   -1.15    2.37    6.10    2.79    0.54    1206
  3.000   -4.02    4.03  0.2290   -0.94    2.67    5.69    3.01    0.72    1206
  3.500   -3.29    4.08  0.2297   -0.77    2.79    5.55    2.85    0.79    1206
  4.000   -2.57    4.01  0.2331   -0.63    2.90    5.53    2.58    0.81    1206
  4.500   -1.90    4.09  0.2251   -0.49    3.16    5.58    2.51    0.83    1206
  5.000   -1.24    4.31  0.2219   -0.31    3.53    5.64    2.65    0.87    1206
  5.500   -0.52    4.66  0.2082   -0.15    4.01    5.77    2.92    0.84    1206
  6.000    0.27    5.01  0.2046    0.01    4.49    6.04    3.20    0.76    1206
  6.500    1.18    5.21  0.2158    0.22    4.81    6.67    3.32    0.82    1206
  7.000    2.10    5.57  0.2135    0.43    5.36    7.35    3.76    0.84    1206
  7.500    3.01    6.10  0.2091    0.65    6.00    8.04    4.42    0.80    1206
  8.000    4.13    6.47  0.2463    0.88    6.36    9.03    4.71    0.72    1206
  8.500    5.28    6.89  0.2804    1.12    6.78   10.12    5.05    0.63    1206
  9.000    6.44    7.45  0.2984    1.35    7.28   11.20    5.59    0.55    1206
  9.500    7.61    8.09  0.3069    1.61    7.88   12.27    6.29    0.49    1206
 10.000    8.87    8.57  0.3182    1.85    8.27   13.46    6.75    0.41    1206
 10.500   10.23    9.06  0.3267    2.10    8.68   14.74    7.27    0.35    1206
 11.000   11.57    9.69  0.3176    2.31    9.27   16.00    7.98    0.29    1206
 11.500   12.56    9.77  0.3164    2.51    9.45   16.94    8.12    0.28    1206
 12.000   13.49   10.12  0.3034    2.71    9.77   17.85    8.51    0.29    1206
 12.500   14.18   10.47  0.2827    2.89   10.06   18.49    8.90    0.31    1206
 13.000   13.64   10.11  0.2810    2.96    9.32   17.82    8.47    0.34    1206
 13.500   12.94    9.87  0.2657    3.01    8.74   16.99    8.20    0.37    1206
 14.000   12.07    9.70  0.2424    3.05    8.26   15.98    8.06    0.39    1206
 14.500   10.48    8.98  0.2269    2.92    7.50   14.35    7.29    0.42    1206
 15.000    8.30    7.86  0.2102    2.58    6.54   12.28    6.03    0.52    1206
 15.500    6.07    6.83  0.1805    2.21    5.72   10.24    4.91    0.63    1206
 16.000    3.69    5.82  0.1495    1.81    4.85    8.16    3.82    0.69    1206
 16.500    1.21    4.94  0.1102    1.38    4.12    6.18    3.09    0.75    1206
 17.000   -1.05    4.27  0.0977    1.07    3.48    5.86    2.63    0.65    1199
 17.500   -3.15    3.70  0.0817    0.86    2.83    6.46    2.34    0.39    1199
 18.000   -5.16    3.31  0.0514    0.67    2.35    7.23    2.40    0.08    1199
 18.500   -7.09    3.15  0.0127    0.49    2.21    8.06    2.76   -0.05    1199
 19.000   -8.67    3.04  0.0004    0.39    2.08    9.03    2.91   -0.08    1199
 19.500   -9.82    2.82 -0.0212    0.34    1.74   10.14    2.72   -0.12    1199
 20.000  -10.94    2.78 -0.0403    0.31    1.68   11.21    2.71   -0.10    1199
 20.500  -12.03    2.95 -0.0443    0.30    1.93   12.26    2.90   -0.03    1199
 21.000  -12.98    3.12 -0.0432    0.31    2.13   13.19    3.09   -0.00    1195
 21.500  -13.64    2.96 -0.0465    0.35    1.84   13.84    2.94   -0.08    1195
 22.000  -14.26    2.92 -0.0676    0.40    1.70   14.46    2.89   -0.13    1195
 22.500  -14.86    2.97 -0.0611    0.42    1.72   15.06    2.95   -0.13    1195
 23.000  -15.46    3.13 -0.0557    0.43    1.87   15.66    3.10   -0.10    1195
 23.500  -16.06    3.38 -0.0494    0.43    2.12   16.26    3.35   -0.09    1195
 24.000  -16.65    3.68 -0.0462    0.44    2.47   16.85    3.65   -0.08    1195
 24.500  -17.11    3.53 -0.0475    0.42    2.11   17.31    3.50   -0.09    1190
 25.000  -17.56    3.45 -0.0452    0.39    1.84   17.76    3.42   -0.09    1190
 25.500  -17.99    3.52 -0.0432    0.35    1.82   18.20    3.48   -0.09    1190
 26.000  -18.41    3.73 -0.0472    0.33    2.06   18.62    3.67   -0.10    1190
 26.500  -18.81    4.05 -0.0543    0.31    2.48   19.02    3.99   -0.11    1190
 27.000  -19.23    4.11 -0.0576    0.37    2.51   19.44    4.04   -0.12    1039
 27.500  -19.46    4.07 -0.0595    0.39    2.31   19.68    4.00   -0.13    1035
 28.000  -19.66    4.13 -0.0709    0.40    2.21   19.90    4.05   -0.07    1035
 28.500  -19.84    4.24 -0.0768    0.41    2.23   20.10    4.16   -0.02    1031
 29.000  -20.01    4.38 -0.0663    0.43    2.33   20.28    4.31   -0.07    1025
 29.500  -20.17    4.60 -0.0599    0.46    2.51   20.47    4.52   -0.08    1019
 30.000  -20.32    4.87 -0.0576    0.46    2.76   20.64    4.78   -0.06    1009
     T A B L E  I -  10.  W I N D  S T A T I S T I C A L  P A R A M E T E R S
                                   October
 Station =   911650     Barking Sands, Hawaii (Lihue)
    Z    MEAN U   SD  U  R(U,V)  MEAN V   SD  V MEAN WS  SD  WS SKEW WS    NOBS
    KM     M/S     M/S             M/S     M/S     M/S     M/S                 
  0.036   -3.72    3.03  0.4372   -1.84    2.61    5.45    1.87   -0.04    1272
  0.500   -4.86    3.40  0.4996   -1.78    2.83    6.49    2.37    0.05    1273
  1.000   -5.13    3.98  0.4381   -1.44    2.92    6.80    2.75    0.10    1273
  1.500   -4.95    4.58  0.3629   -1.14    3.04    6.83    3.09    0.22    1273
  2.000   -4.46    4.68  0.3688   -0.81    2.96    6.68    2.97    0.44    1273
  2.500   -3.84    4.85  0.3440   -0.50    3.07    6.43    3.05    0.63    1273
  3.000   -3.08    5.11  0.2828   -0.28    3.33    6.07    3.33    0.79    1273
  3.500   -2.41    5.13  0.2580   -0.20    3.43    6.00    3.25    0.92    1273
  4.000   -1.77    5.09  0.2591   -0.16    3.59    6.11    3.12    1.12    1273
  4.500   -1.15    5.17  0.2513   -0.13    3.90    6.26    3.19    1.33    1273
  5.000   -0.55    5.41  0.2385   -0.10    4.30    6.43    3.45    1.37    1273
  5.500    0.06    5.78  0.2268   -0.10    4.80    6.68    3.85    1.31    1273
  6.000    0.74    6.19  0.2260   -0.13    5.30    7.08    4.23    1.27    1273
  6.500    1.48    6.52  0.2417   -0.17    5.59    7.80    4.33    1.26    1273
  7.000    2.17    7.02  0.2440   -0.19    6.09    8.53    4.68    1.14    1273
  7.500    2.90    7.69  0.2382   -0.25    6.70    9.27    5.23    0.95    1273
  8.000    3.89    8.09  0.2506   -0.33    7.06   10.23    5.46    0.92    1273
  8.500    4.98    8.57  0.2612   -0.43    7.48   11.25    5.80    0.90    1273
  9.000    6.05    9.26  0.2729   -0.54    7.96   12.28    6.35    0.84    1273
  9.500    7.15   10.10  0.2765   -0.63    8.59   13.37    7.11    0.82    1273
 10.000    8.44   10.76  0.2942   -0.64    8.96   14.61    7.58    0.78    1273
 10.500    9.83   11.54  0.3069   -0.64    9.39   15.93    8.27    0.70    1273
 11.000   11.17   12.38  0.3115   -0.65    9.93   17.17    9.12    0.58    1273
 11.500   12.24   12.60  0.3162   -0.64   10.02   18.11    9.31    0.50    1273
 12.000   13.28   13.05  0.3129   -0.61   10.31   19.02    9.81    0.42    1273
 12.500   14.01   13.40  0.3117   -0.59   10.49   19.57   10.24    0.37    1273
 13.000   13.60   12.81  0.3224   -0.63    9.77   18.91    9.70    0.46    1273
 13.500   13.05   12.37  0.3210   -0.71    9.24   18.12    9.37    0.58    1273
 14.000   12.36   12.08  0.3063   -0.79    8.85   17.20    9.20    0.66    1273
 14.500   11.15   11.24  0.2981   -0.81    8.10   15.76    8.49    0.75    1273
 15.000    9.57   10.00  0.2843   -0.80    7.28   14.02    7.43    0.80    1273
 15.500    7.98    8.85  0.2559   -0.78    6.59   12.27    6.48    0.80    1272
 16.000    6.34    7.77  0.2243   -0.75    5.92   10.48    5.61    0.84    1271
 16.500    4.59    6.86  0.1900   -0.60    5.30    8.62    4.90    0.92    1271
 17.000    2.91    5.97  0.1564   -0.50    4.58    7.40    4.05    0.93    1268
 17.500    1.30    5.11  0.1309   -0.35    3.86    6.53    3.24    0.99    1268
 18.000   -0.25    4.45  0.1053   -0.20    3.22    5.77    2.63    0.94    1268
 18.500   -1.76    4.12  0.0836   -0.08    2.92    5.15    2.55    0.85    1268
 19.000   -3.04    3.84  0.0745   -0.02    2.60    5.26    2.50    0.68    1267
 19.500   -4.13    3.51  0.0670    0.00    2.14    5.85    2.38    0.49    1267
 20.000   -5.19    3.39  0.0476    0.02    1.93    6.44    2.55    0.35    1267
 20.500   -6.24    3.51  0.0113    0.03    2.12    7.05    2.96    0.27    1267
 21.000   -7.04    3.60  0.0018    0.08    2.20    7.62    3.19    0.26    1264
 21.500   -7.57    3.51  0.0163    0.14    1.96    8.14    3.12    0.24    1264
 22.000   -8.09    3.51  0.0452    0.19    1.86    8.64    3.14    0.21    1264
 22.500   -8.60    3.61  0.0728    0.27    1.82    9.13    3.26    0.17    1264
 23.000   -9.14    3.78  0.0677    0.34    1.92    9.62    3.46    0.13    1264
 23.500   -9.65    4.00  0.0698    0.43    2.18   10.10    3.71    0.11    1264
 24.000  -10.13    4.26  0.0786    0.49    2.50   10.57    3.98    0.09    1264
 24.500  -10.38    4.22  0.0965    0.49    2.17   10.85    3.89    0.07    1262
 25.000  -10.65    4.29  0.0955    0.46    1.98   11.13    3.91    0.05    1262
 25.500  -10.90    4.49  0.0801    0.44    2.00   11.42    4.05    0.05    1262
 26.000  -11.17    4.77  0.0598    0.44    2.22   11.71    4.27    0.06    1262
 26.500  -11.42    5.16  0.0399    0.45    2.61   11.98    4.58    0.04    1254
 27.000  -11.43    5.27  0.0281    0.48    2.54   12.09    4.63    0.07    1116
 27.500  -11.19    5.41  0.0362    0.52    2.39   12.03    4.56    0.14    1115
 28.000  -10.93    5.63  0.0348    0.57    2.32   11.94    4.56    0.21    1115
 28.500  -10.64    5.92  0.0323    0.61    2.33   11.83    4.63    0.29    1115
 29.000  -10.31    6.28  0.0286    0.63    2.42   11.70    4.76    0.37    1109
 29.500   -9.93    6.69  0.0199    0.65    2.58   11.57    4.91    0.45    1096
 30.000   -9.57    7.16  0.0066    0.67    2.80   11.46    5.11    0.51    1083
     T A B L E  I -  11.  W I N D  S T A T I S T I C A L  P A R A M E T E R S
                                  November
 Station =   911650     Barking Sands, Hawaii (Lihue)
    Z    MEAN U   SD  U  R(U,V)  MEAN V   SD  V MEAN WS  SD  WS SKEW WS    NOBS
    KM     M/S     M/S             M/S     M/S     M/S     M/S                 
  0.036   -3.46    3.35  0.4165   -2.05    2.99    5.63    2.14    0.26    1161
  0.500   -4.67    4.03  0.4828   -2.06    3.54    6.94    2.87    0.25    1163
  1.000   -4.81    4.74  0.4625   -1.63    3.72    7.28    3.22    0.30    1163
  1.500   -4.47    5.33  0.3959   -1.09    3.79    7.20    3.52    0.36    1163
  2.000   -3.90    5.42  0.3817   -0.67    3.69    7.10    3.30    0.61    1163
  2.500   -3.28    5.57  0.3323   -0.29    3.78    6.94    3.34    0.94    1163
  3.000   -2.59    5.81  0.2703   -0.03    4.01    6.68    3.63    1.13    1163
  3.500   -1.83    5.88  0.2379   -0.10    4.21    6.80    3.61    1.25    1163
  4.000   -1.10    5.97  0.2421   -0.30    4.51    7.13    3.64    1.36    1163
  4.500   -0.38    6.18  0.2318   -0.53    4.98    7.49    3.88    1.37    1163
  5.000    0.33    6.52  0.2183   -0.69    5.50    7.88    4.26    1.37    1163
  5.500    1.03    6.97  0.2099   -0.85    6.12    8.29    4.78    1.38    1163
  6.000    1.76    7.39  0.2043   -1.03    6.63    8.78    5.22    1.32    1163
  6.500    2.61    7.72  0.2148   -1.25    6.84    9.49    5.40    1.31    1162
  7.000    3.54    8.22  0.2131   -1.42    7.22   10.23    5.82    1.21    1162
  7.500    4.53    8.86  0.2076   -1.56    7.76   10.97    6.49    1.09    1162
  8.000    5.57    9.35  0.2316   -1.80    8.09   12.08    6.82    1.01    1162
  8.500    6.64    9.93  0.2522   -2.07    8.55   13.24    7.25    0.98    1162
  9.000    7.78   10.71  0.2634   -2.35    9.16   14.45    7.93    0.93    1162
  9.500    8.94   11.65  0.2698   -2.65    9.93   15.71    8.75    0.82    1162
 10.000   10.39   12.41  0.2874   -2.75   10.34   17.15    9.33    0.74    1162
 10.500   12.03   13.22  0.2961   -2.77   10.89   18.66   10.10    0.69    1162
 11.000   13.59   14.09  0.2960   -2.80   11.44   20.10   10.95    0.64    1161
 11.500   14.94   14.52  0.2934   -2.82   11.34   21.23   11.29    0.61    1161
 12.000   16.27   15.06  0.2922   -2.83   11.52   22.27   11.91    0.57    1161
 12.500   17.14   15.36  0.2889   -2.85   11.54   22.85   12.31    0.52    1159
 13.000   17.05   14.79  0.2916   -2.83   10.69   22.39   11.79    0.53    1159
 13.500   16.83   14.29  0.2821   -2.86   10.03   21.79   11.40    0.56    1159
 14.000   16.46   13.94  0.2611   -2.95    9.58   21.08   11.15    0.58    1159
 14.500   15.36   12.97  0.2598   -2.95    8.88   19.79   10.24    0.56    1155
 15.000   13.87   11.74  0.2769   -2.86    8.13   18.16    9.13    0.57    1155
 15.500   12.32   10.59  0.2921   -2.68    7.55   16.45    8.13    0.60    1155
 16.000   10.66    9.59  0.2885   -2.58    6.97   14.66    7.21    0.63    1154
 16.500    8.80    8.66  0.2531   -2.52    6.47   12.68    6.43    0.69    1154
 17.000    7.28    7.65  0.2306   -2.18    5.78   11.15    5.48    0.71    1149
 17.500    5.62    6.61  0.2158   -1.80    5.01    9.47    4.59    0.84    1149
 18.000    3.89    5.68  0.2228   -1.44    4.18    7.79    3.69    0.94    1149
 18.500    2.14    5.04  0.1956   -1.06    3.77    6.19    3.14    0.92    1149
 19.000    0.94    4.45  0.1745   -0.77    3.28    5.39    2.69    0.93    1148
 19.500    0.05    3.90  0.1854   -0.57    2.70    5.02    2.23    0.96    1148
 20.000   -0.78    3.61  0.1480   -0.41    2.46    4.73    2.12    0.95    1147
 20.500   -1.56    3.60  0.1095   -0.25    2.62    4.45    2.32    0.95    1147
 21.000   -1.98    3.57  0.0918   -0.11    2.52    4.45    2.33    0.96    1144
 21.500   -2.18    3.46  0.0835   -0.05    2.23    4.64    2.17    0.85    1144
 22.000   -2.36    3.53  0.0681   -0.01    2.09    4.86    2.13    0.71    1144
 22.500   -2.55    3.75  0.0431   -0.00    2.11    5.08    2.26    0.68    1144
 23.000   -2.73    4.12  0.0219    0.02    2.30    5.32    2.48    0.73    1144
 23.500   -2.91    4.57  0.0140    0.03    2.63    5.60    2.77    0.77    1144
 24.000   -3.00    4.98  0.0273    0.02    2.90    5.84    3.01    0.81    1143
 24.500   -2.87    4.93  0.0779    0.03    2.61    5.96    2.87    0.89    1142
 25.000   -2.69    5.06  0.1144    0.03    2.52    6.07    2.89    0.93    1142
 25.500   -2.51    5.32  0.1319    0.05    2.65    6.19    3.02    0.98    1142
 26.000   -2.30    5.70  0.1408    0.09    2.98    6.34    3.22    1.03    1142
 26.500   -2.10    6.13  0.1331    0.13    3.39    6.47    3.53    0.98    1106
 27.000   -1.15    6.17  0.1539    0.16    3.25    6.79    3.44    1.06    1001
 27.500   -0.20    6.25  0.1678    0.29    3.10    7.16    3.43    1.10    1001
 28.000    0.80    6.46  0.1770    0.41    3.00    7.56    3.56    1.18    1001
 28.500    1.83    6.76  0.1730    0.52    2.98    7.99    3.86    1.19     999
 29.000    2.90    7.12  0.1459    0.59    3.06    8.47    4.26    1.18     992
 29.500    4.01    7.52  0.1136    0.68    3.27    8.97    4.77    1.12     984
 30.000    5.08    7.92  0.1039    0.79    3.58    9.46    5.33    1.06     968
     T A B L E  I -  12.  W I N D  S T A T I S T I C A L  P A R A M E T E R S
                                  December
 Station =   911650     Barking Sands, Hawaii (Lihue)
    Z    MEAN U   SD  U  R(U,V)  MEAN V   SD  V MEAN WS  SD  WS SKEW WS    NOBS
    KM     M/S     M/S             M/S     M/S     M/S     M/S                 
  0.036   -2.48    3.86  0.4870   -1.43    3.38    5.39    2.34    0.40    1147
  0.500   -3.40    4.89  0.5144   -1.31    4.14    6.75    3.28    0.49    1147
  1.000   -3.38    5.80  0.4599   -0.82    4.34    7.25    3.69    0.47    1147
  1.500   -2.98    6.57  0.4011   -0.30    4.39    7.45    4.03    0.49    1147
  2.000   -2.37    6.77  0.3579   -0.14    4.25    7.57    3.94    0.73    1147
  2.500   -1.62    7.07  0.3088   -0.05    4.35    7.60    4.19    0.98    1147
  3.000   -0.79    7.47  0.2608   -0.02    4.74    7.66    4.66    1.09    1147
  3.500    0.13    7.65  0.2268   -0.24    4.99    8.06    4.78    1.14    1147
  4.000    1.14    7.82  0.2009   -0.56    5.28    8.63    4.92    1.25    1147
  4.500    2.11    8.13  0.1712   -0.82    5.74    9.26    5.26    1.25    1147
  5.000    3.06    8.57  0.1399   -1.07    6.42    9.96    5.83    1.21    1147
  5.500    3.99    8.99  0.1194   -1.35    7.18   10.65    6.40    1.08    1147
  6.000    4.93    9.42  0.1165   -1.73    7.78   11.47    6.87    0.97    1147
  6.500    5.92    9.79  0.1264   -2.21    8.14   12.54    7.14    0.92    1147
  7.000    6.92   10.32  0.1259   -2.66    8.78   13.63    7.65    0.84    1147
  7.500    7.93   11.06  0.1296   -3.14    9.63   14.76    8.42    0.76    1147
  8.000    9.13   11.24  0.1415   -3.72   10.25   16.17    8.70    0.73    1147
  8.500   10.31   11.60  0.1582   -4.31   11.07   17.60    9.17    0.69    1147
  9.000   11.53   12.15  0.1798   -4.93   12.03   19.06    9.82    0.66    1147
  9.500   12.80   12.89  0.1945   -5.56   13.12   20.54   10.67    0.61    1147
 10.000   14.27   13.39  0.2303   -6.03   13.94   22.28   11.10    0.57    1147
 10.500   15.74   13.99  0.2752   -6.43   14.90   24.00   11.67    0.49    1147
 11.000   17.14   14.58  0.3218   -6.69   15.73   25.59   12.12    0.39    1147
 11.500   18.31   14.73  0.3744   -6.78   15.84   26.71   12.05    0.32    1147
 12.000   19.47   15.11  0.4158   -6.78   16.15   27.70   12.37    0.26    1147
 12.500   20.17   15.19  0.4356   -6.83   15.96   28.09   12.42    0.24    1147
 13.000   20.02   14.50  0.4295   -6.79   14.72   27.35   11.73    0.27    1147
 13.500   19.81   14.03  0.4065   -6.76   13.72   26.58   11.32    0.34    1147
 14.000   19.51   13.71  0.3658   -6.76   12.90   25.68   11.17    0.41    1147
 14.500   18.50   12.83  0.3434   -6.32   11.80   24.17   10.45    0.41    1147
 15.000   17.15   11.78  0.3183   -5.74   10.64   22.34    9.58    0.42    1147
 15.500   15.65   10.89  0.2806   -5.22    9.67   20.42    8.88    0.46    1147
 16.000   14.03   10.14  0.2372   -4.64    8.79   18.37    8.35    0.50    1147
 16.500   12.19    9.65  0.2009   -4.19    8.07   16.19    8.01    0.53    1147
 17.000   10.23    8.70  0.1941   -3.66    7.17   14.21    6.99    0.56    1147
 17.500    7.94    7.67  0.1874   -3.05    6.17   11.98    5.82    0.59    1147
 18.000    5.52    6.77  0.1770   -2.40    5.17    9.73    4.72    0.71    1147
 18.500    3.17    6.09  0.1819   -1.78    4.51    7.62    3.99    0.89    1147
 19.000    1.82    5.52  0.2000   -1.31    3.95    6.63    3.41    0.94    1146
 19.500    0.92    4.99  0.2110   -0.93    3.41    6.11    2.88    0.94    1146
 20.000    0.14    4.69  0.2164   -0.61    3.14    5.66    2.62    1.01    1146
 20.500   -0.60    4.68  0.1993   -0.31    3.22    5.27    2.76    1.04    1146
 21.000   -0.84    4.57  0.2092   -0.15    3.07    5.18    2.75    1.04    1145
 21.500   -0.80    4.43  0.2341   -0.10    2.79    5.27    2.63    1.10    1145
 22.000   -0.75    4.47  0.2389   -0.07    2.67    5.37    2.64    1.14    1145
 22.500   -0.70    4.63  0.2433   -0.03    2.71    5.49    2.74    1.21    1145
 23.000   -0.64    4.95  0.2347   -0.00    2.91    5.61    2.95    1.21    1145
 23.500   -0.58    5.38  0.2233    0.03    3.22    5.74    3.22    1.17    1145
 24.000   -0.43    5.77  0.2359    0.03    3.39    5.92    3.42    1.11    1144
 24.500   -0.07    5.84  0.2927   -0.00    3.14    6.18    3.35    1.14    1144
 25.000    0.25    6.06  0.3288   -0.05    3.08    6.46    3.43    1.15    1144
 25.500    0.55    6.43  0.3323   -0.08    3.25    6.76    3.67    1.16    1144
 26.000    0.91    6.91  0.3138   -0.10    3.61    7.08    4.02    1.18    1144
 26.500    1.34    7.52  0.2996   -0.13    4.06    7.49    4.45    1.15    1085
 27.000    2.05    7.74  0.3339   -0.11    3.84    8.09    4.38    1.14    1020
 27.500    2.72    8.02  0.3378    0.02    3.70    8.68    4.43    1.08    1019
 28.000    3.37    8.35  0.3124    0.13    3.68    9.28    4.53    1.00    1017
 28.500    4.05    8.72  0.2884    0.25    3.74    9.87    4.72    0.92    1017
 29.000    4.79    9.13  0.2608    0.43    3.91   10.47    5.04    0.84    1012
 29.500    5.43    9.60  0.2371    0.61    4.20   11.05    5.46    0.79    1004
 30.000    6.17   10.08  0.2266    0.80    4.57   11.67    5.89    0.78     992
     T A B L E  I -  13.  W I N D  S T A T I S T I C A L  P A R A M E T E R S
                                    Annual
 Station =   911650     Barking Sands, Hawaii (Lihue)
    Z    MEAN U   SD  U  R(U,V)  MEAN V   SD  V MEAN WS  SD  WS SKEW WS    NOBS
    KM     M/S     M/S             M/S     M/S     M/S     M/S                 
  0.036   -3.72    3.28  0.4531   -2.15    2.75    5.72    2.01    0.11   14379
  0.500   -4.79    3.95  0.5070   -2.05    3.13    6.87    2.62    0.21   14386
  1.000   -4.95    4.68  0.4663   -1.60    3.25    7.20    3.01    0.27   14386
  1.500   -4.62    5.36  0.3952   -1.16    3.36    7.20    3.34    0.36   14386
  2.000   -3.99    5.59  0.3449   -0.80    3.24    7.13    3.24    0.64   14387
  2.500   -3.25    5.93  0.2793   -0.50    3.36    6.98    3.46    0.98   14387
  3.000   -2.42    6.38  0.2074   -0.26    3.70    6.79    3.95    1.20   14387
  3.500   -1.52    6.61  0.1711   -0.25    3.86    6.91    4.10    1.40   14387
  4.000   -0.61    6.80  0.1516   -0.34    4.05    7.22    4.24    1.64   14387
  4.500    0.28    7.11  0.1290   -0.43    4.41    7.58    4.59    1.75   14387
  5.000    1.16    7.54  0.1090   -0.51    4.92    7.97    5.13    1.78   14387
  5.500    2.06    8.04  0.0906   -0.61    5.51    8.39    5.77    1.73   14387
  6.000    2.97    8.53  0.0777   -0.72    6.05    8.95    6.36    1.64   14387
  6.500    3.93    8.90  0.0737   -0.86    6.42    9.81    6.73    1.61   14386
  7.000    4.89    9.43  0.0676   -0.99    7.04   10.70    7.30    1.52   14386
  7.500    5.87   10.09  0.0633   -1.13    7.82   11.61    8.05    1.40   14386
  8.000    7.08   10.54  0.0705   -1.35    8.32   12.87    8.49    1.32   14386
  8.500    8.32   11.10  0.0800   -1.58    8.96   14.19    9.05    1.23   14386
  9.000    9.58   11.83  0.0898   -1.82    9.76   15.53    9.80    1.16   14386
  9.500   10.85   12.71  0.0969   -2.07   10.71   16.90   10.72    1.10   14386
 10.000   12.35   13.37  0.1182   -2.26   11.31   18.47   11.29    1.00   14386
 10.500   13.90   14.14  0.1410   -2.43   12.03   20.09   12.02    0.92   14386
 11.000   15.41   14.89  0.1588   -2.58   12.70   21.62   12.72    0.83   14384
 11.500   16.72   15.18  0.1736   -2.63   12.89   22.86   12.91    0.77   14384
 12.000   17.99   15.68  0.1832   -2.65   13.25   24.03   13.39    0.73   14384
 12.500   18.87   15.88  0.1844   -2.63   13.29   24.72   13.55    0.67   14381
 13.000   18.80   15.37  0.1715   -2.53   12.49   24.28   13.05    0.67   14381
 13.500   18.57   14.99  0.1482   -2.42   11.83   23.69   12.74    0.69   14381
 14.000   18.18   14.73  0.1166   -2.29   11.32   22.92   12.59    0.72   14380
 14.500   16.78   13.76  0.0916   -2.05   10.42   21.26   11.71    0.71   14374
 15.000   14.84   12.62  0.0620   -1.81    9.35   19.13   10.65    0.77   14374
 15.500   12.76   11.63  0.0223   -1.57    8.38   16.91    9.72    0.85   14373
 16.000   10.52   10.78 -0.0238   -1.37    7.48   14.61    8.89    0.95   14371
 16.500    8.15   10.14 -0.0669   -1.23    6.73   12.30    8.19    1.04   14371
 17.000    5.99    9.51 -0.0913   -1.04    5.88   10.93    7.02    1.14   14327
 17.500    3.79    8.80 -0.1029   -0.77    5.01    9.85    5.58    1.27   14326
 18.000    1.55    8.14 -0.1055   -0.52    4.20    8.84    4.36    1.20   14326
 18.500   -0.65    7.64 -0.0908   -0.29    3.69    7.90    3.88    0.80   14326
 19.000   -2.26    7.40 -0.0796   -0.14    3.19    7.69    3.82    0.55   14318
 19.500   -3.48    7.15 -0.0738   -0.02    2.64    7.86    3.84    0.52   14318
 20.000   -4.65    7.04 -0.0568    0.08    2.37    8.07    4.23    0.55   14317
 20.500   -5.78    7.10 -0.0225    0.17    2.46    8.29    4.89    0.53   14317
 21.000   -6.56    7.30 -0.0099    0.21    2.44    8.70    5.34    0.55   14275
 21.500   -7.04    7.42 -0.0154    0.22    2.18    9.13    5.47    0.54   14275
 22.000   -7.50    7.60 -0.0191    0.23    2.05    9.55    5.66    0.53   14275
 22.500   -7.95    7.85 -0.0164    0.24    2.07    9.97    5.90    0.50   14275
 23.000   -8.38    8.15 -0.0137    0.25    2.23   10.38    6.18    0.47   14275
 23.500   -8.81    8.51 -0.0090    0.26    2.50   10.79    6.51    0.44   14275
 24.000   -9.17    8.93 -0.0034    0.26    2.75   11.22    6.82    0.44   14264
 24.500   -9.24    9.21 -0.0009    0.26    2.47   11.52    6.87    0.45   14240
 25.000   -9.30    9.52  0.0019    0.27    2.34   11.80    6.95    0.43   14240
 25.500   -9.35    9.91  0.0071    0.28    2.41   12.09    7.09    0.40   14240
 26.000   -9.38   10.36  0.0106    0.29    2.69   12.37    7.29    0.38   14240
 26.500   -9.66   10.83  0.0059    0.30    3.06   12.82    7.54    0.33   13857
 27.000   -9.17   11.40  0.0052    0.31    3.00   13.02    7.55    0.40   12323
 27.500   -8.95   11.82  0.0175    0.35    2.85   13.32    7.52    0.41   12277
 28.000   -8.76   12.29  0.0256    0.39    2.78   13.66    7.54    0.41   12264
 28.500   -8.55   12.80  0.0340    0.43    2.82   14.00    7.60    0.41   12234
 29.000   -8.36   13.33  0.0422    0.47    2.93   14.35    7.71    0.39   12163
 29.500   -8.17   13.85  0.0502    0.52    3.14   14.68    7.85    0.37   12025
 30.000   -8.00   14.43  0.0617    0.58    3.43   15.06    8.04    0.34   11845
