      74794      28.47N   80.57W
     T A B L E  I -   1.  W I N D  S T A T I S T I C A L  P A R A M E T E R S
                                   January
 Station =   74794      Cape Canaveral Air Force Station
    Z    MEAN U   SD  U  R(U,V)  MEAN V   SD  V MEAN WS  SD  WS SKEW WS    NOBS
    KM     M/S     M/S             M/S     M/S     M/S     M/S                 
  0.000    0.00    0.00  0.0000    0.00    0.00    0.00    0.00    0.00       0
  0.004   -0.07    2.67 -0.3456   -0.08    2.85    3.27    2.13    0.89    1108
  0.500    0.48    6.37 -0.0887    0.94    7.08    8.63    4.30    0.69    1108
  1.000    1.96    6.85 -0.0405    1.66    6.49    8.65    4.66    0.84    1108
  1.500    4.07    7.01 -0.0450    1.73    6.37    9.01    5.32    0.81    1108
  2.000    5.87    7.25 -0.0096    1.59    6.31    9.82    5.83    0.76    1108
  2.500    7.46    7.75 -0.0176    1.62    6.47   10.92    6.43    0.74    1108
  3.000    9.03    8.39  0.0119    1.65    6.65   12.22    7.05    0.68    1108
  3.500   10.66    8.99  0.0321    1.60    6.96   13.70    7.64    0.62    1108
  4.000   12.26    9.51  0.0666    1.64    7.37   15.17    8.23    0.57    1108
  4.500   13.90   10.00  0.0889    1.81    7.70   16.72    8.76    0.48    1108
  5.000   15.56   10.41  0.0989    1.98    8.13   18.35    9.18    0.37    1108
  5.500   17.03   10.90  0.1090    2.28    8.55   19.89    9.57    0.30    1108
  6.000   18.53   11.62  0.1137    2.50    8.81   21.48   10.06    0.24    1108
  6.500   20.09   12.37  0.1247    2.60    9.20   23.12   10.68    0.22    1108
  7.000   21.73   13.09  0.1526    2.61    9.70   24.85   11.25    0.25    1108
  7.500   23.37   13.72  0.1663    2.73   10.13   26.56   11.81    0.22    1108
  8.000   25.02   14.33  0.1773    2.83   10.61   28.22   12.49    0.19    1108
  8.500   26.78   14.90  0.1830    2.98   11.09   29.93   13.25    0.15    1108
  9.000   28.58   15.60  0.1858    2.99   11.66   31.73   14.11    0.13    1108
  9.500   30.53   16.45  0.1888    2.97   12.26   33.66   15.13    0.15    1108
 10.000   32.51   17.15  0.1860    2.87   12.70   35.58   15.97    0.14    1108
 10.500   34.44   17.58  0.1904    2.89   13.00   37.42   16.52    0.06    1108
 11.000   36.29   17.73  0.2085    3.08   13.24   39.14   16.85   -0.01    1108
 11.500   37.95   17.59  0.2391    3.38   13.29   40.68   16.83   -0.07    1108
 12.000   39.22   17.37  0.2518    3.49   12.92   41.76   16.65   -0.13    1108
 12.500   39.88   17.06  0.2779    3.49   12.19   42.15   16.30   -0.15    1108
 13.000   39.90   16.52  0.2864    3.51   11.23   41.95   15.67   -0.13    1108
 13.500   39.07   15.91  0.2680    3.21   10.38   40.95   14.90   -0.13    1108
 14.000   37.62   15.27  0.2459    2.97    9.79   39.41   14.15   -0.13    1108
 14.500   35.60   14.46  0.2349    2.98    9.47   37.42   13.28   -0.13    1108
 15.000   33.19   13.76  0.2213    2.96    9.08   35.06   12.44   -0.09    1108
 15.500   30.65   13.00  0.2095    2.86    8.63   32.53   11.57   -0.15    1108
 16.000   28.35   12.42  0.1807    2.77    7.97   30.22   10.86   -0.08    1108
 16.500   25.78   11.85  0.1174    2.28    7.29   27.57   10.23    0.04    1108
 17.000   22.93   11.17  0.0934    2.02    6.74   24.75    9.40   -0.00    1105
 17.500   19.99   10.40  0.1020    1.86    6.15   21.88    8.49    0.09    1099
 18.000   17.19    9.71  0.1228    1.64    5.75   19.09    7.85    0.26    1085
 18.500   14.68    9.10  0.1157    1.27    5.11   16.59    7.23    0.53    1049
 19.000   12.17    8.47  0.0959    0.97    4.59   14.15    6.58    0.58    1022
 19.500   10.03    8.03  0.1068    0.70    4.47   12.14    6.20    0.64    1016
 20.000    8.24    7.83  0.1505    0.48    3.85   10.55    5.87    0.88     979
 20.500    7.00    7.79  0.1366    0.40    3.74    9.53    5.85    1.14     945
 21.000    6.08    7.85  0.1726    0.31    3.70    8.84    5.90    1.43     932
 21.500    5.25    7.84  0.1764    0.24    3.52    8.38    5.70    1.47     908
 22.000    4.65    8.02  0.1564    0.15    3.50    8.17    5.67    1.46     894
 22.500    4.34    8.34  0.1637    0.13    3.69    8.36    5.74    1.46     891
 23.000    3.97    8.79  0.1740    0.03    3.75    8.56    5.91    1.48     878
 23.500    3.87    9.33  0.1891    0.11    3.88    8.88    6.21    1.45     860
 24.000    3.76   10.09  0.2127    0.05    3.94    9.45    6.53    1.42     854
 24.500    3.85   10.81  0.2452   -0.00    4.03   10.06    6.87    1.44     837
 25.000    4.14   11.56  0.2720    0.04    4.23   10.70    7.36    1.40     813
 25.500    4.43   12.13  0.3135    0.03    4.36   11.30    7.65    1.38     807
 26.000    4.97   12.82  0.3492    0.18    4.53   12.01    8.12    1.33     788
 26.500    5.30   13.61  0.3605    0.28    4.74   12.73    8.60    1.27     766
 27.000    5.81   14.07  0.3186    0.31    4.80   13.42    8.69    1.22     736
 27.500    6.25   14.47  0.3112    0.39    4.94   13.92    8.93    1.10     696
 28.000    6.48   14.43  0.3121    0.64    4.94   14.15    8.67    0.86     674
 28.500    6.86   14.74  0.2575    0.93    5.09   14.66    8.80    0.76     623
 29.000    7.33   15.20  0.2419    1.20    5.18   15.13    9.21    0.77     580
 29.500    8.16   15.53  0.2300    1.54    5.64   15.92    9.45    0.66     554
 30.000    8.82   15.79  0.1969    1.61    6.16   16.62    9.68    0.59     521
     T A B L E  I -   2.  W I N D  S T A T I S T I C A L  P A R A M E T E R S
                                  February
 Station =   74794      Cape Canaveral Air Force Station
    Z    MEAN U   SD  U  R(U,V)  MEAN V   SD  V MEAN WS  SD  WS SKEW WS    NOBS
    KM     M/S     M/S             M/S     M/S     M/S     M/S                 
  0.000    0.00    0.00  0.0000    0.00    0.00    0.00    0.00    0.00       0
  0.004   -0.08    2.96 -0.2713   -0.10    2.84    3.47    2.19    0.73    1248
  0.500    0.88    6.51 -0.0332    1.01    6.57    8.47    4.10    0.68    1248
  1.000    2.61    7.12 -0.0357    1.54    5.93    8.64    4.62    0.93    1248
  1.500    4.76    7.20 -0.0609    1.38    5.70    9.02    5.28    0.96    1248
  2.000    6.56    7.46 -0.0485    1.09    5.78    9.92    5.99    0.96    1248
  2.500    8.21    8.04 -0.0103    0.99    6.00   11.13    6.76    1.01    1248
  3.000    9.80    8.67  0.0483    1.02    6.37   12.58    7.43    0.99    1248
  3.500   11.40    9.22  0.0925    1.14    6.69   14.05    8.02    0.88    1248
  4.000   13.12    9.80  0.1132    1.19    7.16   15.67    8.68    0.77    1248
  4.500   14.78   10.26  0.1262    1.38    7.60   17.33    9.13    0.70    1248
  5.000   16.30   10.93  0.1325    1.51    8.13   18.93    9.77    0.69    1248
  5.500   18.11   11.93  0.1321    1.61    8.63   20.80   10.70    0.71    1248
  6.000   19.85   12.71  0.1794    1.80    8.82   22.56   11.32    0.70    1248
  6.500   21.37   13.28  0.2096    1.88    9.22   24.16   11.77    0.62    1248
  7.000   22.93   13.86  0.2237    2.01    9.82   25.80   12.36    0.53    1248
  7.500   24.57   14.39  0.2267    2.00   10.21   27.44   12.92    0.42    1248
  8.000   26.32   15.15  0.2351    1.98   10.62   29.19   13.68    0.38    1248
  8.500   28.17   16.04  0.2384    1.96   11.14   31.10   14.54    0.35    1248
  9.000   30.11   16.95  0.2376    1.73   11.79   33.18   15.36    0.31    1248
  9.500   32.00   17.75  0.2409    1.61   12.47   35.16   16.17    0.26    1248
 10.000   33.93   18.26  0.2443    1.49   13.15   37.11   16.83    0.18    1248
 10.500   35.92   18.55  0.2549    1.57   13.69   39.03   17.36    0.08    1248
 11.000   37.87   18.52  0.2527    1.57   14.20   40.93   17.51   -0.07    1248
 11.500   39.58   18.28  0.2539    1.58   14.37   42.54   17.35   -0.19    1248
 12.000   40.75   17.78  0.2539    1.84   14.00   43.50   16.88   -0.31    1248
 12.500   41.25   17.14  0.2711    2.20   13.13   43.71   16.19   -0.37    1248
 13.000   40.99   16.45  0.2816    2.32   12.03   43.15   15.52   -0.36    1248
 13.500   40.17   15.78  0.2907    2.14   11.06   42.06   14.90   -0.33    1248
 14.000   38.75   15.14  0.2880    2.04   10.24   40.47   14.23   -0.27    1248
 14.500   36.77   14.33  0.2592    1.83    9.62   38.46   13.28   -0.21    1248
 15.000   34.37   13.53  0.2419    1.66    9.29   36.10   12.28   -0.21    1248
 15.500   31.76   12.87  0.2638    1.57    8.82   33.52   11.49   -0.22    1248
 16.000   29.13   12.31  0.2742    1.58    8.26   30.90   10.87   -0.16    1248
 16.500   26.61   11.89  0.2542    1.50    7.75   28.42   10.26   -0.06    1248
 17.000   23.63   11.19  0.2427    1.08    7.09   25.45    9.39   -0.05    1247
 17.500   20.37   10.34  0.2094    0.65    6.57   22.32    8.34   -0.02    1243
 18.000   17.14    9.56  0.1875    0.47    6.09   19.16    7.47    0.10    1230
 18.500   14.29    8.72  0.1454    0.28    5.36   16.29    6.74    0.22    1206
 19.000   11.70    7.99  0.1490    0.16    4.88   13.76    6.10    0.37    1174
 19.500    9.52    7.49  0.1521   -0.05    4.42   11.61    5.62    0.46    1157
 20.000    7.60    7.22  0.1424   -0.07    3.86    9.97    5.18    0.61    1119
 20.500    6.13    7.10  0.1217   -0.12    3.70    8.89    4.91    0.83    1063
 21.000    5.02    7.07  0.0878   -0.18    3.63    8.19    4.68    0.90    1042
 21.500    4.30    7.17  0.0551   -0.25    3.43    7.87    4.61    1.04    1014
 22.000    3.87    7.38  0.0086   -0.32    3.57    7.75    4.77    0.97    1003
 22.500    3.51    7.74  0.0305   -0.30    3.72    7.86    5.00    1.11     997
 23.000    3.33    8.29  0.0218   -0.36    3.63    8.12    5.30    1.30     986
 23.500    3.11    8.89  0.0445   -0.39    3.65    8.29    5.80    1.32     976
 24.000    3.08    9.40  0.0456   -0.32    3.75    8.75    6.01    1.44     969
 24.500    3.14    9.97  0.0624   -0.20    3.81    9.18    6.33    1.46     944
 25.000    3.39   10.48  0.1261   -0.15    4.03    9.64    6.70    1.44     925
 25.500    3.61   10.99  0.1768   -0.10    3.90   10.11    6.89    1.46     910
 26.000    3.88   11.57  0.1800   -0.01    3.96   10.62    7.26    1.46     889
 26.500    4.46   12.13  0.2009   -0.03    4.04   11.16    7.68    1.39     870
 27.000    4.99   12.68  0.2112    0.08    4.23   11.81    8.06    1.39     824
 27.500    5.37   13.52  0.2313    0.09    4.52   12.58    8.61    1.36     768
 28.000    6.11   14.10  0.2707    0.40    4.80   13.43    8.91    1.25     739
 28.500    7.26   14.20  0.2475    0.47    5.09   14.05    9.19    1.30     683
 29.000    8.32   14.49  0.2453    0.72    5.37   14.77    9.53    1.23     637
 29.500    9.10   14.94  0.2322    0.89    5.75   15.46   10.09    1.12     624
 30.000   10.15   15.34  0.3162    0.89    6.18   16.41   10.54    1.09     577
     T A B L E  I -   3.  W I N D  S T A T I S T I C A L  P A R A M E T E R S
                                     March
 Station =   74794      Cape Canaveral Air Force Station
    Z    MEAN U   SD  U  R(U,V)  MEAN V   SD  V MEAN WS  SD  WS SKEW WS    NOBS
    KM     M/S     M/S             M/S     M/S     M/S     M/S                 
  0.000    0.00    0.00  0.0000    0.00    0.00    0.00    0.00    0.00       0
  0.004   -0.57    3.20 -0.2386    0.19    2.99    3.81    2.25    0.70    1424
  0.500   -0.12    7.00 -0.0502    1.30    6.61    8.83    4.16    0.70    1424
  1.000    1.60    7.47  0.0186    1.49    6.17    8.82    4.66    0.96    1424
  1.500    3.67    7.71  0.0509    1.30    6.08    9.23    5.17    0.92    1424
  2.000    5.32    7.84  0.0518    0.99    6.16    9.79    5.80    0.84    1424
  2.500    6.70    8.27  0.0568    0.68    6.39   10.69    6.38    0.81    1424
  3.000    8.12    8.90  0.0659    0.50    6.69   11.87    7.03    0.80    1424
  3.500    9.63    9.39  0.0879    0.36    6.91   13.07    7.64    0.76    1424
  4.000   11.09    9.84  0.1263    0.29    7.14   14.19    8.34    0.69    1424
  4.500   12.50   10.23  0.1527    0.31    7.48   15.36    9.01    0.63    1424
  5.000   13.93   10.72  0.1733    0.45    7.83   16.79    9.44    0.57    1424
  5.500   15.49   11.31  0.1750    0.58    8.27   18.40    9.92    0.51    1424
  6.000   17.14   12.09  0.1883    0.75    8.54   20.10   10.48    0.53    1424
  6.500   18.75   13.02  0.2085    0.85    9.00   21.82   11.27    0.56    1424
  7.000   20.32   13.95  0.2330    0.91    9.65   23.55   12.11    0.59    1424
  7.500   21.89   14.79  0.2497    1.09   10.19   25.23   12.93    0.61    1424
  8.000   23.57   15.67  0.2485    1.18   10.73   26.97   13.81    0.59    1424
  8.500   25.28   16.51  0.2453    1.25   11.30   28.74   14.67    0.54    1424
  9.000   27.14   17.31  0.2323    1.14   11.83   30.65   15.44    0.48    1424
  9.500   29.15   18.07  0.2098    0.95   12.49   32.69   16.26    0.39    1424
 10.000   31.17   18.65  0.1876    0.75   13.20   34.78   16.88    0.31    1424
 10.500   33.17   19.13  0.1817    0.50   13.92   36.80   17.52    0.26    1424
 11.000   35.11   19.30  0.1816    0.35   14.48   38.69   17.83    0.19    1424
 11.500   36.88   19.08  0.2012    0.30   14.81   40.40   17.65    0.08    1424
 12.000   38.16   18.65  0.2189    0.30   14.57   41.46   17.27   -0.06    1424
 12.500   38.92   17.96  0.2210    0.34   14.01   41.87   16.75   -0.18    1424
 13.000   38.65   17.06  0.2385    0.51   12.95   41.28   15.82   -0.23    1424
 13.500   37.64   16.28  0.2501    0.54   11.71   39.95   14.98   -0.21    1424
 14.000   36.25   15.63  0.2350    0.68   10.63   38.31   14.29   -0.17    1424
 14.500   34.38   14.68  0.2145    0.68    9.64   36.31   13.20   -0.21    1424
 15.000   32.07   13.86  0.2136    0.72    9.03   33.97   12.24   -0.25    1424
 15.500   29.40   13.20  0.2180    0.76    8.38   31.31   11.40   -0.21    1424
 16.000   26.73   12.39  0.2130    0.87    7.72   28.66   10.45   -0.19    1424
 16.500   23.96   11.54  0.1901    0.73    7.39   25.92    9.56   -0.20    1424
 17.000   20.92   10.52  0.1219    0.31    6.55   22.83    8.46   -0.17    1424
 17.500   17.89    9.61  0.1117    0.22    5.99   19.84    7.54    0.05    1409
 18.000   15.07    8.85  0.1352    0.26    5.61   16.98    6.98    0.22    1384
 18.500   12.33    8.03  0.0764   -0.13    4.86   14.22    6.32    0.44    1355
 19.000    9.78    7.28  0.0608   -0.17    4.39   11.74    5.65    0.57    1300
 19.500    7.76    6.81  0.0688   -0.23    4.09    9.85    5.14    0.49    1292
 20.000    6.09    6.31  0.0416   -0.43    3.65    8.48    4.48    0.69    1244
 20.500    4.66    5.94  0.0617   -0.43    3.50    7.37    4.02    0.79    1212
 21.000    3.92    5.83  0.0906   -0.38    3.48    6.92    3.77    0.71    1197
 21.500    3.36    5.97  0.0671   -0.55    3.30    6.79    3.69    0.82    1175
 22.000    2.76    6.30  0.0197   -0.62    3.43    6.76    3.81    0.88    1149
 22.500    2.27    6.72  0.0159   -0.62    3.67    6.95    4.09    0.95    1140
 23.000    2.00    7.26  0.0250   -0.50    3.52    7.10    4.51    1.23    1128
 23.500    1.91    7.98  0.0008   -0.44    3.46    7.32    5.13    1.42    1114
 24.000    2.14    8.54 -0.0191   -0.36    3.31    7.61    5.61    1.61    1103
 24.500    2.37    9.30 -0.0031   -0.29    3.33    8.14    6.17    1.66    1071
 25.000    2.83    9.94  0.0363   -0.30    3.51    8.66    6.66    1.58    1043
 25.500    3.51   10.62  0.0915   -0.35    3.42    9.36    7.09    1.60    1031
 26.000    3.96   11.20  0.1314   -0.32    3.54    9.95    7.46    1.59    1011
 26.500    4.62   11.92  0.1631   -0.15    3.73   10.74    7.88    1.52     998
 27.000    5.45   12.30  0.1853   -0.06    3.75   11.44    8.06    1.46     954
 27.500    6.47   12.66  0.2292    0.12    3.92   12.23    8.29    1.38     903
 28.000    7.51   13.08  0.2510    0.32    4.23   13.15    8.55    1.29     879
 28.500    8.58   13.42  0.2810    0.44    4.26   14.04    8.73    1.18     831
 29.000    9.58   13.95  0.2959    0.58    4.38   15.08    8.90    1.07     794
 29.500   10.63   14.45  0.2886    0.63    4.76   16.23    9.09    0.93     764
 30.000   11.61   14.36  0.2679    0.72    5.08   16.93    9.11    0.84     712
     T A B L E  I -   4.  W I N D  S T A T I S T I C A L  P A R A M E T E R S
                                     April
 Station =   74794      Cape Canaveral Air Force Station
    Z    MEAN U   SD  U  R(U,V)  MEAN V   SD  V MEAN WS  SD  WS SKEW WS    NOBS
    KM     M/S     M/S             M/S     M/S     M/S     M/S                 
  0.000    0.00    0.00  0.0000    0.00    0.00    0.00    0.00    0.00       0
  0.004   -0.98    3.04 -0.1654    0.43    3.03    3.86    2.15    0.56    1274
  0.500   -0.78    5.84 -0.0551    1.52    5.93    7.75    3.58    0.76    1274
  1.000    0.65    6.23  0.0652    1.31    5.17    7.27    3.96    1.25    1274
  1.500    2.21    6.58  0.1152    0.86    4.91    7.37    4.36    1.20    1274
  2.000    3.56    6.91  0.1020    0.45    5.05    7.89    4.96    1.11    1274
  2.500    4.55    7.34  0.1076    0.23    5.24    8.48    5.53    1.07    1274
  3.000    5.47    7.75  0.1131    0.04    5.47    9.13    6.07    1.15    1274
  3.500    6.49    8.12  0.1156   -0.21    5.68    9.87    6.58    1.15    1274
  4.000    7.58    8.54  0.1077   -0.51    5.88   10.67    7.18    1.10    1274
  4.500    8.80    8.90  0.1170   -0.71    6.05   11.58    7.74    1.07    1274
  5.000    9.94    9.21  0.1163   -0.90    6.28   12.59    8.10    1.05    1274
  5.500   11.20    9.61  0.1280   -1.00    6.60   13.78    8.52    0.98    1274
  6.000   12.59   10.16  0.1625   -1.07    6.90   15.16    9.00    0.89    1274
  6.500   14.08   10.69  0.1884   -1.06    7.27   16.64    9.50    0.85    1274
  7.000   15.40   11.22  0.2034   -1.13    7.81   18.04    9.99    0.79    1274
  7.500   16.84   11.84  0.2210   -1.21    8.33   19.54   10.65    0.76    1274
  8.000   18.31   12.53  0.2390   -1.24    9.00   21.09   11.42    0.72    1274
  8.500   19.81   13.18  0.2355   -1.24    9.73   22.68   12.17    0.64    1274
  9.000   21.35   13.88  0.2228   -1.35   10.46   24.38   12.87    0.60    1274
  9.500   22.90   14.77  0.2085   -1.52   11.07   26.08   13.69    0.54    1274
 10.000   24.64   15.72  0.2016   -1.75   11.60   27.91   14.61    0.52    1274
 10.500   26.47   16.51  0.2208   -2.03   12.37   29.90   15.40    0.50    1274
 11.000   28.20   17.17  0.2389   -2.32   13.16   31.79   16.07    0.45    1274
 11.500   29.74   17.51  0.2663   -2.44   13.75   33.43   16.41    0.38    1274
 12.000   31.17   17.44  0.2999   -2.39   13.87   34.76   16.33    0.30    1274
 12.500   32.30   17.04  0.3260   -2.31   13.50   35.63   15.85    0.22    1274
 13.000   32.64   16.14  0.3532   -2.06   12.66   35.62   14.93    0.21    1274
 13.500   32.25   15.15  0.3753   -1.81   11.76   34.94   13.84    0.22    1274
 14.000   31.09   13.99  0.3809   -1.69   10.75   33.49   12.65    0.20    1274
 14.500   29.46   13.04  0.3849   -1.44    9.54   31.55   11.72    0.19    1274
 15.000   27.55   12.04  0.3454   -1.28    8.80   29.46   10.78    0.25    1274
 15.500   25.30   11.09  0.3110   -1.34    8.33   27.16    9.87    0.34    1274
 16.000   22.75   10.16  0.2880   -1.27    7.70   24.58    8.91    0.28    1274
 16.500   20.23    9.23  0.2516   -0.99    7.14   21.98    8.03    0.22    1274
 17.000   17.68    8.44  0.2229   -0.79    6.61   19.40    7.29    0.20    1274
 17.500   14.85    7.63  0.2105   -0.84    5.91   16.54    6.54    0.20    1269
 18.000   11.86    6.91  0.1980   -0.81    5.50   13.62    5.86    0.34    1252
 18.500    9.06    6.11  0.2007   -0.62    5.03   10.96    5.15    0.60    1238
 19.000    6.81    5.72  0.2122   -0.51    4.30    8.86    4.60    0.78    1212
 19.500    4.86    5.25  0.1328   -0.65    3.89    7.20    3.88    0.83    1191
 20.000    3.37    4.68  0.1057   -0.52    3.52    6.09    3.23    0.91    1150
 20.500    2.24    4.51  0.1220   -0.47    3.28    5.38    2.98    0.91    1126
 21.000    1.42    4.49  0.0939   -0.45    3.26    5.12    2.73    0.74    1113
 21.500    0.59    4.61  0.0331   -0.59    3.03    5.05    2.76    1.12    1087
 22.000   -0.01    5.06 -0.0400   -0.51    3.15    5.14    3.20    1.50    1069
 22.500   -0.38    5.53 -0.0236   -0.50    3.20    5.31    3.71    1.95    1063
 23.000   -0.62    6.23 -0.0354   -0.49    3.17    5.73    4.24    2.29    1049
 23.500   -0.62    6.70 -0.0465   -0.45    3.28    5.88    4.70    2.50    1038
 24.000   -0.62    7.11 -0.0501   -0.32    3.15    5.98    5.09    2.74    1034
 24.500   -0.49    7.61 -0.0510   -0.11    3.12    6.28    5.44    2.88    1010
 25.000   -0.20    8.27 -0.0318   -0.11    3.23    6.66    5.89    2.77     993
 25.500    0.04    8.78 -0.0223   -0.02    3.23    7.05    6.21    2.76     984
 26.000    0.38    9.24  0.0362    0.07    3.44    7.46    6.52    2.67     965
 26.500    0.72    9.73  0.0941    0.01    3.62    7.85    6.84    2.52     956
 27.000    1.14   10.24  0.1332    0.06    3.59    8.37    7.07    2.39     917
 27.500    1.62   10.39  0.1441    0.01    3.87    8.75    7.04    2.23     869
 28.000    2.04   10.79  0.1777   -0.00    4.14    9.39    7.07    2.07     836
 28.500    2.58   10.93  0.1798    0.14    4.11    9.78    6.97    2.03     771
 29.000    3.05   11.41  0.2127    0.14    4.32   10.43    7.08    1.82     714
 29.500    3.52   11.56  0.2270    0.09    4.38   10.79    7.05    1.58     699
 30.000    4.13   11.91  0.2000    0.03    4.53   11.41    7.15    1.31     660
     T A B L E  I -   5.  W I N D  S T A T I S T I C A L  P A R A M E T E R S
                                       May
 Station =   74794      Cape Canaveral Air Force Station
    Z    MEAN U   SD  U  R(U,V)  MEAN V   SD  V MEAN WS  SD  WS SKEW WS    NOBS
    KM     M/S     M/S             M/S     M/S     M/S     M/S                 
  0.000    0.00    0.00  0.0000    0.00    0.00    0.00    0.00    0.00       0
  0.004   -1.21    3.04 -0.1054    0.46    2.52    3.61    2.06    0.73    1517
  0.500   -0.98    5.52 -0.0292    1.15    4.20    6.55    2.87    0.57    1517
  1.000    0.26    5.64  0.0571    0.70    3.80    6.17    3.06    0.83    1517
  1.500    1.14    5.92  0.1424    0.15    3.90    6.33    3.41    0.87    1517
  2.000    1.78    6.05  0.1177   -0.10    4.08    6.64    3.60    0.89    1517
  2.500    2.32    6.22  0.0687   -0.22    4.22    6.89    3.84    1.04    1517
  3.000    2.78    6.31  0.0553   -0.38    4.38    7.04    4.19    1.08    1517
  3.500    3.33    6.47  0.0457   -0.66    4.58    7.34    4.55    1.07    1517
  4.000    3.99    6.63  0.0115   -1.00    4.71    7.70    4.89    1.06    1517
  4.500    4.65    6.78  0.0089   -1.21    4.80    8.16    5.09    1.02    1517
  5.000    5.30    7.02  0.0180   -1.35    4.97    8.67    5.39    0.96    1517
  5.500    6.09    7.41  0.0312   -1.47    5.32    9.42    5.82    0.92    1517
  6.000    6.86    7.73  0.0395   -1.63    5.51   10.12    6.15    0.90    1517
  6.500    7.61    8.13  0.0602   -1.74    5.77   10.86    6.54    0.91    1517
  7.000    8.48    8.70  0.0803   -1.87    6.16   11.78    7.09    0.91    1517
  7.500    9.34    9.23  0.0886   -1.96    6.54   12.69    7.63    0.88    1517
  8.000   10.19    9.75  0.1064   -2.02    6.89   13.58    8.14    0.86    1517
  8.500   11.10   10.38  0.1104   -2.10    7.25   14.58    8.67    0.84    1517
  9.000   12.15   11.00  0.1197   -2.23    7.74   15.72    9.31    0.85    1517
  9.500   13.14   11.65  0.1303   -2.28    8.37   16.86    9.97    0.81    1517
 10.000   14.18   12.44  0.1495   -2.30    9.12   18.15   10.74    0.79    1517
 10.500   15.33   13.23  0.1629   -2.49    9.77   19.52   11.46    0.76    1517
 11.000   16.51   14.02  0.1690   -2.70   10.32   20.90   12.10    0.77    1517
 11.500   17.78   14.62  0.1734   -3.06   10.79   22.26   12.67    0.72    1517
 12.000   19.07   14.99  0.1843   -3.40   11.16   23.53   13.10    0.68    1517
 12.500   20.23   15.18  0.2104   -3.51   11.40   24.56   13.37    0.71    1517
 13.000   21.07   14.92  0.2663   -3.43   11.00   25.03   13.18    0.67    1517
 13.500   21.60   14.36  0.3121   -3.34   10.40   25.15   12.67    0.61    1517
 14.000   21.53   13.64  0.3225   -3.34    9.56   24.67   11.99    0.56    1517
 14.500   20.70   12.40  0.2801   -3.45    8.67   23.50   10.89    0.47    1517
 15.000   19.10   10.92  0.2342   -3.56    7.85   21.63    9.57    0.36    1517
 15.500   17.17    9.60  0.2104   -3.43    7.08   19.44    8.48    0.29    1516
 16.000   15.17    8.62  0.2005   -3.33    6.53   17.38    7.59    0.30    1516
 16.500   12.74    7.98  0.1738   -3.22    6.11   15.09    6.83    0.36    1516
 17.000   10.20    7.18  0.1502   -3.05    5.49   12.69    5.93    0.40    1515
 17.500    7.80    6.56  0.1296   -2.70    4.90   10.51    5.15    0.50    1508
 18.000    5.60    6.00  0.0938   -2.37    4.53    8.58    4.50    0.62    1497
 18.500    3.56    5.26  0.0632   -1.99    3.96    6.90    3.73    0.75    1472
 19.000    1.80    4.57  0.0550   -1.67    3.62    5.76    2.96    0.83    1430
 19.500    0.33    4.35  0.1076   -1.31    3.53    5.13    2.65    0.69    1418
 20.000   -0.88    4.17  0.1645   -1.04    3.14    4.98    2.45    0.77    1383
 20.500   -2.02    4.32  0.1176   -0.82    3.00    5.20    2.60    0.61    1323
 21.000   -3.03    4.55  0.0664   -0.51    3.15    5.61    3.03    0.74    1311
 21.500   -3.94    4.55  0.0307   -0.48    2.86    5.98    3.22    1.01    1274
 22.000   -4.63    4.88 -0.0053   -0.44    2.86    6.39    3.68    1.25    1254
 22.500   -5.20    5.18 -0.0214   -0.39    2.89    6.81    4.10    1.40    1243
 23.000   -5.70    5.40  0.0177   -0.28    2.81    7.13    4.45    1.55    1220
 23.500   -6.02    5.62  0.0499   -0.11    2.90    7.41    4.67    1.72    1206
 24.000   -6.15    5.90  0.0645   -0.10    2.94    7.66    4.83    1.85    1200
 24.500   -6.27    6.16  0.0811   -0.11    2.92    7.83    5.04    1.85    1175
 25.000   -6.29    6.49  0.0888   -0.09    3.05    7.94    5.29    1.97    1141
 25.500   -6.25    6.86  0.0776   -0.15    3.04    8.12    5.51    2.09    1127
 26.000   -6.25    7.19  0.0516   -0.19    3.07    8.24    5.75    2.12    1109
 26.500   -6.20    7.38  0.0881   -0.26    3.28    8.34    5.87    2.15    1098
 27.000   -6.18    7.61  0.1289   -0.20    3.28    8.53    5.92    2.17    1058
 27.500   -6.12    7.86  0.1239   -0.25    3.40    8.69    6.01    2.14    1012
 28.000   -6.12    7.82  0.1059   -0.24    3.41    8.73    5.89    2.02     991
 28.500   -5.99    7.77  0.0819   -0.11    3.55    8.81    5.70    2.05     923
 29.000   -5.89    7.98  0.0776   -0.06    3.83    9.10    5.56    1.86     841
 29.500   -5.87    8.24  0.0334   -0.21    3.91    9.28    5.72    1.56     808
 30.000   -5.83    8.30 -0.0018   -0.18    3.97    9.42    5.68    1.38     748
     T A B L E  I -   6.  W I N D  S T A T I S T I C A L  P A R A M E T E R S
                                      June
 Station =   74794      Cape Canaveral Air Force Station
    Z    MEAN U   SD  U  R(U,V)  MEAN V   SD  V MEAN WS  SD  WS SKEW WS    NOBS
    KM     M/S     M/S             M/S     M/S     M/S     M/S                 
  0.000    0.00    0.00  0.0000    0.00    0.00    0.00    0.00    0.00       0
  0.004   -0.99    2.82 -0.1011    0.82    2.12    3.15    2.04    1.01    1614
  0.500   -0.44    5.08  0.0551    2.19    3.81    6.06    3.00    0.80    1614
  1.000    0.36    4.95  0.1102    1.76    3.81    5.70    3.17    1.16    1614
  1.500    0.93    4.91  0.1819    1.33    3.85    5.55    3.29    1.27    1614
  2.000    1.42    4.93  0.2218    1.09    3.97    5.66    3.42    1.33    1614
  2.500    1.82    5.10  0.2037    1.07    4.13    5.90    3.59    1.23    1614
  3.000    2.15    5.30  0.1903    1.07    4.23    6.15    3.74    1.18    1614
  3.500    2.39    5.38  0.1655    0.96    4.28    6.31    3.79    1.09    1614
  4.000    2.58    5.49  0.1427    0.81    4.33    6.49    3.78    0.91    1614
  4.500    2.83    5.58  0.1096    0.63    4.40    6.72    3.73    0.88    1614
  5.000    3.00    5.69  0.0975    0.48    4.42    6.86    3.79    0.88    1614
  5.500    3.15    5.78  0.1027    0.43    4.51    6.95    3.96    0.90    1614
  6.000    3.35    5.84  0.1103    0.39    4.64    7.11    4.09    1.03    1614
  6.500    3.63    5.99  0.1264    0.30    4.85    7.41    4.26    1.01    1614
  7.000    3.91    6.24  0.1255    0.27    5.12    7.72    4.57    0.97    1614
  7.500    4.22    6.59  0.1234    0.25    5.41    8.20    4.87    0.98    1614
  8.000    4.57    7.03  0.1418    0.22    5.85    8.77    5.29    1.00    1614
  8.500    4.98    7.53  0.1602    0.17    6.33    9.38    5.81    1.02    1614
  9.000    5.42    8.01  0.1786    0.08    6.81   10.07    6.24    1.03    1614
  9.500    5.85    8.57  0.1937   -0.00    7.37   10.84    6.70    0.98    1614
 10.000    6.26    9.15  0.2065   -0.19    7.92   11.64    7.10    0.92    1614
 10.500    6.68    9.73  0.2293   -0.44    8.53   12.48    7.54    0.88    1614
 11.000    7.21   10.42  0.2468   -0.72    9.16   13.44    8.02    0.88    1614
 11.500    7.81   10.96  0.2665   -1.11    9.69   14.36    8.40    0.81    1614
 12.000    8.44   11.39  0.2706   -1.52   10.10   15.14    8.74    0.75    1614
 12.500    8.98   11.74  0.2758   -1.97   10.33   15.72    9.05    0.71    1614
 13.000    9.33   11.85  0.2846   -2.34   10.20   15.91    9.19    0.71    1614
 13.500    9.53   11.85  0.2892   -2.76    9.78   15.78    9.28    0.70    1614
 14.000    9.24   11.47  0.2949   -3.37    9.01   15.10    9.04    0.75    1614
 14.500    8.11   10.64  0.2870   -3.70    8.02   13.87    8.13    0.87    1614
 15.000    6.55    9.60  0.2464   -3.86    7.27   12.35    7.15    0.82    1614
 15.500    4.75    8.51  0.1972   -3.82    6.67   10.86    6.08    0.90    1614
 16.000    2.93    7.38  0.1935   -3.49    5.91    9.33    4.97    0.99    1614
 16.500    1.34    6.39  0.1708   -3.17    5.20    7.95    4.16    0.92    1614
 17.000   -0.40    5.52  0.1554   -2.75    4.63    6.92    3.61    0.94    1613
 17.500   -1.85    4.90  0.1167   -2.32    4.08    6.34    3.34    1.09    1603
 18.000   -3.14    4.60  0.1520   -1.89    3.89    6.19    3.42    1.03    1582
 18.500   -4.37    4.33  0.1700   -1.52    3.45    6.51    3.34    1.00    1556
 19.000   -5.46    4.32  0.1188   -1.29    3.07    7.03    3.38    0.56    1517
 19.500   -6.59    4.44  0.0803   -0.96    3.28    7.95    3.43    0.27    1504
 20.000   -7.71    4.55  0.0332   -0.70    2.92    8.88    3.40    0.20    1485
 20.500   -8.69    4.76  0.0297   -0.44    2.91    9.77    3.51    0.12    1453
 21.000   -9.40    5.02  0.0382   -0.15    2.99   10.46    3.66    0.09    1437
 21.500  -10.00    5.22  0.0035    0.11    2.75   11.03    3.77    0.31    1403
 22.000  -10.46    5.42 -0.0289    0.26    2.87   11.49    3.96    0.47    1363
 22.500  -10.90    5.50 -0.0329    0.25    2.90   11.89    4.11    0.60    1342
 23.000  -11.27    5.44 -0.0220    0.17    2.93   12.22    4.10    0.71    1324
 23.500  -11.69    5.49  0.0141    0.14    3.06   12.56    4.31    0.59    1300
 24.000  -12.07    5.57  0.0276    0.04    2.98   12.90    4.46    0.64    1291
 24.500  -12.52    5.65  0.0416   -0.15    2.98   13.30    4.64    0.68    1256
 25.000  -12.85    5.75  0.0465   -0.32    3.09   13.61    4.74    0.72    1235
 25.500  -13.23    5.76  0.0354   -0.47    2.88   13.95    4.81    0.64    1221
 26.000  -13.62    5.75  0.0166   -0.50    2.95   14.28    4.96    0.56    1187
 26.500  -13.90    5.80 -0.0195   -0.50    3.17   14.53    5.12    0.43    1174
 27.000  -14.13    5.71 -0.0232   -0.51    3.09   14.73    5.10    0.36    1139
 27.500  -14.32    5.80 -0.0408   -0.46    3.31   14.94    5.23    0.40    1080
 28.000  -14.55    5.76 -0.0322   -0.57    3.42   15.15    5.28    0.34    1043
 28.500  -14.93    5.71  0.0104   -0.51    3.44   15.50    5.36    0.25     972
 29.000  -15.08    5.71 -0.0558   -0.55    3.61   15.66    5.36    0.18     895
 29.500  -15.17    5.70 -0.0598   -0.40    3.83   15.81    5.39    0.12     859
 30.000  -15.50    5.59 -0.0996   -0.42    3.92   16.15    5.35   -0.01     803
     T A B L E  I -   7.  W I N D  S T A T I S T I C A L  P A R A M E T E R S
                                      July
 Station =   74794      Cape Canaveral Air Force Station
    Z    MEAN U   SD  U  R(U,V)  MEAN V   SD  V MEAN WS  SD  WS SKEW WS    NOBS
    KM     M/S     M/S             M/S     M/S     M/S     M/S                 
  0.000    0.00    0.00  0.0000    0.00    0.00    0.00    0.00    0.00       0
  0.004   -0.46    2.52 -0.1405    1.04    2.00    2.83    1.90    1.33    1522
  0.500    0.36    4.57 -0.1002    2.56    3.43    5.61    2.87    0.87    1522
  1.000    0.78    4.39 -0.0454    2.11    3.48    5.26    3.02    1.15    1522
  1.500    0.89    4.30  0.0068    1.68    3.59    5.09    3.03    1.22    1522
  2.000    0.99    4.16  0.0550    1.42    3.64    4.99    2.99    1.40    1522
  2.500    1.09    4.25  0.0549    1.18    3.72    5.01    3.09    1.45    1522
  3.000    1.12    4.34  0.0434    1.08    3.83    5.09    3.18    1.37    1522
  3.500    1.16    4.36  0.0178    1.04    3.92    5.17    3.22    1.43    1522
  4.000    1.11    4.35 -0.0009    1.01    4.02    5.20    3.23    1.28    1522
  4.500    1.00    4.34  0.0273    1.00    4.02    5.21    3.17    1.13    1522
  5.000    0.80    4.36  0.0502    0.86    4.09    5.28    3.07    1.09    1522
  5.500    0.56    4.47  0.0589    0.66    4.18    5.39    3.02    1.01    1522
  6.000    0.34    4.54  0.0653    0.44    4.24    5.49    3.02    1.05    1522
  6.500    0.19    4.62  0.0899    0.14    4.31    5.56    3.06    1.04    1522
  7.000    0.05    4.72  0.1036   -0.18    4.38    5.62    3.15    0.90    1522
  7.500   -0.11    4.87  0.1015   -0.43    4.42    5.80    3.18    0.82    1522
  8.000   -0.29    5.20  0.1244   -0.69    4.55    6.10    3.36    0.78    1522
  8.500   -0.52    5.61  0.1592   -1.02    4.75    6.51    3.60    0.76    1522
  9.000   -0.70    6.08  0.1984   -1.37    5.02    7.05    3.90    0.73    1522
  9.500   -0.88    6.63  0.2152   -1.69    5.39    7.66    4.26    0.69    1522
 10.000   -1.11    7.22  0.2203   -2.07    5.80    8.37    4.64    0.67    1522
 10.500   -1.39    7.79  0.2424   -2.43    6.16    9.07    4.95    0.66    1522
 11.000   -1.64    8.42  0.2687   -2.76    6.58    9.82    5.31    0.69    1522
 11.500   -1.83    9.03  0.2684   -3.18    6.98   10.58    5.68    0.74    1522
 12.000   -1.99    9.66  0.2642   -3.71    7.37   11.36    6.06    0.72    1522
 12.500   -2.25   10.27  0.2458   -4.30    7.63   12.11    6.37    0.60    1522
 13.000   -2.53   10.54  0.2423   -4.64    7.62   12.46    6.49    0.56    1522
 13.500   -2.81   10.49  0.2511   -4.85    7.33   12.39    6.52    0.54    1522
 14.000   -3.28   10.03  0.2563   -4.80    6.86   11.89    6.36    0.50    1522
 14.500   -3.71    9.11  0.2966   -4.39    6.21   11.05    5.82    0.49    1522
 15.000   -3.94    8.13  0.2949   -3.87    5.68   10.05    5.37    0.56    1522
 15.500   -4.28    6.77  0.2643   -3.24    5.11    8.91    4.70    0.55    1522
 16.000   -4.74    5.51  0.2405   -2.61    4.34    7.94    4.12    0.70    1522
 16.500   -5.36    4.72  0.2129   -2.08    4.01    7.56    3.87    0.56    1522
 17.000   -5.95    4.25  0.1817   -1.62    3.53    7.56    3.52    0.42    1520
 17.500   -6.70    3.91  0.1478   -1.28    3.22    7.89    3.36    0.33    1510
 18.000   -7.56    3.92  0.0829   -1.08    3.21    8.52    3.43    0.11    1488
 18.500   -8.70    3.77  0.0652   -0.95    3.00    9.50    3.28   -0.05    1471
 19.000   -9.95    3.82  0.0613   -0.79    2.99   10.64    3.30   -0.15    1440
 19.500  -11.16    3.92  0.0432   -0.58    3.04   11.77    3.35   -0.23    1431
 20.000  -12.32    3.86  0.0910   -0.35    2.94   12.89    3.21   -0.25    1395
 20.500  -13.37    4.06  0.0711   -0.11    2.90   13.90    3.34   -0.18    1355
 21.000  -14.27    4.20  0.0515    0.06    2.95   14.76    3.54   -0.15    1343
 21.500  -14.92    4.22 -0.0121    0.14    2.80   15.36    3.62   -0.20    1305
 22.000  -15.51    4.21 -0.0607    0.25    2.92   15.94    3.64   -0.11    1264
 22.500  -16.08    4.05 -0.0513    0.28    3.06   16.49    3.61   -0.10    1250
 23.000  -16.56    3.89 -0.0061    0.19    3.06   16.93    3.60   -0.17    1230
 23.500  -17.09    3.90  0.0018    0.17    3.12   17.41    3.77   -0.17    1207
 24.000  -17.44    3.79 -0.0003    0.10    2.96   17.72    3.74   -0.04    1203
 24.500  -17.87    3.79 -0.0043   -0.04    2.86   18.13    3.76    0.14    1179
 25.000  -18.23    3.96 -0.0091   -0.31    3.04   18.50    3.91    0.17    1160
 25.500  -18.57    3.89  0.0037   -0.56    2.98   18.85    3.85    0.37    1153
 26.000  -19.00    4.05 -0.0378   -0.64    2.99   19.28    3.99    0.34    1119
 26.500  -19.40    4.20 -0.0746   -0.78    3.22   19.69    4.15    0.28    1112
 27.000  -19.85    4.37 -0.0717   -0.83    3.18   20.16    4.32    0.15    1091
 27.500  -20.26    4.53 -0.0877   -0.88    3.35   20.59    4.46   -0.01    1045
 28.000  -20.76    4.60 -0.1057   -0.75    3.51   21.10    4.51   -0.14    1022
 28.500  -21.16    4.48 -0.1175   -0.67    3.53   21.51    4.41   -0.24     977
 29.000  -21.41    4.53 -0.1224   -0.68    3.65   21.77    4.44   -0.38     918
 29.500  -21.93    4.59 -0.1174   -0.56    3.79   22.30    4.53   -0.16     888
 30.000  -22.20    4.71 -0.1036   -0.33    3.81   22.58    4.66   -0.28     840
     T A B L E  I -   8.  W I N D  S T A T I S T I C A L  P A R A M E T E R S
                                    August
 Station =   74794      Cape Canaveral Air Force Station
    Z    MEAN U   SD  U  R(U,V)  MEAN V   SD  V MEAN WS  SD  WS SKEW WS    NOBS
    KM     M/S     M/S             M/S     M/S     M/S     M/S                 
  0.000    0.00    0.00  0.0000    0.00    0.00    0.00    0.00    0.00       0
  0.004   -0.74    2.55 -0.0796    0.59    2.08    2.83    1.93    1.50    1601
  0.500   -0.36    4.76  0.0013    1.75    3.86    5.55    3.22    1.34    1601
  1.000    0.11    4.76 -0.0044    1.50    4.01    5.38    3.50    1.50    1601
  1.500    0.29    4.77  0.0375    1.25    4.06    5.34    3.53    1.46    1601
  2.000    0.44    4.81  0.0678    1.12    4.09    5.41    3.50    1.49    1601
  2.500    0.63    4.89  0.0815    1.04    4.13    5.48    3.55    1.45    1601
  3.000    0.72    4.93  0.0860    1.00    4.13    5.58    3.45    1.29    1601
  3.500    0.82    4.89  0.0876    0.92    4.08    5.59    3.32    1.26    1601
  4.000    0.89    4.83  0.0839    0.75    4.08    5.55    3.26    1.24    1601
  4.500    0.86    4.80  0.0683    0.67    4.09    5.57    3.17    1.23    1601
  5.000    0.85    4.83  0.0726    0.50    4.13    5.63    3.16    1.12    1601
  5.500    0.77    4.96  0.0644    0.30    4.21    5.70    3.24    1.03    1601
  6.000    0.63    5.09  0.0361    0.09    4.23    5.82    3.25    0.98    1601
  6.500    0.48    5.24  0.0655   -0.04    4.30    5.95    3.33    0.96    1600
  7.000    0.30    5.44  0.0974   -0.19    4.53    6.17    3.48    0.95    1600
  7.500    0.22    5.57  0.1238   -0.36    4.79    6.39    3.69    0.93    1600
  8.000    0.15    5.76  0.1354   -0.56    5.17    6.69    3.95    1.05    1600
  8.500    0.10    6.05  0.1578   -0.73    5.49    7.06    4.21    1.15    1600
  9.000    0.04    6.40  0.1909   -0.86    5.79    7.48    4.42    1.13    1600
  9.500   -0.03    6.76  0.2210   -0.92    6.08    7.84    4.71    1.07    1600
 10.000   -0.06    7.15  0.2581   -1.03    6.42    8.31    4.95    1.13    1600
 10.500   -0.08    7.58  0.2840   -1.11    6.78    8.84    5.18    1.08    1600
 11.000   -0.09    8.21  0.2997   -1.23    7.17    9.47    5.56    0.95    1600
 11.500   -0.13    8.72  0.3095   -1.37    7.55   10.05    5.85    0.88    1600
 12.000   -0.14    9.18  0.3040   -1.63    7.96   10.63    6.14    0.84    1600
 12.500   -0.09    9.62  0.2935   -2.00    8.27   11.15    6.37    0.81    1600
 13.000   -0.15    9.75  0.2793   -2.47    8.26   11.35    6.42    0.82    1600
 13.500   -0.45    9.72  0.2799   -2.70    8.11   11.27    6.42    0.84    1600
 14.000   -0.81    9.32  0.2812   -2.82    7.57   10.69    6.22    0.79    1600
 14.500   -1.20    8.51  0.2658   -2.87    6.68    9.79    5.67    0.81    1600
 15.000   -1.70    7.52  0.2182   -2.74    5.88    8.78    5.05    0.88    1600
 15.500   -2.43    6.46  0.1838   -2.39    5.22    7.79    4.55    1.16    1600
 16.000   -3.18    5.43  0.1509   -1.90    4.51    7.12    3.82    1.13    1600
 16.500   -3.99    4.66  0.1639   -1.50    4.12    6.75    3.50    0.77    1600
 17.000   -4.95    4.20  0.1687   -1.34    3.59    6.87    3.32    0.46    1600
 17.500   -5.95    3.80  0.1922   -1.00    3.15    7.22    3.20    0.31    1595
 18.000   -7.01    3.89  0.1929   -0.88    3.09    7.96    3.41    0.20    1572
 18.500   -8.40    3.82  0.0827   -0.91    3.02    9.25    3.29    0.04    1532
 19.000   -9.75    3.68  0.0958   -0.74    3.03   10.45    3.23   -0.04    1492
 19.500  -10.98    3.59  0.0950   -0.50    3.05   11.51    3.26   -0.00    1468
 20.000  -12.03    3.46  0.0972   -0.26    2.83   12.46    3.22   -0.02    1430
 20.500  -13.08    3.55  0.0927   -0.23    2.81   13.46    3.36   -0.09    1393
 21.000  -13.93    3.75  0.0007   -0.07    2.77   14.26    3.57   -0.03    1374
 21.500  -14.72    3.82 -0.0269    0.05    2.69   15.03    3.64    0.08    1326
 22.000  -15.35    3.83 -0.0858    0.15    2.84   15.66    3.71    0.16    1291
 22.500  -15.91    3.67 -0.1110    0.20    2.91   16.21    3.57    0.27    1279
 23.000  -16.47    3.57 -0.0664    0.16    2.94   16.77    3.49    0.36    1249
 23.500  -16.98    3.67  0.0055    0.18    3.07   17.28    3.59    0.38    1236
 24.000  -17.52    3.67  0.0199    0.18    3.07   17.83    3.59    0.33    1223
 24.500  -17.90    3.67  0.0037    0.12    2.95   18.18    3.63    0.35    1197
 25.000  -18.12    3.72  0.0063   -0.05    3.12   18.39    3.68    0.18    1173
 25.500  -18.39    3.66  0.0256   -0.27    2.90   18.65    3.62    0.05    1162
 26.000  -18.66    3.80  0.0247   -0.57    2.99   18.93    3.76    0.16    1135
 26.500  -19.13    4.16 -0.0030   -0.64    3.18   19.42    4.11    0.17    1123
 27.000  -19.47    4.34 -0.0249   -0.74    3.05   19.76    4.27   -0.06    1076
 27.500  -19.94    4.63 -0.0436   -0.82    3.41   20.30    4.47   -0.24    1022
 28.000  -20.48    4.80 -0.0319   -0.96    3.64   20.89    4.57   -0.31     982
 28.500  -20.95    4.89 -0.0390   -0.82    3.58   21.36    4.62   -0.28     923
 29.000  -21.32    4.97 -0.0424   -0.69    3.88   21.78    4.63   -0.28     851
 29.500  -21.66    5.13  0.0380   -0.51    4.00   22.15    4.73   -0.21     820
 30.000  -22.14    5.11  0.0117   -0.27    4.09   22.64    4.80   -0.06     760
     T A B L E  I -   9.  W I N D  S T A T I S T I C A L  P A R A M E T E R S
                                 September
 Station =   74794      Cape Canaveral Air Force Station
    Z    MEAN U   SD  U  R(U,V)  MEAN V   SD  V MEAN WS  SD  WS SKEW WS    NOBS
    KM     M/S     M/S             M/S     M/S     M/S     M/S                 
  0.000    0.00    0.00  0.0000    0.00    0.00    0.00    0.00    0.00       0
  0.004   -1.43    2.91 -0.1654    0.14    2.41    3.29    2.34    1.23    1502
  0.500   -2.26    4.93  0.0761    0.79    4.66    6.41    3.32    0.76    1502
  1.000   -1.56    5.16  0.1163    0.95    4.58    6.28    3.42    0.88    1502
  1.500   -0.83    5.32  0.1404    0.95    4.54    6.21    3.46    0.94    1502
  2.000   -0.21    5.43  0.1705    0.88    4.51    6.24    3.48    1.03    1502
  2.500    0.26    5.48  0.1678    0.91    4.52    6.25    3.54    1.04    1502
  3.000    0.65    5.49  0.1952    0.91    4.51    6.26    3.56    1.07    1502
  3.500    1.02    5.50  0.1973    0.85    4.48    6.24    3.66    1.18    1502
  4.000    1.27    5.54  0.1909    0.88    4.55    6.34    3.70    1.16    1502
  4.500    1.50    5.62  0.1938    0.86    4.57    6.44    3.77    1.13    1502
  5.000    1.76    5.73  0.1997    0.88    4.60    6.58    3.86    1.07    1502
  5.500    2.01    5.99  0.2139    0.85    4.79    6.90    4.01    1.08    1502
  6.000    2.27    6.18  0.2280    0.82    4.95    7.22    4.09    1.14    1502
  6.500    2.54    6.45  0.2585    0.82    5.21    7.59    4.32    1.13    1502
  7.000    2.85    6.72  0.2880    0.68    5.49    7.94    4.58    1.13    1502
  7.500    3.31    7.03  0.2926    0.69    5.68    8.35    4.87    1.16    1502
  8.000    3.80    7.41  0.3208    0.72    6.09    8.91    5.28    1.21    1502
  8.500    4.23    7.86  0.3313    0.64    6.68    9.57    5.76    1.22    1502
  9.000    4.67    8.08  0.3418    0.60    7.21   10.14    6.10    1.23    1502
  9.500    5.16    8.35  0.3362    0.51    7.87   10.77    6.53    1.16    1502
 10.000    5.62    8.80  0.3219    0.41    8.54   11.59    6.93    1.11    1502
 10.500    6.18    9.37  0.3024    0.16    9.25   12.56    7.36    1.06    1502
 11.000    6.74    9.94  0.2984   -0.03    9.92   13.52    7.74    0.99    1502
 11.500    7.28   10.31  0.2910   -0.17   10.40   14.28    8.00    0.92    1502
 12.000    7.69   10.71  0.2872   -0.34   10.82   14.96    8.23    0.89    1502
 12.500    7.96   10.98  0.2702   -0.58   11.07   15.36    8.42    0.86    1502
 13.000    8.06   11.09  0.2663   -0.94   10.96   15.43    8.45    0.90    1502
 13.500    7.80   11.08  0.2627   -1.21   10.52   15.05    8.37    0.96    1502
 14.000    7.24   10.84  0.2348   -1.52    9.96   14.32    8.18    0.97    1502
 14.500    6.25   10.15  0.2390   -1.71    9.00   13.06    7.53    0.97    1502
 15.000    4.91    9.27  0.2294   -1.67    7.91   11.51    6.62    0.97    1502
 15.500    3.48    8.04  0.2229   -1.51    6.97    9.89    5.53    0.87    1502
 16.000    2.14    6.96  0.2357   -1.20    6.18    8.56    4.59    1.00    1502
 16.500    0.76    6.21  0.2706   -1.09    5.59    7.36    4.28    1.23    1502
 17.000   -0.66    5.46  0.2436   -0.88    4.52    6.35    3.52    1.16    1502
 17.500   -1.93    4.83  0.2446   -0.50    3.83    5.84    3.08    0.99    1494
 18.000   -2.90    4.79  0.2076   -0.24    3.68    5.91    3.22    0.80    1473
 18.500   -3.90    4.57  0.2065   -0.25    3.24    6.19    3.14    0.61    1457
 19.000   -5.01    4.51  0.1338   -0.25    3.06    6.80    3.20    0.47    1419
 19.500   -6.17    4.78  0.0651   -0.25    3.16    7.66    3.54    0.39    1399
 20.000   -7.08    4.89  0.1238   -0.14    2.93    8.41    3.63    0.36    1367
 20.500   -7.97    5.33  0.0846   -0.07    2.91    9.27    3.93    0.48    1340
 21.000   -8.81    5.64  0.0266    0.06    2.89   10.03    4.19    0.68    1327
 21.500   -9.55    5.82  0.0215    0.10    2.73   10.71    4.32    1.00    1279
 22.000  -10.15    6.05  0.0603    0.11    2.73   11.27    4.55    1.14    1243
 22.500  -10.63    6.12  0.0670    0.09    2.71   11.69    4.68    1.26    1227
 23.000  -11.17    6.13  0.0869    0.08    2.56   12.15    4.72    1.25    1205
 23.500  -11.70    6.14  0.0567   -0.03    2.73   12.62    4.81    1.20    1186
 24.000  -12.20    5.99  0.0225   -0.04    2.81   13.06    4.78    1.09    1180
 24.500  -12.53    5.82 -0.0061    0.01    2.84   13.34    4.67    0.94    1155
 25.000  -12.67    5.80 -0.0213   -0.10    3.00   13.47    4.67    0.78    1132
 25.500  -12.91    5.73 -0.0104   -0.05    2.99   13.69    4.68    0.66    1122
 26.000  -13.16    5.79 -0.0034   -0.14    3.01   13.88    4.89    0.58    1096
 26.500  -13.27    5.91  0.0055   -0.20    3.09   13.95    5.12    0.49    1085
 27.000  -13.37    5.89 -0.0173   -0.46    3.09   14.07    5.13    0.52    1053
 27.500  -13.55    5.92 -0.0069   -0.56    3.29   14.27    5.21    0.39    1018
 28.000  -13.63    5.98 -0.0264   -0.65    3.54   14.40    5.25    0.38     987
 28.500  -13.75    6.14 -0.0003   -0.68    3.60   14.60    5.34    0.44     923
 29.000  -13.72    6.31  0.0227   -0.68    3.65   14.57    5.54    0.22     842
 29.500  -13.79    6.53 -0.0062   -0.62    3.82   14.75    5.59    0.17     811
 30.000  -13.67    6.58 -0.0399   -0.42    3.81   14.70    5.59    0.14     757
     T A B L E  I -  10.  W I N D  S T A T I S T I C A L  P A R A M E T E R S
                                   October
 Station =   74794      Cape Canaveral Air Force Station
    Z    MEAN U   SD  U  R(U,V)  MEAN V   SD  V MEAN WS  SD  WS SKEW WS    NOBS
    KM     M/S     M/S             M/S     M/S     M/S     M/S                 
  0.000    0.00    0.00  0.0000    0.00    0.00    0.00    0.00    0.00       0
  0.004   -1.62    3.06 -0.1983   -0.56    2.68    3.65    2.49    1.17    1356
  0.500   -3.26    5.49  0.1305   -0.76    5.44    7.58    3.72    0.74    1356
  1.000   -2.49    5.93  0.2172   -0.18    5.00    7.22    3.86    1.18    1356
  1.500   -1.32    6.18  0.2326    0.27    4.71    6.81    4.00    1.35    1356
  2.000   -0.32    6.45  0.2335    0.42    4.62    6.84    4.12    1.40    1356
  2.500    0.63    6.66  0.2278    0.40    4.77    7.01    4.35    1.48    1356
  3.000    1.59    6.91  0.2009    0.46    4.97    7.31    4.68    1.39    1356
  3.500    2.33    7.06  0.1961    0.56    5.15    7.63    4.93    1.29    1356
  4.000    3.16    7.26  0.1982    0.64    5.37    8.06    5.21    1.25    1356
  4.500    3.98    7.44  0.1984    0.68    5.50    8.50    5.47    1.24    1356
  5.000    4.72    7.70  0.1980    0.76    5.69    9.04    5.74    1.23    1356
  5.500    5.52    7.91  0.1826    0.86    5.96    9.64    6.03    1.18    1356
  6.000    6.36    8.17  0.1895    0.87    6.18   10.35    6.29    1.13    1356
  6.500    7.23    8.56  0.1809    0.81    6.43   11.18    6.55    1.06    1356
  7.000    8.19    9.01  0.1831    0.82    6.86   12.14    6.97    0.96    1356
  7.500    9.17    9.37  0.2161    0.84    7.33   13.11    7.41    0.96    1356
  8.000   10.29    9.78  0.2389    0.94    7.90   14.22    7.94    0.91    1356
  8.500   11.43   10.24  0.2483    1.08    8.59   15.43    8.51    0.83    1356
  9.000   12.59   10.77  0.2579    1.19    9.28   16.70    9.15    0.73    1356
  9.500   13.81   11.35  0.2683    1.20   10.04   18.10    9.71    0.66    1356
 10.000   15.11   11.95  0.2768    1.11   10.75   19.58   10.24    0.59    1356
 10.500   16.43   12.55  0.2847    1.01   11.57   21.13   10.77    0.51    1356
 11.000   17.66   13.17  0.2989    0.83   12.33   22.58   11.32    0.46    1356
 11.500   18.65   13.56  0.3081    0.58   12.91   23.73   11.66    0.40    1356
 12.000   19.42   13.70  0.3029    0.31   13.23   24.51   11.83    0.36    1356
 12.500   19.92   13.61  0.2863    0.12   13.27   24.89   11.77    0.31    1356
 13.000   20.13   13.48  0.2749   -0.02   12.92   24.88   11.65    0.29    1356
 13.500   19.90   13.13  0.2808   -0.20   12.40   24.34   11.43    0.30    1356
 14.000   19.22   12.60  0.2712   -0.39   11.59   23.27   11.01    0.34    1356
 14.500   18.05   11.78  0.2661   -0.62   10.53   21.70   10.30    0.35    1356
 15.000   16.25   10.72  0.2661   -0.78    9.44   19.56    9.32    0.41    1356
 15.500   14.04    9.64  0.2871   -0.69    8.09   17.06    8.11    0.45    1356
 16.000   11.83    8.72  0.2788   -0.52    6.76   14.56    7.20    0.50    1356
 16.500    9.60    7.82  0.2473   -0.44    5.87   12.22    6.27    0.53    1356
 17.000    7.28    7.16  0.2141   -0.42    5.32   10.19    5.49    0.72    1356
 17.500    5.23    6.40  0.2470   -0.39    4.68    8.40    4.64    0.83    1354
 18.000    3.42    5.99  0.2038   -0.21    4.26    7.09    3.98    0.80    1338
 18.500    2.19    5.47  0.1672   -0.11    3.82    6.31    3.32    0.67    1319
 19.000    0.95    5.15  0.1817    0.07    3.49    5.68    2.98    0.80    1285
 19.500    0.06    5.32  0.1587    0.16    3.45    5.49    3.19    0.98    1272
 20.000   -0.83    5.37  0.1355   -0.01    3.14    5.53    3.23    1.34    1241
 20.500   -1.67    5.66  0.0930   -0.06    3.07    5.63    3.69    1.66    1199
 21.000   -2.25    5.98  0.0493   -0.12    3.07    5.82    4.12    2.08    1187
 21.500   -2.91    6.22  0.0623   -0.12    2.89    6.07    4.48    2.35    1151
 22.000   -3.50    6.39  0.0775   -0.06    2.89    6.23    4.84    2.42    1127
 22.500   -3.97    6.56  0.0685   -0.17    2.93    6.54    5.04    2.46    1112
 23.000   -4.35    6.66  0.0742   -0.26    2.94    6.83    5.14    2.54    1087
 23.500   -4.61    6.78  0.0684   -0.36    3.13    7.08    5.24    2.46    1076
 24.000   -4.77    6.78  0.0661   -0.35    3.00    7.15    5.24    2.32    1073
 24.500   -4.90    6.53  0.0387   -0.25    2.93    7.10    5.08    2.19    1061
 25.000   -4.90    6.46  0.0090   -0.14    3.32    7.20    5.01    2.04    1035
 25.500   -4.80    6.42  0.0430   -0.04    3.29    7.21    4.90    2.01    1019
 26.000   -4.63    6.53  0.0431   -0.11    3.27    7.14    4.96    1.95    1000
 26.500   -4.36    6.70  0.0669   -0.13    3.37    7.08    5.02    1.89     985
 27.000   -3.99    6.80  0.0470   -0.31    3.29    7.09    4.88    1.98     954
 27.500   -3.78    6.97  0.0672   -0.50    3.51    7.21    4.91    1.98     907
 28.000   -3.41    7.22  0.0594   -0.54    3.61    7.25    5.01    1.99     878
 28.500   -3.17    7.52  0.0458   -0.58    3.51    7.44    5.02    2.01     813
 29.000   -2.76    7.85  0.0983   -0.70    3.94    7.76    5.07    1.86     753
 29.500   -2.40    8.43  0.1384   -0.63    3.89    8.07    5.33    1.80     719
 30.000   -1.82    8.97  0.0813   -0.49    4.18    8.58    5.45    1.78     670
     T A B L E  I -  11.  W I N D  S T A T I S T I C A L  P A R A M E T E R S
                                  November
 Station =   74794      Cape Canaveral Air Force Station
    Z    MEAN U   SD  U  R(U,V)  MEAN V   SD  V MEAN WS  SD  WS SKEW WS    NOBS
    KM     M/S     M/S             M/S     M/S     M/S     M/S                 
  0.000    0.00    0.00  0.0000    0.00    0.00    0.00    0.00    0.00       0
  0.004   -1.09    3.11 -0.3070   -0.45    2.82    3.61    2.44    1.15    1284
  0.500   -2.42    5.78 -0.0247   -0.49    6.44    8.25    3.67    0.75    1284
  1.000   -1.74    6.22  0.0852    0.23    5.64    7.69    3.88    0.86    1284
  1.500   -0.35    6.52  0.0951    0.47    5.29    7.38    4.07    1.01    1284
  2.000    1.07    6.80  0.1114    0.51    5.28    7.59    4.34    1.28    1284
  2.500    2.25    7.14  0.0943    0.61    5.41    8.05    4.61    1.10    1284
  3.000    3.38    7.31  0.1085    0.64    5.55    8.46    4.97    0.96    1284
  3.500    4.42    7.55  0.1495    0.77    5.64    8.98    5.38    0.90    1284
  4.000    5.46    7.87  0.1739    0.81    5.90    9.66    5.85    0.95    1284
  4.500    6.50    8.24  0.2014    0.89    6.30   10.54    6.30    0.95    1284
  5.000    7.62    8.61  0.2115    0.92    6.55   11.43    6.76    0.90    1284
  5.500    8.82    9.01  0.1968    0.93    6.85   12.43    7.23    0.81    1284
  6.000    9.94    9.40  0.2200    0.93    7.23   13.49    7.65    0.75    1284
  6.500   11.03    9.73  0.2381    1.04    7.70   14.56    8.08    0.71    1284
  7.000   12.27   10.13  0.2495    1.02    8.25   15.81    8.51    0.62    1284
  7.500   13.51   10.48  0.2547    1.04    8.66   17.02    8.90    0.57    1284
  8.000   14.88   10.85  0.2653    1.09    9.00   18.28    9.35    0.53    1284
  8.500   16.42   11.38  0.2822    1.06    9.62   19.84    9.95    0.56    1284
  9.000   18.09   11.89  0.2889    1.08   10.30   21.58   10.51    0.53    1284
  9.500   19.81   12.50  0.2838    1.03   11.01   23.41   11.11    0.48    1284
 10.000   21.48   13.12  0.2740    0.92   11.67   25.19   11.67    0.45    1284
 10.500   23.14   13.52  0.2771    0.99   12.29   26.92   12.09    0.38    1284
 11.000   24.66   13.90  0.2860    1.10   12.95   28.52   12.53    0.31    1284
 11.500   26.01   14.11  0.3015    1.23   13.28   29.83   12.81    0.25    1284
 12.000   27.18   14.11  0.3216    1.26   13.35   30.83   12.95    0.14    1284
 12.500   27.97   13.99  0.3384    1.28   13.14   31.34   13.03    0.05    1284
 13.000   28.24   13.64  0.3429    1.17   12.52   31.28   12.82    0.02    1284
 13.500   28.02   13.07  0.3348    1.07   11.71   30.70   12.37   -0.01    1284
 14.000   27.08   12.29  0.3208    0.77   10.70   29.39   11.68   -0.03    1284
 14.500   25.52   11.51  0.2876    0.60    9.52   27.53   10.86    0.05    1284
 15.000   23.46   10.86  0.2357    0.50    8.79   25.34   10.22    0.10    1284
 15.500   21.17   10.03  0.2197    0.52    8.14   22.94    9.48    0.09    1284
 16.000   18.93    9.43  0.2424    0.42    7.47   20.66    8.84    0.13    1284
 16.500   16.45    9.12  0.2535    0.36    6.91   18.30    8.23    0.20    1284
 17.000   13.91    8.90  0.2501    0.28    6.14   15.96    7.55    0.29    1284
 17.500   11.52    8.56  0.1854    0.27    5.40   13.76    6.88    0.48    1281
 18.000    9.25    7.91  0.0977    0.03    4.95   11.65    6.11    0.69    1268
 18.500    7.12    7.18  0.0975   -0.02    4.53    9.81    5.30    0.83    1259
 19.000    5.47    6.90  0.0547    0.10    3.97    8.46    4.83    0.92    1224
 19.500    4.06    6.79  0.0437   -0.09    3.71    7.49    4.51    0.94    1209
 20.000    2.93    6.99  0.0447   -0.03    3.38    7.09    4.49    1.22    1177
 20.500    2.39    7.45  0.0162   -0.12    3.29    7.04    4.86    1.52    1134
 21.000    1.92    7.90  0.0073   -0.32    3.36    7.09    5.26    1.74    1121
 21.500    1.57    8.20 -0.0230   -0.33    3.27    7.21    5.47    1.94    1086
 22.000    1.40    8.48 -0.0642   -0.31    3.20    7.21    5.74    1.98    1065
 22.500    1.32    8.70 -0.0632   -0.27    3.22    7.40    5.82    1.97    1058
 23.000    1.32    8.89 -0.0530   -0.21    3.18    7.60    5.86    1.93    1049
 23.500    1.53    9.23 -0.0417   -0.23    3.23    7.90    6.00    1.84    1036
 24.000    1.75    9.59 -0.0336   -0.17    3.24    8.27    6.16    1.70    1032
 24.500    1.98    9.95 -0.0157   -0.15    3.28    8.68    6.25    1.58    1013
 25.000    2.22   10.16  0.0103   -0.10    3.45    8.97    6.29    1.37     990
 25.500    2.82   10.37  0.0287    0.03    3.36    9.35    6.33    1.31     975
 26.000    3.60   10.72  0.0619    0.17    3.60    9.99    6.47    1.11     955
 26.500    4.54   11.20  0.1379    0.35    3.80   10.79    6.65    0.88     936
 27.000    5.34   11.79  0.1684    0.33    3.98   11.68    6.93    0.77     912
 27.500    6.13   12.57  0.1861    0.28    4.26   12.61    7.45    0.68     867
 28.000    7.22   13.18  0.1997    0.25    4.44   13.56    7.90    0.59     844
 28.500    8.46   13.58  0.2158    0.30    4.77   14.59    8.20    0.53     782
 29.000    9.70   13.82  0.1993    0.33    5.30   15.50    8.59    0.48     720
 29.500   11.05   14.35  0.1908    0.22    5.35   16.63    9.02    0.45     695
 30.000   12.28   14.55  0.1582    0.27    5.53   17.62    9.18    0.40     638
     T A B L E  I -  12.  W I N D  S T A T I S T I C A L  P A R A M E T E R S
                                  December
 Station =   74794      Cape Canaveral Air Force Station
    Z    MEAN U   SD  U  R(U,V)  MEAN V   SD  V MEAN WS  SD  WS SKEW WS    NOBS
    KM     M/S     M/S             M/S     M/S     M/S     M/S                 
  0.000    0.00    0.00  0.0000    0.00    0.00    0.00    0.00    0.00       0
  0.004   -0.21    2.79 -0.3522   -0.58    2.57    3.18    2.16    1.09    1363
  0.500   -0.63    6.13 -0.0399    0.02    6.08    7.84    3.79    0.72    1363
  1.000    0.52    6.98  0.0287    0.98    5.56    7.90    4.39    1.13    1363
  1.500    2.38    7.34  0.0667    1.22    5.41    8.04    5.09    1.16    1363
  2.000    3.88    7.59  0.0841    1.19    5.48    8.58    5.61    1.31    1363
  2.500    5.34    7.92  0.1295    1.19    5.73    9.35    6.21    1.27    1363
  3.000    6.70    8.26  0.1394    1.20    6.07   10.37    6.66    1.21    1363
  3.500    8.07    8.63  0.1514    1.28    6.29   11.44    7.11    1.18    1363
  4.000    9.39    8.98  0.1729    1.45    6.56   12.57    7.49    1.06    1363
  4.500   10.78    9.43  0.1907    1.58    6.81   13.84    7.91    0.92    1363
  5.000   12.18    9.95  0.1972    1.84    7.07   15.18    8.41    0.83    1363
  5.500   13.35   10.53  0.2033    2.10    7.50   16.44    8.92    0.75    1363
  6.000   14.56   11.04  0.2291    2.22    7.79   17.73    9.26    0.71    1363
  6.500   15.90   11.60  0.2607    2.21    8.24   19.14    9.71    0.59    1363
  7.000   17.36   12.21  0.2695    2.32    8.82   20.68   10.30    0.49    1363
  7.500   18.84   12.69  0.2744    2.47    9.31   22.12   10.95    0.44    1363
  8.000   20.37   13.29  0.2854    2.57    9.74   23.61   11.67    0.40    1363
  8.500   21.94   13.95  0.2994    2.60   10.25   25.18   12.41    0.37    1363
  9.000   23.55   14.53  0.3054    2.76   10.90   26.81   13.19    0.33    1363
  9.500   25.14   15.12  0.3101    2.88   11.58   28.48   13.86    0.28    1363
 10.000   26.73   15.66  0.3268    2.96   12.30   30.19   14.45    0.23    1363
 10.500   28.30   16.07  0.3427    3.04   12.94   31.82   14.96    0.15    1363
 11.000   29.85   16.27  0.3521    3.21   13.61   33.39   15.39    0.06    1363
 11.500   31.21   16.25  0.3686    3.32   14.17   34.79   15.51   -0.02    1363
 12.000   32.16   16.12  0.3839    3.41   14.49   35.73   15.49   -0.06    1363
 12.500   32.75   15.63  0.3921    3.46   14.38   36.13   15.16   -0.07    1363
 13.000   32.89   14.75  0.4108    3.40   13.44   35.87   14.35   -0.08    1363
 13.500   32.57   13.76  0.4042    3.10   12.23   35.07   13.45   -0.09    1363
 14.000   31.48   12.92  0.3964    2.92   11.11   33.57   12.78   -0.01    1363
 14.500   30.01   12.10  0.3948    2.78    9.97   31.82   11.98    0.02    1363
 15.000   28.26   11.32  0.3871    2.65    9.13   29.89   11.16   -0.02    1363
 15.500   26.17   10.70  0.3948    2.56    8.75   27.79   10.54   -0.06    1363
 16.000   23.97   10.31  0.4029    2.45    8.27   25.62   10.03   -0.05    1363
 16.500   21.71    9.96  0.3805    1.99    7.84   23.41    9.43   -0.04    1363
 17.000   18.99    9.69  0.3629    1.65    7.18   20.81    8.74    0.01    1363
 17.500   16.20    9.33  0.3438    1.44    6.56   18.25    7.96    0.05    1357
 18.000   13.45    8.98  0.2859    0.97    5.89   15.64    7.27    0.19    1345
 18.500   11.19    8.25  0.2824    0.94    5.18   13.42    6.52    0.27    1330
 19.000    8.99    7.70  0.2697    0.49    4.72   11.37    5.91    0.48    1299
 19.500    7.25    7.53  0.2430    0.30    4.38    9.84    5.65    0.66    1283
 20.000    5.91    7.48  0.2289   -0.01    3.78    8.81    5.38    0.97    1224
 20.500    5.00    7.64  0.2224   -0.04    3.61    8.27    5.39    1.26    1175
 21.000    4.47    7.66  0.2011   -0.13    3.61    8.01    5.30    1.47    1157
 21.500    4.50    7.64  0.1753   -0.21    3.43    7.96    5.32    1.52    1116
 22.000    4.56    7.70  0.1556   -0.32    3.50    8.04    5.33    1.61    1097
 22.500    4.73    7.86  0.1462   -0.45    3.70    8.28    5.49    1.57    1086
 23.000    4.99    8.04  0.1249   -0.47    3.63    8.55    5.53    1.41    1066
 23.500    5.52    8.35  0.1443   -0.59    3.91    9.11    5.76    1.20    1050
 24.000    5.99    8.59  0.1585   -0.68    3.92    9.52    5.95    1.07    1041
 24.500    6.57    8.83  0.1858   -0.55    3.82    9.98    6.11    0.97    1009
 25.000    7.42    9.20  0.1831   -0.55    4.03   10.69    6.48    0.81     976
 25.500    8.16    9.64  0.2134   -0.32    4.28   11.57    6.69    0.71     960
 26.000    8.99   10.02  0.2562   -0.11    4.37   12.36    6.95    0.63     929
 26.500    9.99   10.41  0.3008    0.07    4.34   13.22    7.25    0.51     915
 27.000   11.00   10.78  0.3067    0.15    4.39   14.20    7.47    0.45     872
 27.500   11.97   11.36  0.3129    0.30    4.69   15.21    7.98    0.36     817
 28.000   13.06   11.85  0.3425    0.72    5.10   16.27    8.55    0.34     791
 28.500   14.58   12.16  0.3500    0.94    5.09   17.47    9.14    0.41     724
 29.000   15.98   12.58  0.3158    1.22    5.24   18.67    9.71    0.41     671
 29.500   17.32   13.23  0.3535    1.49    5.61   20.17   10.14    0.37     642
 30.000   19.20   13.11  0.3669    2.04    5.98   21.66   10.66    0.36     588
     T A B L E  I -  13.  W I N D  S T A T I S T I C A L  P A R A M E T E R S
                                    Annual
 Station =   74794      Cape Canaveral Air Force Station
    Z    MEAN U   SD  U  R(U,V)  MEAN V   SD  V MEAN WS  SD  WS SKEW WS    NOBS
    KM     M/S     M/S             M/S     M/S     M/S     M/S                 
  0.000    0.00    0.00  0.0000    0.00    0.00    0.00    0.00    0.00       0
  0.004   -0.81    2.93 -0.1986    0.19    2.62    3.36    2.20    1.04   16813
  0.500   -0.81    5.78  0.0085    1.05    5.45    7.19    3.72    0.88   16813
  1.000    0.22    6.14  0.0649    1.18    5.02    6.97    4.04    1.18   16813
  1.500    1.38    6.42  0.0847    1.04    4.89    7.00    4.41    1.29   16813
  2.000    2.37    6.72  0.0910    0.88    4.94    7.30    4.81    1.40   16813
  2.500    3.24    7.14  0.0894    0.80    5.08    7.75    5.31    1.45   16813
  3.000    4.04    7.62  0.0964    0.75    5.27    8.29    5.85    1.47   16813
  3.500    4.84    8.09  0.1056    0.70    5.43    8.85    6.40    1.47   16813
  4.000    5.64    8.61  0.1154    0.64    5.66    9.46    7.00    1.44   16813
  4.500    6.43    9.15  0.1294    0.63    5.87   10.14    7.57    1.41   16813
  5.000    7.20    9.74  0.1427    0.62    6.11   10.87    8.17    1.37   16813
  5.500    7.98   10.44  0.1517    0.63    6.43   11.68    8.84    1.34   16813
  6.000    8.79   11.17  0.1747    0.62    6.65   12.53    9.48    1.31   16813
  6.500    9.60   11.92  0.1954    0.58    6.97   13.43   10.16    1.26   16812
  7.000   10.46   12.70  0.2126    0.53    7.42   14.39   10.90    1.22   16812
  7.500   11.35   13.45  0.2240    0.51    7.80   15.37   11.63    1.17   16812
  8.000   12.29   14.28  0.2350    0.49    8.24   16.42   12.40    1.14   16812
  8.500   13.27   15.17  0.2423    0.46    8.75   17.57   13.21    1.11   16812
  9.000   14.31   16.08  0.2423    0.38    9.30   18.81   14.04    1.07   16812
  9.500   15.38   17.04  0.2387    0.29    9.90   20.09   14.89    1.03   16812
 10.000   16.47   17.99  0.2365    0.16   10.50   21.45   15.67    0.98   16812
 10.500   17.58   18.88  0.2423    0.02   11.10   22.83   16.38    0.93   16812
 11.000   18.67   19.67  0.2499   -0.10   11.68   24.18   16.95    0.86   16812
 11.500   19.67   20.26  0.2637   -0.23   12.10   25.38   17.32    0.78   16812
 12.000   20.48   20.61  0.2792   -0.36   12.26   26.31   17.42    0.70   16812
 12.500   21.02   20.72  0.2962   -0.50   12.16   26.85   17.26    0.63   16812
 13.000   21.14   20.46  0.3187   -0.62   11.63   26.84   16.79    0.59   16812
 13.500   20.84   19.98  0.3325   -0.77   10.93   26.33   16.17    0.55   16812
 14.000   20.06   19.29  0.3393   -0.92   10.14   25.28   15.47    0.54   16812
 14.500   18.81   18.34  0.3410   -0.99    9.23   23.77   14.60    0.55   16812
 15.000   17.21   17.27  0.3313   -0.98    8.51   21.95   13.68    0.56   16812
 15.500   15.35   16.17  0.3238   -0.87    7.84   19.95   12.74    0.61   16811
 16.000   13.47   15.17  0.3168   -0.69    7.12   18.03   11.81    0.68   16811
 16.500   11.51   14.24  0.2935   -0.62    6.55   16.18   10.85    0.75   16811
 17.000    9.38   13.26  0.2660   -0.59    5.86   14.37    9.65    0.82   16803
 17.500    7.26   12.23  0.2398   -0.49    5.24   12.72    8.37    0.90   16722
 18.000    5.25   11.30  0.2109   -0.43    4.85   11.30    7.18    0.98   16514
 18.500    3.35   10.45  0.1897   -0.41    4.32   10.21    6.05    1.06   16244
 19.000    1.58    9.80  0.1664   -0.36    3.91    9.39    5.23    0.95   15814
 19.500    0.07    9.43  0.1277   -0.33    3.73    8.91    4.86    0.72   15640
 20.000   -1.25    9.17  0.1003   -0.28    3.33    8.72    4.72    0.65   15194
 20.500   -2.34    9.18  0.0732   -0.23    3.22    8.76    4.94    0.66   14718
 21.000   -3.14    9.29  0.0354   -0.16    3.23    8.94    5.21    0.70   14541
 21.500   -3.76    9.41 -0.0043   -0.15    3.05    9.17    5.42    0.74   14124
 22.000   -4.22    9.61 -0.0376   -0.13    3.12    9.40    5.68    0.74   13819
 22.500   -4.60    9.84 -0.0380   -0.13    3.22    9.72    5.89    0.72   13688
 23.000   -4.89   10.12 -0.0278   -0.15    3.18   10.05    6.05    0.71   13471
 23.500   -5.09   10.51 -0.0178   -0.16    3.29   10.38    6.31    0.69   13285
 24.000   -5.22   10.89 -0.0098   -0.16    3.25   10.73    6.49    0.67   13203
 24.500   -5.30   11.29  0.0142   -0.14    3.23   11.08    6.65    0.67   12907
 25.000   -5.24   11.75  0.0470   -0.19    3.41   11.43    6.83    0.65   12616
 25.500   -5.15   12.21  0.0903   -0.20    3.38   11.82    6.94    0.66   12471
 26.000   -5.01   12.73  0.1281   -0.21    3.47   12.20    7.15    0.67   12183
 26.500   -4.85   13.33  0.1584   -0.20    3.62   12.64    7.40    0.65   12018
 27.000   -4.66   13.87  0.1760   -0.22    3.64   13.11    7.53    0.65   11586
 27.500   -4.51   14.45  0.1866   -0.24    3.87   13.60    7.75    0.62   11004
 28.000   -4.26   15.03  0.2106   -0.18    4.07   14.09    7.92    0.56   10666
 28.500   -4.00   15.64  0.2130   -0.08    4.15   14.62    8.08    0.56    9945
 29.000   -3.56   16.28  0.2161   -0.01    4.39   15.15    8.26    0.57    9216
 29.500   -3.19   16.96  0.2132    0.08    4.59   15.73    8.53    0.55    8883
 30.000   -2.81   17.54  0.2033    0.20    4.80   16.29    8.71    0.56    8274
