      74612      35.68N  117.68W
     T A B L E  I -   1.  W I N D  S T A T I S T I C A L  P A R A M E T E R S
                                   January
 STATION =   746120     CHINA LAKE NAWS, CA
    Z    MEAN U   SD  U  R(U,V)  MEAN V   SD  V MEAN WS  SD  WS SKEW WS    NOBS
    KM     M/S     M/S             M/S     M/S     M/S     M/S                 
  0.000    0.00    0.00  0.0000    0.00    0.00    0.00    0.00    0.00       0
  0.667    0.23    1.87 -0.0110    0.41    1.75    1.70    1.97    2.18     250
  1.000    0.39    3.03  0.2303    0.61    2.92    3.40    2.78    1.43     250
  1.500    1.11    3.48  0.3067    0.07    4.32    4.66    3.30    0.97     250
  2.000    2.45    5.15  0.2974   -1.01    5.17    6.73    4.14    0.65     250
  2.500    3.92    6.99  0.1895   -1.97    6.19    9.06    5.16    0.55     250
  3.000    5.43    8.54  0.1615   -2.95    7.25   11.15    6.30    0.48     250
  3.500    6.78    9.25  0.1760   -3.26    7.87   12.64    6.80    0.37     250
  4.000    7.96    9.81  0.2134   -3.57    8.55   13.95    7.35    0.30     250
  4.500    9.08   10.34  0.2125   -3.65    9.29   15.10    8.02    0.32     249
  5.000   10.05   11.01  0.1832   -3.65   10.04   16.14    8.85    0.33     248
  5.500   11.07   11.77  0.1523   -3.80   10.78   17.38    9.50    0.37     246
  6.000   11.77   12.32  0.1464   -4.05   11.38   18.32   10.08    0.47     245
  6.500   12.32   12.78  0.1228   -4.54   11.83   19.24   10.30    0.52     242
  7.000   13.45   13.35  0.0671   -4.81   12.48   20.65   10.64    0.44     236
  7.500   14.28   14.00  0.0238   -5.32   13.15   21.91   11.05    0.35     236
  8.000   15.08   14.92  0.0078   -5.89   13.85   23.33   11.59    0.32     234
  8.500   16.12   15.84  0.0014   -6.32   14.40   24.68   12.31    0.41     232
  9.000   17.35   17.01  0.0155   -6.68   15.23   26.28   13.32    0.52     232
  9.500   19.41   17.80  0.0282   -6.98   16.04   28.34   14.02    0.53     198
 10.000   21.44   18.35  0.0520   -7.85   16.56   30.56   14.14    0.47     187
 10.500   22.52   18.31  0.0812   -8.38   16.74   31.54   14.06    0.53     186
 11.000   23.73   17.71  0.1143   -8.60   15.99   31.95   13.80    0.52     179
 11.500   24.71   17.23  0.1371   -8.27   15.17   31.97   13.71    0.55     179
 12.000   25.64   16.67  0.1653   -7.78   14.35   31.91   13.58    0.55     175
 12.500   25.66   15.85  0.1731   -7.10   13.22   31.09   13.12    0.54     174
 13.000   25.62   15.31  0.1581   -6.57   12.36   30.35   13.03    0.48     173
 13.500   25.05   14.28  0.1464   -6.19   11.69   29.23   12.46    0.54     170
 14.000   24.00   13.35  0.1609   -5.95   11.61   28.05   11.83    0.64     161
 14.500   22.70   12.57  0.1988   -5.61   11.19   26.69   11.01    0.73     161
 15.000   20.93   11.81  0.2212   -5.14   10.60   24.77   10.34    0.81     159
 15.500   18.97   10.71  0.1793   -4.98    9.77   22.64    9.36    0.80     155
 16.000   17.06    9.44  0.1886   -4.90    8.83   20.45    8.23    0.64     155
 16.500   15.99    8.30  0.2622   -4.78    8.37   19.20    7.16    0.29     109
 17.000   13.79    7.33  0.3128   -4.51    7.56   16.94    6.32    0.26     103
 17.500   11.44    6.47  0.2295   -4.36    6.83   14.43    5.90    0.25     102
 18.000    9.65    6.05  0.1881   -4.01    6.10   12.48    5.55    0.50     102
 18.500    7.37    5.99  0.1290   -4.11    5.91   10.64    5.41    0.54      91
 19.000    6.08    5.46  0.0292   -3.58    5.25    9.52    4.53    0.58      84
 19.500    4.88    5.49 -0.0322   -3.49    4.72    8.40    4.44    0.88      79
 20.000    3.37    5.52  0.0319   -3.36    4.20    7.76    3.89    1.14      73
 20.500    0.60    4.94 -0.0262   -3.35    3.95    6.54    3.13    1.27      67
 21.000   -0.62    4.46  0.0550   -3.29    3.64    6.40    2.52    0.64      60
 21.500   -1.35    4.70  0.1010   -3.47    3.93    6.77    2.75    0.56      59
 22.000   -2.21    4.99  0.0558   -3.38    4.28    7.04    3.24    0.61      56
 22.500   -2.92    4.98  0.0121   -3.78    3.08    7.24    2.70    0.08      53
 23.000   -3.29    5.38  0.0422   -3.81    2.57    7.40    3.02    0.31      47
 23.500   -4.12    5.69  0.0001   -3.75    2.93    7.89    3.41    0.15      44
 24.000   -4.68    6.02  0.0408   -3.66    3.16    8.32    3.71    0.11      43
 24.500   -5.27    5.99  0.1382   -3.63    3.29    8.63    3.98    0.40      41
 25.000   -6.05    6.26  0.2932   -3.80    3.74    9.15    4.53    0.57      40
 25.500   -6.09    6.32  0.3886   -3.91    3.67    9.26    4.70    0.58      38
 26.000   -6.39    6.78  0.4866   -3.95    3.81    9.60    5.20    0.79      38
 26.500   -6.45    7.50  0.4785   -3.69    4.07    9.70    5.83    0.87      37
 27.000   -6.76    7.93  0.4247   -3.55    4.38   10.10    6.33    0.80      37
 27.500   -6.73    8.59  0.3325   -3.57    4.25   10.36    6.67    0.76      37
 28.000   -6.85    9.52  0.3823   -3.51    4.49   10.90    7.22    0.69      36
 28.500   -6.82   10.06  0.3657   -3.97    4.85   11.49    7.49    0.84      35
 29.000   -7.31   10.46  0.3871   -4.33    5.04   12.30    7.57    0.79      35
 29.500   -7.65   11.15  0.3606   -4.45    5.76   13.12    8.02    0.68      35
 30.000   -7.74   11.84  0.4084   -3.96    6.47   13.95    7.91    0.60      33
     T A B L E  I -   2.  W I N D  S T A T I S T I C A L  P A R A M E T E R S
                                  February
 STATION =   746120     CHINA LAKE NAWS, CA
    Z    MEAN U   SD  U  R(U,V)  MEAN V   SD  V MEAN WS  SD  WS SKEW WS    NOBS
    KM     M/S     M/S             M/S     M/S     M/S     M/S                 
  0.000    0.00    0.00  0.0000    0.00    0.00    0.00    0.00    0.00       0
  0.667    0.57    2.28  0.2202    0.57    2.58    2.34    2.65    1.71     261
  1.000    1.00    3.31  0.3239    0.76    3.91    3.99    3.58    1.59     261
  1.500    1.58    3.61  0.3661    0.19    4.67    4.92    3.69    1.28     261
  2.000    2.19    4.69  0.3857   -0.40    5.21    6.29    3.99    1.24     261
  2.500    3.50    6.28  0.3533   -0.70    6.24    8.23    4.95    1.00     261
  3.000    5.34    7.66  0.3451   -0.91    7.39   10.32    6.03    0.70     260
  3.500    6.94    8.62  0.3194   -1.07    8.44   12.26    6.79    0.65     259
  4.000    8.19    9.38  0.2923   -1.11    9.52   14.03    7.26    0.53     254
  4.500    9.28   10.22  0.2777   -0.94   10.58   15.57    8.01    0.68     249
  5.000   10.61   11.06  0.2623   -0.68   11.74   17.17    8.95    0.97     248
  5.500   11.60   11.37  0.2587   -0.74   12.73   18.43    9.34    0.68     246
  6.000   12.80   11.95  0.2420   -0.73   13.42   19.80    9.84    0.65     243
  6.500   14.26   12.77  0.2470   -0.64   14.27   21.39   10.66    0.67     229
  7.000   15.26   13.48  0.3034   -0.54   15.19   22.72   11.38    0.63     219
  7.500   16.64   14.21  0.2925   -0.54   16.13   24.26   12.33    0.61     219
  8.000   18.11   14.82  0.2802   -0.36   16.92   25.81   13.10    0.58     219
  8.500   19.57   15.57  0.2697   -0.29   17.58   27.46   13.55    0.52     218
  9.000   20.88   16.48  0.2587   -0.43   18.24   29.07   14.01    0.51     218
  9.500   21.88   17.63  0.3031    0.00   19.27   30.73   14.75    0.54     189
 10.000   23.29   18.16  0.3512   -0.22   19.38   31.83   15.40    0.57     177
 10.500   24.80   18.60  0.4009   -0.30   19.34   32.77   16.13    0.66     170
 11.000   25.62   17.80  0.4122   -0.16   18.47   32.72   15.76    0.71     167
 11.500   26.84   16.75  0.4250    0.42   17.49   32.76   15.47    0.76     164
 12.000   27.60   15.23  0.4205    0.59   16.65   32.42   14.88    0.63     160
 12.500   27.14   12.91  0.4365    0.25   14.94   31.06   12.89    0.47     158
 13.000   26.39   11.20  0.4110   -0.08   14.12   29.95   11.37    0.30     157
 13.500   25.47   10.01  0.3757   -0.22   13.18   28.65   10.23    0.02     156
 14.000   24.58    9.17  0.3479   -0.21   12.57   27.56    9.43   -0.23     150
 14.500   23.18    8.31  0.4015    0.19   11.36   25.85    8.46   -0.39     148
 15.000   21.87    7.79  0.4151    0.47   10.47   24.27    7.93   -0.42     148
 15.500   19.96    7.50  0.4080    0.66    9.67   22.25    7.61   -0.17     147
 16.000   18.18    7.76  0.3653    0.51    8.74   20.28    7.69    0.06     147
 16.500   16.11    7.61  0.2743   -1.46    7.60   18.08    7.31    0.01      97
 17.000   14.30    7.13  0.2264   -1.50    6.60   16.31    6.46    0.14      93
 17.500   12.27    7.20  0.2020   -1.63    5.82   14.26    6.34    0.37      92
 18.000   10.22    7.04  0.1128   -1.95    4.95   12.35    5.88    0.36      90
 18.500    8.44    6.79  0.0807   -2.00    5.08   10.92    5.32    0.30      86
 19.000    7.82    7.73  0.2991   -1.53    4.77   10.69    5.83    0.62      63
 19.500    6.54    8.13  0.4041   -1.27    4.00    9.47    6.14    0.81      59
 20.000    5.69    8.04  0.3096   -1.28    3.67    9.26    5.35    0.66      57
 20.500    3.93    8.51  0.0384   -1.79    3.73    9.02    4.86    0.68      53
 21.000    3.18    8.57 -0.0342   -1.98    3.47    9.00    4.44    0.53      48
 21.500    2.28    8.76  0.0444   -1.50    3.26    8.83    4.34    0.65      47
 22.000    2.02    8.95  0.1162   -1.13    3.22    8.75    4.45    0.46      45
 22.500    0.34    8.54 -0.0403   -1.80    2.93    8.42    4.00    0.49      42
 23.000   -0.24    8.81 -0.0197   -2.13    2.63    8.56    4.11    0.58      41
 23.500   -1.85    9.11  0.1526   -1.72    2.78    8.69    4.69    0.67      37
 24.000   -2.17   10.07  0.2269   -1.37    2.99    9.29    5.39    0.72      37
 24.500   -2.29   10.01 -0.0432   -1.65    2.63    9.47    5.02    0.54      37
 25.000   -2.37    9.99 -0.2549   -1.98    2.63    9.57    4.84    0.33      37
 25.500   -2.51   10.33 -0.1052   -1.89    2.64    9.91    5.04    0.31      37
 26.000   -2.66   11.09  0.0711   -1.80    2.96   10.63    5.33    0.25      37
 26.500   -2.70   12.06  0.0974   -1.75    3.24   11.53    5.66    0.23      36
 27.000   -2.64   11.86  0.0640   -1.17    3.25   11.45    5.64    0.35      33
 27.500   -2.14   11.78 -0.0244   -0.71    3.62   11.37    5.66    0.38      33
 28.000   -2.06   12.39 -0.0877   -0.95    3.61   11.79    6.05    0.43      33
 28.500   -2.59   12.50 -0.0919   -0.75    4.25   11.77    6.74    0.72      31
 29.000   -2.81   13.16  0.0456   -0.29    4.31   12.39    7.15    0.69      31
 29.500   -2.42   13.90  0.2101   -0.49    5.42   13.16    7.64    0.45      30
 30.000   -2.10   14.33  0.2678   -0.79    6.07   13.73    7.68    0.35      30
     T A B L E  I -   3.  W I N D  S T A T I S T I C A L  P A R A M E T E R S
                                     March
 STATION =   746120     CHINA LAKE NAWS, CA
    Z    MEAN U   SD  U  R(U,V)  MEAN V   SD  V MEAN WS  SD  WS SKEW WS    NOBS
    KM     M/S     M/S             M/S     M/S     M/S     M/S                 
  0.000    0.00    0.00  0.0000    0.00    0.00    0.00    0.00    0.00       0
  0.667    0.64    2.93  0.1361    0.93    2.64    2.79    3.01    1.85     331
  1.000    1.00    3.66  0.1466    1.04    3.53    4.26    3.29    1.56     334
  1.500    1.50    4.11  0.1104    0.37    4.28    4.98    3.64    1.60     334
  2.000    2.23    4.54  0.1411   -0.38    4.93    6.03    3.93    1.41     334
  2.500    3.47    5.37  0.2052   -0.89    5.77    7.57    4.44    1.13     334
  3.000    4.73    6.43  0.2189   -1.19    6.64    9.03    5.32    0.96     333
  3.500    6.30    7.18  0.2462   -1.20    7.39   10.66    6.05    1.03     329
  4.000    7.65    7.86  0.2620   -1.11    8.14   12.18    6.64    1.06     327
  4.500    8.66    8.41  0.2592   -1.13    8.87   13.43    7.10    0.99     327
  5.000    9.63    8.99  0.2511   -1.13    9.69   14.61    7.67    0.93     326
  5.500   10.69    9.37  0.2508   -1.25   10.51   15.81    8.10    0.92     324
  6.000   11.95   10.13  0.2391   -1.56   11.15   17.27    8.68    0.84     320
  6.500   13.26   11.01  0.1969   -1.71   11.57   18.68    9.30    0.90     307
  7.000   14.21   11.88  0.1816   -1.68   12.43   20.03   10.04    0.85     302
  7.500   15.07   12.62  0.1705   -1.72   13.26   21.26   10.65    0.78     300
  8.000   16.05   13.32  0.1719   -1.90   13.82   22.54   11.09    0.63     300
  8.500   17.05   14.05  0.1552   -2.20   14.12   23.71   11.49    0.47     297
  9.000   18.23   14.82  0.1490   -2.53   14.67   25.10   12.02    0.39     295
  9.500   19.00   15.18  0.0881   -3.04   15.24   26.00   12.58    0.29     264
 10.000   19.67   15.30  0.0912   -3.32   15.29   26.51   12.84    0.29     256
 10.500   20.64   15.44  0.0962   -3.50   15.55   27.33   13.10    0.34     250
 11.000   20.96   15.05  0.1169   -3.44   15.52   27.54   12.82    0.50     247
 11.500   21.85   14.67  0.1129   -3.54   14.99   27.82   12.72    0.63     247
 12.000   22.65   14.04  0.0468   -2.97   13.69   27.43   12.45    0.57     241
 12.500   22.98   13.20  0.0075   -2.21   12.34   26.92   11.87    0.57     241
 13.000   23.04   12.29  0.0301   -1.43   10.84   26.16   11.09    0.37     239
 13.500   22.75   11.37  0.0745   -1.26    9.81   25.25   10.61    0.39     236
 14.000   22.06   10.72  0.1558   -1.22    9.00   24.07   10.32    0.41     223
 14.500   20.55   10.15  0.1698   -1.13    8.04   22.35    9.78    0.54     222
 15.000   19.06    9.82  0.1262   -1.03    7.67   20.79    9.49    0.83     221
 15.500   17.32    8.22  0.1090   -0.62    7.23   19.03    7.94    0.64     220
 16.000   15.61    7.12  0.1138   -0.31    6.80   17.22    6.87    0.58     219
 16.500   13.95    6.24  0.1831   -0.09    6.16   15.29    6.24    0.56     140
 17.000   12.12    5.49  0.1632   -0.31    5.42   13.43    5.46    0.62     138
 17.500   10.27    4.91  0.1529   -0.60    5.09   11.68    4.75    0.55     138
 18.000    8.86    4.77  0.1434   -0.50    5.03   10.46    4.51    0.51     138
 18.500    7.39    4.77  0.0881   -0.59    4.93    9.07    4.49    0.76     133
 19.000    6.14    4.55  0.1700   -0.50    4.61    7.92    4.53    1.24     108
 19.500    4.84    4.56  0.1838   -0.79    3.87    6.81    4.13    1.08     105
 20.000    3.57    4.29  0.1340   -0.84    3.46    6.20    3.28    1.02      96
 20.500    2.06    4.26  0.1370   -0.82    3.30    5.39    2.71    1.52      94
 21.000    0.74    4.25  0.1662   -0.72    2.74    4.94    2.31    1.93      83
 21.500   -0.42    4.14  0.1378   -0.75    2.45    4.91    2.13    1.78      77
 22.000   -1.72    4.35  0.2025   -0.46    2.92    5.32    2.22    0.75      72
 22.500   -2.66    4.20  0.3140   -0.36    2.62    5.70    2.11    0.72      66
 23.000   -3.19    4.12  0.1857   -0.44    2.78    5.92    2.22    0.53      62
 23.500   -3.80    4.23  0.2938   -0.64    2.90    6.21    2.54    0.50      61
 24.000   -4.21    4.53  0.2427   -0.90    3.14    6.47    2.87    0.54      60
 24.500   -4.50    4.55  0.1278   -0.80    2.83    6.62    3.16    0.72      58
 25.000   -4.70    4.72  0.0466   -0.40    2.84    6.61    3.50    0.75      55
 25.500   -4.68    4.76  0.0691   -0.43    2.67    6.65    3.53    1.00      55
 26.000   -4.61    4.91  0.0890   -0.47    3.04    6.71    3.65    1.12      55
 26.500   -4.54    5.32  0.0898   -0.19    3.57    6.88    3.84    1.09      55
 27.000   -4.24    5.63  0.0268   -0.35    3.53    7.11    4.00    0.95      55
 27.500   -3.74    5.99  0.1027   -0.81    3.60    7.23    4.04    1.01      54
 28.000   -3.29    6.37  0.1108   -1.04    3.79    7.43    3.92    0.96      54
 28.500   -2.84    7.12  0.1210   -0.92    3.84    7.75    4.10    1.01      53
 29.000   -2.51    8.04  0.1219   -0.82    3.75    8.44    4.34    0.95      52
 29.500   -1.96    8.83  0.1656   -0.71    3.98    8.91    4.78    0.85      52
 30.000   -1.74    9.24  0.0900   -0.95    3.88    9.20    4.83    0.95      51
     T A B L E  I -   4.  W I N D  S T A T I S T I C A L  P A R A M E T E R S
                                     April
 STATION =   746120     CHINA LAKE NAWS, CA
    Z    MEAN U   SD  U  R(U,V)  MEAN V   SD  V MEAN WS  SD  WS SKEW WS    NOBS
    KM     M/S     M/S             M/S     M/S     M/S     M/S                 
  0.000    0.00    0.00  0.0000    0.00    0.00    0.00    0.00    0.00       0
  0.667    0.61    3.46  0.1178    0.34    3.46    3.45    3.53    1.61     259
  1.000    0.87    3.69  0.1656   -0.18    4.57    4.74    3.75    1.37     259
  1.500    1.57    3.94  0.2080   -0.95    4.93    5.28    3.96    1.34     259
  2.000    1.91    4.57  0.3065   -1.59    5.02    6.03    4.20    1.13     259
  2.500    2.43    5.65  0.3104   -1.97    5.26    7.05    4.64    1.04     259
  3.000    3.28    6.71  0.2799   -1.96    5.87    8.07    5.43    1.06     259
  3.500    4.58    7.50  0.2740   -2.09    6.61    9.49    6.23    0.96     259
  4.000    5.82    8.48  0.2618   -2.44    7.59   11.14    7.14    0.81     258
  4.500    7.18    9.58  0.2552   -2.83    8.84   12.98    8.16    0.76     255
  5.000    8.45   10.70  0.2177   -3.16   10.14   14.75    9.23    0.80     254
  5.500    9.75   11.89  0.1760   -3.33   10.94   16.20   10.29    0.89     252
  6.000   10.72   12.93  0.1879   -3.64   11.82   17.75   11.02    0.94     248
  6.500   11.51   13.46  0.1756   -4.00   12.75   19.11   11.33    0.81     247
  7.000   12.37   14.09  0.1735   -4.44   13.88   20.51   12.02    0.80     241
  7.500   13.19   14.47  0.1683   -4.76   14.61   21.48   12.59    0.75     241
  8.000   14.06   14.96  0.1661   -5.06   15.21   22.58   13.05    0.67     241
  8.500   14.98   15.54  0.1833   -5.41   15.91   23.80   13.56    0.61     241
  9.000   15.89   16.08  0.2097   -5.79   16.46   24.86   14.09    0.62     241
  9.500   15.92   15.52  0.1858   -6.35   16.79   25.06   13.75    0.63     203
 10.000   17.54   15.25  0.1505   -6.47   17.34   26.18   14.12    0.57     193
 10.500   18.65   15.24  0.1267   -6.38   17.53   26.80   14.49    0.57     192
 11.000   19.68   15.22  0.0883   -5.93   16.43   26.99   14.17    0.62     190
 11.500   20.40   14.90  0.0614   -5.43   15.55   26.89   13.82    0.65     190
 12.000   20.64   14.27  0.0564   -5.12   14.56   26.32   13.29    0.72     188
 12.500   20.83   13.50  0.0571   -4.55   13.24   25.67   12.64    0.76     188
 13.000   20.58   12.48  0.0520   -3.92   12.09   24.62   11.89    0.80     188
 13.500   20.13   11.25  0.0442   -3.01   10.92   23.27   11.08    0.80     187
 14.000   18.76   10.16  0.0463   -1.86    9.56   21.20   10.13    0.89     166
 14.500   17.78    9.23  0.1204   -1.61    8.70   19.97    9.27    0.93     166
 15.000   16.42    8.79  0.1487   -1.50    7.99   18.45    8.73    0.93     165
 15.500   15.19    7.76  0.1015   -1.14    7.40   17.13    7.68    0.77     164
 16.000   13.99    7.14  0.0874   -0.67    7.03   15.80    7.10    0.69     164
 16.500   12.41    6.31  0.1132   -0.35    6.36   13.98    6.39    0.58     121
 17.000   10.67    5.30  0.0916   -0.59    5.37   12.22    5.18    0.55     118
 17.500    8.76    4.81  0.1799   -0.60    4.44   10.37    4.01    0.42     117
 18.000    7.57    4.49  0.1301   -0.28    4.12    9.22    3.68    0.36     113
 18.500    6.51    4.93  0.2082   -0.28    3.99    8.15    4.19    0.71     106
 19.000    4.72    4.27 -0.0009   -0.83    3.59    7.01    3.07    0.49      92
 19.500    3.99    4.32  0.1207   -0.51    3.97    6.53    3.17    0.90      87
 20.000    3.21    4.09  0.1291   -0.27    3.25    5.91    2.45    0.40      79
 20.500    2.16    4.35  0.0718   -0.36    3.14    5.42    2.31    0.52      70
 21.000    1.19    4.18  0.0247   -0.14    3.01    5.23    1.90    0.10      58
 21.500    0.52    4.14 -0.1041   -0.40    2.88    5.17    1.80    0.31      55
 22.000    0.21    4.44 -0.0995   -0.60    3.29    5.37    2.02    0.33      52
 22.500   -0.81    4.51 -0.0448   -0.10    3.15    5.49    2.18    0.10      49
 23.000   -1.32    4.62 -0.1767   -0.35    3.13    5.60    2.33    0.29      47
 23.500   -1.43    5.21 -0.1192   -0.28    2.93    5.79    2.59    0.40      46
 24.000   -1.38    5.72 -0.1598   -0.27    3.09    6.04    2.83    0.51      44
 24.500   -1.30    6.05 -0.0776   -0.46    2.72    6.36    2.80    0.29      44
 25.000   -1.25    6.70 -0.0138   -0.23    2.96    6.79    3.27    0.52      43
 25.500   -1.25    6.86 -0.1087    0.15    2.77    7.02    3.11    0.55      42
 26.000   -0.94    7.17 -0.2281    0.16    2.96    7.40    2.97    0.36      42
 26.500   -0.76    7.77 -0.1840    0.21    3.45    7.93    3.00    0.14      39
 27.000    0.35    8.10 -0.1403    0.47    3.16    8.35    3.03   -0.08      38
 27.500    1.04    8.58 -0.1591    0.94    3.00    8.91    3.06   -0.16      37
 28.000    1.92    8.97 -0.1080    1.46    3.01    9.44    3.14   -0.14      37
 28.500    2.19    9.16 -0.0270    1.86    3.57    9.82    3.27   -0.40      36
 29.000    2.62    9.41  0.0298    2.07    3.55   10.36    3.06   -0.18      36
 29.500    3.38   10.06  0.0353    2.04    3.70   11.18    3.29   -0.14      36
 30.000    4.21   10.68 -0.0029    1.82    3.92   11.91    3.62   -0.25      36
     T A B L E  I -   5.  W I N D  S T A T I S T I C A L  P A R A M E T E R S
                                       May
 STATION =   746120     CHINA LAKE NAWS, CA
    Z    MEAN U   SD  U  R(U,V)  MEAN V   SD  V MEAN WS  SD  WS SKEW WS    NOBS
    KM     M/S     M/S             M/S     M/S     M/S     M/S                 
  0.000    0.00    0.00  0.0000    0.00    0.00    0.00    0.00    0.00       0
  0.667    0.01    2.69 -0.0407    1.27    2.54    2.95    2.56    1.38     347
  1.000    0.11    3.00 -0.0894    1.09    3.59    4.03    2.74    1.41     349
  1.500    0.65    2.88  0.0012    0.72    4.19    4.45    2.68    1.06     349
  2.000    0.93    3.21  0.1018    0.61    4.51    4.95    2.89    1.18     349
  2.500    1.24    3.96  0.1224    0.59    4.97    5.60    3.43    1.27     349
  3.000    1.75    4.66  0.0746    0.64    5.70    6.45    4.08    1.50     349
  3.500    2.63    5.16  0.0521    0.55    6.37    7.59    4.37    1.16     348
  4.000    3.89    5.88  0.0169    0.56    7.33    9.06    4.99    0.92     343
  4.500    4.87    6.59 -0.0076    0.50    8.32   10.43    5.58    0.81     340
  5.000    5.78    7.41 -0.0015    0.59    9.24   11.72    6.23    0.71     339
  5.500    6.88    8.20  0.0156    0.60    9.98   13.00    6.84    0.75     335
  6.000    7.98    8.91  0.0436    0.65   10.78   14.33    7.45    0.71     330
  6.500    9.12    9.57  0.0499    0.69   11.54   15.57    8.19    0.70     325
  7.000   10.25   10.28  0.0582    0.78   12.48   16.97    8.95    0.76     313
  7.500   11.48   11.06  0.0792    1.09   13.53   18.52    9.77    0.83     300
  8.000   12.26   11.76  0.1041    1.41   14.38   19.72   10.48    0.83     296
  8.500   12.90   12.28  0.1107    1.67   15.26   20.84   10.92    0.74     291
  9.000   13.58   12.82  0.1164    1.72   16.10   21.99   11.33    0.61     291
  9.500   14.40   13.32  0.1295    2.35   16.85   23.17   11.70    0.45     266
 10.000   15.07   14.05  0.1654    2.64   17.45   24.37   11.98    0.30     251
 10.500   15.77   14.73  0.1959    2.55   17.95   25.36   12.29    0.24     251
 11.000   16.33   14.88  0.2049    2.48   17.69   25.83   11.94    0.14     250
 11.500   16.97   14.69  0.1983    2.39   17.26   26.01   11.60    0.10     250
 12.000   17.59   14.42  0.1657    2.41   16.48   25.69   11.62    0.13     247
 12.500   17.64   13.71  0.1646    2.07   15.30   24.85   11.06    0.03     245
 13.000   17.23   12.76  0.1763    1.71   14.23   23.75   10.13   -0.19     244
 13.500   16.70   11.35  0.2312    1.91   12.70   22.24    9.03   -0.28     244
 14.000   15.68   10.63  0.1949    2.35   11.35   20.58    8.37   -0.23     227
 14.500   14.61    9.71  0.1980    2.32    9.96   18.92    7.72   -0.04     225
 15.000   13.70    8.98  0.1433    2.38    8.83   17.31    7.36    0.17     223
 15.500   12.54    8.15  0.1509    2.50    8.06   15.94    6.66    0.19     217
 16.000   11.11    7.49  0.1503    2.93    7.27   14.31    6.26    0.24     215
 16.500   10.24    6.81  0.2203    3.09    6.45   12.93    5.97    0.23     153
 17.000    8.66    6.00  0.1304    2.85    5.61   11.36    5.14    0.34     146
 17.500    7.04    5.33  0.0035    2.55    5.20    9.85    4.28    0.56     145
 18.000    5.63    5.00 -0.0807    2.28    4.79    8.52    3.95    0.95     143
 18.500    4.32    4.73  0.0124    1.95    4.14    7.15    3.66    1.17     138
 19.000    2.98    4.13 -0.0394    1.86    3.04    5.86    2.82    1.42     117
 19.500    1.74    3.95 -0.2653    1.38    3.06    5.14    2.52    1.87     110
 20.000    0.70    3.58 -0.2535    1.00    2.92    4.83    1.91    1.21     102
 20.500    0.11    3.65 -0.2291    0.82    2.91    4.66    2.02    1.59      79
 21.000   -0.14    3.32 -0.2609    0.71    2.94    4.44    1.92    1.28      63
 21.500   -0.56    3.09 -0.1216    0.18    2.99    4.29    1.81    0.40      53
 22.000   -1.14    3.53 -0.0522    0.68    2.79    4.54    1.88    0.16      43
 22.500   -1.43    3.60 -0.0279    0.85    2.83    4.75    1.96    0.41      42
 23.000   -1.60    3.51  0.1378    0.66    2.60    4.61    1.94    1.24      41
 23.500   -2.02    3.54  0.2023    0.65    2.18    4.39    2.13    2.02      40
 24.000   -2.00    3.70  0.3144    0.90    2.28    4.22    2.46    2.08      39
 24.500   -1.65    3.78  0.3377    1.16    2.43    4.60    2.42    1.57      39
 25.000   -1.12    4.42  0.2856    1.00    2.67    4.95    2.54    1.25      39
 25.500   -0.62    4.79 -0.0161    0.86    2.63    5.26    2.67    1.15      36
 26.000   -0.38    4.89 -0.0864    1.16    2.88    5.53    2.67    0.76      36
 26.500    0.21    4.91 -0.0350    1.75    3.24    5.61    2.77    0.93      35
 27.000    0.52    5.33  0.1951    1.65    3.62    6.08    3.26    1.49      33
 27.500    0.61    5.45  0.2231    1.31    3.64    6.24    3.09    1.16      33
 28.000    0.54    6.11  0.1353    1.59    3.11    6.59    3.25    0.79      32
 28.500    1.08    6.49  0.0933    1.57    3.56    6.99    3.06    0.36      32
 29.000    1.30    6.45  0.0517    1.82    3.27    7.28    2.82    1.05      32
 29.500    1.55    6.79  0.1335    1.96    3.37    7.56    3.25    1.57      31
 30.000    1.68    6.61  0.1444    2.29    3.43    7.55    3.30    1.47      31
     T A B L E  I -   6.  W I N D  S T A T I S T I C A L  P A R A M E T E R S
                                      June
 STATION =   746120     CHINA LAKE NAWS, CA
    Z    MEAN U   SD  U  R(U,V)  MEAN V   SD  V MEAN WS  SD  WS SKEW WS    NOBS
    KM     M/S     M/S             M/S     M/S     M/S     M/S                 
  0.000    0.00    0.00  0.0000    0.00    0.00    0.00    0.00    0.00       0
  0.667    0.52    2.87  0.1639    1.39    2.47    3.01    2.74    1.41     342
  1.000    0.63    3.28  0.2234    1.61    3.30    4.14    2.83    1.14     342
  1.500    1.25    3.06  0.1937    1.36    3.39    4.21    2.60    0.93     342
  2.000    1.73    3.35  0.2256    1.30    3.58    4.71    2.67    0.80     342
  2.500    2.32    4.04  0.1945    1.36    3.66    5.35    3.00    0.89     342
  3.000    2.97    4.93  0.1162    1.55    4.20    6.36    3.67    0.94     342
  3.500    3.87    5.64  0.0873    1.95    4.90    7.55    4.44    1.23     342
  4.000    4.92    6.35  0.0700    2.59    5.41    8.78    5.16    1.30     341
  4.500    6.16    6.99  0.1073    3.23    6.02   10.02    5.99    0.97     339
  5.000    7.53    7.53  0.1530    3.72    6.64   11.36    6.66    0.81     338
  5.500    8.67    7.91  0.1890    4.01    7.49   12.64    7.20    0.73     337
  6.000    9.68    8.23  0.2224    4.24    8.24   13.66    7.84    0.62     336
  6.500   10.46    8.63  0.2666    4.38    8.83   14.54    8.40    0.63     335
  7.000   11.33    9.01  0.2467    4.49    9.34   15.53    8.80    0.62     321
  7.500   11.76    9.12  0.1545    4.40    9.64   15.96    8.92    0.62     310
  8.000   12.48    9.47  0.1102    4.00   10.16   16.72    9.29    0.68     290
  8.500   13.01    9.69  0.0897    3.67   10.77   17.29    9.72    0.80     280
  9.000   14.05   10.31  0.1253    3.41   11.53   18.49   10.38    0.84     266
  9.500   14.68   10.75  0.1758    3.60   12.49   19.57   10.83    0.87     257
 10.000   16.14   10.87  0.2176    4.14   13.24   21.28   10.95    0.79     223
 10.500   16.81   10.84  0.2837    4.48   13.82   22.16   11.05    0.59     220
 11.000   17.60   11.13  0.3295    4.73   14.19   23.11   11.10    0.49     219
 11.500   18.54   11.23  0.3361    4.80   14.02   23.85   11.06    0.50     218
 12.000   19.52   11.22  0.3485    4.84   14.03   24.58   11.13    0.50     218
 12.500   20.05   11.12  0.3492    4.89   13.48   24.80   10.83    0.55     218
 13.000   19.79   10.87  0.3752    4.86   12.75   24.32   10.33    0.66     218
 13.500   18.79   10.24  0.3876    4.64   11.67   23.00    9.48    0.82     211
 14.000   17.90    9.65  0.3805    4.47   10.55   21.63    8.82    0.92     209
 14.500   16.16    8.10  0.3541    4.33    9.41   19.57    7.31    0.63     198
 15.000   14.50    7.21  0.3457    4.03    8.61   17.64    6.61    0.47     197
 15.500   12.55    6.35  0.3519    3.82    7.94   15.58    5.97    0.35     192
 16.000   10.34    5.53  0.3719    3.62    7.01   13.32    5.20    0.25     191
 16.500    7.95    5.22  0.2770    3.12    6.35   10.95    4.76    0.44     183
 17.000    5.24    4.35  0.2606    2.30    5.69    8.66    3.83    0.33     138
 17.500    3.32    3.95  0.1751    1.86    5.19    7.36    3.03    0.16     138
 18.000    1.82    4.03  0.0953    1.72    4.92    6.55    2.55    0.14     135
 18.500    0.31    3.57  0.0494    1.60    3.99    5.68    1.82    0.09     131
 19.000   -0.94    3.17 -0.0692    1.36    3.29    4.97    1.65    0.35     117
 19.500   -2.06    3.20 -0.0417    1.32    3.13    5.11    1.99    0.74     108
 20.000   -3.40    3.05 -0.0105    1.14    2.71    5.31    2.10    0.66      98
 20.500   -4.35    2.76 -0.0808    1.37    2.17    5.66    1.90    0.43      82
 21.000   -4.91    2.53  0.0394    1.57    2.17    5.85    2.09    0.24      71
 21.500   -5.92    2.79  0.1671    1.25    1.87    6.65    2.53    0.34      61
 22.000   -6.31    3.16  0.0230    0.94    1.84    6.95    2.79    0.19      55
 22.500   -6.88    3.26 -0.3549    0.55    1.96    7.38    3.09    0.24      48
 23.000   -7.48    2.97 -0.1445    0.36    1.95    7.95    2.89    0.20      46
 23.500   -7.96    2.94 -0.1596    0.42    1.76    8.36    2.91    0.08      46
 24.000   -8.21    2.89 -0.2441    0.43    2.23    8.60    2.89    0.02      44
 24.500   -8.38    2.73  0.0373    0.49    1.93    8.76    2.67   -0.19      43
 25.000   -8.43    3.04  0.2053    0.81    1.91    8.85    2.90   -0.47      42
 25.500   -8.65    3.19  0.2242    0.95    1.96    9.10    2.92   -0.31      41
 26.000   -8.60    3.37  0.3701    0.95    1.88    9.17    2.94   -0.34      37
 26.500   -8.77    3.57  0.1964    0.95    2.44    9.36    3.31   -0.15      36
 27.000   -8.64    3.98  0.2829    1.36    3.05    9.47    3.59    0.10      33
 27.500   -8.82    4.14  0.2274    1.64    2.72    9.64    3.68    0.20      33
 28.000   -9.20    4.49 -0.0050    1.43    2.53    9.98    4.05    0.01      31
 28.500   -9.82    4.41 -0.0896    1.12    3.20   10.58    4.14    0.05      29
 29.000  -10.06    4.30 -0.0448    0.74    3.34   10.77    4.17   -0.13      29
 29.500  -10.38    4.31 -0.0509    0.70    3.05   11.11    4.03   -0.06      26
 30.000  -10.79    4.64 -0.1040    1.09    3.35   11.55    4.35   -0.03      26
     T A B L E  I -   7.  W I N D  S T A T I S T I C A L  P A R A M E T E R S
                                      July
 STATION =   746120     CHINA LAKE NAWS, CA
    Z    MEAN U   SD  U  R(U,V)  MEAN V   SD  V MEAN WS  SD  WS SKEW WS    NOBS
    KM     M/S     M/S             M/S     M/S     M/S     M/S                 
  0.000    0.00    0.00  0.0000    0.00    0.00    0.00    0.00    0.00       0
  0.667   -0.26    2.04  0.1445    1.74    2.29    2.66    2.32    1.40     346
  1.000   -0.47    2.53  0.2381    2.27    2.95    3.86    2.48    1.22     349
  1.500    0.39    2.57  0.1742    2.09    3.18    3.96    2.39    1.03     349
  2.000    0.87    2.98  0.3137    2.34    3.27    4.53    2.45    1.16     349
  2.500    1.17    3.28  0.3924    2.65    3.43    5.04    2.56    0.99     349
  3.000    1.53    3.61  0.3083    3.09    3.80    5.63    2.91    0.89     349
  3.500    1.88    4.10  0.2008    3.51    4.18    6.42    3.23    0.82     347
  4.000    2.21    4.53  0.1620    3.78    4.64    7.04    3.70    0.90     341
  4.500    2.50    5.05  0.1071    3.91    5.05    7.67    3.93    0.81     336
  5.000    3.11    5.34  0.0459    4.22    5.62    8.45    4.23    0.89     335
  5.500    3.72    5.91 -0.0090    4.35    6.19    9.25    4.67    0.82     328
  6.000    4.32    6.48 -0.0285    4.31    6.42    9.80    4.97    0.79     326
  6.500    5.02    6.71 -0.0294    4.23    6.59   10.30    5.16    0.85     324
  7.000    5.79    7.17 -0.0353    4.31    6.98   11.10    5.49    0.88     305
  7.500    6.47    7.63 -0.0408    4.24    7.49   11.79    5.95    0.87     300
  8.000    7.38    7.87 -0.0796    4.37    7.63   12.54    6.14    0.93     291
  8.500    8.10    8.26 -0.0868    4.79    8.00   13.41    6.46    0.98     288
  9.000    8.87    8.66 -0.0498    5.20    8.26   14.34    6.68    0.97     279
  9.500    9.66    9.03 -0.0251    5.82    8.61   15.37    6.90    0.90     270
 10.000   10.42    9.49 -0.0428    6.70    9.22   16.70    7.14    0.88     240
 10.500   11.20    9.72 -0.0572    7.63    9.75   17.88    7.46    0.84     237
 11.000   11.90   10.05 -0.0638    8.27   10.42   18.91    7.91    0.81     233
 11.500   12.40   10.29 -0.0125    8.80   10.54   19.56    8.24    0.89     231
 12.000   13.04   10.48  0.0386    9.23   10.77   20.17    8.73    0.77     231
 12.500   13.53   10.63  0.0873    9.42   10.81   20.43    9.21    0.67     231
 13.000   13.62   10.49  0.1130    9.07   10.52   20.07    9.34    0.65     229
 13.500   13.63   10.08  0.1370    8.65    9.86   19.45    9.11    0.69     228
 14.000   13.38    9.43  0.1555    7.74    8.92   18.32    8.54    0.65     227
 14.500   11.92    8.59  0.1651    6.73    8.09   16.41    7.80    0.65     220
 15.000    9.98    7.99  0.1829    5.65    7.51   14.28    7.27    0.79     219
 15.500    7.65    7.45  0.1554    4.52    6.88   11.98    6.58    0.83     214
 16.000    5.59    6.39  0.0651    3.88    5.88   10.20    5.14    0.74     211
 16.500    3.55    5.00  0.0075    3.35    5.48    8.23    4.05    0.80     210
 17.000    1.08    3.97  0.1951    3.34    4.29    6.54    3.16    1.24     130
 17.500   -0.37    3.47  0.1061    2.95    3.58    6.04    2.48    1.51     126
 18.000   -1.72    3.44 -0.0040    2.23    3.84    5.66    2.57    1.16     125
 18.500   -3.40    3.18 -0.0049    1.72    3.51    6.19    2.50    0.64     119
 19.000   -5.15    3.45  0.0446    1.17    3.77    7.02    2.74    0.37     102
 19.500   -6.16    2.87  0.0267    1.66    2.97    7.59    2.47    0.15      97
 20.000   -6.96    2.88  0.0914    1.64    2.96    8.02    2.66    0.11      89
 20.500   -7.61    2.78  0.1978    1.33    2.69    8.56    2.55   -0.21      79
 21.000   -8.33    3.22  0.3379    1.23    3.28    9.20    2.76   -0.16      70
 21.500   -8.64    2.81  0.3610    0.88    2.68    9.39    2.38   -0.16      63
 22.000   -9.37    2.74  0.2973    0.70    2.54    9.97    2.36   -0.02      57
 22.500  -10.26    2.66  0.2078    1.03    2.63   10.81    2.35   -0.33      52
 23.000  -10.90    2.52  0.3870    1.25    3.10   11.65    2.15   -0.35      44
 23.500  -11.32    3.40  0.5078    1.50    3.39   12.29    2.61   -0.47      43
 24.000  -11.88    4.05  0.4500    1.51    3.41   12.76    3.18   -0.28      41
 24.500  -12.30    3.87  0.3169    1.79    2.93   13.19    3.13   -0.10      41
 25.000  -12.51    3.58  0.1697    1.92    2.71   13.31    3.21    0.15      39
 25.500  -13.09    3.68  0.0947    1.32    2.47   13.47    3.59    0.14      36
 26.000  -13.37    3.35  0.2046    1.65    3.27   14.06    3.30   -0.02      35
 26.500  -13.78    3.34  0.2902    1.80    4.25   14.64    3.36   -0.21      32
 27.000  -14.29    3.40  0.3494    1.23    3.69   14.85    3.37    0.14      31
 27.500  -14.79    4.81  0.7010    1.51    3.78   15.86    3.06   -0.03      30
 28.000  -15.56    4.38  0.7041    1.75    3.74   16.54    2.95   -0.18      30
 28.500  -16.06    4.35  0.6505    1.85    4.14   17.03    3.10   -0.40      28
 29.000  -17.14    3.94  0.4652    1.70    3.89   17.80    3.42   -0.57      28
 29.500  -17.34    4.66  0.6301    2.33    4.47   18.39    3.70   -0.44      27
 30.000  -17.64    5.18  0.6951    2.63    5.03   18.97    3.83   -0.23      26
     T A B L E  I -   8.  W I N D  S T A T I S T I C A L  P A R A M E T E R S
                                    August
 STATION =   746120     CHINA LAKE NAWS, CA
    Z    MEAN U   SD  U  R(U,V)  MEAN V   SD  V MEAN WS  SD  WS SKEW WS    NOBS
    KM     M/S     M/S             M/S     M/S     M/S     M/S                 
  0.000    0.00    0.00  0.0000    0.00    0.00    0.00    0.00    0.00       0
  0.667   -0.00    1.81  0.0251    1.57    2.21    2.48    2.11    1.25     348
  1.000    0.22    2.58  0.1636    2.37    2.98    3.95    2.44    1.17     348
  1.500    1.03    2.64  0.1450    2.24    3.17    4.19    2.37    0.94     348
  2.000    1.73    2.99  0.2213    2.48    3.11    4.82    2.36    0.55     348
  2.500    2.33    3.56  0.3358    3.17    3.40    5.78    2.76    0.72     348
  3.000    2.57    4.02  0.3524    3.91    3.74    6.50    3.29    1.08     348
  3.500    2.66    4.10  0.3309    4.60    4.01    7.04    3.57    1.03     348
  4.000    2.71    4.18  0.3225    4.96    4.32    7.40    3.84    0.89     346
  4.500    2.73    4.46  0.2523    5.05    4.66    7.72    4.00    0.66     344
  5.000    2.92    4.68  0.2342    5.14    4.75    8.13    3.81    0.68     344
  5.500    3.31    4.84  0.2633    5.12    4.91    8.42    3.90    0.64     344
  6.000    3.84    4.90  0.2817    5.16    5.02    8.61    4.12    0.62     340
  6.500    4.30    5.05  0.2831    5.10    4.96    8.81    4.27    0.60     337
  7.000    4.82    5.35  0.3236    5.16    5.27    9.31    4.63    0.75     318
  7.500    5.69    5.79  0.3178    5.25    5.92   10.07    5.26    0.75     316
  8.000    6.72    6.19  0.2857    5.61    6.50   11.13    5.88    0.76     311
  8.500    7.63    6.59  0.2389    6.17    6.93   12.11    6.49    0.59     311
  9.000    8.69    6.76  0.2068    6.92    7.49   13.36    6.92    0.54     307
  9.500    9.72    6.95  0.1924    7.84    8.25   14.71    7.53    0.48     299
 10.000   11.24    7.16  0.1944    8.74    8.37   16.30    7.72    0.42     264
 10.500   12.27    7.36  0.1549    9.56    8.54   17.63    7.73    0.34     261
 11.000   13.45    7.76  0.1286   10.24    8.88   19.00    7.98    0.25     258
 11.500   14.20    7.72  0.0936   10.88    8.80   19.94    7.82    0.23     256
 12.000   14.78    7.78  0.0582   11.40    8.82   20.70    7.75    0.24     256
 12.500   15.16    7.78 -0.0048   11.69    8.88   21.17    7.61    0.13     255
 13.000   15.52    7.34 -0.0215   11.32    8.40   21.05    7.24    0.08     251
 13.500   15.15    6.90 -0.0125   10.64    8.11   20.22    7.02    0.10     250
 14.000   14.23    6.63  0.0171   10.02    7.60   19.00    6.77    0.22     247
 14.500   13.07    6.23  0.0224    9.16    6.94   17.49    6.19    0.11     236
 15.000   11.39    5.69  0.0248    7.83    6.15   15.37    5.39    0.01     235
 15.500    9.25    5.28  0.0435    6.20    5.42   12.77    4.72   -0.03     232
 16.000    6.37    4.46 -0.0329    5.47    4.76   10.40    3.81    0.27     231
 16.500    3.66    3.95  0.0237    4.78    4.55    8.12    3.48    0.55     227
 17.000    2.07    3.33  0.0568    4.13    4.13    6.85    2.95    0.87     167
 17.500    0.55    3.39  0.1464    3.27    3.49    6.16    2.15    1.05     165
 18.000   -1.20    3.59  0.2193    2.76    3.58    5.67    2.29    0.94     155
 18.500   -2.37    3.42  0.2389    2.52    2.74    5.73    1.99    0.45     148
 19.000   -3.67    3.42  0.0874    2.01    2.76    5.85    2.24    0.57     120
 19.500   -4.73    2.82  0.2143    1.64    2.34    6.31    1.85    0.53     107
 20.000   -5.79    2.81  0.1112    1.84    2.55    6.97    2.25    0.30      94
 20.500   -6.51    2.58  0.3518    1.53    2.51    7.55    1.96    0.44      87
 21.000   -7.59    2.45  0.2091    0.98    2.42    8.11    2.21   -0.35      77
 21.500   -8.33    2.26  0.2279    0.50    2.09    8.80    2.05    0.45      68
 22.000   -9.29    2.23  0.1705    0.61    1.63    9.59    2.12   -0.05      64
 22.500  -10.36    2.37  0.1496    0.86    1.94   10.61    2.31    0.03      54
 23.000  -10.99    2.28  0.0797    0.86    2.09   11.31    2.15    0.02      48
 23.500  -11.40    2.47  0.2172    0.79    1.69   11.65    2.38   -0.09      46
 24.000  -11.69    2.92  0.1691    0.71    1.88   11.94    2.83   -0.05      44
 24.500  -11.61    2.84  0.1839    0.55    1.86   11.84    2.77   -0.47      43
 25.000  -12.38    2.84 -0.0602    0.15    1.68   12.59    2.77   -0.41      42
 25.500  -13.37    3.33 -0.2529   -0.15    2.27   13.61    3.17   -0.42      41
 26.000  -14.35    2.88  0.0623    0.25    2.10   14.65    2.65   -0.57      39
 26.500  -14.99    2.59  0.2219    0.26    2.45   15.34    2.36   -0.39      38
 27.000  -15.55    2.78  0.1929    0.76    2.32   15.79    2.68   -0.19      35
 27.500  -15.61    3.16 -0.0052    1.21    1.54   15.80    3.15    0.10      32
 28.000  -15.82    3.61 -0.2832    1.33    1.65   16.04    3.63    0.26      31
 28.500  -16.12    3.98 -0.3037    1.36    2.18   16.37    4.00    0.45      31
 29.000  -16.55    4.18 -0.2069    1.52    2.61   16.85    4.19    0.42      31
 29.500  -16.93    4.00  0.0496    1.84    2.85   17.35    3.90    0.17      31
 30.000  -17.01    4.17  0.0880    1.85    3.02   17.50    3.99    0.14      28
     T A B L E  I -   9.  W I N D  S T A T I S T I C A L  P A R A M E T E R S
                                 September
 STATION =   746120     CHINA LAKE NAWS, CA
    Z    MEAN U   SD  U  R(U,V)  MEAN V   SD  V MEAN WS  SD  WS SKEW WS    NOBS
    KM     M/S     M/S             M/S     M/S     M/S     M/S                 
  0.000    0.00    0.00  0.0000    0.00    0.00    0.00    0.00    0.00       0
  0.667    0.28    2.22  0.0669    1.00    1.83    2.11    2.22    1.90     296
  1.000    0.37    2.74  0.1720    1.56    3.00    3.52    2.65    1.37     297
  1.500    0.78    2.89  0.2503    1.58    3.54    4.14    2.63    1.18     297
  2.000    1.22    3.49  0.2411    1.78    3.63    4.89    2.59    0.92     297
  2.500    1.74    4.40  0.2788    2.16    4.10    5.88    3.15    1.28     297
  3.000    2.38    5.18  0.2965    2.66    4.59    6.83    3.81    1.32     297
  3.500    2.95    5.77  0.2903    2.91    5.47    7.87    4.43    1.28     297
  4.000    3.80    6.36  0.2804    3.13    6.20    8.89    5.12    1.09     296
  4.500    4.59    6.88  0.2837    3.40    6.86    9.87    5.60    0.92     294
  5.000    5.60    7.22  0.2804    3.74    7.43   10.77    6.22    0.86     294
  5.500    6.76    7.88  0.2912    3.67    7.80   11.58    7.02    0.92     292
  6.000    7.75    8.29  0.3213    3.83    8.28   12.45    7.60    0.81     289
  6.500    8.58    8.39  0.3426    4.07    8.82   13.32    7.88    0.66     288
  7.000    9.87    8.97  0.3123    4.31    9.25   14.62    8.32    0.47     269
  7.500   10.89    9.74  0.2983    4.55    9.68   15.73    8.98    0.50     266
  8.000   12.23   10.38  0.3024    4.94   10.29   17.19    9.68    0.47     257
  8.500   13.06   10.85  0.3274    5.00   10.72   17.96   10.32    0.55     247
  9.000   14.36   11.16  0.3586    5.25   11.45   19.24   11.02    0.51     235
  9.500   15.18   11.68  0.3953    5.29   11.87   20.08   11.53    0.54     227
 10.000   17.42   11.77  0.4224    6.11   12.59   22.29   11.92    0.42     200
 10.500   18.46   12.08  0.4256    6.55   13.01   23.58   11.99    0.40     197
 11.000   19.38   12.06  0.4430    6.91   13.22   24.58   11.81    0.37     193
 11.500   20.13   11.80  0.4734    6.74   13.08   25.18   11.36    0.32     192
 12.000   20.55   11.66  0.4792    6.62   12.88   25.44   11.04    0.22     191
 12.500   20.99   11.52  0.4633    6.79   12.58   25.68   10.93    0.20     190
 13.000   21.44   11.48  0.4388    6.80   12.03   25.74   11.02    0.26     187
 13.500   21.24   10.98  0.4419    6.36   10.79   24.93   10.51    0.26     184
 14.000   20.72   10.70  0.3975    5.96    9.64   23.80   10.35    0.26     184
 14.500   19.15    9.44  0.3772    5.53    9.10   22.10    9.20    0.29     173
 15.000   17.06    8.69  0.4046    5.20    8.43   19.89    8.53    0.41     172
 15.500   14.65    7.91  0.4277    4.61    7.39   17.20    7.81    0.51     169
 16.000   11.76    6.93  0.3562    3.54    6.28   14.08    6.78    0.52     166
 16.500    9.03    6.29  0.2628    2.72    5.76   11.22    6.14    0.58     163
 17.000    7.26    5.12  0.0082    2.63    4.94    9.68    4.63    0.31     105
 17.500    5.36    4.73 -0.0469    2.11    4.26    8.05    3.65    0.53     104
 18.000    3.82    4.30 -0.0841    1.36    3.99    6.57    3.05    0.59     104
 18.500    2.25    3.86 -0.0580    0.80    3.56    5.63    2.39    0.70     100
 19.000    0.54    4.04  0.1349    0.69    3.22    4.98    2.23    0.63      88
 19.500   -0.51    4.02  0.0708    0.66    2.63    4.84    1.92    0.32      79
 20.000   -1.37    3.91  0.0311    0.58    2.56    4.88    1.92    0.19      73
 20.500   -2.22    3.81 -0.0974    0.20    2.24    4.92    2.05    0.81      65
 21.000   -2.67    3.76 -0.0399    0.14    2.47    4.83    2.27    0.81      57
 21.500   -2.78    3.82  0.1213   -0.31    2.28    5.16    2.02    1.32      50
 22.000   -2.71    4.13  0.2262   -0.23    2.27    5.30    1.94    1.20      44
 22.500   -2.54    4.40  0.3257   -0.40    2.72    5.51    2.13    0.73      39
 23.000   -3.13    3.64  0.3752   -0.46    2.57    5.45    2.04    0.67      37
 23.500   -3.85    3.28  0.3500   -0.31    2.90    5.70    2.02    0.58      35
 24.000   -4.36    3.30  0.5089    0.53    2.95    5.88    2.24    0.37      35
 24.500   -4.40    3.72  0.6179    0.86    2.39    6.05    2.33    0.68      32
 25.000   -4.24    4.34  0.4750    0.81    2.09    6.10    2.63    1.24      32
 25.500   -4.40    4.46  0.3114    0.68    2.30    6.16    2.96    1.15      32
 26.000   -4.61    4.09  0.3942    0.94    1.94    6.28    2.75    0.37      31
 26.500   -4.52    4.07  0.3943    1.18    2.43    6.28    2.66    0.03      30
 27.000   -4.52    4.45  0.3113    1.32    2.22    6.30    2.96    0.47      30
 27.500   -4.42    4.49  0.1754    0.90    2.12    6.14    3.10    0.84      30
 28.000   -4.48    4.41  0.2604    0.69    2.47    6.19    3.14    0.95      30
 28.500   -4.59    4.12  0.2655    0.72    2.97    6.22    3.11    0.92      30
 29.000   -5.00    3.92  0.2064    0.57    3.16    6.68    2.89    0.57      29
 29.500   -5.22    4.06  0.2944    0.53    2.82    6.80    2.99    0.50      29
 30.000   -5.43    4.32  0.2970    0.67    2.87    7.09    3.08    0.49      27
     T A B L E  I -  10.  W I N D  S T A T I S T I C A L  P A R A M E T E R S
                                   October
 STATION =   746120     CHINA LAKE NAWS, CA
    Z    MEAN U   SD  U  R(U,V)  MEAN V   SD  V MEAN WS  SD  WS SKEW WS    NOBS
    KM     M/S     M/S             M/S     M/S     M/S     M/S                 
  0.000    0.00    0.00  0.0000    0.00    0.00    0.00    0.00    0.00       0
  0.667    0.10    1.69  0.1474    0.51    2.19    1.94    2.04    1.71     245
  1.000    0.09    2.55  0.2446    0.38    3.56    3.51    2.77    1.47     246
  1.500    0.47    2.91  0.2566   -0.12    4.20    4.18    3.03    1.29     246
  2.000    0.98    3.70  0.2808   -0.50    4.66    5.15    3.34    1.22     247
  2.500    1.52    4.89  0.2938   -0.92    5.26    6.26    4.10    1.20     247
  3.000    2.37    5.86  0.3046   -1.26    6.03    7.48    4.77    1.22     247
  3.500    3.45    6.33  0.2813   -1.50    6.88    8.60    5.37    1.18     247
  4.000    4.46    6.86  0.2364   -1.89    7.74    9.81    6.03    1.10     247
  4.500    5.48    7.72  0.2113   -2.04    8.65   11.14    6.79    1.09     242
  5.000    6.48    8.77  0.1856   -2.38    9.71   12.60    7.84    1.11     242
  5.500    7.59    9.63  0.1948   -2.78   10.79   14.03    8.87    1.17     241
  6.000    8.74   10.11  0.1876   -3.20   11.52   15.22    9.52    1.12     240
  6.500    9.73   10.86  0.1820   -3.56   12.20   16.45   10.21    1.09     239
  7.000   10.79   11.55  0.2206   -3.61   12.65   17.84   10.30    1.13     224
  7.500   11.67   12.49  0.2454   -3.89   13.50   19.25   10.90    1.02     222
  8.000   12.74   13.10  0.2659   -4.07   14.29   20.53   11.59    1.03     221
  8.500   13.56   13.88  0.2842   -4.34   15.04   21.74   12.23    0.99     221
  9.000   14.43   14.22  0.3087   -4.83   15.86   22.89   12.72    0.94     219
  9.500   14.81   14.55  0.3535   -5.02   16.52   23.73   12.87    0.92     208
 10.000   15.22   14.70  0.3460   -5.18   16.91   24.38   12.95    0.87     195
 10.500   15.96   14.81  0.3647   -5.59   17.29   25.16   13.08    0.85     190
 11.000   16.52   14.67  0.3861   -5.79   16.66   25.34   12.63    0.72     187
 11.500   17.16   14.45  0.3956   -5.73   15.99   25.47   12.12    0.64     186
 12.000   17.82   14.20  0.4098   -5.63   15.36   25.47   11.80    0.55     185
 12.500   18.33   13.09  0.4341   -5.00   14.19   24.90   10.84    0.27     184
 13.000   18.45   12.35  0.4401   -4.40   12.98   24.14   10.06    0.18     183
 13.500   18.42   11.62  0.4204   -3.79   11.60   23.21    9.40    0.14     183
 14.000   18.12   11.28  0.3992   -3.21   10.31   22.08    9.25    0.20     178
 14.500   17.31   10.03  0.3660   -2.73    9.07   20.60    8.37    0.19     175
 15.000   16.11    8.82  0.2900   -2.21    8.21   18.88    7.52    0.27     173
 15.500   14.90    7.82  0.2870   -1.96    7.65   17.41    6.81    0.23     169
 16.000   13.43    6.89  0.2640   -1.50    7.07   15.66    6.15    0.24     169
 16.500   11.10    6.42  0.1636   -1.09    6.32   13.10    5.89    0.43     114
 17.000   10.29    5.72  0.1707   -1.05    5.87   12.38    5.03    0.56      92
 17.500    9.20    5.36  0.1330   -0.82    5.67   11.37    4.70    0.75      89
 18.000    7.80    4.82  0.1192   -1.20    5.58   10.03    4.42    0.59      84
 18.500    6.38    4.28  0.1210   -0.99    4.83    8.49    3.66    0.68      80
 19.000    5.38    3.78  0.2325   -1.08    4.64    7.76    3.12    0.74      71
 19.500    4.27    4.08  0.1691   -0.53    4.54    7.05    3.06    1.10      71
 20.000    3.62    4.01  0.0661   -0.06    3.86    6.44    2.68    1.42      66
 20.500    3.40    3.84  0.0622    0.09    3.67    6.05    2.53    1.15      65
 21.000    3.14    3.64  0.0919    0.12    3.59    5.82    2.32    0.99      55
 21.500    2.90    3.75  0.0634   -0.04    3.41    5.74    2.28    0.65      52
 22.000    2.35    3.88  0.1463    0.13    3.44    5.53    2.31    0.52      50
 22.500    2.08    3.85  0.2776    0.43    2.86    5.31    2.14    0.61      50
 23.000    2.10    3.64  0.1076    0.45    2.88    5.24    2.15    0.82      49
 23.500    2.29    3.98  0.1850    0.31    2.92    5.33    2.52    0.79      49
 24.000    2.08    4.62  0.3604    0.52    3.55    5.61    2.78    0.86      48
 24.500    1.82    4.68  0.2639    0.98    3.17    5.77    2.68    1.34      47
 25.000    2.04    4.60  0.1391    1.08    3.25    5.69    2.86    1.51      46
 25.500    2.62    4.57  0.3170    1.15    3.00    5.75    2.91    1.36      46
 26.000    3.09    4.84  0.4479    0.96    2.94    5.92    3.21    1.25      46
 26.500    3.37    5.30  0.5022    0.95    3.37    6.26    3.61    1.06      46
 27.000    3.72    5.92  0.5620    1.39    3.24    6.78    4.17    1.21      41
 27.500    4.43    6.42  0.5512    1.44    3.14    7.39    4.54    1.07      41
 28.000    5.02    6.93  0.5064    1.13    3.28    8.19    4.55    0.97      41
 28.500    5.24    7.34  0.3652    0.82    3.48    8.63    4.53    0.85      40
 29.000    5.52    7.93  0.3007    0.86    3.11    9.17    4.65    1.10      38
 29.500    5.98    8.44  0.3369    1.15    3.43    9.87    4.99    1.24      37
 30.000    6.65    9.13  0.4255    1.19    3.72   10.66    5.59    1.14      36
     T A B L E  I -  11.  W I N D  S T A T I S T I C A L  P A R A M E T E R S
                                  November
 STATION =   746120     CHINA LAKE NAWS, CA
    Z    MEAN U   SD  U  R(U,V)  MEAN V   SD  V MEAN WS  SD  WS SKEW WS    NOBS
    KM     M/S     M/S             M/S     M/S     M/S     M/S                 
  0.000    0.00    0.00  0.0000    0.00    0.00    0.00    0.00    0.00       0
  0.667    0.30    2.02  0.0296    0.22    2.30    2.04    2.31    1.89     222
  1.000    1.09    3.09  0.1858    0.48    3.76    3.80    3.45    1.55     222
  1.500    1.87    3.50  0.2312   -0.43    4.37    4.72    3.62    1.32     222
  2.000    2.67    4.49  0.2647   -1.44    4.80    6.14    4.01    1.28     224
  2.500    3.69    5.62  0.3112   -1.96    5.34    7.50    4.77    1.14     224
  3.000    5.12    6.73  0.3032   -2.08    6.32    9.16    5.70    0.95     223
  3.500    6.33    7.53  0.3164   -2.06    7.18   10.66    6.40    0.93     222
  4.000    7.56    8.10  0.3474   -2.29    8.09   12.23    6.86    0.81     218
  4.500    9.07    8.64  0.3904   -2.62    9.13   14.00    7.40    0.61     214
  5.000   10.38    9.37  0.4070   -2.78   10.25   15.71    8.02    0.58     214
  5.500   11.50    9.98  0.4173   -3.02   11.29   17.22    8.56    0.72     214
  6.000   12.70   10.54  0.4304   -3.22   12.24   18.88    8.79    0.71     211
  6.500   13.69   11.05  0.4358   -3.31   12.99   20.18    9.11    0.63     211
  7.000   14.69   11.79  0.4667   -3.35   13.94   21.56    9.82    0.61     202
  7.500   15.78   12.19  0.4780   -3.27   14.72   22.77   10.34    0.54     201
  8.000   16.91   12.89  0.4991   -3.36   15.49   24.24   10.84    0.54     200
  8.500   18.14   13.86  0.5256   -3.53   16.27   25.83   11.51    0.55     200
  9.000   19.29   14.93  0.5449   -3.99   17.14   27.43   12.35    0.57     199
  9.500   20.21   15.97  0.5717   -4.39   17.69   28.84   12.78    0.62     183
 10.000   21.21   17.42  0.6318   -4.83   17.83   30.29   13.36    0.60     168
 10.500   22.30   18.46  0.6708   -4.58   18.14   31.58   13.77    0.58     165
 11.000   22.76   18.50  0.6738   -4.77   18.02   31.94   13.83    0.58     160
 11.500   24.11   18.14  0.6657   -4.38   17.57   32.29   14.14    0.63     159
 12.000   25.16   17.91  0.6644   -3.99   17.24   32.54   14.40    0.71     157
 12.500   25.35   16.75  0.6424   -4.10   16.42   32.02   13.71    0.63     155
 13.000   25.55   15.30  0.6188   -3.28   15.41   31.21   12.90    0.63     151
 13.500   25.23   14.07  0.5709   -2.88   13.95   29.97   11.98    0.41     150
 14.000   25.15   13.19  0.5176   -2.26   12.97   29.06   11.67    0.23     141
 14.500   24.47   11.84  0.5284   -1.93   12.08   27.88   10.76    0.22     136
 15.000   23.16   10.82  0.5219   -1.96   11.78   26.47    9.87    0.36     134
 15.500   21.83    9.56  0.5470   -1.64   10.82   24.79    8.78    0.42     134
 16.000   20.47    8.45  0.5159   -1.48    9.77   23.05    7.74    0.40     134
 16.500   18.06    6.41  0.4870   -2.06    8.96   20.36    6.16    0.31      67
 17.000   16.36    5.75  0.5605   -1.66    8.03   18.50    5.46    0.55      65
 17.500   14.18    5.01  0.5597   -1.40    6.51   15.96    4.42    0.55      61
 18.000   12.65    4.97  0.5847   -1.11    6.13   14.43    4.29    1.01      61
 18.500   10.97    5.55  0.5021   -1.42    6.50   13.11    4.88    0.97      56
 19.000   10.86    5.70  0.3838   -0.72    5.24   12.58    4.79    1.14      40
 19.500    9.57    5.48  0.1545   -0.71    4.67   11.27    4.35    1.02      36
 20.000    8.41    5.15  0.3581   -0.54    4.66   10.53    3.57    0.92      36
 20.500    7.43    5.77  0.3388   -0.20    5.11   10.11    3.72    0.38      35
 21.000    6.67    5.90  0.4568   -0.09    3.44    9.16    3.44    0.51      30
 21.500    6.20    5.99  0.4126   -0.25    3.49    8.70    3.60    0.53      29
 22.000    5.75    6.54  0.3277   -0.10    3.45    8.64    3.76    0.64      27
 22.500    5.49    6.61  0.5245    0.11    3.67    8.72    3.85    0.73      27
 23.000    5.86    7.26  0.5416    0.52    4.13    9.26    4.60    0.68      26
 23.500    6.48    8.38  0.5975    0.40    3.88    9.90    5.49    0.60      26
 24.000    5.64    9.16  0.6676    0.13    3.69    9.64    6.03    0.77      24
 24.500    5.15    9.17  0.5669   -0.10    4.56    9.73    6.18    1.13      24
 25.000    5.13    9.67  0.4965    0.44    5.52   10.19    6.69    1.20      23
 25.500    5.42    9.85  0.5229    0.56    5.82   10.58    6.91    1.18      21
 26.000    6.17   10.48  0.5601    0.75    5.60   10.94    7.65    1.01      21
 26.500    7.17   10.70  0.5645    1.07    5.37   10.89    8.69    0.93      21
 27.000    8.00   11.36  0.5831    1.27    5.39   11.79    9.31    0.93      21
 27.500    8.14   12.36  0.6394    0.93    3.70   11.94    9.68    1.04      18
 28.000    8.76   12.53  0.5024    1.29    3.89   12.50   10.00    1.16      18
 28.500    9.18   12.58  0.4088    1.48    4.38   12.83   10.22    1.30      18
 29.000    9.89   12.74  0.4198    1.42    4.80   13.22   10.69    1.30      18
 29.500    9.29   11.93  0.3002    0.59    4.72   12.42   10.06    1.61      17
 30.000   10.49   12.61  0.3269   -0.69    5.08   13.70   10.53    1.52      16
     T A B L E  I -  12.  W I N D  S T A T I S T I C A L  P A R A M E T E R S
                                  December
 STATION =   746120     CHINA LAKE NAWS, CA
    Z    MEAN U   SD  U  R(U,V)  MEAN V   SD  V MEAN WS  SD  WS SKEW WS    NOBS
    KM     M/S     M/S             M/S     M/S     M/S     M/S                 
  0.000    0.00    0.00  0.0000    0.00    0.00    0.00    0.00    0.00       0
  0.667    0.18    1.94  0.1419    0.35    2.46    1.94    2.49    2.40     229
  1.000    0.63    2.71  0.3291    0.37    3.82    3.60    3.30    1.81     230
  1.500    1.30    3.35  0.5126   -0.65    5.06    5.03    3.77    1.45     230
  2.000    2.10    5.01  0.5771   -1.46    5.71    6.93    4.26    0.98     230
  2.500    3.27    6.92  0.4872   -1.95    6.52    9.08    4.94    0.69     230
  3.000    4.52    8.52  0.3998   -2.28    7.65   11.23    5.57    0.54     229
  3.500    5.64    9.68  0.3958   -2.40    8.61   13.11    5.91    0.42     227
  4.000    6.55   10.61  0.3739   -2.80    9.52   14.68    6.34    0.54     221
  4.500    7.49   11.57  0.3762   -2.79   10.35   16.04    7.04    0.61     218
  5.000    8.44   12.34  0.3694   -3.21   11.47   17.41    7.98    0.62     216
  5.500    9.65   12.82  0.3424   -3.46   12.34   18.63    8.66    0.62     210
  6.000   10.68   13.36  0.3105   -3.55   13.06   19.81    9.18    0.58     210
  6.500   11.81   13.84  0.2933   -3.54   13.76   21.00    9.63    0.59     209
  7.000   12.74   14.21  0.3006   -3.62   14.47   21.97   10.26    0.62     203
  7.500   13.85   14.67  0.3049   -3.56   15.11   23.05   10.84    0.64     202
  8.000   14.84   15.17  0.2968   -3.60   15.81   24.17   11.49    0.65     201
  8.500   15.83   15.96  0.3162   -3.52   16.51   25.41   12.14    0.61     200
  9.000   17.05   16.55  0.3435   -3.33   17.16   26.63   12.76    0.56     199
  9.500   18.28   16.94  0.4164   -2.90   18.18   27.75   13.82    0.51     173
 10.000   20.02   16.05  0.4161   -2.78   18.29   28.71   13.47    0.47     157
 10.500   21.74   15.81  0.4248   -2.07   18.30   29.60   13.61    0.46     153
 11.000   23.32   15.18  0.4291   -1.59   18.15   30.69   12.99    0.39     148
 11.500   24.24   14.91  0.4540   -1.25   17.81   31.24   12.56    0.41     148
 12.000   24.99   14.67  0.4628   -0.38   16.82   31.06   12.58    0.43     147
 12.500   25.15   13.50  0.4619   -0.03   15.58   30.37   11.81    0.42     147
 13.000   25.13   12.22  0.4829    0.04   14.66   29.68   10.92    0.30     146
 13.500   24.48   11.10  0.4981   -0.22   13.54   28.51    9.82    0.24     145
 14.000   23.01   10.12  0.4801   -0.63   12.58   26.69    8.93    0.20     140
 14.500   22.43    9.82  0.5104   -0.39   11.83   25.82    8.81    0.32     140
 15.000   21.31    9.61  0.5412   -0.26   10.88   24.35    8.72    0.35     140
 15.500   20.18    8.68  0.5601   -0.32    9.88   22.89    7.83    0.25     140
 16.000   18.38    8.00  0.5703   -0.46    9.21   20.95    7.21    0.29     139
 16.500   17.04    8.51  0.5183   -0.27    9.75   20.12    7.42    0.03      72
 17.000   15.43    7.34  0.4758   -0.34    9.01   18.41    6.34   -0.27      69
 17.500   13.49    6.66  0.4043   -0.49    8.13   16.23    5.92   -0.45      69
 18.000   11.84    5.99  0.3509   -0.67    7.91   14.67    5.41   -0.59      66
 18.500   10.39    6.53  0.2549    0.43    7.21   12.92    6.01   -0.22      54
 19.000    9.06    5.88  0.2946   -0.43    5.97   11.33    5.21   -0.13      50
 19.500    7.59    6.31  0.2865   -0.46    5.20   10.03    5.10    0.14      45
 20.000    6.67    6.54  0.2820   -0.52    4.57    9.31    4.92    0.43      42
 20.500    6.25    6.75  0.2599   -0.17    4.36    8.78    5.19    0.61      38
 21.000    4.91    6.59  0.3765    0.44    3.97    8.12    4.45    0.95      28
 21.500    5.10    6.71  0.3910    0.01    3.55    8.16    4.55    1.35      27
 22.000    4.31    6.55  0.1309   -0.95    2.90    7.48    4.27    1.25      26
 22.500    3.62    6.20  0.0268   -1.04    2.94    7.32    3.44    1.04      25
 23.000    2.93    6.03  0.0198   -1.26    2.35    6.94    2.76    0.93      25
 23.500    2.19    6.00  0.0289   -1.26    2.78    6.61    2.65    0.69      25
 24.000    2.01    6.08  0.2130   -1.17    3.21    6.73    2.75    0.68      23
 24.500    2.06    7.06  0.3898   -0.73    3.19    7.41    3.37    1.04      22
 25.000    2.62    8.08  0.4208   -0.45    3.28    8.22    3.84    1.01      21
 25.500    2.48    7.71  0.3929   -1.00    3.40    8.13    3.40    0.58      19
 26.000    2.26    8.17  0.4391   -1.32    3.90    8.49    3.84    0.62      19
 26.500    2.17    8.98  0.4886   -1.46    4.32    9.29    4.17    0.36      19
 27.000    2.74    8.94  0.5494   -1.18    4.21    9.55    3.88    0.28      19
 27.500    2.89    9.20  0.5210   -1.36    4.34    9.98    3.73    0.18      18
 28.000    3.49    9.54  0.4127   -1.16    4.82   10.60    3.65   -0.24      18
 28.500    4.03   10.15  0.4799   -0.68    4.49   10.90    4.30   -0.42      17
 29.000    4.58   10.51  0.5684   -0.63    3.87   11.02    4.89   -0.14      17
 29.500    5.17   10.97  0.5687   -0.69    3.99   11.31    5.66   -0.15      17
 30.000    5.63   11.79  0.4700   -1.14    4.95   12.74    5.29   -0.33      16
     T A B L E  I -  13.  W I N D  S T A T I S T I C A L  P A R A M E T E R S
                                    Annual
 STATION =   746120     CHINA LAKE NAWS, CA
    Z    MEAN U   SD  U  R(U,V)  MEAN V   SD  V MEAN WS  SD  WS SKEW WS    NOBS
    KM     M/S     M/S             M/S     M/S     M/S     M/S                 
  0.000    0.00    0.00  0.0000    0.00    0.00    0.00    0.00    0.00       0
  0.667    0.25    2.41  0.0845    0.94    2.48    2.50    2.58    1.81    3476
  1.000    0.46    3.07  0.1578    1.13    3.56    3.92    3.01    1.52    3487
  1.500    1.09    3.27  0.1977    0.68    4.20    4.52    3.14    1.44    3487
  2.000    1.70    4.03  0.2416    0.34    4.67    5.50    3.48    1.35    3490
  2.500    2.46    5.14  0.2234    0.21    5.33    6.70    4.19    1.27    3490
  3.000    3.35    6.21  0.1782    0.23    6.18    7.95    5.07    1.20    3486
  3.500    4.31    6.95  0.1550    0.33    6.95    9.21    5.72    1.14    3475
  4.000    5.26    7.63  0.1396    0.37    7.76   10.44    6.36    1.05    3442
  4.500    6.17    8.35  0.1328    0.42    8.56   11.63    7.02    1.00    3407
  5.000    7.13    9.06  0.1270    0.48    9.43   12.81    7.76    1.05    3398
  5.500    8.13    9.67  0.1231    0.42   10.18   13.93    8.41    1.03    3369
  6.000    9.09   10.25  0.1261    0.34   10.83   15.00    9.03    0.99    3338
  6.500    9.98   10.78  0.1242    0.27   11.41   15.99    9.59    0.97    3293
  7.000   10.96   11.39  0.1327    0.24   12.14   17.20   10.16    0.94    3153
  7.500   11.89   11.97  0.1283    0.18   12.85   18.29   10.77    0.90    3113
  8.000   12.91   12.56  0.1306    0.11   13.54   19.53   11.35    0.87    3061
  8.500   13.81   13.22  0.1330    0.06   14.19   20.66   11.93    0.83    3026
  9.000   14.89   13.89  0.1453   -0.03   14.95   21.99   12.52    0.82    2981
  9.500   15.61   14.21  0.1586    0.31   15.59   22.90   12.88    0.81    2737
 10.000   16.95   14.58  0.1688    0.34   16.18   24.36   13.10    0.77    2511
 10.500   17.93   14.85  0.1805    0.56   16.56   25.35   13.27    0.78    2472
 11.000   18.74   14.71  0.1828    0.80   16.42   25.95   12.97    0.75    2431
 11.500   19.57   14.49  0.1782    1.03   16.02   26.33   12.72    0.77    2420
 12.000   20.24   14.14  0.1676    1.38   15.46   26.39   12.49    0.74    2396
 12.500   20.49   13.38  0.1534    1.63   14.58   26.04   11.83    0.64    2386
 13.000   20.46   12.62  0.1500    1.75   13.62   25.40   11.21    0.56    2366
 13.500   20.01   11.73  0.1409    1.77   12.49   24.31   10.52    0.54    2344
 14.000   19.19   11.07  0.1268    1.88   11.46   22.96   10.04    0.55    2253
 14.500   18.00   10.26  0.1215    1.72   10.44   21.41    9.35    0.59    2200
 15.000   16.50    9.69  0.1096    1.55    9.58   19.62    8.90    0.70    2186
 15.500   14.78    8.97  0.0928    1.33    8.68   17.71    8.21    0.66    2153
 16.000   12.87    8.40  0.0441    1.22    7.84   15.73    7.55    0.69    2141
 16.500    9.98    7.78 -0.0321    1.38    7.03   12.90    6.93    0.74    1656
 17.000    8.79    7.28 -0.0621    0.87    6.37   11.75    6.26    0.73    1364
 17.500    7.01    6.83 -0.0979    0.61    5.67   10.23    5.40    0.89    1346
 18.000    5.50    6.64 -0.1137    0.39    5.33    9.07    4.93    0.95    1316
 18.500    3.91    6.48 -0.1042    0.28    4.89    8.02    4.47    1.22    1242
 19.000    2.56    6.45 -0.1014    0.14    4.33    7.34    4.08    1.39    1052
 19.500    1.47    6.37 -0.1305    0.12    3.93    6.89    3.77    1.47     983
 20.000    0.51    6.30 -0.1394    0.12    3.62    6.73    3.41    1.30     905
 20.500   -0.43    6.24 -0.1123   -0.00    3.49    6.59    3.26    1.24     814
 21.000   -1.32    6.16 -0.0778   -0.03    3.30    6.56    3.14    0.98     700
 21.500   -1.79    6.25 -0.0362   -0.32    3.11    6.75    3.15    0.97     641
 22.000   -2.38    6.48 -0.0270   -0.30    3.14    7.02    3.29    0.73     591
 22.500   -2.92    6.51 -0.0277   -0.29    3.06    7.26    3.33    0.58     547
 23.000   -3.17    6.64 -0.0213   -0.36    3.05    7.43    3.52    0.63     513
 23.500   -3.63    6.94  0.0418   -0.30    3.06    7.67    3.87    0.67     498
 24.000   -3.95    7.23  0.0898   -0.22    3.25    7.90    4.18    0.74     482
 24.500   -4.11    7.33  0.0840   -0.12    3.14    8.14    4.19    0.77     471
 25.000   -4.18    7.69  0.0934   -0.06    3.28    8.39    4.43    0.75     459
 25.500   -4.26    7.99  0.1198   -0.13    3.24    8.61    4.61    0.79     444
 26.000   -4.18    8.42  0.1431   -0.06    3.42    8.94    4.86    0.77     436
 26.500   -4.06    8.96  0.1661    0.08    3.78    9.26    5.19    0.77     424
 27.000   -3.88    9.38  0.1971    0.23    3.77    9.56    5.41    0.85     406
 27.500   -3.66    9.73  0.1624    0.24    3.65    9.76    5.50    0.86     396
 28.000   -3.46   10.29  0.1402    0.25    3.74   10.19    5.69    0.90     391
 28.500   -3.38   10.68  0.1329    0.27    4.07   10.51    5.89    1.02     380
 29.000   -3.46   11.22  0.1550    0.29    4.09   11.06    6.05    1.07     376
 29.500   -3.31   11.69  0.1658    0.33    4.42   11.53    6.25    0.92     368
 30.000   -3.00   12.24  0.1542    0.32    4.72   12.04    6.38    0.90     356
