      72572      40.77N  111.97W
     T A B L E  I -   1.  W I N D  S T A T I S T I C A L  P A R A M E T E R S
                                   January
 STATION =   725720     DUGWAY PROVING GROUNDS
    Z    MEAN U   SD  U  R(U,V)  MEAN V   SD  V MEAN WS  SD  WS SKEW WS    NOBS
    KM     M/S     M/S             M/S     M/S     M/S     M/S                 
  0.000    0.00    0.00  0.0000    0.00    0.00    0.00    0.00    0.00       0
  1.289    0.12    1.77 -0.5362    0.30    2.85    2.80    1.88    1.56    1135
  1.500    0.47    2.18 -0.4587    1.32    4.60    4.27    3.38    1.59    1147
  2.000    1.94    2.60 -0.2173    1.19    5.28    5.88    3.71    1.39    1149
  2.500    3.80    3.51 -0.0143    0.19    5.54    7.34    3.65    0.87    1149
  3.000    5.72    4.79  0.0572   -0.94    6.40    9.09    4.14    0.64    1148
  3.500    7.14    5.62  0.1217   -1.82    7.14   10.97    4.59    0.45    1148
  4.000    8.35    6.51  0.1474   -2.61    8.13   12.77    5.33    0.34    1149
  4.500    9.54    7.47  0.1509   -3.32    9.20   14.51    6.19    0.32    1149
  5.000   10.72    8.51  0.1568   -4.00   10.37   16.24    7.20    0.32    1149
  5.500   11.82    9.56  0.1574   -4.62   11.64   17.92    8.25    0.32    1149
  6.000   12.79   10.49  0.1578   -5.12   12.87   19.64    9.13    0.37    1149
  6.500   13.67   11.41  0.1650   -5.54   14.13   21.24   10.03    0.42    1146
  7.000   14.63   12.48  0.1665   -5.98   15.48   22.89   11.10    0.47    1145
  7.500   15.32   13.20  0.1688   -6.44   16.42   24.20   11.71    0.44    1137
  8.000   15.93   13.85  0.1759   -6.91   17.38   25.49   12.28    0.41    1129
  8.500   16.79   14.76  0.1884   -7.36   18.32   26.93   13.02    0.38    1128
  9.000   17.51   15.59  0.1873   -7.93   19.26   28.20   13.81    0.42    1122
  9.500   18.09   15.88  0.1936   -8.23   19.45   28.81   14.10    0.44    1116
 10.000   18.68   15.97  0.1939   -8.41   19.48   29.22   14.29    0.48    1111
 10.500   19.20   15.84  0.1846   -8.48   19.29   29.37   14.31    0.47    1107
 11.000   19.61   14.97  0.1807   -8.23   18.17   28.76   13.70    0.46    1103
 11.500   19.96   14.18  0.1628   -7.98   16.88   27.99   13.11    0.51    1101
 12.000   20.19   13.30  0.1482   -7.64   15.74   27.24   12.42    0.54    1098
 12.500   20.12   12.11  0.1367   -7.11   14.52   26.34   11.35    0.50    1094
 13.000   19.74   11.18  0.1329   -6.53   13.40   25.25   10.49    0.49    1094
 13.500   19.31   10.49  0.1263   -5.95   12.44   24.15    9.84    0.44    1094
 14.000   18.67    9.83  0.1153   -5.68   11.78   23.19    9.23    0.38    1089
 14.500   17.99    9.23  0.1023   -5.50   11.21   22.31    8.76    0.38    1084
 15.000   17.26    8.84  0.0871   -5.27   10.60   21.32    8.45    0.34    1084
 15.500   16.47    8.56  0.0710   -5.02   10.00   20.29    8.22    0.34    1080
 16.000   15.53    8.31  0.0565   -4.78    9.41   19.09    8.01    0.37    1080
 16.500   14.39    7.84  0.0369   -4.57    8.68   17.76    7.56    0.43    1066
 17.000   13.17    7.37  0.0067   -4.38    7.92   16.38    7.16    0.56    1065
 17.500   11.81    7.01 -0.0265   -4.18    7.29   14.91    6.88    0.69    1064
 18.000   10.43    6.82 -0.0596   -3.97    6.79   13.42    6.74    0.84    1064
 18.500    9.18    6.80 -0.0948   -3.79    6.41   12.10    6.72    0.94    1057
 19.000    8.13    6.60 -0.1220   -3.81    5.93   11.32    6.38    1.17    1055
 19.500    7.04    6.55 -0.1440   -3.83    5.63   10.55    6.16    1.35    1048
 20.000    5.99    6.66 -0.1572   -3.87    5.48    9.83    6.09    1.46    1045
 20.500    4.95    6.97 -0.1678   -3.92    5.50    9.18    6.24    1.50    1034
 21.000    4.24    7.18 -0.1734   -4.01    5.30    9.15    6.10    1.60    1017
 21.500    3.52    7.38 -0.1767   -4.11    5.16    9.20    5.94    1.65    1014
 22.000    2.83    7.65 -0.1718   -4.20    5.11    9.27    5.88    1.71    1009
 22.500    2.17    8.03 -0.1585   -4.31    5.09    9.38    5.93    1.70    1002
 23.000    1.54    8.47 -0.1366   -4.40    5.15    9.51    6.07    1.68     996
 23.500    0.92    9.00 -0.1227   -4.51    5.29    9.68    6.35    1.60     995
 24.000    0.66    9.56 -0.0998   -4.67    5.45   10.10    6.70    1.50     949
 24.500    0.51   10.04 -0.0729   -4.84    5.51   10.64    6.84    1.45     942
 25.000    0.31   10.61 -0.0464   -4.98    5.69   11.18    7.11    1.40     935
 25.500    0.10   11.15 -0.0162   -5.13    6.01   11.72    7.37    1.27     917
 26.000   -0.46   11.66 -0.0114   -5.39    6.43   12.23    7.72    1.18     888
 26.500   -1.23   13.22  0.0019   -5.02    5.81   13.32    7.80    0.85     626
 27.000    0.67   13.57  0.0462   -4.90    5.90   13.51    8.17    1.08     554
 27.500    0.98   14.43  0.0914   -4.80    6.04   14.23    8.60    1.15     533
 28.000    1.12   15.19  0.1604   -4.64    6.13   14.82    8.97    1.10     512
 28.500    1.46   16.12  0.1927   -4.58    6.55   15.59    9.59    1.13     497
 29.000    1.70   16.88  0.2359   -4.50    6.63   16.18    9.95    1.08     479
 29.500    1.89   17.78  0.2776   -4.49    6.99   16.90   10.51    1.09     467
 30.000    2.17   18.72  0.3150   -4.35    7.36   17.51   11.23    1.11     445
     T A B L E  I -   2.  W I N D  S T A T I S T I C A L  P A R A M E T E R S
                                  February
 STATION =   725720     DUGWAY PROVING GROUNDS
    Z    MEAN U   SD  U  R(U,V)  MEAN V   SD  V MEAN WS  SD  WS SKEW WS    NOBS
    KM     M/S     M/S             M/S     M/S     M/S     M/S                 
  0.000    0.00    0.00  0.0000    0.00    0.00    0.00    0.00    0.00       0
  1.289    0.15    2.00 -0.5271    0.54    3.32    3.24    2.20    1.61    1069
  1.500    0.49    2.31 -0.5366    1.50    5.04    4.75    3.48    1.43    1077
  2.000    1.78    2.53 -0.2863    1.71    5.49    6.05    3.73    1.37    1078
  2.500    3.39    3.35 -0.0469    1.21    5.70    7.15    3.72    1.10    1079
  3.000    5.07    4.56  0.0263    0.63    6.53    8.52    4.31    0.94    1079
  3.500    6.53    5.30  0.0947    0.02    7.17   10.24    4.70    0.71    1079
  4.000    7.87    6.17  0.1199   -0.52    8.05   11.98    5.30    0.54    1079
  4.500    9.16    7.13  0.1262   -1.03    9.15   13.73    6.13    0.45    1079
  5.000   10.39    8.17  0.1319   -1.49   10.31   15.41    7.12    0.43    1079
  5.500   11.58    9.29  0.1293   -1.95   11.54   17.09    8.15    0.44    1077
  6.000   12.65   10.25  0.1397   -2.22   12.61   18.80    8.90    0.47    1078
  6.500   13.70   11.34  0.1468   -2.41   13.82   20.50    9.84    0.52    1078
  7.000   14.71   12.50  0.1546   -2.55   15.14   22.17   10.88    0.55    1078
  7.500   15.76   13.29  0.1708   -2.69   16.17   23.72   11.61    0.53    1079
  8.000   16.81   14.11  0.1849   -2.83   17.18   25.28   12.32    0.54    1078
  8.500   17.89   15.06  0.1927   -2.99   18.19   26.83   13.15    0.53    1077
  9.000   18.93   15.99  0.1972   -3.19   19.11   28.17   14.08    0.54    1076
  9.500   19.88   16.22  0.2089   -3.33   19.35   29.02   14.37    0.57    1073
 10.000   20.77   16.22  0.2197   -3.48   19.44   29.64   14.53    0.60    1068
 10.500   21.46   15.87  0.2218   -3.71   18.96   29.75   14.36    0.60    1065
 11.000   21.78   14.78  0.2108   -3.76   17.62   29.01   13.64    0.55    1060
 11.500   21.82   13.69  0.2055   -3.60   16.09   27.93   12.80    0.50    1059
 12.000   21.67   12.56  0.1893   -3.38   14.73   26.82   12.00    0.53    1058
 12.500   21.27   11.37  0.1697   -3.09   13.45   25.74   11.01    0.46    1058
 13.000   20.89   10.27  0.1438   -2.72   12.36   24.73   10.13    0.38    1057
 13.500   20.35    9.45  0.1349   -2.43   11.57   23.67    9.52    0.31    1052
 14.000   19.61    8.81  0.1384   -2.29   10.90   22.68    8.96    0.30    1044
 14.500   18.83    8.30  0.1314   -2.20   10.19   21.70    8.44    0.31    1042
 15.000   17.97    7.85  0.1120   -2.12    9.57   20.68    7.97    0.30    1041
 15.500   17.04    7.51  0.0872   -2.03    9.00   19.58    7.64    0.29    1039
 16.000   16.12    7.28  0.0571   -2.00    8.49   18.47    7.44    0.32    1037
 16.500   14.95    6.89  0.0506   -2.02    7.72   17.15    7.00    0.41    1030
 17.000   13.58    6.54  0.0544   -1.97    7.01   15.72    6.55    0.52    1028
 17.500   12.22    6.30  0.0466   -1.94    6.45   14.34    6.22    0.67    1025
 18.000   10.91    6.29  0.0163   -2.00    6.02   13.03    6.10    0.76    1021
 18.500    9.68    6.39  0.0083   -2.09    5.68   11.83    6.07    0.76    1012
 19.000    8.56    6.23  0.0187   -2.24    5.19   10.98    5.68    0.86    1007
 19.500    7.41    6.22  0.0289   -2.40    4.84   10.13    5.43    0.99    1002
 20.000    6.25    6.34  0.0188   -2.54    4.64    9.29    5.32    1.14    1001
 20.500    5.20    6.58  0.0107   -2.71    4.63    8.57    5.42    1.17     994
 21.000    4.45    6.68  0.0160   -2.92    4.38    8.45    5.13    1.21     986
 21.500    3.67    6.81  0.0243   -3.10    4.20    8.40    4.85    1.27     982
 22.000    2.94    7.02  0.0338   -3.26    4.12    8.40    4.73    1.33     974
 22.500    2.21    7.33  0.0460   -3.38    4.14    8.44    4.75    1.35     973
 23.000    1.55    7.72  0.0573   -3.49    4.26    8.56    4.90    1.35     969
 23.500    0.93    8.16  0.0594   -3.62    4.46    8.72    5.17    1.30     964
 24.000    0.62    8.58  0.0833   -3.71    4.53    9.03    5.38    1.26     931
 24.500    0.45    9.02  0.1056   -3.81    4.48    9.44    5.56    1.29     924
 25.000    0.35    9.50  0.1262   -3.92    4.55    9.82    5.85    1.27     916
 25.500    0.23   10.09  0.1420   -4.00    4.77   10.25    6.25    1.25     911
 26.000   -0.07   10.57  0.1452   -4.07    5.13   10.60    6.62    1.19     899
 26.500   -0.19   11.63  0.1867   -4.10    5.21   11.58    6.85    1.12     631
 27.000    0.38   12.17  0.1978   -4.13    5.35   12.24    6.96    1.02     598
 27.500    0.63   12.79  0.2186   -4.15    5.45   12.92    7.06    0.93     585
 28.000    1.09   13.36  0.2272   -4.06    5.63   13.54    7.18    0.85     564
 28.500    1.56   14.07  0.2349   -4.00    5.81   14.26    7.37    0.78     539
 29.000    1.89   14.86  0.2527   -3.87    6.07   15.02    7.61    0.69     511
 29.500    2.22   15.59  0.2716   -3.78    6.39   15.72    7.92    0.62     494
 30.000    2.85   16.23  0.2672   -3.69    6.74   16.35    8.21    0.62     473
     T A B L E  I -   3.  W I N D  S T A T I S T I C A L  P A R A M E T E R S
                                     March
 STATION =   725720     DUGWAY PROVING GROUNDS
    Z    MEAN U   SD  U  R(U,V)  MEAN V   SD  V MEAN WS  SD  WS SKEW WS    NOBS
    KM     M/S     M/S             M/S     M/S     M/S     M/S                 
  0.000    0.00    0.00  0.0000    0.00    0.00    0.00    0.00    0.00       0
  1.289    0.02    2.08 -0.5428    0.36    3.67    3.64    2.17    1.07    1116
  1.500    0.41    2.38 -0.5233    1.11    5.46    5.20    3.35    1.06    1120
  2.000    1.81    2.39 -0.3086    1.22    5.68    6.21    3.58    1.04    1120
  2.500    3.32    3.21 -0.0855    0.98    5.91    7.30    3.67    0.98    1120
  3.000    4.95    4.40  0.0231    0.63    6.70    8.60    4.14    0.78    1120
  3.500    6.42    5.06  0.0946    0.28    7.24   10.26    4.39    0.54    1120
  4.000    7.82    5.77  0.1511   -0.08    8.04   11.93    4.93    0.31    1120
  4.500    9.11    6.63  0.1819   -0.36    9.01   13.55    5.71    0.22    1120
  5.000   10.37    7.59  0.1797   -0.65   10.16   15.19    6.61    0.22    1120
  5.500   11.57    8.64  0.1672   -0.93   11.29   16.76    7.57    0.22    1120
  6.000   12.65    9.57  0.1645   -1.24   12.35   18.42    8.34    0.29    1120
  6.500   13.69   10.59  0.1665   -1.57   13.49   20.04    9.29    0.36    1120
  7.000   14.65   11.68  0.1734   -1.90   14.74   21.60   10.35    0.42    1119
  7.500   15.52   12.38  0.1907   -2.23   15.73   23.00   10.97    0.43    1115
  8.000   16.38   12.94  0.2119   -2.50   16.71   24.39   11.48    0.43    1113
  8.500   17.26   13.51  0.2262   -2.83   17.71   25.73   12.05    0.44    1113
  9.000   18.17   14.20  0.2438   -3.21   18.71   27.09   12.67    0.48    1113
  9.500   18.99   14.52  0.2669   -3.37   19.06   28.02   12.83    0.44    1109
 10.000   19.78   14.84  0.2804   -3.58   19.26   28.78   13.04    0.41    1106
 10.500   20.54   15.01  0.2876   -3.62   19.02   29.21   13.13    0.40    1104
 11.000   21.04   14.43  0.2793   -3.46   17.88   28.80   12.65    0.37    1104
 11.500   21.14   13.62  0.2729   -3.29   16.65   27.86   12.24    0.34    1103
 12.000   21.01   12.83  0.2616   -2.95   15.33   26.81   11.68    0.32    1102
 12.500   20.58   11.61  0.2460   -2.52   13.89   25.56   10.62    0.32    1102
 13.000   19.97   10.46  0.2141   -2.05   12.57   24.16    9.78    0.31    1101
 13.500   19.35    9.55  0.1750   -1.75   11.50   22.87    9.15    0.27    1100
 14.000   18.64    8.86  0.1620   -1.60   10.78   21.87    8.53    0.25    1096
 14.500   17.87    8.41  0.1484   -1.45   10.14   20.89    8.17    0.26    1095
 15.000   17.03    8.12  0.1250   -1.25    9.59   19.87    7.95    0.30    1094
 15.500   16.16    7.84  0.0994   -1.12    9.14   18.84    7.74    0.37    1093
 16.000   15.24    7.64  0.0725   -1.02    8.61   17.72    7.57    0.41    1093
 16.500   14.17    7.24  0.0605   -0.88    8.01   16.52    7.18    0.45    1090
 17.000   12.88    6.67  0.0498   -0.73    7.36   15.13    6.66    0.56    1090
 17.500   11.55    6.26  0.0432   -0.62    6.82   13.74    6.25    0.71    1089
 18.000   10.18    6.12  0.0382   -0.56    6.41   12.36    6.04    0.91    1089
 18.500    8.92    6.04  0.0284   -0.52    6.05   11.03    5.94    0.96    1083
 19.000    7.93    5.74  0.0468   -0.65    5.46   10.18    5.45    1.02    1081
 19.500    6.94    5.63  0.0718   -0.79    5.07    9.38    5.12    1.09    1080
 20.000    5.98    5.73  0.1021   -0.91    4.81    8.63    4.95    1.21    1076
 20.500    5.01    5.99  0.1149   -1.01    4.69    7.88    4.95    1.28    1071
 21.000    4.41    6.06  0.1380   -1.12    4.27    7.65    4.67    1.36    1059
 21.500    3.88    6.17  0.1558   -1.25    3.95    7.55    4.42    1.45    1054
 22.000    3.36    6.36  0.1706   -1.39    3.70    7.50    4.26    1.45    1053
 22.500    2.86    6.65  0.1828   -1.52    3.56    7.49    4.21    1.42    1050
 23.000    2.40    6.95  0.1904   -1.66    3.51    7.49    4.26    1.38    1045
 23.500    1.95    7.33  0.1866   -1.79    3.58    7.52    4.42    1.30    1043
 24.000    1.83    7.72  0.1936   -1.88    3.56    7.75    4.59    1.19    1014
 24.500    1.96    8.07  0.2161   -1.95    3.42    8.13    4.71    1.13    1010
 25.000    2.06    8.53  0.2358   -1.96    3.39    8.50    4.95    1.09     999
 25.500    2.15    9.00  0.2489   -1.98    3.54    8.85    5.25    1.11     994
 26.000    2.24    9.57  0.2512   -1.97    3.75    9.22    5.63    1.12     987
 26.500    2.58   10.70  0.2837   -1.78    3.93   10.04    6.34    1.09     717
 27.000    3.62   11.19  0.3052   -1.66    3.87   10.73    6.68    1.11     687
 27.500    4.35   11.82  0.3392   -1.60    3.88   11.47    7.08    1.09     677
 28.000    5.19   12.48  0.3690   -1.54    3.98   12.27    7.54    1.10     657
 28.500    5.91   13.14  0.3967   -1.48    4.09   13.01    8.04    1.09     636
 29.000    6.81   13.91  0.4088   -1.38    4.30   13.89    8.63    1.05     610
 29.500    7.68   14.62  0.4239   -1.28    4.58   14.65    9.34    1.03     584
 30.000    8.51   15.43  0.4310   -1.19    4.95   15.53    9.99    1.00     565
     T A B L E  I -   4.  W I N D  S T A T I S T I C A L  P A R A M E T E R S
                                     April
 STATION =   725720     DUGWAY PROVING GROUNDS
    Z    MEAN U   SD  U  R(U,V)  MEAN V   SD  V MEAN WS  SD  WS SKEW WS    NOBS
    KM     M/S     M/S             M/S     M/S     M/S     M/S                 
  0.000    0.00    0.00  0.0000    0.00    0.00    0.00    0.00    0.00       0
  1.289    0.03    2.27 -0.4914    0.33    3.66    3.77    2.13    1.22    1048
  1.500    0.51    2.79 -0.5105    0.86    5.33    5.39    3.14    1.08    1051
  2.000    1.66    2.68 -0.3267    1.03    5.53    6.26    3.37    1.12    1051
  2.500    2.79    3.31 -0.1229    1.08    5.99    7.18    3.68    1.06    1051
  3.000    3.97    4.50 -0.0489    1.13    6.95    8.29    4.33    0.96    1051
  3.500    5.21    5.12  0.0102    1.24    7.48    9.79    4.51    0.66    1050
  4.000    6.41    5.76  0.0481    1.34    8.21   11.27    4.96    0.38    1050
  4.500    7.55    6.57  0.0684    1.45    9.13   12.72    5.66    0.27    1050
  5.000    8.66    7.52  0.0902    1.57   10.12   14.16    6.51    0.26    1050
  5.500    9.74    8.59  0.1030    1.66   11.20   15.59    7.48    0.26    1050
  6.000   10.75    9.44  0.1040    1.72   12.07   17.03    8.18    0.31    1049
  6.500   11.75   10.35  0.0995    1.78   12.99   18.47    8.97    0.36    1049
  7.000   12.72   11.38  0.0972    1.79   14.09   19.92    9.92    0.40    1048
  7.500   13.66   12.22  0.1032    1.75   15.08   21.38   10.64    0.38    1048
  8.000   14.55   13.00  0.1045    1.67   16.01   22.81   11.19    0.38    1047
  8.500   15.48   13.89  0.1099    1.64   17.05   24.27   11.87    0.39    1045
  9.000   16.51   14.54  0.1186    1.55   18.14   25.64   12.63    0.40    1044
  9.500   17.54   14.84  0.1436    1.28   18.57   26.61   12.99    0.37    1041
 10.000   18.66   14.85  0.1645    1.05   18.67   27.37   13.14    0.33    1039
 10.500   19.57   14.73  0.1706    0.72   18.56   27.79   13.19    0.30    1039
 11.000   19.94   13.96  0.1683    0.58   17.75   27.47   12.58    0.29    1037
 11.500   20.16   13.27  0.1555    0.49   16.70   26.83   12.08    0.32    1037
 12.000   20.01   12.50  0.1442    0.42   15.53   25.83   11.55    0.37    1036
 12.500   19.45   11.27  0.1393    0.59   13.97   24.44   10.48    0.43    1035
 13.000   18.78   10.14  0.1233    0.84   12.51   23.03    9.47    0.41    1035
 13.500   18.01    9.04  0.1065    1.14   11.25   21.55    8.59    0.27    1035
 14.000   17.15    8.29  0.0868    1.26   10.29   20.25    8.00    0.22    1034
 14.500   16.35    7.73  0.0816    1.32    9.56   19.23    7.47    0.22    1034
 15.000   15.52    7.34  0.0767    1.37    8.93   18.21    7.11    0.26    1033
 15.500   14.62    7.03  0.0759    1.42    8.35   17.12    6.87    0.30    1031
 16.000   13.70    6.83  0.0674    1.43    7.93   16.02    6.76    0.35    1031
 16.500   12.66    6.47  0.0655    1.45    7.38   14.85    6.43    0.37    1022
 17.000   11.51    5.97  0.0709    1.47    6.74   13.61    5.90    0.45    1022
 17.500   10.26    5.51  0.0669    1.41    6.18   12.31    5.42    0.53    1021
 18.000    9.02    5.17  0.0674    1.34    5.75   11.03    5.05    0.59    1021
 18.500    7.88    5.12  0.0889    1.21    5.47    9.79    5.00    0.69    1020
 19.000    6.91    4.74  0.1031    0.96    4.88    8.85    4.54    0.83    1009
 19.500    5.96    4.55  0.1080    0.70    4.39    7.97    4.20    1.03    1007
 20.000    5.05    4.55  0.0991    0.45    4.08    7.16    4.03    1.25    1004
 20.500    4.18    4.74  0.0850    0.15    3.99    6.40    4.05    1.40    1002
 21.000    3.67    4.69  0.1188   -0.02    3.68    6.08    3.86    1.40     989
 21.500    3.28    4.57  0.1656   -0.12    3.35    5.90    3.60    1.40     987
 22.000    2.91    4.59  0.2088   -0.21    3.15    5.79    3.43    1.39     985
 22.500    2.61    4.67  0.2394   -0.34    3.11    5.75    3.33    1.35     982
 23.000    2.33    4.84  0.2637   -0.46    3.19    5.73    3.32    1.30     978
 23.500    2.07    5.06  0.2780   -0.56    3.43    5.73    3.41    1.29     974
 24.000    2.02    5.31  0.2913   -0.62    3.50    5.81    3.51    1.21     943
 24.500    2.32    5.53  0.3372   -0.64    3.28    6.18    3.54    1.20     941
 25.000    2.61    5.88  0.3536   -0.68    3.19    6.57    3.68    1.14     934
 25.500    2.94    6.28  0.3571   -0.70    3.32    6.98    3.90    1.10     927
 26.000    3.26    6.77  0.3351   -0.70    3.58    7.40    4.24    1.04     923
 26.500    3.41    7.24  0.3043   -0.72    3.85    7.70    4.56    0.89     750
 27.000    4.32    7.51  0.3379   -0.61    3.68    8.32    4.79    0.95     639
 27.500    5.05    7.84  0.3404   -0.54    3.67    8.97    5.01    0.95     618
 28.000    5.87    8.14  0.3495   -0.45    3.72    9.62    5.32    0.97     601
 28.500    6.52    8.57  0.3315   -0.36    3.78   10.27    5.64    0.99     586
 29.000    7.25    9.07  0.3221   -0.24    3.92   10.98    6.06    0.96     571
 29.500    7.97    9.65  0.3056   -0.13    4.11   11.70    6.57    0.93     548
 30.000    8.76   10.21  0.2926   -0.02    4.37   12.43    7.15    0.90     525
     T A B L E  I -   5.  W I N D  S T A T I S T I C A L  P A R A M E T E R S
                                       May
 STATION =   725720     DUGWAY PROVING GROUNDS
    Z    MEAN U   SD  U  R(U,V)  MEAN V   SD  V MEAN WS  SD  WS SKEW WS    NOBS
    KM     M/S     M/S             M/S     M/S     M/S     M/S                 
  0.000    0.00    0.00  0.0000    0.00    0.00    0.00    0.00    0.00       0
  1.289   -0.08    2.18 -0.4692    0.15    3.52    3.69    1.88    1.09    1117
  1.500    0.21    2.64 -0.4908    0.50    4.97    5.06    2.79    0.90    1122
  2.000    1.33    2.48 -0.3391    0.81    4.84    5.61    2.95    1.02    1122
  2.500    2.51    2.98 -0.1381    1.10    4.82    6.26    3.08    0.93    1122
  3.000    3.70    3.98 -0.0220    1.42    5.53    7.13    3.67    0.82    1122
  3.500    4.90    4.59  0.0222    1.70    6.09    8.56    4.03    0.66    1122
  4.000    6.07    5.34  0.0496    2.00    6.79   10.03    4.64    0.60    1122
  4.500    7.20    6.21  0.0844    2.27    7.58   11.45    5.41    0.59    1122
  5.000    8.32    7.12  0.1082    2.52    8.47   12.82    6.27    0.63    1122
  5.500    9.39    8.12  0.1199    2.74    9.39   14.12    7.23    0.66    1122
  6.000   10.33    9.01  0.1239    2.80   10.16   15.39    8.05    0.69    1122
  6.500   11.21    9.85  0.1321    2.76   10.98   16.61    8.88    0.74    1122
  7.000   12.10   10.78  0.1348    2.76   11.93   17.86    9.80    0.80    1122
  7.500   12.99   11.66  0.1320    2.76   12.88   19.19   10.55    0.79    1119
  8.000   13.79   12.41  0.1337    2.77   13.69   20.47   11.12    0.77    1118
  8.500   14.67   13.22  0.1380    2.80   14.56   21.76   11.82    0.77    1118
  9.000   15.52   14.04  0.1414    2.82   15.43   23.00   12.55    0.78    1116
  9.500   16.41   14.61  0.1450    2.77   16.05   24.08   13.06    0.76    1116
 10.000   17.31   14.97  0.1590    2.67   16.38   25.02   13.30    0.71    1113
 10.500   18.13   15.29  0.1672    2.61   16.66   25.76   13.62    0.65    1112
 11.000   18.64   14.89  0.1735    2.59   16.13   25.79   13.23    0.59    1112
 11.500   18.94   14.34  0.1717    2.47   15.43   25.50   12.76    0.57    1111
 12.000   18.89   13.74  0.1637    2.27   14.68   24.88   12.23    0.54    1110
 12.500   18.50   12.67  0.1570    2.28   13.31   23.72   11.33    0.52    1108
 13.000   17.82   11.35  0.1405    2.23   11.98   22.28   10.30    0.51    1106
 13.500   16.80   10.17  0.1402    2.19   10.63   20.58    9.26    0.45    1105
 14.000   15.76    9.27  0.1365    2.29    9.54   19.04    8.45    0.39    1104
 14.500   14.78    8.56  0.1294    2.26    8.71   17.85    7.76    0.41    1104
 15.000   13.74    7.96  0.1113    2.24    8.01   16.64    7.18    0.43    1103
 15.500   12.67    7.46  0.0830    2.25    7.42   15.43    6.68    0.47    1102
 16.000   11.59    7.09  0.0474    2.17    6.86   14.20    6.29    0.50    1102
 16.500   10.48    6.70  0.0027    1.99    6.39   12.93    5.94    0.54    1096
 17.000    9.23    6.04 -0.0117    1.78    5.74   11.64    5.28    0.64    1093
 17.500    7.85    5.43 -0.0124    1.52    5.19   10.23    4.67    0.77    1093
 18.000    6.43    4.99  0.0005    1.21    4.71    8.81    4.18    0.89    1093
 18.500    5.04    4.82  0.0176    0.83    4.38    7.41    4.00    1.03    1093
 19.000    3.95    4.44  0.0264    0.50    3.85    6.44    3.57    1.11    1084
 19.500    2.97    4.05  0.0214    0.27    3.35    5.70    3.07    1.23    1084
 20.000    2.08    3.84  0.0318    0.06    3.03    5.10    2.71    1.42    1081
 20.500    1.23    3.83  0.0308   -0.14    2.96    4.58    2.58    1.54    1078
 21.000    0.67    3.81  0.0365   -0.26    2.84    4.33    2.49    1.44    1064
 21.500    0.35    3.70  0.0682   -0.32    2.54    4.29    2.30    1.39    1063
 22.000    0.06    3.67  0.0998   -0.43    2.32    4.28    2.20    1.30    1063
 22.500   -0.21    3.74  0.1296   -0.52    2.20    4.31    2.19    1.18    1057
 23.000   -0.47    3.90  0.1518   -0.61    2.18    4.38    2.26    1.17    1055
 23.500   -0.72    4.11  0.1709   -0.69    2.31    4.45    2.42    1.11    1054
 24.000   -0.93    4.39  0.1641   -0.74    2.54    4.54    2.64    1.05    1038
 24.500   -0.95    4.43  0.2080   -0.75    2.29    4.67    2.57    1.21    1024
 25.000   -0.96    4.56  0.2293   -0.78    2.17    4.84    2.61    1.36    1022
 25.500   -0.98    4.77  0.2177   -0.80    2.22    5.01    2.74    1.49    1020
 26.000   -0.98    5.06  0.1874   -0.82    2.40    5.18    2.97    1.55    1017
 26.500   -1.01    5.37  0.1398   -0.85    2.74    5.32    3.28    1.53    1001
 27.000   -1.67    5.16  0.1641   -1.03    2.72    5.42    3.18    1.54     651
 27.500   -1.62    5.27  0.1703   -0.96    2.61    5.55    3.21    1.57     640
 28.000   -1.54    5.37  0.1851   -0.84    2.48    5.63    3.22    1.61     622
 28.500   -1.44    5.48  0.1837   -0.70    2.48    5.74    3.24    1.62     604
 29.000   -1.21    5.58  0.1734   -0.58    2.51    5.80    3.27    1.65     575
 29.500   -1.04    5.81  0.1659   -0.51    2.61    5.94    3.40    1.63     538
 30.000   -0.78    6.03  0.1544   -0.46    2.79    6.08    3.51    1.64     515
     T A B L E  I -   6.  W I N D  S T A T I S T I C A L  P A R A M E T E R S
                                      June
 STATION =   725720     DUGWAY PROVING GROUNDS
    Z    MEAN U   SD  U  R(U,V)  MEAN V   SD  V MEAN WS  SD  WS SKEW WS    NOBS
    KM     M/S     M/S             M/S     M/S     M/S     M/S                 
  0.000    0.00    0.00  0.0000    0.00    0.00    0.00    0.00    0.00       0
  1.289   -0.22    1.94 -0.5099    0.24    3.67    3.71    1.89    0.68    1058
  1.500   -0.07    2.49 -0.4976    0.87    5.30    5.22    3.02    0.97    1062
  2.000    1.24    2.39 -0.3151    1.42    5.12    5.78    3.25    1.04    1062
  2.500    2.61    2.68 -0.1225    1.82    4.88    6.34    3.29    0.90    1062
  3.000    4.01    3.41 -0.0279    2.26    5.33    7.12    3.70    0.81    1062
  3.500    5.40    3.76 -0.0498    2.79    5.72    8.54    3.83    0.65    1063
  4.000    6.76    4.27 -0.0698    3.33    6.22   10.12    4.22    0.48    1062
  4.500    8.01    4.91 -0.0401    3.87    6.95   11.64    4.81    0.49    1062
  5.000    9.21    5.64 -0.0146    4.33    7.74   13.05    5.53    0.47    1062
  5.500   10.42    6.41  0.0038    4.64    8.60   14.42    6.32    0.46    1062
  6.000   11.45    7.01  0.0246    4.85    9.24   15.58    6.96    0.51    1062
  6.500   12.22    7.46  0.0575    4.88    9.77   16.51    7.46    0.64    1062
  7.000   12.97    8.04  0.0784    4.88   10.39   17.41    8.03    0.69    1059
  7.500   13.71    8.75  0.0833    4.89   11.10   18.35    8.70    0.69    1058
  8.000   14.35    9.19  0.0844    5.06   11.65   19.31    9.03    0.68    1057
  8.500   14.95    9.73  0.0914    5.22   12.28   20.23    9.52    0.68    1057
  9.000   15.55   10.29  0.0972    5.38   12.99   21.14   10.07    0.69    1057
  9.500   16.14   10.82  0.0956    5.50   13.65   22.00   10.53    0.67    1055
 10.000   16.86   11.07  0.0799    5.68   14.11   22.95   10.71    0.60    1053
 10.500   17.63   11.35  0.0737    5.78   14.64   23.82   11.06    0.56    1053
 11.000   18.30   11.24  0.0898    5.77   14.64   24.30   11.04    0.48    1052
 11.500   18.87   11.01  0.1024    5.81   14.46   24.67   10.83    0.44    1052
 12.000   19.28   10.78  0.1099    5.76   14.31   24.83   10.65    0.42    1052
 12.500   19.22   10.29  0.1166    5.65   13.61   24.43   10.08    0.35    1051
 13.000   18.68    9.52  0.1124    5.45   12.43   23.37    9.28    0.32    1050
 13.500   17.86    8.69  0.1118    5.23   11.19   21.98    8.51    0.28    1050
 14.000   16.76    8.04  0.1193    4.94   10.07   20.36    7.88    0.23    1050
 14.500   15.26    7.21  0.1064    4.67    9.14   18.64    7.09    0.20    1048
 15.000   13.63    6.45  0.0935    4.39    8.31   16.86    6.39    0.21    1048
 15.500   11.89    5.79  0.0714    4.09    7.50   14.99    5.72    0.25    1048
 16.000   10.13    5.28  0.0483    3.73    6.79   13.10    5.20    0.33    1048
 16.500    8.34    4.90  0.0192    3.22    6.12   11.11    4.81    0.41    1046
 17.000    6.66    4.25  0.0332    2.76    5.31    9.44    4.14    0.52    1037
 17.500    5.01    3.69  0.0490    2.33    4.57    7.91    3.55    0.65    1037
 18.000    3.39    3.28  0.0556    1.86    3.96    6.49    3.03    0.90    1037
 18.500    1.75    3.18  0.0484    1.39    3.55    5.19    2.67    1.23    1033
 19.000    0.43    3.10  0.0468    1.03    3.21    4.45    2.45    1.37    1028
 19.500   -0.58    2.80  0.0358    0.72    2.75    4.37    2.13    1.36    1025
 20.000   -1.55    2.69  0.0097    0.47    2.47    4.40    2.04    1.12    1022
 20.500   -2.46    2.78 -0.0171    0.25    2.44    4.49    2.16    0.98    1019
 21.000   -3.24    2.99 -0.0297    0.06    2.57    4.64    2.41    0.92    1000
 21.500   -3.82    2.76 -0.0126   -0.10    2.27    5.06    2.21    0.72     999
 22.000   -4.40    2.67  0.0044   -0.22    2.07    5.48    2.17    0.49     994
 22.500   -4.95    2.65  0.0141   -0.31    1.97    5.91    2.20    0.32     991
 23.000   -5.49    2.69  0.0237   -0.38    1.97    6.34    2.28    0.19     986
 23.500   -6.00    2.81  0.0419   -0.46    2.08    6.73    2.46    0.13     985
 24.000   -6.49    3.04  0.0590   -0.53    2.34    7.11    2.73    0.10     983
 24.500   -6.87    3.02  0.0567   -0.61    2.23    7.47    2.73    0.13     955
 25.000   -7.19    2.94  0.0585   -0.66    1.95    7.77    2.65    0.05     952
 25.500   -7.50    3.01  0.0411   -0.70    1.84    8.07    2.69    0.01     949
 26.000   -7.78    3.16  0.0145   -0.72    1.92    8.35    2.82    0.03     941
 26.500   -8.06    3.42 -0.0078   -0.74    2.19    8.62    3.04    0.05     938
 27.000   -8.64    3.43  0.0032   -0.73    2.25    9.11    3.10    0.01     527
 27.500   -8.87    3.43  0.0199   -0.68    2.03    9.33    3.09   -0.04     512
 28.000   -9.08    3.44  0.0241   -0.60    1.96    9.55    3.10   -0.07     500
 28.500   -9.27    3.54  0.0151   -0.53    1.97    9.76    3.19   -0.10     486
 29.000   -9.47    3.64  0.0118   -0.53    2.01    9.98    3.27   -0.06     467
 29.500   -9.66    3.85  0.0295   -0.50    2.08   10.20    3.43   -0.03     446
 30.000   -9.89    4.11  0.0326   -0.54    2.15   10.45    3.63    0.01     424
     T A B L E  I -   7.  W I N D  S T A T I S T I C A L  P A R A M E T E R S
                                      July
 STATION =   725720     DUGWAY PROVING GROUNDS
    Z    MEAN U   SD  U  R(U,V)  MEAN V   SD  V MEAN WS  SD  WS SKEW WS    NOBS
    KM     M/S     M/S             M/S     M/S     M/S     M/S                 
  0.000    0.00    0.00  0.0000    0.00    0.00    0.00    0.00    0.00       0
  1.289   -0.40    1.96 -0.4577    0.43    3.55    3.67    1.80    0.86    1123
  1.500   -0.41    2.44 -0.5345    1.32    5.16    5.14    2.93    1.09    1125
  2.000    0.59    2.18 -0.3478    1.62    4.79    5.29    2.99    1.21    1126
  2.500    1.75    2.40 -0.0520    1.69    4.08    5.36    2.72    0.95    1126
  3.000    2.93    3.07  0.1083    1.73    4.07    5.65    2.95    0.79    1126
  3.500    3.97    3.42  0.1168    1.99    4.32    6.49    3.22    0.83    1126
  4.000    4.88    3.77  0.0587    2.34    4.62    7.53    3.52    0.72    1126
  4.500    5.74    4.26  0.0297    2.74    5.07    8.55    4.00    0.77    1127
  5.000    6.56    4.82  0.0192    3.12    5.63    9.54    4.55    0.79    1127
  5.500    7.31    5.36  0.0130    3.46    6.15   10.42    5.10    0.68    1127
  6.000    8.10    5.79  0.0365    3.72    6.49   11.19    5.55    0.55    1126
  6.500    8.79    5.91  0.0692    4.00    6.54   11.87    5.76    0.64    1126
  7.000    9.46    6.16  0.1033    4.31    6.84   12.58    6.14    0.74    1126
  7.500   10.21    6.58  0.1200    4.60    7.26   13.35    6.63    0.75    1126
  8.000   11.01    6.83  0.1081    5.00    7.64   14.34    6.93    0.78    1125
  8.500   11.79    7.18  0.0931    5.46    8.12   15.39    7.26    0.77    1125
  9.000   12.56    7.59  0.0819    5.98    8.72   16.48    7.65    0.70    1125
  9.500   13.35    8.10  0.0698    6.49    9.43   17.59    8.17    0.65    1124
 10.000   14.30    8.45  0.0840    7.07   10.02   18.82    8.59    0.55    1123
 10.500   15.34    8.92  0.1017    7.63   10.60   20.11    9.12    0.49    1122
 11.000   16.35    9.40  0.1040    8.09   11.19   21.32    9.63    0.44    1122
 11.500   17.10    9.41  0.1139    8.24   11.32   22.07    9.66    0.42    1122
 12.000   17.71    9.49  0.1172    8.26   11.40   22.59    9.72    0.35    1121
 12.500   18.04    9.49  0.1183    8.09   11.26   22.70    9.69    0.26    1121
 13.000   17.42    8.91  0.1127    7.49   10.50   21.72    9.02    0.29    1121
 13.500   16.54    8.45  0.0939    6.83    9.77   20.50    8.44    0.28    1120
 14.000   15.51    8.12  0.0788    6.18    9.18   19.14    8.06    0.27    1118
 14.500   14.07    7.54  0.0788    5.47    8.33   17.41    7.37    0.22    1118
 15.000   12.34    6.85  0.0851    4.81    7.45   15.47    6.61    0.26    1115
 15.500   10.38    6.26  0.0795    4.20    6.64   13.38    5.95    0.33    1110
 16.000    8.24    5.59  0.0622    3.55    5.81   11.19    5.11    0.46    1109
 16.500    6.07    5.01  0.0436    2.83    5.16    8.98    4.42    0.73    1107
 17.000    4.25    4.56  0.0502    2.25    4.55    7.42    3.79    0.82    1103
 17.500    2.66    4.07  0.0595    1.81    3.87    6.38    3.11    0.85    1100
 18.000    1.12    3.73  0.0455    1.38    3.42    5.55    2.59    0.72    1097
 18.500   -0.36    3.52  0.0302    1.03    3.22    4.92    2.32    0.73    1096
 19.000   -1.74    3.42  0.0219    0.70    3.09    4.55    2.38    0.93    1089
 19.500   -2.83    2.96  0.0263    0.47    2.59    4.96    2.11    0.84    1083
 20.000   -3.88    2.69  0.0330    0.23    2.31    5.45    2.07    0.63    1079
 20.500   -4.90    2.67  0.0397    0.03    2.28    6.00    2.26    0.49    1075
 21.000   -5.90    2.90  0.0192   -0.13    2.53    6.55    2.67    0.40    1067
 21.500   -6.53    2.60  0.0204   -0.18    2.23    7.10    2.43    0.39    1052
 22.000   -7.19    2.38  0.0142   -0.26    1.98    7.70    2.24    0.30    1049
 22.500   -7.84    2.24  0.0228   -0.32    1.88    8.30    2.15    0.24    1044
 23.000   -8.48    2.23  0.0265   -0.37    1.85    8.90    2.17    0.13    1038
 23.500   -9.15    2.29  0.0062   -0.45    1.91    9.51    2.24    0.11    1033
 24.000   -9.80    2.45 -0.0120   -0.49    2.12   10.12    2.41    0.09    1026
 24.500  -10.37    2.52 -0.0108   -0.50    2.15   10.66    2.47    0.05     995
 25.000  -10.83    2.29 -0.0039   -0.50    1.83   11.11    2.24    0.01     989
 25.500  -11.29    2.20  0.0097   -0.50    1.73   11.58    2.15    0.03     983
 26.000  -11.77    2.24  0.0201   -0.52    1.81   12.05    2.19    0.03     978
 26.500  -12.24    2.42  0.0095   -0.55    2.06   12.51    2.37    0.01     973
 27.000  -12.91    2.75 -0.0087   -0.57    2.53   13.19    2.67    0.01     740
 27.500  -13.27    2.50  0.0147   -0.51    2.23   13.51    2.48   -0.10     579
 28.000  -13.69    2.50  0.0179   -0.50    2.08   13.93    2.48   -0.06     560
 28.500  -14.09    2.57 -0.0031   -0.53    2.02   14.33    2.54   -0.05     546
 29.000  -14.52    2.64 -0.0241   -0.51    2.06   14.77    2.59   -0.05     529
 29.500  -14.89    2.73 -0.0300   -0.50    2.16   15.15    2.67   -0.05     516
 30.000  -15.29    2.84 -0.0089   -0.51    2.30   15.57    2.78   -0.07     488
     T A B L E  I -   8.  W I N D  S T A T I S T I C A L  P A R A M E T E R S
                                    August
 STATION =   725720     DUGWAY PROVING GROUNDS
    Z    MEAN U   SD  U  R(U,V)  MEAN V   SD  V MEAN WS  SD  WS SKEW WS    NOBS
    KM     M/S     M/S             M/S     M/S     M/S     M/S                 
  0.000    0.00    0.00  0.0000    0.00    0.00    0.00    0.00    0.00       0
  1.289   -0.56    1.98 -0.4828    0.82    3.59    3.81    1.80    0.83    1126
  1.500   -0.61    2.42 -0.5019    2.25    5.49    5.64    3.23    0.85    1129
  2.000    0.61    2.14 -0.3169    2.59    5.06    5.84    3.19    0.88    1129
  2.500    1.89    2.36 -0.0192    2.56    4.25    5.83    2.93    0.90    1129
  3.000    3.12    3.04  0.1120    2.54    4.10    6.01    3.15    0.85    1129
  3.500    4.11    3.38  0.1378    2.74    4.28    6.76    3.33    0.71    1129
  4.000    4.95    3.69  0.1235    3.01    4.63    7.74    3.59    0.53    1129
  4.500    5.66    4.10  0.1240    3.24    5.14    8.64    3.97    0.46    1129
  5.000    6.41    4.52  0.1271    3.50    5.74    9.55    4.40    0.38    1129
  5.500    7.20    5.04  0.1291    3.79    6.27   10.43    4.95    0.41    1129
  6.000    8.05    5.50  0.1551    4.00    6.65   11.26    5.44    0.42    1129
  6.500    8.95    5.68  0.1960    4.11    6.88   12.16    5.66    0.53    1129
  7.000    9.84    6.05  0.2191    4.22    7.26   13.08    6.01    0.61    1129
  7.500   10.74    6.54  0.2249    4.36    7.80   14.02    6.48    0.65    1128
  8.000   11.63    6.69  0.2208    4.88    8.27   15.18    6.65    0.61    1128
  8.500   12.55    6.92  0.2136    5.47    8.84   16.42    6.89    0.58    1128
  9.000   13.50    7.30  0.2010    6.09    9.53   17.72    7.26    0.56    1128
  9.500   14.46    7.79  0.1884    6.74   10.32   19.05    7.75    0.51    1128
 10.000   15.64    8.18  0.1926    7.49   11.02   20.62    8.13    0.45    1128
 10.500   16.87    8.60  0.2006    8.21   11.73   22.18    8.59    0.40    1128
 11.000   18.06    8.98  0.2036    8.72   12.27   23.55    8.93    0.30    1127
 11.500   18.95    8.87  0.2075    8.86   12.26   24.34    8.84    0.22    1125
 12.000   19.69    8.95  0.2068    8.94   12.34   24.95    8.97    0.17    1125
 12.500   20.05    8.95  0.2095    8.76   12.19   25.07    8.97    0.13    1125
 13.000   19.41    8.45  0.1966    8.08   11.25   23.96    8.38    0.11    1125
 13.500   18.52    8.03  0.1719    7.30   10.32   22.59    7.84    0.08    1124
 14.000   17.39    7.62  0.1409    6.57    9.45   21.00    7.37    0.04    1123
 14.500   15.85    6.91  0.1216    5.95    8.60   19.15    6.71   -0.04    1122
 15.000   13.99    6.18  0.0938    5.30    7.76   17.05    6.01   -0.03    1122
 15.500   11.86    5.48  0.0581    4.60    6.93   14.73    5.30    0.02    1121
 16.000    9.56    4.86  0.0378    3.82    6.08   12.25    4.66    0.22    1120
 16.500    7.22    4.40  0.0041    2.95    5.31    9.73    4.12    0.48    1119
 17.000    5.42    4.03  0.0073    2.24    4.73    8.01    3.68    0.60    1114
 17.500    3.98    3.58  0.0524    1.73    4.14    6.87    3.13    0.58    1113
 18.000    2.57    3.32  0.1041    1.24    3.68    5.86    2.63    0.66    1113
 18.500    1.19    3.26  0.1458    0.81    3.43    4.95    2.32    0.86    1113
 19.000   -0.08    3.28  0.1668    0.42    3.25    4.30    2.20    0.92    1111
 19.500   -1.10    2.87  0.1911    0.20    2.77    4.41    1.93    0.86    1108
 20.000   -2.10    2.65  0.1919    0.01    2.46    4.59    1.89    0.56    1108
 20.500   -3.05    2.66  0.1474   -0.13    2.45    4.85    2.06    0.46    1105
 21.000   -3.93    2.94  0.0794   -0.25    2.70    5.11    2.42    0.41    1100
 21.500   -4.54    2.71  0.0574   -0.29    2.39    5.55    2.25    0.32    1086
 22.000   -5.16    2.53  0.0500   -0.38    2.15    6.03    2.16    0.17    1080
 22.500   -5.79    2.47  0.0586   -0.44    1.99    6.55    2.18    0.09    1073
 23.000   -6.42    2.50  0.0378   -0.47    1.92    7.06    2.28    0.05    1072
 23.500   -7.02    2.61  0.0036   -0.48    1.95    7.56    2.45    0.05    1070
 24.000   -7.61    2.81 -0.0153   -0.49    2.14    8.05    2.68    0.06    1067
 24.500   -8.11    2.89 -0.0123   -0.48    2.17    8.49    2.78    0.11    1032
 25.000   -8.46    2.74  0.0293   -0.49    1.88    8.84    2.64    0.02    1027
 25.500   -8.83    2.70  0.0436   -0.53    1.72    9.19    2.60   -0.08    1023
 26.000   -9.19    2.76  0.0044   -0.59    1.76    9.55    2.64   -0.16    1013
 26.500   -9.54    2.92 -0.0207   -0.62    2.03    9.90    2.79   -0.17    1009
 27.000  -10.02    3.20 -0.0645   -0.67    2.42   10.39    3.03   -0.11     791
 27.500  -10.12    3.12 -0.0004   -0.74    2.15   10.49    2.94   -0.11     674
 28.000  -10.40    3.12  0.0197   -0.70    2.03   10.76    2.96   -0.09     665
 28.500  -10.69    3.17  0.0444   -0.66    1.98   11.05    3.02   -0.05     645
 29.000  -10.90    3.23  0.0487   -0.60    2.00   11.27    3.08   -0.07     623
 29.500  -11.18    3.34  0.0293   -0.53    2.05   11.55    3.18   -0.13     608
 30.000  -11.44    3.48  0.0298   -0.48    2.23   11.84    3.32   -0.18     581
     T A B L E  I -   9.  W I N D  S T A T I S T I C A L  P A R A M E T E R S
                                 September
 STATION =   725720     DUGWAY PROVING GROUNDS
    Z    MEAN U   SD  U  R(U,V)  MEAN V   SD  V MEAN WS  SD  WS SKEW WS    NOBS
    KM     M/S     M/S             M/S     M/S     M/S     M/S                 
  0.000    0.00    0.00  0.0000    0.00    0.00    0.00    0.00    0.00       0
  1.289   -0.39    1.94 -0.5531    0.43    3.38    3.53    1.75    1.26    1079
  1.500   -0.13    2.39 -0.5512    1.13    4.96    4.91    2.91    1.29    1080
  2.000    1.07    2.19 -0.3342    1.44    4.79    5.40    3.08    1.30    1080
  2.500    2.35    2.59 -0.0515    1.60    4.56    5.93    3.09    1.18    1080
  3.000    3.59    3.45  0.0540    1.72    5.07    6.65    3.54    1.02    1080
  3.500    4.60    4.03  0.0838    1.87    5.59    7.74    3.92    0.79    1082
  4.000    5.48    4.66  0.1002    1.97    6.27    8.95    4.48    0.67    1082
  4.500    6.29    5.37  0.1081    2.03    7.06   10.06    5.18    0.60    1082
  5.000    7.05    6.15  0.1299    2.06    7.89   11.09    5.97    0.63    1082
  5.500    7.78    6.91  0.1459    2.12    8.81   12.10    6.80    0.70    1082
  6.000    8.51    7.56  0.1547    2.15    9.56   13.10    7.48    0.77    1082
  6.500    9.23    8.10  0.1630    2.16   10.16   14.10    7.97    0.85    1082
  7.000    9.95    8.77  0.1692    2.18   10.91   15.13    8.60    0.83    1082
  7.500   10.66    9.48  0.1898    2.28   11.73   16.16    9.27    0.79    1081
  8.000   11.36   10.01  0.2171    2.51   12.35   17.25    9.68    0.82    1081
  8.500   12.10   10.59  0.2319    2.70   12.99   18.33   10.13    0.83    1081
  9.000   12.84   11.28  0.2466    2.90   13.65   19.39   10.67    0.82    1081
  9.500   13.59   11.98  0.2555    3.13   14.30   20.44   11.19    0.77    1081
 10.000   14.54   12.45  0.2681    3.41   14.73   21.57   11.51    0.69    1081
 10.500   15.52   12.92  0.2781    3.66   15.15   22.63   11.87    0.62    1080
 11.000   16.51   13.13  0.2844    3.79   15.18   23.46   11.92    0.52    1079
 11.500   17.40   12.88  0.2869    3.73   14.81   23.89   11.68    0.45    1078
 12.000   18.25   12.71  0.2992    3.60   14.31   24.17   11.49    0.38    1078
 12.500   18.60   12.23  0.3074    3.38   13.58   23.93   11.08    0.31    1078
 13.000   18.41   11.38  0.3032    3.22   12.51   23.14   10.33    0.25    1078
 13.500   18.02   10.58  0.2885    2.96   11.56   22.18    9.65    0.24    1077
 14.000   17.40    9.87  0.2687    2.69   10.79   21.08    9.08    0.20    1076
 14.500   16.38    9.00  0.2528    2.45    9.99   19.78    8.27    0.20    1074
 15.000   15.15    8.16  0.2328    2.14    9.19   18.29    7.49    0.22    1074
 15.500   13.79    7.36  0.2123    1.89    8.31   16.62    6.79    0.25    1074
 16.000   12.28    6.62  0.1885    1.62    7.40   14.80    6.18    0.31    1073
 16.500   10.65    6.04  0.1638    1.21    6.64   12.87    5.73    0.39    1071
 17.000    9.06    5.50  0.1425    0.82    5.91   11.25    5.11    0.47    1063
 17.500    7.49    4.96  0.1274    0.51    5.24    9.74    4.50    0.61    1062
 18.000    5.97    4.58  0.1181    0.21    4.71    8.33    3.99    0.77    1062
 18.500    4.49    4.43  0.0999   -0.11    4.34    6.99    3.71    0.98    1060
 19.000    3.29    4.30  0.0953   -0.36    3.98    6.02    3.45    1.09    1052
 19.500    2.47    3.99  0.0970   -0.45    3.44    5.52    2.95    1.20    1051
 20.000    1.69    3.80  0.0854   -0.53    3.10    5.10    2.55    1.25    1048
 20.500    0.96    3.76  0.0609   -0.57    2.95    4.69    2.38    1.16    1046
 21.000    0.39    3.85  0.0476   -0.59    2.93    4.38    2.38    0.91    1030
 21.500    0.20    3.63  0.0768   -0.59    2.64    4.34    2.10    0.83    1026
 22.000    0.02    3.55  0.0986   -0.62    2.45    4.35    1.92    0.69    1022
 22.500   -0.14    3.55  0.0975   -0.62    2.33    4.34    1.87    0.59    1017
 23.000   -0.32    3.66  0.1137   -0.59    2.32    4.38    1.92    0.64    1014
 23.500   -0.48    3.84  0.1193   -0.55    2.42    4.41    2.07    0.80    1012
 24.000   -0.58    4.10  0.1124   -0.52    2.64    4.45    2.34    0.84    1011
 24.500   -0.60    4.11  0.1369   -0.47    2.53    4.49    2.31    0.95     991
 25.000   -0.63    4.04  0.1640   -0.47    2.28    4.51    2.16    0.96     989
 25.500   -0.68    4.03  0.1717   -0.43    2.16    4.53    2.09    0.85     986
 26.000   -0.74    4.08  0.1662   -0.37    2.21    4.55    2.11    0.82     985
 26.500   -0.79    4.24  0.1575   -0.31    2.44    4.58    2.28    0.75     984
 27.000   -0.42    4.42  0.1534   -0.28    2.59    4.65    2.41    0.70     716
 27.500   -0.36    4.46  0.1679   -0.24    2.41    4.76    2.36    0.75     708
 28.000   -0.24    4.55  0.1748   -0.19    2.31    4.89    2.35    0.84     699
 28.500   -0.23    4.67  0.1775   -0.20    2.24    5.02    2.38    0.90     686
 29.000   -0.21    4.79  0.1792   -0.18    2.23    5.14    2.43    0.95     671
 29.500   -0.21    4.96  0.1654   -0.19    2.31    5.27    2.54    0.96     652
 30.000   -0.20    5.20  0.1611   -0.15    2.48    5.48    2.67    0.94     627
     T A B L E  I -  10.  W I N D  S T A T I S T I C A L  P A R A M E T E R S
                                   October
 STATION =   725720     DUGWAY PROVING GROUNDS
    Z    MEAN U   SD  U  R(U,V)  MEAN V   SD  V MEAN WS  SD  WS SKEW WS    NOBS
    KM     M/S     M/S             M/S     M/S     M/S     M/S                 
  0.000    0.00    0.00  0.0000    0.00    0.00    0.00    0.00    0.00       0
  1.289   -0.19    1.90 -0.5800    0.24    2.98    3.17    1.59    1.08    1133
  1.500    0.17    2.14 -0.5402    0.95    4.80    4.53    3.03    1.56    1137
  2.000    1.41    2.23 -0.2840    1.08    4.87    5.48    3.16    1.34    1137
  2.500    2.68    3.07 -0.0959    0.92    5.03    6.41    3.32    1.11    1138
  3.000    3.98    4.21 -0.0664    0.70    5.96    7.56    3.88    0.96    1138
  3.500    5.19    4.84 -0.0484    0.36    6.67    8.99    4.26    0.69    1138
  4.000    6.27    5.54 -0.0247    0.03    7.49   10.41    4.87    0.55    1138
  4.500    7.26    6.33  0.0013   -0.28    8.48   11.80    5.66    0.55    1138
  5.000    8.20    7.25  0.0197   -0.62    9.57   13.19    6.56    0.55    1138
  5.500    9.12    8.22  0.0241   -0.92   10.72   14.55    7.54    0.62    1138
  6.000    9.95    8.97  0.0266   -1.12   11.60   15.82    8.23    0.61    1138
  6.500   10.63    9.63  0.0320   -1.24   12.37   16.95    8.78    0.61    1137
  7.000   11.28   10.49  0.0314   -1.36   13.32   18.11    9.55    0.66    1137
  7.500   11.98   11.35  0.0398   -1.45   14.19   19.28   10.26    0.71    1135
  8.000   12.55   12.02  0.0683   -1.67   14.99   20.45   10.72    0.74    1134
  8.500   13.07   12.79  0.0963   -1.92   15.94   21.61   11.36    0.78    1134
  9.000   13.66   13.59  0.1211   -2.11   16.86   22.76   12.03    0.78    1134
  9.500   14.36   14.23  0.1431   -2.23   17.62   23.83   12.57    0.77    1132
 10.000   15.28   14.58  0.1657   -2.33   18.12   24.86   12.89    0.78    1132
 10.500   16.15   14.96  0.1892   -2.45   18.46   25.65   13.24    0.73    1132
 11.000   16.94   14.83  0.1874   -2.41   17.77   25.82   12.90    0.63    1131
 11.500   17.65   14.45  0.1823   -2.41   16.93   25.69   12.58    0.57    1130
 12.000   18.16   14.08  0.1707   -2.39   16.08   25.31   12.42    0.53    1130
 12.500   18.19   13.21  0.1651   -2.24   15.05   24.60   11.73    0.49    1129
 13.000   17.86   12.32  0.1624   -1.96   13.90   23.61   10.88    0.44    1128
 13.500   17.52   11.51  0.1634   -1.62   12.80   22.54   10.17    0.43    1128
 14.000   17.10   10.84  0.1607   -1.38   11.77   21.48    9.58    0.41    1127
 14.500   16.54    9.99  0.1587   -1.23   10.79   20.46    8.87    0.37    1127
 15.000   15.83    9.18  0.1545   -1.13    9.90   19.30    8.26    0.33    1127
 15.500   15.01    8.38  0.1340   -1.07    9.09   18.06    7.69    0.28    1126
 16.000   14.09    7.70  0.1114   -1.07    8.30   16.76    7.16    0.25    1125
 16.500   13.00    7.14  0.0779   -1.03    7.59   15.35    6.72    0.27    1123
 17.000   11.76    6.44  0.0830   -0.89    6.77   13.97    6.01    0.34    1123
 17.500   10.49    5.83  0.0849   -0.84    6.06   12.58    5.35    0.47    1121
 18.000    9.19    5.31  0.0825   -0.87    5.45   11.19    4.75    0.51    1120
 18.500    7.92    5.14  0.0798   -0.98    4.95    9.81    4.49    0.63    1117
 19.000    7.04    4.80  0.0899   -1.05    4.43    8.92    4.11    0.70    1101
 19.500    6.30    4.45  0.1106   -1.07    3.96    8.18    3.72    0.86    1100
 20.000    5.62    4.25  0.1123   -1.08    3.66    7.49    3.51    1.02    1097
 20.500    5.01    4.26  0.0929   -1.09    3.58    6.85    3.50    1.07    1097
 21.000    4.79    4.23  0.0989   -1.06    3.40    6.59    3.46    1.03    1079
 21.500    4.71    4.07  0.1199   -1.04    3.11    6.49    3.30    1.13    1075
 22.000    4.70    4.05  0.1442   -1.01    2.95    6.47    3.24    1.20    1070
 22.500    4.71    4.14  0.1755   -0.99    2.84    6.48    3.29    1.23    1065
 23.000    4.76    4.33  0.1860   -0.93    2.86    6.52    3.42    1.24    1061
 23.500    4.85    4.60  0.1885   -0.92    3.01    6.62    3.61    1.23    1059
 24.000    5.00    4.91  0.1961   -0.87    3.15    6.75    3.87    1.12    1037
 24.500    5.38    4.99  0.2414   -0.74    2.91    7.07    3.96    1.16    1029
 25.000    5.76    5.22  0.2804   -0.60    2.81    7.42    4.18    1.20    1026
 25.500    6.17    5.53  0.2925   -0.49    2.83    7.78    4.49    1.18    1017
 26.000    6.61    5.98  0.2966   -0.39    3.05    8.20    4.94    1.18    1014
 26.500    6.72    6.24  0.2835   -0.33    3.36    8.35    5.14    1.15     921
 27.000    7.31    6.33  0.3444   -0.32    3.31    8.90    5.25    1.11     763
 27.500    7.94    6.64  0.4020   -0.25    3.35    9.58    5.50    1.16     745
 28.000    8.53    6.93  0.4421   -0.19    3.42   10.21    5.72    1.22     733
 28.500    9.13    7.17  0.4665   -0.13    3.46   10.78    5.97    1.21     713
 29.000    9.80    7.53  0.4847   -0.05    3.67   11.47    6.31    1.19     694
 29.500   10.48    7.77  0.5003    0.03    3.82   12.06    6.66    1.18     671
 30.000   11.20    8.21  0.4991    0.14    4.03   12.74    7.13    1.14     652
     T A B L E  I -  11.  W I N D  S T A T I S T I C A L  P A R A M E T E R S
                                  November
 STATION =   725720     DUGWAY PROVING GROUNDS
    Z    MEAN U   SD  U  R(U,V)  MEAN V   SD  V MEAN WS  SD  WS SKEW WS    NOBS
    KM     M/S     M/S             M/S     M/S     M/S     M/S                 
  0.000    0.00    0.00  0.0000    0.00    0.00    0.00    0.00    0.00       0
  1.289   -0.09    1.82 -0.5728    0.46    3.04    3.02    1.91    1.43    1090
  1.500    0.28    2.19 -0.5042    1.54    5.09    4.66    3.59    1.39    1094
  2.000    1.73    2.35 -0.3031    1.70    5.49    5.90    3.73    1.21    1095
  2.500    3.45    3.13 -0.0570    1.21    5.55    7.03    3.58    0.98    1095
  3.000    5.23    4.34  0.0531    0.49    5.97    8.34    3.84    0.66    1095
  3.500    6.85    5.19  0.1201   -0.14    6.63   10.18    4.32    0.51    1095
  4.000    8.35    6.04  0.1408   -0.69    7.58   12.04    5.05    0.41    1095
  4.500    9.82    7.02  0.1429   -1.21    8.70   13.93    5.97    0.37    1095
  5.000   11.30    8.06  0.1459   -1.63    9.94   15.79    7.05    0.37    1095
  5.500   12.72    9.12  0.1455   -1.99   11.22   17.61    8.14    0.36    1095
  6.000   13.90    9.98  0.1641   -2.27   12.34   19.34    8.88    0.33    1093
  6.500   14.95   10.78  0.1777   -2.53   13.49   20.95    9.66    0.35    1093
  7.000   15.88   11.61  0.1796   -2.89   14.68   22.44   10.45    0.37    1089
  7.500   16.83   12.37  0.1837   -3.27   15.79   23.94   11.18    0.36    1087
  8.000   17.58   13.04  0.2028   -3.70   16.69   25.28   11.69    0.38    1082
  8.500   18.31   13.76  0.2149   -4.17   17.60   26.56   12.30    0.40    1076
  9.000   19.04   14.52  0.2281   -4.56   18.61   27.83   12.98    0.44    1072
  9.500   19.72   14.98  0.2335   -4.92   19.15   28.79   13.32    0.43    1064
 10.000   20.64   15.27  0.2388   -5.18   19.43   29.72   13.56    0.40    1061
 10.500   21.56   15.46  0.2388   -5.26   19.48   30.38   13.81    0.34    1057
 11.000   22.19   15.00  0.2311   -5.14   18.74   30.36   13.40    0.32    1054
 11.500   22.72   14.54  0.2243   -4.82   17.95   30.15   13.08    0.36    1052
 12.000   23.02   14.01  0.2285   -4.47   16.99   29.67   12.61    0.34    1049
 12.500   22.78   12.95  0.2157   -4.13   15.59   28.66   11.58    0.27    1049
 13.000   22.15   11.69  0.1995   -3.61   14.32   27.25   10.62    0.19    1049
 13.500   21.46   10.54  0.1928   -3.08   13.09   25.78    9.75    0.20    1048
 14.000   20.72    9.80  0.1867   -2.75   11.99   24.49    9.10    0.21    1045
 14.500   19.93    9.18  0.1933   -2.48   10.95   23.34    8.47    0.20    1045
 15.000   19.09    8.64  0.1963   -2.17   10.05   22.14    8.00    0.19    1045
 15.500   18.22    8.21  0.1951   -1.89    9.25   20.92    7.74    0.18    1045
 16.000   17.18    7.85  0.1945   -1.67    8.53   19.56    7.53    0.25    1043
 16.500   15.91    7.45  0.2026   -1.55    7.83   18.11    7.14    0.31    1037
 17.000   14.56    7.03  0.2068   -1.41    7.04   16.65    6.67    0.44    1036
 17.500   13.23    6.72  0.2061   -1.35    6.34   15.19    6.34    0.63    1031
 18.000   11.93    6.49  0.2054   -1.38    5.84   13.79    6.11    0.87    1031
 18.500   10.67    6.47  0.2017   -1.38    5.52   12.47    6.05    0.96    1025
 19.000    9.80    6.25  0.2559   -1.39    4.99   11.67    5.71    1.08    1023
 19.500    8.92    6.19  0.2889   -1.38    4.66   10.88    5.54    1.20    1021
 20.000    8.06    6.32  0.2909   -1.34    4.55   10.13    5.57    1.30    1019
 20.500    7.25    6.67  0.2668   -1.27    4.67    9.46    5.80    1.32    1016
 21.000    6.79    6.73  0.2839   -1.32    4.44    9.22    5.70    1.38    1005
 21.500    6.39    6.82  0.3100   -1.39    4.24    9.08    5.58    1.48    1005
 22.000    5.95    6.98  0.3400   -1.45    4.14    8.94    5.52    1.59    1003
 22.500    5.56    7.25  0.3620   -1.49    4.12    8.87    5.53    1.66    1002
 23.000    5.24    7.59  0.3825   -1.55    4.21    8.88    5.61    1.68     999
 23.500    4.95    7.99  0.3850   -1.58    4.43    8.91    5.79    1.64     998
 24.000    4.81    8.48  0.3919   -1.63    4.52    9.14    6.04    1.60     979
 24.500    4.93    8.97  0.4193   -1.75    4.46    9.60    6.30    1.60     975
 25.000    5.01    9.51  0.4208   -1.87    4.50   10.03    6.61    1.58     967
 25.500    5.01   10.00  0.4210   -1.99    4.69   10.39    6.88    1.54     961
 26.000    4.92   10.30  0.3934   -2.13    4.86   10.61    6.95    1.25     955
 26.500    4.02   10.48  0.3146   -2.63    4.75   10.48    6.82    1.12     684
 27.000    4.41   10.83  0.3430   -2.65    4.76   10.95    7.03    1.15     671
 27.500    4.57   11.16  0.3709   -2.69    4.83   11.30    7.25    1.25     649
 28.000    4.95   11.62  0.3735   -2.72    4.94   11.75    7.66    1.33     622
 28.500    5.35   12.20  0.3947   -2.79    5.20   12.38    8.04    1.27     593
 29.000    5.98   12.88  0.4098   -2.82    5.48   13.06    8.65    1.23     564
 29.500    6.53   13.39  0.4147   -2.88    5.69   13.58    9.12    1.21     543
 30.000    7.07   14.00  0.4064   -2.98    5.99   14.21    9.63    1.20     519
     T A B L E  I -  12.  W I N D  S T A T I S T I C A L  P A R A M E T E R S
                                  December
 STATION =   725720     DUGWAY PROVING GROUNDS
    Z    MEAN U   SD  U  R(U,V)  MEAN V   SD  V MEAN WS  SD  WS SKEW WS    NOBS
    KM     M/S     M/S             M/S     M/S     M/S     M/S                 
  0.000    0.00    0.00  0.0000    0.00    0.00    0.00    0.00    0.00       0
  1.289   -0.04    1.77 -0.5613    0.69    3.15    2.98    2.16    1.84    1008
  1.500    0.25    2.12 -0.5106    1.78    5.03    4.57    3.69    1.49    1016
  2.000    1.78    2.42 -0.2017    1.66    5.49    5.91    3.88    1.21    1016
  2.500    3.75    3.57  0.0474    0.49    5.51    7.26    3.70    0.87    1018
  3.000    5.73    5.09  0.1318   -0.79    6.20    9.09    4.13    0.58    1018
  3.500    7.27    6.02  0.1582   -1.74    7.04   11.13    4.66    0.35    1018
  4.000    8.68    6.96  0.1682   -2.57    7.99   13.06    5.43    0.30    1018
  4.500   10.01    8.01  0.1568   -3.33    9.17   14.97    6.41    0.34    1018
  5.000   11.29    9.15  0.1405   -3.94   10.44   16.83    7.54    0.41    1018
  5.500   12.54   10.27  0.1246   -4.58   11.81   18.66    8.72    0.47    1018
  6.000   13.65   11.25  0.1307   -5.05   12.99   20.43    9.60    0.47    1017
  6.500   14.52   12.30  0.1488   -5.44   14.23   22.05   10.52    0.50    1015
  7.000   15.35   13.43  0.1610   -5.88   15.63   23.69   11.61    0.54    1014
  7.500   16.10   14.33  0.1748   -6.31   16.75   25.20   12.36    0.53    1011
  8.000   16.79   15.05  0.1835   -6.87   17.82   26.67   12.92    0.53    1005
  8.500   17.52   15.89  0.1896   -7.49   18.75   28.11   13.50    0.51     997
  9.000   18.27   16.70  0.2092   -7.95   19.69   29.46   14.10    0.48     990
  9.500   19.04   17.18  0.2174   -8.23   19.92   30.36   14.31    0.43     988
 10.000   19.83   17.46  0.2217   -8.47   19.85   30.97   14.49    0.41     985
 10.500   20.58   17.41  0.2191   -8.54   19.61   31.27   14.56    0.39     983
 11.000   20.88   16.52  0.2184   -8.31   18.34   30.55   13.85    0.33     980
 11.500   21.12   15.62  0.2199   -7.86   16.99   29.63   13.18    0.35     980
 12.000   21.00   14.56  0.2187   -7.47   15.65   28.47   12.35    0.32     980
 12.500   20.75   13.13  0.2171   -6.72   14.21   27.19   11.17    0.19     979
 13.000   20.39   11.76  0.2029   -5.92   12.97   25.83   10.26    0.14     978
 13.500   19.76   10.68  0.1753   -5.26   11.89   24.32    9.71    0.15     977
 14.000   19.03    9.88  0.1662   -4.98   11.12   23.13    9.22    0.19     973
 14.500   18.26    9.29  0.1622   -4.71   10.39   22.09    8.71    0.23     971
 15.000   17.43    8.75  0.1522   -4.41    9.67   20.93    8.35    0.28     968
 15.500   16.53    8.35  0.1256   -4.14    8.96   19.71    8.12    0.34     967
 16.000   15.48    8.15  0.0880   -3.92    8.32   18.38    8.03    0.44     965
 16.500   14.34    7.70  0.0792   -3.73    7.57   17.04    7.66    0.58     956
 17.000   13.08    7.35  0.0849   -3.53    6.84   15.67    7.29    0.75     954
 17.500   11.79    7.11  0.0783   -3.27    6.24   14.28    7.04    0.99     954
 18.000   10.52    6.98  0.0636   -3.08    5.84   12.95    6.90    1.19     954
 18.500    9.32    7.01  0.0558   -3.00    5.53   11.76    6.88    1.28     946
 19.000    8.23    6.81  0.0641   -3.04    5.04   10.91    6.52    1.48     945
 19.500    7.16    6.82  0.0533   -3.07    4.74   10.13    6.35    1.66     942
 20.000    6.16    6.95  0.0353   -3.12    4.59    9.44    6.29    1.79     942
 20.500    5.14    7.18  0.0309   -3.21    4.64    8.83    6.30    1.82     932
 21.000    4.49    7.47  0.0341   -3.31    4.46    8.81    6.21    1.86     921
 21.500    3.82    7.80  0.0461   -3.48    4.34    8.92    6.11    1.87     919
 22.000    3.19    8.20  0.0577   -3.62    4.35    9.12    6.08    1.86     914
 22.500    2.59    8.65  0.0681   -3.76    4.45    9.38    6.11    1.87     907
 23.000    2.04    9.15  0.0779   -3.91    4.61    9.70    6.19    1.88     905
 23.500    1.43    9.59  0.0953   -4.08    4.81    9.97    6.26    1.91     898
 24.000    1.17   10.23  0.1243   -4.25    5.00   10.54    6.47    1.81     867
 24.500    1.02   10.81  0.1501   -4.51    5.15   11.22    6.63    1.79     856
 25.000    0.79   11.45  0.1705   -4.80    5.41   11.91    6.87    1.72     845
 25.500    0.65   12.17  0.1873   -5.08    5.80   12.65    7.21    1.63     841
 26.000    0.15   12.25  0.1524   -5.42    6.24   13.03    7.09    1.39     825
 26.500   -1.33   12.98  0.2075   -5.47    6.36   13.74    7.30    1.45     609
 27.000   -0.77   13.53  0.2166   -5.53    6.38   14.14    7.72    1.50     569
 27.500   -0.76   13.99  0.2349   -5.68    6.63   14.67    7.98    1.31     550
 28.000   -0.80   14.57  0.2443   -5.99    6.94   15.25    8.47    1.31     521
 28.500   -0.63   15.34  0.2585   -6.13    7.27   15.94    8.94    1.30     499
 29.000   -0.31   16.06  0.2736   -6.02    7.63   16.44    9.46    1.30     473
 29.500   -0.18   16.67  0.2767   -6.05    8.06   16.97    9.90    1.21     445
 30.000   -0.04   17.43  0.3022   -6.14    8.48   17.54   10.49    1.21     429
     T A B L E  I -  13.  W I N D  S T A T I S T I C A L  P A R A M E T E R S
                                    Annual
 STATION =   725720     DUGWAY PROVING GROUNDS
    Z    MEAN U   SD  U  R(U,V)  MEAN V   SD  V MEAN WS  SD  WS SKEW WS    NOBS
    KM     M/S     M/S             M/S     M/S     M/S     M/S                 
  0.000    0.00    0.00  0.0000    0.00    0.00    0.00    0.00    0.00       0
  1.289   -0.14    1.98 -0.5171    0.41    3.38    3.42    1.96    1.21   13102
  1.500    0.13    2.41 -0.5096    1.26    5.12    4.94    3.24    1.22   13160
  2.000    1.41    2.43 -0.2972    1.46    5.22    5.80    3.41    1.23   13165
  2.500    2.85    3.10 -0.0800    1.24    5.21    6.61    3.44    1.05   13169
  3.000    4.32    4.22 -0.0071    0.96    5.89    7.66    3.99    0.88   13168
  3.500    5.62    4.89  0.0236    0.78    6.53    9.12    4.43    0.68   13170
  4.000    6.81    5.61  0.0363    0.63    7.36   10.63    5.05    0.58   13170
  4.500    7.93    6.45  0.0447    0.51    8.34   12.10    5.85    0.57   13171
  5.000    9.02    7.36  0.0523    0.41    9.41   13.54    6.77    0.59   13171
  5.500   10.08    8.32  0.0550    0.29   10.51   14.94    7.76    0.62   13169
  6.000   11.04    9.12  0.0650    0.20   11.44   16.30    8.55    0.64   13165
  6.500   11.92    9.88  0.0789    0.09   12.34   17.58    9.32    0.70   13159
  7.000   12.77   10.74  0.0886   -0.02   13.37   18.86   10.20    0.76   13148
  7.500   13.59   11.47  0.1002   -0.13   14.29   20.10   10.90    0.74   13124
  8.000   14.36   12.07  0.1126   -0.18   15.15   21.35   11.40    0.75   13097
  8.500   15.16   12.76  0.1226   -0.25   16.06   22.61   11.99    0.76   13079
  9.000   15.96   13.46  0.1329   -0.30   16.98   23.83   12.63    0.77   13058
  9.500   16.75   13.89  0.1427   -0.30   17.50   24.80   12.94    0.73   13027
 10.000   17.64   14.12  0.1517   -0.26   17.83   25.72   13.08    0.70   13000
 10.500   18.50   14.24  0.1564   -0.20   17.97   26.42   13.16    0.64   12982
 11.000   19.14   13.80  0.1559   -0.05   17.40   26.53   12.69    0.55   12961
 11.500   19.61   13.22  0.1537    0.07   16.60   26.32   12.18    0.51   12950
 12.000   19.88   12.64  0.1525    0.18   15.78   25.92   11.69    0.47   12939
 12.500   19.77   11.74  0.1499    0.34   14.70   25.17   10.89    0.39   12929
 13.000   19.27   10.75  0.1341    0.46   13.45   24.00   10.04    0.35   12922
 13.500   18.60    9.91  0.1158    0.54   12.31   22.70    9.34    0.32   12910
 14.000   17.78    9.26  0.0980    0.51   11.39   21.45    8.78    0.31   12879
 14.500   16.81    8.65  0.0755    0.45   10.53   20.20    8.23    0.33   12864
 15.000   15.71    8.15  0.0452    0.39    9.74   18.86    7.78    0.38   12854
 15.500   14.51    7.77  0.0062    0.32    8.99   17.42    7.47    0.46   12836
 16.000   13.21    7.53 -0.0330    0.21    8.27   15.91    7.26    0.57   12826
 16.500   11.78    7.26 -0.0621    0.04    7.53   14.30    7.01    0.65   12763
 17.000   10.36    6.91 -0.0741   -0.09    6.78   12.84    6.59    0.77   12728
 17.500    8.96    6.60 -0.0840   -0.20    6.12   11.48    6.17    0.96   12710
 18.000    7.57    6.42 -0.0909   -0.35    5.61   10.17    5.84    1.17   12702
 18.500    6.23    6.43 -0.0903   -0.52    5.23    8.96    5.67    1.33   12655
 19.000    5.13    6.34 -0.0883   -0.72    4.77    8.15    5.36    1.44   12585
 19.500    4.14    6.20 -0.0897   -0.86    4.36    7.63    4.95    1.70   12551
 20.000    3.20    6.21 -0.0884   -0.99    4.12    7.17    4.69    1.94   12522
 20.500    2.30    6.35 -0.0840   -1.10    4.08    6.77    4.62    2.03   12469
 21.000    1.66    6.52 -0.0800   -1.21    3.94    6.71    4.54    1.99   12317
 21.500    1.18    6.56 -0.0729   -1.30    3.73    6.79    4.36    2.09   12262
 22.000    0.71    6.69 -0.0579   -1.38    3.60    6.91    4.27    2.13   12216
 22.500    0.26    6.90 -0.0394   -1.46    3.57    7.07    4.28    2.11   12163
 23.000   -0.16    7.18 -0.0193   -1.53    3.61    7.25    4.37    2.04   12118
 23.500   -0.57    7.50 -0.0002   -1.60    3.76    7.45    4.55    1.91   12085
 24.000   -0.86    7.91  0.0153   -1.64    3.88    7.73    4.79    1.76   11845
 24.500   -0.90    8.30  0.0362   -1.70    3.86    8.11    4.96    1.75   11674
 25.000   -0.98    8.69  0.0549   -1.74    3.88    8.47    5.15    1.75   11601
 25.500   -1.05    9.12  0.0731   -1.78    4.02    8.84    5.40    1.70   11529
 26.000   -1.19    9.47  0.0783   -1.83    4.27    9.15    5.61    1.52   11425
 26.500   -1.95    9.73  0.0882   -1.62    4.09    9.34    5.67    1.36    9843
 27.000   -1.20   10.58  0.1043   -1.78    4.32   10.03    6.09    1.37    7906
 27.500   -0.66   11.02  0.1411   -1.79    4.39   10.39    6.36    1.42    7470
 28.000   -0.44   11.53  0.1614   -1.74    4.45   10.81    6.64    1.46    7256
 28.500   -0.23   12.10  0.1750   -1.70    4.58   11.28    6.98    1.48    7030
 29.000    0.05   12.72  0.1927   -1.62    4.71   11.75    7.35    1.46    6767
 29.500    0.28   13.33  0.2058   -1.57    4.92   12.23    7.75    1.45    6512
 30.000    0.62   13.99  0.2200   -1.53    5.17   12.73    8.20    1.47    6243
