 0 1VPS 722210   30.48N   86.52W  20 1601279   21080   0  30                                        
     T A B L E  I - 13.  W I N D  S T A T I S T I C A L  P A R A M E T E R S                        
                                   ANNUAL                                                           
 STATION =   722210     EGLIN AFB, FL                                                               
    Z    MEAN U   SD  U  R(U,V)  MEAN V   SD  V MEAN WS  SD  WS SKEW WS    NOBS                     
    KM     M/S     M/S             M/S     M/S     M/S     M/S                                      
  0.020   -0.07    2.88  0.1414   -0.03    2.93    3.01    2.79   23.77  10116.                     
  1.000    1.52    5.63  -.0251    0.65    6.06    7.18    4.42    1.24  10095.                     
  2.000    3.91    6.87  0.0217    0.39    6.20    8.45    5.44    1.20  10092.                     
  3.000    6.36    8.19  0.0679    0.26    6.45   10.05    6.94    1.16  10069.                     
  4.000    8.59    9.48  0.1291    0.25    6.88   11.84    8.42    1.08  10080.                     
  5.000   10.69   10.88  0.1808    0.31    7.52   13.83    9.90    1.02  10073.                     
  6.000   12.71   12.28  0.2270    0.42    8.19   15.90   11.26    0.96  10045.                     
  7.000   14.71   13.71  0.2593    0.52    8.99   18.06   12.62    0.91  10022.                     
  8.000   16.72   15.17  0.2646    0.51    9.83   20.33   13.89    0.79   9941.                     
  9.000   18.84   16.86  0.2684    0.52   10.85   22.81   15.38    0.77   9888.                     
 10.000   20.79   18.28  0.2710    0.44   11.90   25.21   16.52    0.68   9761.                     
 11.000   22.56   19.39  0.2592    0.10   12.56   27.36   17.16    0.57   9555.                     
 12.000   24.06   20.11  0.2601   -0.21   12.82   28.95   17.60    0.56   9414.                     
 13.000   23.98   19.44  0.2727   -0.56   11.95   28.65   16.59    0.49   9275.                     
 14.000   22.28   18.00  0.3205   -0.78   10.28   26.48   15.03    0.44   9166.                     
 15.000   19.35   16.37  0.3438   -0.78    8.52   23.02   13.63    0.50   9081.                     
 16.000   15.65   14.55  0.3303   -0.73    6.91   19.08   11.89    0.49   8828.                     
 17.000   11.41   12.84  0.2873   -0.63    5.51   15.08    9.92    0.67   8559.                     
 18.000    7.28   11.63  0.2505   -0.51    4.54   11.90    8.21    1.20   8505.                     
 19.000    3.48   10.34  0.2334   -0.42    3.63    9.48    6.52    1.72   8389.                     
 20.000    0.85    9.69  0.2410   -0.40    3.06    8.51    5.65    1.76   8276.                     
 21.000   -1.01    9.53  0.2337   -0.39    2.81    8.42    5.39    1.41   8127.                     
 22.000   -2.15    9.83  0.2176   -0.36    2.77    8.86    5.54    1.35   8050.                     
 23.000   -2.53   10.14  0.2287   -0.33    2.55    9.21    5.56    0.92   7903.                     
 24.000   -2.79   11.08  0.2204   -0.30    2.92   10.09    6.10    0.93   7864.                     
 25.000   -2.75   11.78  0.2162   -0.23    2.95   10.68    6.41    0.74   7733.                     
 26.000   -2.34   12.56  0.2226   -0.18    2.96   11.22    6.78    0.74   7443.                     
 27.000   -1.90   13.51  0.2201   -0.16    3.24   12.04    7.19    0.66   6658.                     
 28.000   -0.75   14.64  0.2415   -0.15    3.46   12.94    7.72    0.67   6297.                     
 29.000    0.06   15.96  0.2522   -0.13    3.71   14.11    8.34    0.68   4844.                     
 30.000    1.40   17.19  0.2872    0.00    3.86   15.13    9.12    0.69   4683.                     
     T A B L E  I -  1.  W I N D  S T A T I S T I C A L  P A R A M E T E R S                        
                                   JANUARY                                                          
 STATION =   722210     EGLIN AFB, FL                                                               
    Z    MEAN U   SD  U  R(U,V)  MEAN V   SD  V MEAN WS  SD  WS SKEW WS    NOBS                     
    KM     M/S     M/S             M/S     M/S     M/S     M/S                                      
  0.020   -0.28    2.41  -.0736   -0.69    2.74    3.10    2.06    1.17    913.                     
  1.000    3.64    5.86  0.0080    0.62    7.10    8.71    4.73    0.72    906.                     
  2.000    8.76    6.37  -.0114    0.92    6.83   11.46    5.77    0.54    906.                     
  3.000   12.57    7.25  0.0238    1.45    7.49   14.78    7.08    0.45    904.                     
  4.000   16.02    8.34  0.0723    2.00    8.31   18.16    8.34    0.44    910.                     
  5.000   19.38    9.44  0.1380    2.63    9.29   21.57    9.62    0.42    909.                     
  6.000   22.82   10.48  0.2161    3.24   10.30   25.19   10.61    0.43    910.                     
  7.000   26.07   11.82  0.2350    3.92   11.44   28.78   11.72    0.41    901.                     
  8.000   29.36   12.66  0.2727    4.35   12.58   32.24   12.63    0.29    888.                     
  9.000   32.63   13.63  0.2787    4.87   13.67   35.70   13.64    0.37    879.                     
 10.000   35.85   13.99  0.2508    5.07   14.62   39.03   14.04    0.19    854.                     
 11.000   38.47   14.23  0.2671    4.97   14.81   41.53   14.19    0.26    826.                     
 12.000   40.28   13.90  0.2888    4.96   14.68   43.10   14.07    0.29    804.                     
 13.000   40.27   13.05  0.2515    4.99   12.53   42.38   13.31    0.42    784.                     
 14.000   37.99   11.71  0.2574    4.64   10.69   39.67   11.92    0.40    763.                     
 15.000   34.20   10.54  0.2457    4.12    9.15   35.60   10.67    0.48    754.                     
 16.000   29.82    8.89  0.2339    3.38    7.74   31.00    8.88    0.16    742.                     
 17.000   24.71    8.10  0.1967    2.46    6.47   25.69    8.00    0.14    704.                     
 18.000   19.54    8.33  0.2459    1.64    5.51   20.48    8.06    0.55    698.                     
 19.000   14.51    8.48  0.3268    1.07    4.68   15.63    7.83    0.99    688.                     
 20.000   10.93    8.20  0.3735    0.78    4.07   12.33    7.20    1.09    671.                     
 21.000    8.28    7.96  0.4313    0.40    3.78   10.14    6.60    1.13    653.                     
 22.000    7.06    8.87  0.4232    0.22    3.79    9.77    6.88    1.25    643.                     
 23.000    7.37    8.40  0.4512    0.44    3.39    9.70    6.51    1.31    638.                     
 24.000    7.30    9.60  0.3857    0.54    3.74   10.33    7.28    1.70    643.                     
 25.000    7.13    9.81  0.3475    0.51    4.07   10.73    6.98    1.09    629.                     
 26.000    7.37   10.46  0.3139    0.46    4.32   11.43    7.21    0.94    622.                     
 27.000    8.39   11.62  0.3058    0.58    4.54   12.67    8.12    0.71    558.                     
 28.000   10.04   12.94  0.3008    0.91    5.20   14.52    9.23    0.64    539.                     
 29.000   13.13   13.02  0.3752    1.06    5.40   16.51    9.97    0.54    395.                     
 30.000   14.87   14.21  0.3229    1.74    6.06   18.60   10.80    0.53    388.                     
     T A B L E  I -  2.  W I N D  S T A T I S T I C A L  P A R A M E T E R S                        
                                   FEBRUARY                                                         
 STATION =   722210     EGLIN AFB, FL                                                               
    Z    MEAN U   SD  U  R(U,V)  MEAN V   SD  V MEAN WS  SD  WS SKEW WS    NOBS                     
    KM     M/S     M/S             M/S     M/S     M/S     M/S                                      
  0.020   -0.09    2.75  -.0163   -0.40    2.84    3.29    2.22    1.36    869.                     
  1.000    3.68    6.51  -.0323    0.05    7.51    9.19    5.27    1.04    871.                     
  2.000    8.68    6.76  -.0155    0.42    8.03   12.10    6.25    0.74    870.                     
  3.000   12.97    7.58  0.0376    1.13    8.62   15.62    7.57    0.90    868.                     
  4.000   16.84    8.31  0.1229    1.69    9.40   19.26    8.53    0.74    868.                     
  5.000   20.66    9.39  0.1800    2.21   10.32   23.13    9.54    0.56    864.                     
  6.000   24.51   10.66  0.2208    3.09   11.22   27.11   10.72    0.63    861.                     
  7.000   28.04   11.77  0.2511    3.81   12.17   30.83   11.68    0.59    856.                     
  8.000   31.73   12.86  0.2386    4.22   13.09   34.66   12.65    0.31    842.                     
  9.000   35.86   14.54  0.2412    4.50   13.91   38.87   14.14    0.33    826.                     
 10.000   39.52   15.27  0.2499    4.60   15.02   42.68   14.83    0.26    793.                     
 11.000   42.21   15.17  0.2569    4.55   15.05   45.20   14.70    0.13    756.                     
 12.000   43.99   15.30  0.2174    4.58   14.23   46.54   15.06    0.38    733.                     
 13.000   42.65   13.50  0.2155    4.28   12.53   44.72   13.27    0.37    701.                     
 14.000   39.33   11.07  0.2911    3.58   10.45   40.83   11.17    0.16    681.                     
 15.000   35.63   10.32  0.3115    3.06    9.28   36.92   10.41    0.68    673.                     
 16.000   30.77    8.64  0.2297    2.30    7.59   31.79    8.58    0.25    648.                     
 17.000   25.00    7.90  0.1996    1.59    6.19   25.82    7.83    0.17    612.                     
 18.000   19.63    9.04  0.2046    1.14    5.50   20.65    8.49    0.88    607.                     
 19.000   14.10    9.00  0.2175    0.64    4.47   15.26    8.18    1.35    579.                     
 20.000   10.55    9.58  0.2299    0.26    3.95   12.35    8.13    1.37    570.                     
 21.000    8.19   10.06  0.2771    0.08    3.64   10.98    7.80    1.42    558.                     
 22.000    6.38   11.09  0.3403   -0.20    3.66   10.63    8.01    1.85    558.                     
 23.000    6.16   10.08  0.3861   -0.21    3.73    9.95    7.38    1.78    557.                     
 24.000    6.24   11.24  0.4148   -0.07    4.31   10.96    7.98    1.52    562.                     
 25.000    6.79   11.37  0.4271    0.23    4.26   11.22    8.22    1.43    544.                     
 26.000    7.02   11.58  0.4831    0.32    4.12   11.45    8.32    1.46    529.                     
 27.000    7.49   12.08  0.5115    0.33    4.29   12.18    8.48    1.37    463.                     
 28.000    8.92   12.65  0.4535    0.16    4.43   13.61    8.60    0.84    442.                     
 29.000   11.74   12.81  0.4235    0.47    4.46   15.37    9.25    0.67    303.                     
 30.000   13.62   13.34  0.3439    0.65    4.41   16.90    9.88    0.55    293.                     
     T A B L E  I -  3.  W I N D  S T A T I S T I C A L  P A R A M E T E R S                        
                                   MARCH                                                            
 STATION =   722210     EGLIN AFB, FL                                                               
    Z    MEAN U   SD  U  R(U,V)  MEAN V   SD  V MEAN WS  SD  WS SKEW WS    NOBS                     
    KM     M/S     M/S             M/S     M/S     M/S     M/S                                      
  0.020   -0.06    2.66  -.0996    0.30    2.95    3.37    2.12    1.04    918.                     
  1.000    3.51    5.95  -.0366    1.48    7.53    9.06    4.94    1.00    924.                     
  2.000    7.72    6.83  -.0444    0.95    7.77   11.46    6.02    0.69    925.                     
  3.000   12.08    7.95  -.0524    0.86    8.06   14.82    7.42    0.64    924.                     
  4.000   15.88    9.10  0.0422    0.97    8.42   18.16    8.78    0.48    922.                     
  5.000   19.55   10.26  0.1456    1.15    9.05   21.63   10.13    0.50    921.                     
  6.000   22.85   10.85  0.1857    1.27    9.66   24.87   10.76    0.40    915.                     
  7.000   26.04   11.61  0.1989    1.57   10.47   28.14   11.53    0.36    913.                     
  8.000   29.17   12.38  0.1574    1.44   11.15   31.33   12.20    0.23    896.                     
  9.000   32.60   13.59  0.1408    1.49   12.17   34.93   13.33    0.20    889.                     
 10.000   36.14   14.38  0.1676    1.49   13.19   38.60   14.10    0.04    865.                     
 11.000   39.38   14.61  0.1550    1.23   13.60   41.80   14.24   -0.09    830.                     
 12.000   41.86   14.39  0.1398    1.41   13.46   44.09   14.09    0.17    805.                     
 13.000   40.89   12.52  0.1311    1.11   12.05   42.67   12.40    0.30    775.                     
 14.000   38.17   11.44  0.2408    1.39   10.29   39.60   11.29    0.55    759.                     
 15.000   34.12   10.08  0.2584    1.36    9.04   35.35    9.98    0.62    748.                     
 16.000   29.14    8.80  0.2007    0.80    7.33   30.10    8.63    0.33    728.                     
 17.000   23.70    8.04  0.1768    0.27    6.20   24.55    7.90    0.29    692.                     
 18.000   17.88    8.30  0.1578    0.04    5.22   18.74    8.04    0.60    694.                     
 19.000   12.01    8.64  0.1477    0.05    4.49   13.34    7.82    1.28    675.                     
 20.000    7.56    8.28  0.2610   -0.07    3.89    9.58    7.01    1.90    666.                     
 21.000    4.57    7.94  0.3996   -0.04    3.42    7.47    6.30    2.27    661.                     
 22.000    3.36    7.99  0.3206    0.06    3.51    7.19    5.98    2.43    656.                     
 23.000    2.95    7.63  0.2984   -0.12    3.08    6.99    5.25    2.18    652.                     
 24.000    2.61    8.81  0.2375   -0.38    3.54    7.92    5.85    1.71    647.                     
 25.000    2.49    9.26  0.1912   -0.48    3.48    8.35    5.87    1.51    643.                     
 26.000    3.05    9.82  0.0949   -0.62    3.21    8.72    6.35    1.80    611.                     
 27.000    4.05   10.54  0.0615   -0.68    3.35    9.75    6.63    1.55    528.                     
 28.000    5.82   11.05  0.0584   -0.60    3.87   11.07    6.97    1.26    501.                     
 29.000    8.80   11.02  0.1042   -0.67    3.86   12.63    7.38    1.03    368.                     
 30.000   10.79   11.88  0.1235   -0.50    4.02   14.39    8.16    0.87    364.                     
     T A B L E  I -  4.  W I N D  S T A T I S T I C A L  P A R A M E T E R S                        
                                   APRIL                                                            
 STATION =   722210     EGLIN AFB, FL                                                               
    Z    MEAN U   SD  U  R(U,V)  MEAN V   SD  V MEAN WS  SD  WS SKEW WS    NOBS                     
    KM     M/S     M/S             M/S     M/S     M/S     M/S                                      
  0.020    0.03    2.75  -.1109    1.28    3.04    3.63    2.30    0.85    871.                     
  1.000    2.52    5.77  -.1042    2.39    6.72    8.34    4.57    1.02    885.                     
  2.000    5.02    6.54  -.0401    1.35    6.70    9.35    5.23    1.05    887.                     
  3.000    8.04    7.31  -.0282    0.48    6.70   11.06    6.38    0.79    885.                     
  4.000   10.85    8.57  0.0697   -0.07    6.89   13.41    7.66    0.82    887.                     
  5.000   13.60    9.65  0.1191   -0.39    7.30   15.94    8.79    0.72    884.                     
  6.000   16.27   10.49  0.1924   -0.57    7.74   18.40    9.83    0.76    879.                     
  7.000   18.77   11.21  0.2602   -0.63    8.50   20.83   10.79    0.79    882.                     
  8.000   21.44   12.47  0.2478   -0.98    9.37   23.60   12.11    0.75    878.                     
  9.000   24.15   13.71  0.2566   -1.33   10.58   26.54   13.42    0.76    877.                     
 10.000   26.86   14.78  0.3020   -1.66   11.93   29.59   14.47    0.74    870.                     
 11.000   29.51   15.21  0.2574   -2.37   12.79   32.48   14.70    0.47    851.                     
 12.000   32.34   15.49  0.2402   -2.97   13.41   35.32   15.06    0.37    841.                     
 13.000   33.20   13.80  0.2456   -2.91   12.42   35.64   13.62    0.31    825.                     
 14.000   32.06   12.16  0.2936   -2.46   10.60   33.89   12.05    0.60    822.                     
 15.000   28.18   10.04  0.3220   -2.07    8.84   29.68    9.81    0.69    816.                     
 16.000   23.27    8.42  0.3210   -1.86    7.37   24.60    8.04    0.64    793.                     
 17.000   17.71    7.38  0.2223   -1.65    6.13   19.02    6.85    0.49    768.                     
 18.000   11.80    7.59  0.1387   -1.43    5.11   13.53    6.47    0.99    766.                     
 19.000    6.66    6.96  0.1561   -1.14    3.91    8.71    5.79    1.54    759.                     
 20.000    3.20    6.17  0.1682   -1.08    2.94    6.17    4.47    1.93    749.                     
 21.000    0.79    5.80  0.2186   -1.02    2.67    5.31    3.76    2.18    731.                     
 22.000   -0.62    5.80  0.2295   -0.98    2.63    5.39    3.58    2.39    721.                     
 23.000   -1.12    5.23  0.2668   -0.94    2.30    5.03    3.06    1.43    707.                     
 24.000   -1.37    5.74  0.2580   -0.86    2.69    5.49    3.56    1.40    696.                     
 25.000   -1.11    5.87  0.3121   -0.84    2.73    5.58    3.56    0.98    688.                     
 26.000   -0.51    6.05  0.2991   -0.75    2.67    5.63    3.58    0.93    657.                     
 27.000    0.31    6.31  0.1855   -0.69    2.92    5.99    3.61    0.86    579.                     
 28.000    1.77    6.54  0.1400   -0.76    3.00    6.40    3.80    1.03    542.                     
 29.000    3.54    7.19  0.0282   -0.68    3.12    7.54    4.18    0.75    430.                     
 30.000    5.05    7.73  0.0362   -0.66    3.14    8.52    4.78    0.68    421.                     
     T A B L E  I -  5.  W I N D  S T A T I S T I C A L  P A R A M E T E R S                        
                                   MAY                                                              
 STATION =   722210     EGLIN AFB, FL                                                               
    Z    MEAN U   SD  U  R(U,V)  MEAN V   SD  V MEAN WS  SD  WS SKEW WS    NOBS                     
    KM     M/S     M/S             M/S     M/S     M/S     M/S                                      
  0.020    0.25    2.44  0.0329    0.70    2.85    3.22    2.07    0.90    946.                     
  1.000    0.97    5.00  -.0839    0.95    5.49    6.60    3.65    1.16    942.                     
  2.000    2.03    5.65  -.0260    0.37    5.57    7.16    3.98    1.27    942.                     
  3.000    3.80    6.45  0.0135   -0.26    5.80    8.10    4.91    1.32    941.                     
  4.000    5.45    7.12  0.0516   -0.87    5.91    9.15    5.69    1.22    943.                     
  5.000    7.32    7.54  0.0834   -1.31    6.18   10.48    6.37    1.08    944.                     
  6.000    9.23    7.99  0.0893   -1.65    6.63   12.07    7.07    0.95    945.                     
  7.000   11.14    8.52  0.1077   -2.03    7.10   13.87    7.68    0.81    945.                     
  8.000   13.13    9.32  0.1132   -2.26    7.85   15.89    8.55    0.72    941.                     
  9.000   14.90   10.33  0.1066   -2.52    8.88   17.89    9.67    0.71    938.                     
 10.000   16.92   11.48  0.1200   -2.75   10.31   20.28   10.99    0.83    936.                     
 11.000   19.04   12.37  0.0908   -3.27   11.64   22.82   11.87    0.67    933.                     
 12.000   21.52   12.97  0.0862   -3.66   12.30   25.33   12.41    0.56    928.                     
 13.000   23.13   12.54  0.0673   -3.99   11.67   26.49   11.94    0.46    921.                     
 14.000   22.42   10.58  0.0871   -3.74   10.04   24.99   10.24    0.37    915.                     
 15.000   19.38    8.74  0.1271   -3.30    8.21   21.45    8.37    0.31    908.                     
 16.000   15.17    7.48  0.1592   -2.90    6.44   16.95    6.98    0.38    881.                     
 17.000   10.58    6.49  0.1819   -2.31    5.10   12.32    5.78    0.59    867.                     
 18.000    5.93    5.71  0.1654   -1.82    4.33    8.22    4.72    0.96    860.                     
 19.000    1.85    4.90  0.1386   -1.46    3.30    5.42    3.32    1.53    852.                     
 20.000   -0.96    4.47  0.1020   -1.19    2.48    4.64    2.63    1.52    842.                     
 21.000   -2.93    4.22  0.0406   -0.88    2.18    4.96    2.69    0.79    833.                     
 22.000   -4.23    4.16  0.0275   -0.69    2.03    5.60    2.90    0.62    837.                     
 23.000   -4.92    4.30  0.0170   -0.65    1.84    5.98    3.27    0.58    819.                     
 24.000   -5.34    4.66  -.0042   -0.63    2.22    6.48    3.69    0.61    812.                     
 25.000   -5.33    5.00  0.0269   -0.57    2.21    6.60    3.88    0.63    799.                     
 26.000   -5.20    5.42  0.1090   -0.51    2.17    6.64    4.15    0.85    754.                     
 27.000   -4.68    5.83  0.0682   -0.52    2.49    6.65    4.26    0.97    677.                     
 28.000   -4.16    6.14  0.0970   -0.64    2.37    6.58    4.21    1.13    627.                     
 29.000   -3.48    6.57  0.0846   -0.76    2.65    6.68    4.27    1.10    498.                     
 30.000   -2.79    6.97  0.1046   -0.97    2.56    6.63    4.45    1.06    490.                     
     T A B L E  I -  6.  W I N D  S T A T I S T I C A L  P A R A M E T E R S                        
                                   JUNE                                                             
 STATION =   722210     EGLIN AFB, FL                                                               
    Z    MEAN U   SD  U  R(U,V)  MEAN V   SD  V MEAN WS  SD  WS SKEW WS    NOBS                     
    KM     M/S     M/S             M/S     M/S     M/S     M/S                                      
  0.020    0.47    2.11  0.3095    0.51    2.41    2.74    1.80    0.83    845.                     
  1.000    0.82    4.50  0.0450    0.59    4.04    5.26    3.15    1.82    841.                     
  2.000    0.66    4.97  0.0643   -0.16    4.50    5.71    3.58    2.29    842.                     
  3.000    1.45    5.21  0.0598   -0.68    4.31    5.91    3.65    1.56    842.                     
  4.000    2.26    5.55  0.0837   -0.93    4.32    6.36    3.87    1.39    843.                     
  5.000    3.01    6.01  0.1571   -1.00    4.50    7.01    4.17    1.26    848.                     
  6.000    3.55    6.47  0.1589   -1.05    4.97    7.78    4.43    1.17    844.                     
  7.000    4.14    7.06  0.1840   -1.27    5.42    8.60    4.90    1.08    844.                     
  8.000    4.88    7.68  0.2078   -1.45    6.14    9.61    5.49    1.10    840.                     
  9.000    5.73    8.44  0.2315   -1.65    7.40   10.86    6.59    1.39    839.                     
 10.000    6.61    9.29  0.2473   -1.71    8.45   12.20    7.46    1.33    836.                     
 11.000    7.60   10.43  0.2336   -2.08    9.44   13.73    8.44    1.30    827.                     
 12.000    8.62   11.15  0.2302   -2.93   10.02   15.02    9.05    1.23    819.                     
 13.000    9.24   11.09  0.2155   -3.98   10.16   15.71    8.97    1.09    817.                     
 14.000    8.71   10.35  0.2472   -4.60    9.13   14.95    7.99    0.97    813.                     
 15.000    6.84    8.88  0.2373   -4.39    7.00   12.32    6.49    0.86    807.                     
 16.000    3.91    7.17  0.2228   -3.64    5.38    9.10    5.10    1.05    789.                     
 17.000    0.66    5.59  0.1809   -2.58    3.93    6.42    3.55    0.77    780.                     
 18.000   -2.48    4.41  0.1064   -1.69    2.90    5.48    2.63    0.36    776.                     
 19.000   -4.94    3.50  0.0503   -1.12    2.22    5.93    2.77    0.40    770.                     
 20.000   -6.91    3.17  0.0099   -0.97    1.87    7.34    2.89    0.31    760.                     
 21.000   -8.51    3.30  -.0402   -0.89    2.09    8.86    3.15    0.22    748.                     
 22.000   -9.72    3.14  -.0860   -0.65    2.02    9.98    3.04    0.30    742.                     
 23.000  -10.66    3.19  -.0318   -0.56    1.87   10.85    3.14    0.37    716.                     
 24.000  -11.37    3.54  0.0595   -0.57    2.08   11.60    3.46    0.07    712.                     
 25.000  -12.00    3.96  0.1045   -0.46    2.03   12.19    3.94    0.29    702.                     
 26.000  -12.26    4.14  0.0132   -0.42    1.97   12.44    4.09    0.02    665.                     
 27.000  -12.55    4.53  -.0699   -0.48    2.20   12.79    4.42   -0.03    572.                     
 28.000  -12.66    4.52  -.1218   -0.63    1.99   12.88    4.39   -0.02    544.                     
 29.000  -12.81    4.75  -.1171   -0.61    2.53   13.13    4.57    0.07    413.                     
 30.000  -13.38    4.68  -.1253   -0.72    2.15   13.61    4.55   -0.01    396.                     
     T A B L E  I -  7.  W I N D  S T A T I S T I C A L  P A R A M E T E R S                        
                                   JULY                                                             
 STATION =   722210     EGLIN AFB, FL                                                               
    Z    MEAN U   SD  U  R(U,V)  MEAN V   SD  V MEAN WS  SD  WS SKEW WS    NOBS                     
    KM     M/S     M/S             M/S     M/S     M/S     M/S                                      
  0.020    0.72    1.96  0.3351    0.46    2.14    2.50    1.70    0.66    784.                     
  1.000    1.62    4.11  -.0470    0.70    3.32    4.85    2.72    1.14    780.                     
  2.000    1.10    4.47  0.0676    0.08    3.82    5.20    2.95    1.06    780.                     
  3.000    1.34    4.78  0.1059   -0.12    3.91    5.51    3.09    0.87    779.                     
  4.000    1.68    4.99  0.1588   -0.35    3.85    5.69    3.20    0.91    779.                     
  5.000    1.80    5.15  0.1946   -0.57    4.04    5.96    3.31    0.90    777.                     
  6.000    1.62    5.29  0.2074   -0.72    4.29    6.19    3.33    0.75    778.                     
  7.000    1.41    5.72  0.2260   -0.90    4.65    6.64    3.59    0.68    774.                     
  8.000    1.15    6.25  0.2435   -1.13    5.13    7.22    3.99    0.72    768.                     
  9.000    0.80    7.04  0.2496   -1.34    5.70    8.02    4.49    0.87    768.                     
 10.000    0.35    8.03  0.2761   -1.65    6.37    9.03    5.13    0.95    763.                     
 11.000   -0.19    9.17  0.2927   -1.96    7.18   10.17    5.99    1.12    758.                     
 12.000   -0.63    9.70  0.3037   -2.74    7.62   10.99    6.27    0.88    749.                     
 13.000   -1.17   10.02  0.2781   -3.46    7.56   11.37    6.44    0.88    748.                     
 14.000   -2.02    9.09  0.2309   -4.02    6.55   10.48    5.98    0.94    742.                     
 15.000   -2.99    7.12  0.2319   -3.90    5.02    8.69    4.96    0.81    734.                     
 16.000   -4.21    5.39  0.2462   -3.15    3.63    7.25    4.15    0.81    711.                     
 17.000   -5.64    4.11  0.2391   -2.16    2.80    7.05    3.39    0.52    696.                     
 18.000   -7.27    3.40  0.1972   -1.25    2.48    7.88    3.15    0.08    694.                     
 19.000   -8.95    3.08  0.1211   -0.85    2.07    9.26    2.97   -0.01    689.                     
 20.000  -10.65    2.95  0.0505   -0.63    1.94   10.86    2.86    0.04    682.                     
 21.000  -12.40    3.09  -.1602   -0.50    2.07   12.60    3.01   -0.03    668.                     
 22.000  -13.85    2.65  -.1831   -0.43    2.05   14.02    2.61   -0.08    658.                     
 23.000  -15.12    2.53  -.0360   -0.42    2.02   15.26    2.52    0.01    642.                     
 24.000  -16.21    2.82  0.0358   -0.43    2.03   16.34    2.83    0.13    637.                     
 25.000  -17.20    3.09  0.0198   -0.40    1.97   17.32    3.09    0.34    619.                     
 26.000  -17.95    3.24  -.0054   -0.38    1.96   18.06    3.23    0.32    605.                     
 27.000  -18.55    3.62  -.0760   -0.38    2.52   18.74    3.55    0.19    560.                     
 28.000  -19.30    3.56  -.0820   -0.40    2.07   19.42    3.54    0.31    510.                     
 29.000  -20.01    4.08  -.0693   -0.45    2.62   20.19    4.05    0.31    415.                     
 30.000  -20.66    3.71  -.0617   -0.44    2.03   20.77    3.70    0.09    387.                     
     T A B L E  I -  8.  W I N D  S T A T I S T I C A L  P A R A M E T E R S                        
                                   AUGUST                                                           
 STATION =   722210     EGLIN AFB, FL                                                               
    Z    MEAN U   SD  U  R(U,V)  MEAN V   SD  V MEAN WS  SD  WS SKEW WS    NOBS                     
    KM     M/S     M/S             M/S     M/S     M/S     M/S                                      
  0.020    0.05    4.44  -.1923    0.19    2.32    2.54    4.32   23.30    826.                     
  1.000    0.32    3.85  0.1190    0.57    3.58    4.62    2.58    1.10    823.                     
  2.000    0.44    4.05  0.2091    0.37    3.97    4.98    2.78    1.25    818.                     
  3.000    0.90    4.31  0.2219    0.08    4.12    5.25    2.95    1.20    814.                     
  4.000    1.32    4.35  0.1962   -0.02    4.28    5.43    3.09    0.98    812.                     
  5.000    1.47    4.51  0.2214   -0.11    4.48    5.68    3.21    0.95    809.                     
  6.000    1.47    4.79  0.1874   -0.21    4.80    6.04    3.43    0.94    809.                     
  7.000    1.54    5.15  0.2172   -0.25    5.22    6.49    3.75    1.01    807.                     
  8.000    1.60    5.87  0.2649   -0.36    5.87    7.30    4.29    1.18    808.                     
  9.000    1.74    6.74  0.2984   -0.45    6.66    8.22    5.04    1.37    805.                     
 10.000    1.87    7.68  0.2983   -0.50    7.54    9.23    5.86    1.43    804.                     
 11.000    2.09    8.58  0.2945   -0.69    8.47   10.35    6.56    1.35    795.                     
 12.000    2.15    9.06  0.2900   -0.99    8.71   11.00    6.52    1.19    785.                     
 13.000    1.89    9.11  0.2898   -1.45    8.44   11.05    6.14    1.11    782.                     
 14.000    0.86    8.09  0.2512   -1.99    7.12    9.76    5.06    1.02    780.                     
 15.000   -0.67    6.21  0.2059   -1.78    5.35    7.49    3.82    0.79    774.                     
 16.000   -2.32    4.59  0.2623   -1.34    3.84    5.86    2.92    0.82    753.                     
 17.000   -4.11    3.54  0.2657   -0.96    2.77    5.53    2.73    0.50    739.                     
 18.000   -6.07    3.05  0.1295   -0.76    2.38    6.68    2.78    0.06    738.                     
 19.000   -8.22    2.94  0.0941   -0.61    2.17    8.55    2.87   -0.08    734.                     
 20.000  -10.15    2.84  0.1023   -0.48    1.87   10.35    2.78    0.08    727.                     
 21.000  -11.95    2.82  -.0326   -0.41    2.00   12.12    2.81    0.13    715.                     
 22.000  -13.48    2.62  -.1035   -0.45    1.90   13.62    2.61    0.45    705.                     
 23.000  -14.91    2.49  0.0313   -0.40    1.91   15.03    2.51    0.10    683.                     
 24.000  -16.26    2.78  0.0449   -0.30    1.97   16.38    2.78    0.15    680.                     
 25.000  -17.17    2.97  0.0412   -0.25    1.93   17.29    2.95    0.11    668.                     
 26.000  -17.73    3.04  0.0187   -0.40    1.95   17.84    3.04    0.22    636.                     
 27.000  -18.37    3.50  0.0616   -0.60    2.39   18.53    3.52    0.44    586.                     
 28.000  -19.04    3.19  -.0241   -0.69    2.04   19.17    3.19    0.19    535.                     
 29.000  -19.76    3.79  -.0767   -0.78    2.66   19.96    3.78    0.22    446.                     
 30.000  -20.43    3.56  -.1152   -0.81    2.09   20.55    3.56    0.33    410.                     
     T A B L E  I -  9.  W I N D  S T A T I S T I C A L  P A R A M E T E R S                        
                                   SEPTEMBER                                                        
 STATION =   722210     EGLIN AFB, FL                                                               
    Z    MEAN U   SD  U  R(U,V)  MEAN V   SD  V MEAN WS  SD  WS SKEW WS    NOBS                     
    KM     M/S     M/S             M/S     M/S     M/S     M/S                                      
  0.020   -0.72    2.41  0.1164   -0.40    2.43    2.88    2.02    1.79    803.                     
  1.000   -2.29    4.96  -.1535    0.73    4.68    6.16    3.78    1.61    798.                     
  2.000   -1.28    5.33  -.0234    0.67    4.88    6.31    3.81    1.76    796.                     
  3.000    0.07    5.52  0.0447    0.47    4.89    6.25    3.93    1.62    792.                     
  4.000    1.06    5.65  0.0659    0.39    5.01    6.41    4.15    1.87    795.                     
  5.000    1.85    6.00  0.1011    0.33    5.07    6.81    4.34    1.84    794.                     
  6.000    2.53    6.55  0.1442    0.25    5.28    7.50    4.56    1.55    793.                     
  7.000    3.34    7.26  0.1788    0.18    5.73    8.40    5.11    1.52    795.                     
  8.000    4.32    8.08  0.2421    0.19    6.40    9.52    5.84    1.27    792.                     
  9.000    5.45    9.05  0.2963    0.31    7.34   10.93    6.78    1.10    788.                     
 10.000    6.49   10.09  0.3128    0.14    8.60   12.59    7.70    0.97    788.                     
 11.000    7.57   10.88  0.2920   -0.32    9.69   14.13    8.35    0.97    764.                     
 12.000    8.66   11.39  0.2596   -0.86   10.30   15.28    8.82    0.95    762.                     
 13.000    9.04   11.37  0.2252   -1.63    9.95   15.43    8.63    0.98    758.                     
 14.000    8.09   10.28  0.2423   -2.26    8.50   13.96    7.32    0.67    753.                     
 15.000    5.72    8.47  0.2787   -2.27    6.58   10.95    5.74    0.78    752.                     
 16.000    3.07    6.80  0.2913   -1.84    4.81    8.00    4.26    0.77    729.                     
 17.000    0.46    5.51  0.2547   -1.28    3.43    5.87    3.07    0.59    709.                     
 18.000   -1.80    4.73  0.2206   -0.91    2.69    5.14    2.69    0.66    705.                     
 19.000   -3.77    3.98  0.1287   -0.68    2.14    5.26    2.72    0.48    706.                     
 20.000   -5.53    3.61  0.0869   -0.65    1.91    6.21    3.02    0.34    698.                     
 21.000   -7.10    3.63  0.0001   -0.57    1.95    7.57    3.25    0.30    681.                     
 22.000   -8.29    3.45  -.0041   -0.47    1.74    8.56    3.28    0.15    678.                     
 23.000   -9.30    3.46  0.0280   -0.51    1.67    9.50    3.36    0.04    665.                     
 24.000  -10.17    3.79  0.0510   -0.54    2.04   10.44    3.63    0.27    657.                     
 25.000  -10.86    4.02  0.0571   -0.38    2.03   11.10    3.90    0.30    644.                     
 26.000  -11.11    4.07  0.0866   -0.20    1.94   11.31    4.00   -0.03    611.                     
 27.000  -11.30    4.42  0.1286   -0.20    2.30   11.58    4.28    0.10    555.                     
 28.000  -11.06    4.34  0.0738   -0.65    1.94   11.29    4.24    0.01    528.                     
 29.000  -11.15    4.66  0.0217   -0.94    2.47   11.50    4.55   -0.03    410.                     
 30.000  -10.76    4.88  0.0662   -0.95    1.98   11.06    4.71   -0.03    385.                     
     T A B L E  I - 10.  W I N D  S T A T I S T I C A L  P A R A M E T E R S                        
                                   OCTOBER                                                          
 STATION =   722210     EGLIN AFB, FL                                                               
    Z    MEAN U   SD  U  R(U,V)  MEAN V   SD  V MEAN WS  SD  WS SKEW WS    NOBS                     
    KM     M/S     M/S             M/S     M/S     M/S     M/S                                      
  0.020   -0.30    1.91  0.1248   -0.96    2.15    2.57    1.63    1.35    813.                     
  1.000   -1.53    4.76  -.1208   -1.13    4.98    6.31    3.34    1.17    812.                     
  2.000    0.26    5.40  -.0064   -1.09    5.12    6.51    3.77    1.08    811.                     
  3.000    2.17    5.88  0.0477   -1.06    5.22    6.90    4.48    1.28    806.                     
  4.000    4.35    6.12  0.0746   -0.96    5.58    7.88    5.13    1.23    806.                     
  5.000    6.34    6.82  0.0939   -0.92    6.37    9.59    6.00    1.26    802.                     
  6.000    8.22    7.51  0.1626   -1.02    7.03   11.41    6.65    1.17    795.                     
  7.000   10.35    8.27  0.2115   -1.15    7.85   13.47    7.53    1.14    792.                     
  8.000   12.44    9.19  0.2413   -1.27    8.97   15.86    8.34    1.08    783.                     
  9.000   14.86   10.19  0.2648   -1.28   10.42   18.75    9.12    0.88    778.                     
 10.000   17.51   11.14  0.2838   -1.29   11.89   21.84    9.81    0.74    776.                     
 11.000   19.90   12.07  0.2775   -1.47   13.00   24.62   10.32    0.59    767.                     
 12.000   21.49   12.33  0.2818   -1.60   13.50   26.22   10.54    0.39    758.                     
 13.000   21.86   12.16  0.2721   -1.63   13.05   26.17   10.65    0.41    755.                     
 14.000   20.24   11.09  0.3054   -1.67   11.06   23.80    9.56    0.38    751.                     
 15.000   17.13    9.62  0.3041   -1.39    8.47   19.83    8.14    0.37    742.                     
 16.000   13.05    7.70  0.2544   -1.19    6.44   15.15    6.55    0.47    724.                     
 17.000    8.80    6.19  0.2291   -0.88    4.78   10.58    5.23    0.65    704.                     
 18.000    4.83    5.48  0.2307   -0.54    3.66    7.06    4.14    1.11    699.                     
 19.000    2.14    5.13  0.2300   -0.23    2.76    5.26    3.29    1.47    695.                     
 20.000    0.45    4.78  0.2091   -0.33    2.41    4.57    2.84    1.51    681.                     
 21.000   -0.63    4.85  0.1995   -0.52    2.31    4.66    2.79    1.43    667.                     
 22.000   -1.27    4.75  0.2132   -0.47    2.35    4.74    2.73    1.04    661.                     
 23.000   -1.47    4.77  0.2309   -0.45    2.11    4.73    2.67    0.75    653.                     
 24.000   -1.46    5.18  0.2256   -0.51    2.50    5.20    2.90    0.84    654.                     
 25.000   -1.23    5.39  0.1594   -0.47    2.36    5.27    2.93    0.85    650.                     
 26.000   -0.71    5.78  0.1504   -0.45    2.34    5.49    3.06    0.90    626.                     
 27.000   -0.17    6.36  0.1452   -0.50    2.65    6.01    3.39    0.98    555.                     
 28.000    1.17    6.86  0.1509   -0.59    2.63    6.41    3.82    1.18    520.                     
 29.000    2.01    7.41  0.1235   -0.61    3.02    7.02    4.36    1.31    391.                     
 30.000    3.52    7.97  0.1469   -0.78    3.05    7.63    5.24    1.30    384.                     
     T A B L E  I - 11.  W I N D  S T A T I S T I C A L  P A R A M E T E R S                        
                                   NOVEMBER                                                         
 STATION =   722210     EGLIN AFB, FL                                                               
    Z    MEAN U   SD  U  R(U,V)  MEAN V   SD  V MEAN WS  SD  WS SKEW WS    NOBS                     
    KM     M/S     M/S             M/S     M/S     M/S     M/S                                      
  0.020   -0.27    2.26  -.0917   -0.82    2.44    2.84    1.93    1.59    755.                     
  1.000    1.43    5.76  -.0906   -0.22    6.48    7.71    4.23    0.82    741.                     
  2.000    5.02    6.63  -.0350   -0.13    6.57    9.15    5.34    1.17    740.                     
  3.000    8.11    7.53  -.0079   -0.42    6.87   11.17    6.72    0.93    739.                     
  4.000   10.98    8.33  0.0357   -0.32    7.39   13.49    7.90    0.81    741.                     
  5.000   13.62    9.18  0.0662   -0.16    8.31   16.14    8.85    0.80    745.                     
  6.000   16.28    9.90  0.1072   -0.05    9.13   18.84    9.57    0.66    745.                     
  7.000   19.23   10.83  0.1448    0.05   10.03   21.92   10.36    0.61    744.                     
  8.000   22.18   11.73  0.1874    0.14   11.02   25.04   11.13    0.50    738.                     
  9.000   25.11   12.74  0.1956    0.13   12.16   28.20   12.05    0.51    734.                     
 10.000   27.92   13.37  0.2425    0.16   13.26   31.22   12.63    0.39    722.                     
 11.000   30.68   13.79  0.2459   -0.05   14.14   34.06   13.08    0.25    709.                     
 12.000   32.90   14.28  0.2539    0.01   14.62   36.19   13.78    0.48    704.                     
 13.000   32.88   13.35  0.2453    0.04   13.55   35.66   13.09    0.73    699.                     
 14.000   30.46   11.06  0.2492    0.21   11.01   32.45   10.85    0.43    692.                     
 15.000   26.56    9.42  0.2154    0.00    8.97   28.11    9.17    0.31    688.                     
 16.000   22.20    8.10  0.2063   -0.28    7.73   23.56    7.95    0.38    662.                     
 17.000   17.45    7.21  0.1833   -0.56    6.49   18.71    6.97    0.44    650.                     
 18.000   12.79    7.17  0.2427   -0.75    5.29   14.06    6.76    1.05    637.                     
 19.000    9.11    6.33  0.2696   -0.64    4.17   10.35    5.79    1.44    626.                     
 20.000    7.20    6.23  0.2549   -0.35    3.73    8.69    5.40    1.67    621.                     
 21.000    6.28    6.09  0.2760   -0.13    3.25    7.84    5.07    1.50    609.                     
 22.000    6.11    6.62  0.2492   -0.04    3.26    8.02    5.23    1.27    608.                     
 23.000    6.99    6.35  0.2999    0.04    2.90    8.40    5.19    1.15    597.                     
 24.000    8.26    7.03  0.2559    0.18    3.35    9.77    5.79    1.02    595.                     
 25.000    9.88    7.26  0.2649    0.37    3.32   11.15    6.09    0.74    587.                     
 26.000   11.56    7.51  0.3366    0.63    3.27   12.60    6.50    0.74    567.                     
 27.000   13.45    7.99  0.3244    0.78    3.51   14.50    6.88    0.22    515.                     
 28.000   15.83    8.46  0.2742    0.95    3.82   16.80    7.44    0.10    508.                     
 29.000   17.94    9.25  0.3049    1.08    4.08   18.84    8.39    0.01    394.                     
 30.000   20.79    9.72  0.3172    1.30    4.40   21.47    9.32   -0.17    388.                     
     T A B L E  I - 12.  W I N D  S T A T I S T I C A L  P A R A M E T E R S                        
                                   DECEMBER                                                         
 STATION =   722210     EGLIN AFB, FL                                                               
    Z    MEAN U   SD  U  R(U,V)  MEAN V   SD  V MEAN WS  SD  WS SKEW WS    NOBS                     
    KM     M/S     M/S             M/S     M/S     M/S     M/S                                      
  0.020   -0.70    4.70  0.5997   -0.83    4.88    3.28    6.02   21.28    773.                     
  1.000    2.89    5.84  -.0097    0.75    7.78    8.90    4.92    0.73    772.                     
  2.000    7.43    6.55  0.0140    0.72    7.81   11.19    5.84    0.60    775.                     
  3.000   11.24    7.42  0.0199    1.03    8.02   14.07    6.99    0.59    775.                     
  4.000   14.50    8.06  0.0561    1.34    8.77   17.07    7.90    0.62    774.                     
  5.000   17.36    8.98  0.0982    1.68    9.72   20.00    8.90    0.62    776.                     
  6.000   20.46    9.76  0.1514    2.32   10.60   23.15    9.77    0.56    771.                     
  7.000   23.48   10.81  0.1851    2.87   11.52   26.32   10.77    0.68    769.                     
  8.000   26.48   11.52  0.1897    3.26   12.29   29.48   11.24    0.42    767.                     
  9.000   29.64   12.99  0.2167    3.66   13.29   32.84   12.59    0.41    767.                     
 10.000   32.33   13.76  0.2232    3.84   14.16   35.69   13.27    0.39    754.                     
 11.000   34.82   14.32  0.2256    3.56   14.42   38.10   13.62    0.36    739.                     
 12.000   36.78   14.64  0.2039    3.45   14.52   39.87   14.14    0.56    726.                     
 13.000   36.75   13.40  0.2251    3.55   13.25   39.38   12.92    0.60    710.                     
 14.000   34.56   11.76  0.2466    3.34   11.28   36.63   11.37    0.29    695.                     
 15.000   31.69   10.76  0.2537    2.79    9.65   33.27   10.70    0.44    685.                     
 16.000   27.49    8.99  0.2662    2.24    8.52   28.89    8.92    0.34    668.                     
 17.000   22.52    8.02  0.2494    1.71    7.08   23.72    7.86    0.27    638.                     
 18.000   17.47    8.04  0.2513    1.15    6.08   18.72    7.60    0.68    631.                     
 19.000   12.66    7.68  0.2301    0.63    4.91   13.95    7.00    0.86    616.                     
 20.000    9.97    7.54  0.3099    0.44    4.07   11.19    6.91    1.05    609.                     
 21.000    8.74    7.42  0.3331    0.25    3.55    9.95    6.71    1.25    603.                     
 22.000    8.48    7.82  0.3599    0.07    3.53    9.93    6.84    1.52    583.                     
 23.000    9.14    7.00  0.3419    0.11    3.09   10.09    6.33    1.03    574.                     
 24.000   10.00    8.17  0.2673    0.26    3.58   11.36    7.13    1.18    569.                     
 25.000   11.59    8.84  0.2645    0.38    3.88   13.08    7.53    0.94    560.                     
 26.000   13.61    9.23  0.2408    0.53    4.09   14.83    8.22    0.72    560.                     
 27.000   15.38    9.51  0.2004    0.78    4.48   16.58    8.51    0.59    510.                     
 28.000   17.50   10.50  0.1450    1.33    5.17   19.01    9.13    0.62    501.                     
 29.000   20.10   11.62  0.1158    1.85    5.38   21.93    9.51    0.54    381.                     
 30.000   22.51   12.68  0.0907    2.67    5.72   24.56   10.19    0.33    377.                     