      72221      30.48N   86.52W
     T A B L E  I -   1.  W I N D  S T A T I S T I C A L  P A R A M E T E R S
                                   January
 STATION =   722210     EGLIN AFB, FL
    Z    MEAN U   SD  U  R(U,V)  MEAN V   SD  V MEAN WS  SD  WS SKEW WS    NOBS
    KM     M/S     M/S             M/S     M/S     M/S     M/S                 
  0.000    0.00    0.00  0.0000    0.00    0.00    0.00    0.00    0.00       0
  0.026   -0.26    2.50 -0.3067   -0.71    3.12    3.46    2.13    0.67     898
  0.500    1.41    4.67 -0.2323   -0.25    6.36    7.70    3.65    0.96     908
  1.000    4.03    5.31 -0.1821    0.17    7.44    9.31    4.58    0.87     908
  1.500    6.65    5.92 -0.1500    0.37    7.72   10.54    5.43    0.67     908
  2.000    8.69    6.03 -0.1525    0.64    7.66   12.17    5.59    0.56     908
  2.500   10.71    6.48 -0.1266    0.90    7.90   13.86    6.08    0.50     908
  3.000   12.72    7.24 -0.0828    1.16    8.46   15.55    6.92    0.48     908
  3.500   14.52    7.50 -0.0609    1.46    8.65   17.25    7.22    0.39     903
  4.000   16.27    7.77 -0.0376    1.76    8.97   19.01    7.53    0.36     903
  4.500   18.01    8.21 -0.0101    2.05    9.44   20.77    8.03    0.37     903
  5.000   19.76    8.80  0.0176    2.35   10.06   22.54    8.69    0.39     903
  5.500   21.51    9.49  0.0430    2.64   10.79   24.30    9.47    0.42     903
  6.000   23.23    9.95  0.0577    2.93   11.30   26.08    9.97    0.40     903
  6.500   24.91   10.45  0.0650    3.23   11.82   27.88   10.50    0.48     903
  7.000   26.54   11.10  0.1014    3.61   12.35   29.61   11.07    0.40     903
  7.500   28.08   11.74  0.1187    3.87   12.96   31.23   11.67    0.38     887
  8.000   29.96   11.96  0.1285    4.07   13.15   33.15   11.87    0.34     885
  8.500   31.80   12.44  0.1387    4.27   13.52   35.03   12.31    0.33     885
  9.000   33.61   13.17  0.1467    4.47   14.06   36.89   12.97    0.34     884
  9.500   35.26   13.87  0.1292    4.68   14.52   38.59   13.48    0.28     867
 10.000   37.32   14.12  0.1176    4.72   14.82   40.70   13.63    0.17     863
 10.500   39.38   14.88  0.1087    4.72   15.44   42.81   14.29    0.15     863
 11.000   40.89   14.86  0.0958    4.55   15.22   44.19   14.13    0.10     846
 11.500   42.30   14.65  0.1006    4.77   14.94   45.44   13.97    0.10     846
 12.000   43.65   14.86  0.1073    5.03   14.98   46.64   14.26    0.13     841
 12.500   43.25   13.83  0.1283    5.14   14.11   46.00   13.40    0.07     819
 13.000   42.68   12.95  0.1485    5.29   12.91   45.14   12.67    0.06     818
 13.500   41.93   12.34  0.1784    5.45   11.92   44.08   12.25    0.11     815
 14.000   40.72   11.97  0.1949    5.39   11.38   42.63   12.02    0.12     775
 14.500   38.41   11.07  0.1845    4.91   10.52   40.21   11.12    0.17     756
 15.000   36.06   10.35  0.1666    4.57    9.71   37.75   10.38    0.21     756
 15.500   33.64    9.85  0.1531    4.20    9.02   35.22    9.87    0.28     756
 16.000   31.12    9.62  0.1436    3.75    8.47   32.58    9.61    0.43     755
 16.500   27.96    9.17  0.1113    3.27    7.97   29.33    9.10    0.36     646
 17.000   25.64    8.40  0.1002    2.83    7.26   26.94    8.35    0.34     620
 17.500   22.93    7.80  0.0800    2.47    6.68   24.19    7.75    0.41     616
 18.000   20.18    7.41  0.0568    2.03    6.21   21.38    7.38    0.53     613
 18.500   17.02    7.14  0.0518    1.81    5.83   18.14    7.11    0.68     567
 19.000   15.18    7.20  0.0870    1.63    5.34   16.41    7.09    0.75     387
 19.500   13.18    6.93  0.1454    1.25    4.78   14.49    6.70    0.92     380
 20.000   11.21    7.01  0.2007    0.87    4.46   12.62    6.62    1.11     367
 20.500    8.74    6.84  0.2373    0.36    4.32   10.27    6.25    1.34     333
 21.000    6.06    7.18  0.2980    0.60    3.76    8.51    5.79    1.09      69
 21.500    5.41    7.34  0.4164    0.63    3.74    8.66    5.36    1.09      60
 22.000    4.68    7.65  0.4617    0.68    3.84    8.79    5.13    1.07      55
 22.500    4.34    8.02  0.5212    0.67    3.94    9.04    5.05    1.02      53
 23.000    3.77    8.79  0.5343    0.77    4.21    9.36    5.29    0.92      50
 23.500    3.30    9.50  0.5099    0.97    4.53    9.48    5.89    0.79      48
 24.000    2.46   12.20  0.4609    1.40    5.64   11.69    6.72    0.05      18
 24.500    3.12   13.38  0.5339    2.20    5.93   13.54    5.91   -0.14      14
 25.000    3.32   13.87  0.4726    2.31    5.91   14.02    6.02   -0.16      14
 25.500    3.51   14.59  0.4131    2.41    5.97   14.50    6.67   -0.05      14
 26.000    3.71   15.51  0.3604    2.52    6.13   14.98    7.73    0.06      14
 26.500 -999.99  -99.99 -9.9900 -999.99  -99.99 -999.99  -99.99 -999.99       0
 27.000 -999.99  -99.99 -9.9900 -999.99  -99.99 -999.99  -99.99 -999.99       0
 27.500 -999.99  -99.99 -9.9900 -999.99  -99.99 -999.99  -99.99 -999.99       0
 28.000 -999.99  -99.99 -9.9900 -999.99  -99.99 -999.99  -99.99 -999.99       0
 28.500 -999.99  -99.99 -9.9900 -999.99  -99.99 -999.99  -99.99 -999.99       0
 29.000 -999.99  -99.99 -9.9900 -999.99  -99.99 -999.99  -99.99 -999.99       0
 29.500 -999.99  -99.99 -9.9900 -999.99  -99.99 -999.99  -99.99 -999.99       0
 30.000 -999.99  -99.99 -9.9900 -999.99  -99.99 -999.99  -99.99 -999.99       0
     T A B L E  I -   2.  W I N D  S T A T I S T I C A L  P A R A M E T E R S
                                  February
 STATION =   722210     EGLIN AFB, FL
    Z    MEAN U   SD  U  R(U,V)  MEAN V   SD  V MEAN WS  SD  WS SKEW WS    NOBS
    KM     M/S     M/S             M/S     M/S     M/S     M/S                 
  0.000    0.00    0.00  0.0000    0.00    0.00    0.00    0.00    0.00       0
  0.026   -0.47    2.71 -0.2422   -0.17    3.27    3.71    2.11    0.60     895
  0.500    0.99    4.80 -0.1958    0.31    6.00    7.45    3.55    0.97     909
  1.000    3.46    5.55 -0.1556    0.69    6.93    8.81    4.63    1.04     909
  1.500    5.98    6.44 -0.0941    0.84    7.32   10.14    5.53    0.66     909
  2.000    8.09    6.61 -0.1051    1.06    7.11   11.74    5.80    0.63     909
  2.500   10.19    7.11 -0.0953    1.29    7.25   13.38    6.43    0.65     909
  3.000   12.29    7.93 -0.0668    1.53    7.75   15.01    7.38    0.68     909
  3.500   14.14    8.21 -0.0574    1.76    7.92   16.73    7.73    0.59     908
  4.000   15.93    8.50 -0.0486    2.01    8.13   18.48    8.08    0.53     908
  4.500   17.72    8.95 -0.0365    2.26    8.50   20.23    8.59    0.48     908
  5.000   19.51    9.53 -0.0234    2.50    9.02   21.99    9.25    0.44     908
  5.500   21.31   10.23 -0.0107    2.75    9.66   23.74   10.03    0.42     908
  6.000   23.05   10.71  0.0149    3.07   10.10   25.52   10.51    0.36     905
  6.500   24.82   11.18  0.0426    3.40   10.51   27.40   10.92    0.36     905
  7.000   26.59   11.85  0.0659    3.72   11.13   29.29   11.53    0.38     905
  7.500   28.16   12.28  0.0931    3.99   11.72   30.95   11.93    0.31     889
  8.000   30.00   12.64  0.0920    4.11   12.02   32.90   12.20    0.30     883
  8.500   31.73   13.21  0.0932    4.24   12.56   34.73   12.72    0.31     881
  9.000   33.49   13.99  0.0908    4.36   13.28   36.59   13.44    0.32     881
  9.500   35.11   14.62  0.0876    4.51   14.00   38.31   14.02    0.26     871
 10.000   37.17   14.95  0.0901    4.57   14.30   40.42   14.26    0.25     866
 10.500   39.17   15.63  0.0944    4.61   14.80   42.43   14.87    0.26     861
 11.000   40.57   15.32  0.0841    4.58   14.66   43.73   14.55    0.20     841
 11.500   41.91   14.93  0.0738    4.91   14.65   44.99   14.31    0.16     840
 12.000   43.10   14.71  0.0599    5.24   14.78   46.03   14.31    0.07     836
 12.500   43.14   13.53  0.0745    5.18   13.73   45.75   13.29    0.00     820
 13.000   42.66   12.55  0.1112    5.22   12.61   44.99   12.40   -0.01     818
 13.500   42.00   11.90  0.1528    5.12   11.70   44.03   11.89    0.01     815
 14.000   40.95   11.72  0.1895    4.83   11.05   42.68   11.82    0.08     774
 14.500   38.76   10.88  0.1730    4.46   10.17   40.40   10.94    0.03     748
 15.000   36.46   10.14  0.1628    4.13    9.46   38.00   10.20    0.01     748
 15.500   34.12    9.60  0.1458    3.78    8.91   35.58    9.63   -0.03     747
 16.000   31.64    9.22  0.1297    3.40    8.54   33.03    9.24   -0.03     746
 16.500   29.08    9.04  0.1140    3.06    8.26   30.41    9.05   -0.04     661
 17.000   26.52    8.35  0.1296    2.64    7.45   27.78    8.37   -0.01     633
 17.500   23.50    7.74  0.1406    2.29    6.81   24.72    7.74    0.06     631
 18.000   20.35    7.26  0.1197    1.82    6.15   21.51    7.21    0.10     628
 18.500   17.02    7.08  0.0676    1.33    5.86   18.12    7.00    0.21     594
 19.000   15.09    6.91  0.0814    1.07    5.09   16.28    6.60    0.36     432
 19.500   12.98    6.72  0.1227    0.82    4.43   14.37    6.08    0.57     424
 20.000   10.89    6.76  0.1710    0.56    4.02   12.47    5.81    0.82     418
 20.500    8.63    6.99  0.2083    0.25    4.03   10.45    5.76    1.12     397
 21.000    7.37    7.46 -0.0279   -0.09    3.28    9.29    6.10    1.45      88
 21.500    7.22    7.62 -0.0251    0.16    3.12    9.47    5.93    1.33      79
 22.000    7.36    7.70  0.0679    0.39    3.02    9.71    5.87    1.25      69
 22.500    7.03    7.91  0.1344    0.56    3.08    9.69    5.81    1.27      66
 23.000    6.59    8.15  0.2218    0.65    3.27    9.55    5.85    1.37      64
 23.500    6.07    8.44  0.2697    0.70    3.53    9.30    6.01    1.48      63
 24.000    6.09    8.57  0.5646    0.71    4.04   10.09    4.94    0.17      20
 24.500    6.29    8.72  0.5750    1.04    4.50   10.87    4.86    0.35      18
 25.000    6.37    8.79  0.5634    1.05    4.96   11.20    5.06    0.51      18
 25.500    6.46    9.15  0.5409    1.06    5.49   11.52    5.49    0.52      18
 26.000    6.36   10.03  0.5181    1.13    6.26   11.98    6.26    0.35      17
 26.500 -999.99  -99.99 -9.9900 -999.99  -99.99 -999.99  -99.99 -999.99       0
 27.000 -999.99  -99.99 -9.9900 -999.99  -99.99 -999.99  -99.99 -999.99       0
 27.500 -999.99  -99.99 -9.9900 -999.99  -99.99 -999.99  -99.99 -999.99       0
 28.000 -999.99  -99.99 -9.9900 -999.99  -99.99 -999.99  -99.99 -999.99       0
 28.500 -999.99  -99.99 -9.9900 -999.99  -99.99 -999.99  -99.99 -999.99       0
 29.000 -999.99  -99.99 -9.9900 -999.99  -99.99 -999.99  -99.99 -999.99       0
 29.500 -999.99  -99.99 -9.9900 -999.99  -99.99 -999.99  -99.99 -999.99       0
 30.000 -999.99  -99.99 -9.9900 -999.99  -99.99 -999.99  -99.99 -999.99       0
     T A B L E  I -   3.  W I N D  S T A T I S T I C A L  P A R A M E T E R S
                                     March
 STATION =   722210     EGLIN AFB, FL
    Z    MEAN U   SD  U  R(U,V)  MEAN V   SD  V MEAN WS  SD  WS SKEW WS    NOBS
    KM     M/S     M/S             M/S     M/S     M/S     M/S                 
  0.000    0.00    0.00  0.0000    0.00    0.00    0.00    0.00    0.00       0
  0.026   -0.42    2.79 -0.2918    0.61    3.71    4.04    2.40    0.52    1015
  0.500    0.64    5.05 -0.2194    1.00    6.00    7.54    3.57    0.83    1028
  1.000    2.52    5.78 -0.1757    1.24    6.94    8.70    4.44    0.89    1028
  1.500    4.55    6.40 -0.1046    1.11    7.38    9.59    5.17    0.77    1028
  2.000    6.26    6.62 -0.1083    1.00    7.20   10.75    5.36    0.75    1028
  2.500    7.97    7.13 -0.0938    0.90    7.33   11.94    5.96    0.75    1028
  3.000    9.67    7.91 -0.0636    0.80    7.78   13.12    6.93    0.73    1028
  3.500   11.30    8.22 -0.0252    0.83    7.86   14.51    7.31    0.63    1025
  4.000   12.95    8.53  0.0166    0.93    7.99   16.02    7.69    0.57    1025
  4.500   14.60    8.97  0.0580    1.04    8.30   17.54    8.25    0.54    1025
  5.000   16.25    9.53  0.0950    1.14    8.76   19.05    8.94    0.52    1025
  5.500   17.90   10.19  0.1256    1.25    9.35   20.56    9.74    0.51    1025
  6.000   19.52   10.65  0.1462    1.40    9.80   22.14   10.30    0.50    1019
  6.500   21.10   11.05  0.1640    1.55   10.20   23.78   10.71    0.54    1019
  7.000   22.67   11.64  0.1735    1.70   10.81   25.42   11.31    0.57    1019
  7.500   24.29   12.31  0.1766    1.81   11.43   27.11   11.94    0.53    1005
  8.000   26.06   12.89  0.1846    1.92   11.86   29.05   12.38    0.49    1000
  8.500   27.79   13.65  0.1845    2.03   12.48   30.96   13.02    0.46    1000
  9.000   29.52   14.60  0.1786    2.13   13.27   32.86   13.85    0.45    1000
  9.500   31.23   15.47  0.1729    2.05   13.99   34.68   14.62    0.43     986
 10.000   33.20   15.95  0.1514    1.99   14.54   36.78   15.04    0.40     982
 10.500   35.21   16.65  0.1223    1.83   15.38   38.90   15.72    0.38     978
 11.000   36.72   16.36  0.1140    1.54   15.37   40.26   15.56    0.30     957
 11.500   38.29   16.11  0.1142    1.51   15.19   41.58   15.49    0.28     953
 12.000   39.70   16.23  0.1051    1.53   15.08   42.74   15.69    0.28     946
 12.500   39.84   15.31  0.1174    1.43   14.11   42.58   14.82    0.24     919
 13.000   39.28   14.18  0.1287    1.56   12.88   41.69   13.76    0.22     918
 13.500   38.47   13.28  0.1332    1.66   11.77   40.53   12.90    0.21     916
 14.000   37.27   12.31  0.1327    1.47   10.85   38.88   12.25    0.21     871
 14.500   35.19   11.28  0.1463    1.29    9.89   36.72   11.14    0.16     852
 15.000   32.84   10.37  0.1580    1.21    9.08   34.30   10.18    0.15     849
 15.500   30.49    9.68  0.1627    1.12    8.45   31.88    9.45    0.16     849
 16.000   28.05    9.14  0.1538    1.01    7.98   29.36    8.91    0.15     848
 16.500   25.30    8.67  0.1371    0.74    7.57   26.51    8.50    0.11     740
 17.000   22.93    7.83  0.1442    0.56    6.82   24.11    7.66    0.15     708
 17.500   20.17    7.14  0.1326    0.33    6.16   21.33    6.95    0.28     706
 18.000   17.25    6.61  0.1196   -0.02    5.58   18.39    6.35    0.40     706
 18.500   14.16    6.46  0.1253   -0.33    5.24   15.31    6.09    0.57     683
 19.000   11.79    5.82  0.0973   -0.74    4.42   13.06    5.26    0.46     537
 19.500    9.82    5.39  0.1009   -0.84    3.84   11.34    4.58    0.64     530
 20.000    7.86    5.25  0.1249   -0.91    3.46    9.61    4.19    0.96     513
 20.500    5.86    5.30  0.0983   -0.93    3.38    7.81    4.07    1.13     497
 21.000    4.23    5.75  0.1147   -0.97    2.98    6.91    4.20    1.57     152
 21.500    3.94    5.73  0.0977   -0.85    2.89    6.98    4.00    1.49     144
 22.000    3.56    5.86  0.1181   -0.85    2.84    7.04    3.89    1.44     131
 22.500    3.16    6.06  0.1288   -0.69    2.85    7.04    3.82    1.41     125
 23.000    2.72    6.34  0.1373   -0.43    3.00    6.98    3.89    1.44     117
 23.500    2.33    6.56  0.0979   -0.16    3.20    6.82    3.95    1.47     113
 24.000   -0.05    6.29  0.2457   -0.51    3.04    6.21    3.26    1.62      56
 24.500   -0.00    6.25  0.2109   -0.41    2.87    6.21    3.33    2.08      53
 25.000    0.23    6.31  0.1626   -0.27    2.73    6.19    3.49    2.43      53
 25.500    0.47    6.49  0.1019   -0.14    2.72    6.18    3.83    2.49      53
 26.000    0.75    6.85  0.0368    0.04    2.86    6.24    4.31    2.32      52
 26.500   -0.59    6.63  0.4108    1.17    2.93    6.38    3.54    0.14      27
 27.000   -1.08    7.79  0.3107    0.04    2.86    7.59    3.55    0.04      12
 27.500   -0.22    8.03  0.2243    0.16    2.71    7.92    3.57    0.31      12
 28.000    0.65    8.32  0.1328    0.27    2.65    8.25    3.83    0.58      12
 28.500    1.51    8.68  0.0468    0.38    2.70    8.57    4.28    0.73      12
 29.000    2.88    9.34  0.0014    0.39    2.95    9.41    4.77    0.73      11
 29.500    3.72    9.84 -0.0448    0.44    3.16    9.87    5.35    0.75      11
 30.000    5.48   10.44 -0.0794    0.49    3.62   10.90    6.00    0.63      10
     T A B L E  I -   4.  W I N D  S T A T I S T I C A L  P A R A M E T E R S
                                     April
 STATION =   722210     EGLIN AFB, FL
    Z    MEAN U   SD  U  R(U,V)  MEAN V   SD  V MEAN WS  SD  WS SKEW WS    NOBS
    KM     M/S     M/S             M/S     M/S     M/S     M/S                 
  0.000    0.00    0.00  0.0000    0.00    0.00    0.00    0.00    0.00       0
  0.026   -0.50    2.58 -0.2589    0.93    3.51    3.83    2.32    0.51    1007
  0.500    0.42    4.39 -0.1926    1.12    5.43    6.82    3.13    0.73    1022
  1.000    1.90    5.12 -0.1423    1.23    6.26    7.79    3.93    0.73    1023
  1.500    3.38    5.92 -0.0951    1.08    6.81    8.56    4.68    0.64    1023
  2.000    4.89    6.19 -0.0825    0.81    6.55    9.49    4.92    0.69    1023
  2.500    6.41    6.75 -0.0540    0.52    6.58   10.43    5.57    0.76    1023
  3.000    7.94    7.58 -0.0189    0.23    6.99   11.37    6.56    0.80    1023
  3.500    9.34    7.86  0.0062    0.07    7.11   12.50    6.97    0.75    1023
  4.000   10.73    8.07  0.0322   -0.05    7.26   13.73    7.33    0.75    1023
  4.500   12.13    8.42  0.0586   -0.17    7.55   14.96    7.84    0.73    1023
  5.000   13.52    8.89  0.0829   -0.29    7.97   16.19    8.48    0.70    1023
  5.500   14.91    9.46  0.1036   -0.41    8.51   17.42    9.22    0.68    1023
  6.000   16.31    9.79  0.1054   -0.52    8.87   18.73    9.66    0.59    1017
  6.500   17.72   10.07  0.1210   -0.50    9.24   20.17    9.99    0.59    1017
  7.000   19.12   10.60  0.1343   -0.48    9.83   21.62   10.60    0.63    1017
  7.500   20.51   11.21  0.1341   -0.49   10.48   23.04   11.26    0.66    1008
  8.000   22.12   11.54  0.1358   -0.54   10.91   24.79   11.56    0.55    1002
  8.500   23.66   12.13  0.1299   -0.60   11.49   26.48   12.10    0.48    1002
  9.000   25.22   12.95  0.1193   -0.70   12.19   28.16   12.86    0.47    1001
  9.500   26.71   13.82  0.1002   -0.92   12.84   29.74   13.66    0.46     991
 10.000   28.59   14.52  0.0890   -1.17   13.39   31.77   14.29    0.47     978
 10.500   30.39   15.42  0.0788   -1.42   14.07   33.70   15.10    0.52     976
 11.000   31.97   15.67  0.0802   -1.59   14.34   35.31   15.27    0.48     954
 11.500   33.54   15.75  0.0913   -1.58   14.45   36.82   15.36    0.50     954
 12.000   34.98   16.09  0.1020   -1.55   14.69   38.17   15.71    0.54     952
 12.500   35.25   15.11  0.1197   -1.63   13.97   38.19   14.82    0.53     929
 13.000   34.86   14.09  0.1436   -1.40   12.86   37.50   13.73    0.56     928
 13.500   34.22   13.04  0.1559   -1.09   11.67   36.46   12.72    0.61     928
 14.000   33.10   11.88  0.1775   -0.90   10.74   34.89   11.73    0.62     892
 14.500   31.06   10.78  0.2060   -0.65    9.59   32.69   10.58    0.65     865
 15.000   28.93    9.84  0.2185   -0.52    8.71   30.45    9.60    0.68     863
 15.500   26.70    9.02  0.2197   -0.46    7.95   28.12    8.80    0.72     862
 16.000   24.33    8.35  0.1996   -0.45    7.36   25.66    8.14    0.71     861
 16.500   21.55    7.83  0.1590   -0.45    7.02   22.85    7.62    0.66     789
 17.000   19.10    6.99  0.1253   -0.46    6.16   20.42    6.72    0.63     750
 17.500   16.34    6.37  0.1126   -0.48    5.49   17.69    6.02    0.68     750
 18.000   13.49    5.95  0.0950   -0.58    4.98   14.91    5.49    0.77     750
 18.500   10.64    5.96  0.0615   -0.70    4.86   12.16    5.33    0.87     747
 19.000    8.39    5.46  0.0595   -0.62    4.22   10.27    4.64    0.90     596
 19.500    6.59    4.95  0.0995   -0.51    3.57    8.92    3.89    1.04     595
 20.000    4.79    4.80  0.1358   -0.44    3.23    7.58    3.44    1.20     590
 20.500    2.93    4.98  0.1400   -0.34    3.34    6.20    3.37    1.23     582
 21.000    1.25    4.88  0.1877   -0.80    3.20    5.49    3.17    1.33     179
 21.500    0.88    4.70  0.2254   -0.73    2.77    5.49    2.93    1.11     169
 22.000    0.42    4.63  0.2462   -0.47    2.54    5.49    2.77    1.01     157
 22.500    0.04    4.76  0.2292   -0.29    2.55    5.51    2.84    1.12     148
 23.000   -0.21    4.92  0.2285   -0.16    2.71    5.45    3.10    1.42     141
 23.500   -0.69    5.23  0.2748    0.07    2.93    5.44    3.34    1.57     135
 24.000   -0.53    5.86  0.2827   -0.29    3.25    5.66    3.71    1.42      74
 24.500    0.22    5.24  0.2229   -0.37    2.77    5.49    3.20    0.98      53
 25.000    0.95    5.63  0.3864   -0.09    2.64    5.76    3.73    1.85      53
 25.500    1.68    6.50  0.4761    0.17    2.69    6.04    4.84    3.00      53
 26.000    2.40    7.68  0.4900    0.44    2.92    6.32    6.24    3.52      53
 26.500    2.96    9.19  0.4603    0.69    3.33    6.55    7.91    3.65      51
 27.000 -999.99  -99.99 -9.9900 -999.99  -99.99 -999.99  -99.99 -999.99       0
 27.500 -999.99  -99.99 -9.9900 -999.99  -99.99 -999.99  -99.99 -999.99       0
 28.000 -999.99  -99.99 -9.9900 -999.99  -99.99 -999.99  -99.99 -999.99       0
 28.500 -999.99  -99.99 -9.9900 -999.99  -99.99 -999.99  -99.99 -999.99       0
 29.000 -999.99  -99.99 -9.9900 -999.99  -99.99 -999.99  -99.99 -999.99       0
 29.500 -999.99  -99.99 -9.9900 -999.99  -99.99 -999.99  -99.99 -999.99       0
 30.000 -999.99  -99.99 -9.9900 -999.99  -99.99 -999.99  -99.99 -999.99       0
     T A B L E  I -   5.  W I N D  S T A T I S T I C A L  P A R A M E T E R S
                                       May
 STATION =   722210     EGLIN AFB, FL
    Z    MEAN U   SD  U  R(U,V)  MEAN V   SD  V MEAN WS  SD  WS SKEW WS    NOBS
    KM     M/S     M/S             M/S     M/S     M/S     M/S                 
  0.000    0.00    0.00  0.0000    0.00    0.00    0.00    0.00    0.00       0
  0.026   -0.32    2.41  0.0583    1.09    3.50    3.68    2.39    1.04     977
  0.500    0.19    3.84 -0.0068    1.33    4.27    5.70    2.61    0.79     992
  1.000    0.97    4.44 -0.0046    1.37    4.84    6.29    3.15    0.90     993
  1.500    1.73    5.18  0.0343    1.21    5.37    6.86    3.70    0.82     993
  2.000    2.44    5.38  0.0167    0.88    5.18    7.32    3.70    0.87     995
  2.500    3.15    5.78  0.0021    0.54    5.24    7.78    4.03    0.97     995
  3.000    3.87    6.42 -0.0022    0.20    5.64    8.23    4.72    1.02     995
  3.500    4.64    6.66 -0.0105   -0.04    5.62    8.76    4.95    0.97     995
  4.000    5.47    6.79 -0.0223   -0.25    5.46    9.34    5.09    0.93     995
  4.500    6.30    7.05 -0.0316   -0.46    5.44    9.91    5.39    0.86     995
  5.000    7.13    7.40 -0.0370   -0.66    5.55   10.49    5.82    0.78     995
  5.500    7.96    7.85 -0.0386   -0.87    5.80   11.07    6.36    0.71     995
  6.000    8.77    8.22 -0.0331   -1.05    6.04   11.70    6.81    0.67     992
  6.500    9.60    8.36 -0.0218   -1.17    6.14   12.49    7.00    0.67     992
  7.000   10.44    8.65 -0.0157   -1.29    6.45   13.28    7.36    0.63     992
  7.500   11.28    9.08 -0.0155   -1.41    6.94   14.09    7.88    0.58     989
  8.000   12.22    9.55 -0.0093   -1.56    7.28   15.20    8.31    0.58     977
  8.500   13.14   10.16 -0.0044   -1.70    7.75   16.32    8.86    0.60     977
  9.000   14.07   10.91 -0.0011   -1.84    8.39   17.43    9.57    0.61     977
  9.500   14.94   11.73  0.0041   -1.96    9.12   18.49   10.35    0.62     974
 10.000   16.01   12.42  0.0142   -2.10    9.64   19.79   10.95    0.58     963
 10.500   17.12   13.23  0.0185   -2.23   10.34   21.13   11.71    0.59     963
 11.000   18.26   13.97  0.0229   -2.33   10.90   22.41   12.36    0.56     951
 11.500   19.39   14.36  0.0243   -2.62   11.10   23.58   12.72    0.51     950
 12.000   20.52   14.97  0.0196   -2.91   11.55   24.74   13.34    0.48     949
 12.500   21.19   14.79  0.0360   -3.00   11.35   25.22   13.17    0.45     935
 13.000   21.51   13.85  0.0628   -2.90   10.64   25.12   12.37    0.41     935
 13.500   21.70   12.98  0.0921   -2.78   10.04   24.90   11.63    0.36     934
 14.000   21.87   12.17  0.1246   -2.58    9.57   24.57   11.07    0.29     929
 14.500   20.45   11.10  0.1633   -2.45    8.56   22.92   10.06    0.22     880
 15.000   18.82   10.03  0.1743   -2.30    7.58   21.08    9.02    0.24     877
 15.500   17.14    9.03  0.1752   -2.16    6.73   19.20    8.08    0.27     876
 16.000   15.35    8.17  0.1693   -2.14    6.03   17.24    7.27    0.33     874
 16.500   13.21    7.39  0.1441   -2.22    5.64   15.01    6.54    0.39     840
 17.000   11.24    6.53  0.1601   -2.20    5.09   13.29    5.59    0.45     756
 17.500    8.95    5.84  0.1672   -2.03    4.53   11.35    4.68    0.56     753
 18.000    6.56    5.26  0.1637   -1.90    4.12    9.35    3.87    0.73     752
 18.500    4.17    4.91  0.1306   -1.82    4.01    7.35    3.43    0.83     751
 19.000    2.48    4.58  0.1270   -1.56    3.63    6.30    2.97    0.70     630
 19.500    1.34    4.14  0.1676   -1.19    3.07    5.88    2.36    0.74     629
 20.000    0.22    3.98  0.1773   -0.82    2.83    5.49    2.11    0.89     624
 20.500   -0.89    4.07  0.1552   -0.49    2.96    5.08    2.32    0.94     617
 21.000   -1.65    4.16  0.2512   -0.19    2.66    4.90    2.37    0.67     167
 21.500   -2.14    3.88  0.2086   -0.36    2.22    5.04    2.10    0.69     150
 22.000   -2.56    3.78  0.2416   -0.28    2.03    5.20    2.04    0.77     144
 22.500   -3.15    3.68  0.2011   -0.21    2.13    5.46    2.09    0.77     130
 23.000   -3.90    3.50  0.0993   -0.11    2.23    5.72    2.27    0.75     116
 23.500   -4.19    3.69  0.0417   -0.04    2.56    5.90    2.52    0.81     112
 24.000   -4.71    3.96  0.0393    0.06    2.87    6.16    2.93    0.83      91
 24.500   -4.41    3.34  0.1805   -0.24    2.32    5.92    2.03    0.18      38
 25.000   -4.35    3.63  0.2159   -0.13    1.90    6.04    2.09    0.55      38
 25.500   -4.29    4.11  0.2347   -0.02    1.70    6.16    2.37    0.97      38
 26.000   -4.23    4.72  0.2188    0.09    1.78    6.28    2.80    1.18      38
 26.500   -4.49    5.14  0.0991    0.11    2.07    6.36    3.37    1.25      37
 27.000 -999.99  -99.99 -9.9900 -999.99  -99.99 -999.99  -99.99 -999.99       0
 27.500 -999.99  -99.99 -9.9900 -999.99  -99.99 -999.99  -99.99 -999.99       0
 28.000 -999.99  -99.99 -9.9900 -999.99  -99.99 -999.99  -99.99 -999.99       0
 28.500 -999.99  -99.99 -9.9900 -999.99  -99.99 -999.99  -99.99 -999.99       0
 29.000 -999.99  -99.99 -9.9900 -999.99  -99.99 -999.99  -99.99 -999.99       0
 29.500 -999.99  -99.99 -9.9900 -999.99  -99.99 -999.99  -99.99 -999.99       0
 30.000 -999.99  -99.99 -9.9900 -999.99  -99.99 -999.99  -99.99 -999.99       0
     T A B L E  I -   6.  W I N D  S T A T I S T I C A L  P A R A M E T E R S
                                      June
 STATION =   722210     EGLIN AFB, FL
    Z    MEAN U   SD  U  R(U,V)  MEAN V   SD  V MEAN WS  SD  WS SKEW WS    NOBS
    KM     M/S     M/S             M/S     M/S     M/S     M/S                 
  0.000    0.00    0.00  0.0000    0.00    0.00    0.00    0.00    0.00       0
  0.026    0.15    2.05  0.1585    1.36    2.92    3.17    2.12    0.72    1022
  0.500    0.99    3.57  0.1090    1.44    3.21    4.88    2.41    1.14    1040
  1.000    1.37    4.17  0.1550    1.26    3.71    5.27    3.02    1.41    1040
  1.500    1.51    4.66  0.1839    1.17    4.26    5.74    3.35    1.25    1041
  2.000    1.75    4.71  0.1970    1.06    4.11    5.95    3.26    1.31    1043
  2.500    2.02    4.90  0.1978    0.96    4.09    6.16    3.36    1.32    1043
  3.000    2.28    5.29  0.1876    0.85    4.31    6.36    3.70    1.22    1043
  3.500    2.55    5.35  0.1822    0.72    4.35    6.56    3.74    1.20    1041
  4.000    2.84    5.26  0.1817    0.60    4.29    6.76    3.65    1.26    1041
  4.500    3.13    5.28  0.1742    0.47    4.34    6.96    3.70    1.26    1041
  5.000    3.41    5.40  0.1611    0.34    4.52    7.16    3.86    1.22    1041
  5.500    3.70    5.62  0.1444    0.21    4.80    7.36    4.14    1.14    1041
  6.000    4.01    5.85  0.1205    0.06    5.04    7.60    4.37    1.05    1037
  6.500    4.45    5.98  0.1182   -0.06    5.18    8.10    4.44    1.12    1037
  7.000    4.89    6.30  0.1086   -0.17    5.50    8.61    4.75    1.11    1037
  7.500    5.32    6.76  0.0954   -0.28    5.97    9.11    5.26    1.05    1037
  8.000    5.80    7.10  0.0906   -0.36    6.29    9.77    5.59    1.06    1016
  8.500    6.23    7.49  0.0894   -0.41    6.70   10.44    5.97    1.09    1016
  9.000    6.67    8.02  0.0905   -0.46    7.25   11.10    6.51    1.09    1016
  9.500    7.10    8.65  0.0906   -0.50    7.93   11.77    7.17    1.07    1016
 10.000    7.64    9.15  0.1063   -0.61    8.46   12.53    7.71    1.04     996
 10.500    8.16    9.76  0.1247   -0.81    9.06   13.38    8.29    1.01     996
 11.000    8.66   10.40  0.1438   -1.01    9.73   14.17    8.90    0.94     989
 11.500    9.26   10.74  0.1697   -1.35    9.88   14.89    9.15    0.95     988
 12.000    9.85   11.26  0.1906   -1.72   10.24   15.61    9.62    0.97     987
 12.500   10.27   11.67  0.2109   -2.03   10.53   16.12    9.95    0.94     975
 13.000   10.14   11.41  0.2192   -2.39    9.78   15.98    9.38    0.99     973
 13.500    9.98   11.40  0.2194   -2.73    9.29   15.80    9.08    1.04     973
 14.000    9.79   11.52  0.2100   -3.07    9.02   15.56    9.01    1.07     973
 14.500    8.72   10.74  0.2124   -3.18    8.22   14.49    8.00    0.96     920
 15.000    7.41    9.72  0.2040   -3.08    7.19   13.12    6.89    0.99     917
 15.500    5.94    8.72  0.2001   -2.94    6.36   11.66    5.89    0.97     912
 16.000    4.32    7.70  0.1874   -2.83    5.60   10.13    4.93    0.95     912
 16.500    2.53    6.86  0.1371   -2.76    5.08    8.55    4.35    0.93     911
 17.000    1.02    6.13  0.1434   -2.43    4.58    7.82    3.73    0.88     808
 17.500   -0.47    5.40  0.1501   -1.99    3.84    7.38    3.04    0.79     806
 18.000   -1.99    4.82  0.1370   -1.58    3.34    7.00    2.70    0.75     805
 18.500   -3.52    4.47  0.0958   -1.19    3.19    6.63    2.88    0.68     803
 19.000   -4.74    4.20  0.0503   -0.81    3.08    6.64    3.05    0.67     707
 19.500   -5.61    3.70  0.0505   -0.58    2.52    7.18    2.74    0.56     703
 20.000   -6.49    3.44  0.0467   -0.34    2.27    7.72    2.71    0.37     700
 20.500   -7.37    3.46  0.0275   -0.13    2.44    8.27    2.94    0.22     695
 21.000   -8.66    3.50 -0.0378    0.00    2.51    9.11    3.37    0.06     234
 21.500   -9.09    3.23 -0.1076   -0.11    2.15    9.49    3.14   -0.12     185
 22.000   -9.47    3.09 -0.1442   -0.03    2.14    9.88    3.04   -0.19     169
 22.500   -9.81    3.06 -0.1149    0.10    2.04   10.21    3.03   -0.19     158
 23.000  -10.15    3.14 -0.0466    0.16    2.16   10.54    3.12   -0.19     149
 23.500  -10.48    3.31  0.0386    0.23    2.43   10.87    3.30   -0.15     142
 24.000  -10.90    3.61  0.0649    0.25    2.79   11.28    3.60   -0.09     138
 24.500  -10.61    3.77 -0.2333    0.20    1.95   10.93    3.65    0.30      35
 25.000  -11.00    3.46 -0.3049    0.04    1.76   11.39    3.20    0.65      33
 25.500  -11.29    3.63 -0.3904   -0.10    1.85   11.76    3.18    0.47      33
 26.000  -12.02    3.60 -0.1946    0.06    1.83   12.39    3.30    0.09      31
 26.500  -12.42    3.99 -0.2044   -0.03    2.34   12.81    3.62   -0.19      31
 27.000 -999.99  -99.99 -9.9900 -999.99  -99.99 -999.99  -99.99 -999.99       0
 27.500 -999.99  -99.99 -9.9900 -999.99  -99.99 -999.99  -99.99 -999.99       0
 28.000 -999.99  -99.99 -9.9900 -999.99  -99.99 -999.99  -99.99 -999.99       0
 28.500 -999.99  -99.99 -9.9900 -999.99  -99.99 -999.99  -99.99 -999.99       0
 29.000 -999.99  -99.99 -9.9900 -999.99  -99.99 -999.99  -99.99 -999.99       0
 29.500 -999.99  -99.99 -9.9900 -999.99  -99.99 -999.99  -99.99 -999.99       0
 30.000 -999.99  -99.99 -9.9900 -999.99  -99.99 -999.99  -99.99 -999.99       0
     T A B L E  I -   7.  W I N D  S T A T I S T I C A L  P A R A M E T E R S
                                      July
 STATION =   722210     EGLIN AFB, FL
    Z    MEAN U   SD  U  R(U,V)  MEAN V   SD  V MEAN WS  SD  WS SKEW WS    NOBS
    KM     M/S     M/S             M/S     M/S     M/S     M/S                 
  0.000    0.00    0.00  0.0000    0.00    0.00    0.00    0.00    0.00       0
  0.026    0.38    1.82  0.1119    0.79    2.50    2.64    1.83    0.89     963
  0.500    1.38    3.24  0.0063    0.76    2.85    4.44    2.06    1.01    1003
  1.000    1.53    3.62  0.0644    0.58    3.18    4.67    2.46    1.35    1003
  1.500    1.37    3.96  0.1443    0.46    3.46    4.83    2.65    1.18    1003
  2.000    1.28    3.96  0.1519    0.42    3.42    4.97    2.52    1.11    1005
  2.500    1.20    4.09  0.1462    0.38    3.47    5.12    2.55    1.03    1005
  3.000    1.12    4.40  0.1357    0.35    3.72    5.26    2.82    0.98    1005
  3.500    1.04    4.47  0.1412    0.27    3.71    5.34    2.85    0.99    1005
  4.000    0.98    4.37  0.1578    0.18    3.54    5.36    2.71    0.99    1005
  4.500    0.92    4.36  0.1705    0.08    3.49    5.38    2.69    0.98    1005
  5.000    0.85    4.45  0.1773   -0.03    3.56    5.40    2.79    0.98    1004
  5.500    0.79    4.63  0.1787   -0.13    3.74    5.41    3.01    0.98    1004
  6.000    0.74    4.84  0.1789   -0.22    3.95    5.47    3.25    0.98    1002
  6.500    0.60    4.98  0.1945   -0.35    3.96    5.75    3.23    1.09    1002
  7.000    0.46    5.27  0.2026   -0.47    4.15    6.03    3.43    1.16    1002
  7.500    0.32    5.68  0.2044   -0.60    4.52    6.31    3.79    1.18    1002
  8.000    0.22    5.88  0.2219   -0.66    4.70    6.71    3.86    1.24     989
  8.500    0.17    6.18  0.2408   -0.68    5.00    7.18    4.04    1.34     989
  9.000    0.13    6.63  0.2503   -0.70    5.45    7.65    4.41    1.36     989
  9.500    0.09    7.20  0.2525   -0.72    6.02    8.13    4.94    1.33     989
 10.000    0.07    7.67  0.2452   -0.83    6.44    8.68    5.25    1.20     970
 10.500    0.06    8.18  0.2460   -0.95    6.91    9.31    5.62    1.18     970
 11.000    0.02    8.84  0.2396   -1.07    7.51    9.92    6.16    1.10     968
 11.500   -0.08    9.19  0.2408   -1.34    7.67   10.49    6.19    1.04     961
 12.000   -0.19    9.68  0.2341   -1.63    8.00   11.05    6.43    0.99     961
 12.500   -0.42   10.17  0.2136   -1.93    8.28   11.47    6.71    0.97     946
 13.000   -0.89    9.79  0.1945   -2.23    7.53   11.31    6.06    0.99     938
 13.500   -1.40    9.55  0.1603   -2.55    6.94   11.09    5.66    0.97     938
 14.000   -1.92    9.49  0.1203   -2.86    6.64   10.87    5.63    0.98     938
 14.500   -2.42    8.86  0.1346   -2.91    6.28   10.44    5.25    0.84     883
 15.000   -3.04    7.79  0.1356   -2.59    5.51    9.71    4.59    0.76     880
 15.500   -3.63    6.71  0.1376   -2.29    4.86    8.99    3.99    0.66     878
 16.000   -4.20    5.63  0.1517   -1.98    4.28    8.29    3.49    0.62     877
 16.500   -4.83    4.76  0.1753   -1.55    3.86    7.61    3.31    0.53     876
 17.000   -5.63    4.29  0.1629   -1.23    3.43    7.67    3.15    0.51     763
 17.500   -6.50    3.65  0.1565   -1.11    2.76    8.13    2.75    0.40     763
 18.000   -7.37    3.24  0.1068   -1.00    2.42    8.60    2.63    0.21     761
 18.500   -8.24    3.16  0.0157   -0.88    2.51    9.08    2.83    0.01     760
 19.000   -9.18    3.22 -0.0450   -0.72    2.66    9.72    3.04   -0.06     657
 19.500  -10.07    2.81 -0.0363   -0.38    2.13   10.56    2.68   -0.02     651
 20.000  -10.94    2.67  0.0021   -0.03    1.96   11.38    2.58    0.09     639
 20.500  -11.79    2.82 -0.0042    0.34    2.27   12.18    2.75    0.21     633
 21.000  -12.67    3.21 -0.0219    0.50    2.73   13.02    3.08    0.23     306
 21.500  -13.19    2.83 -0.0549    0.61    2.28   13.51    2.70   -0.15     204
 22.000  -13.60    2.74 -0.0221    0.50    2.00   13.91    2.63   -0.13     195
 22.500  -14.02    2.81  0.0026    0.35    1.87   14.31    2.71   -0.15     182
 23.000  -14.69    2.79 -0.0109    0.26    1.94   14.96    2.72    0.04     173
 23.500  -15.13    3.02 -0.0653    0.08    2.06   15.36    2.99    0.10     160
 24.000  -15.66    3.33 -0.0989   -0.06    2.33   15.87    3.33    0.17     151
 24.500  -15.84    3.71 -0.1578   -0.06    2.39   16.04    3.72   -0.34      36
 25.000  -16.74    3.55 -0.4409   -0.18    1.59   16.88    3.53   -0.50      30
 25.500  -17.42    3.48 -0.4199   -0.07    1.50   17.57    3.44   -0.74      26
 26.000  -17.94    3.54 -0.2913   -0.23    1.72   18.11    3.48   -0.65      26
 26.500  -18.47    3.78 -0.1630   -0.39    2.12   18.65    3.70   -0.46      26
 27.000 -999.99  -99.99 -9.9900 -999.99  -99.99 -999.99  -99.99 -999.99       0
 27.500 -999.99  -99.99 -9.9900 -999.99  -99.99 -999.99  -99.99 -999.99       0
 28.000 -999.99  -99.99 -9.9900 -999.99  -99.99 -999.99  -99.99 -999.99       0
 28.500 -999.99  -99.99 -9.9900 -999.99  -99.99 -999.99  -99.99 -999.99       0
 29.000 -999.99  -99.99 -9.9900 -999.99  -99.99 -999.99  -99.99 -999.99       0
 29.500 -999.99  -99.99 -9.9900 -999.99  -99.99 -999.99  -99.99 -999.99       0
 30.000 -999.99  -99.99 -9.9900 -999.99  -99.99 -999.99  -99.99 -999.99       0
     T A B L E  I -   8.  W I N D  S T A T I S T I C A L  P A R A M E T E R S
                                    August
 STATION =   722210     EGLIN AFB, FL
    Z    MEAN U   SD  U  R(U,V)  MEAN V   SD  V MEAN WS  SD  WS SKEW WS    NOBS
    KM     M/S     M/S             M/S     M/S     M/S     M/S                 
  0.000    0.00    0.00  0.0000    0.00    0.00    0.00    0.00    0.00       0
  0.026   -0.35    2.00  0.1488    0.33    2.54    2.74    1.78    0.83    1070
  0.500   -0.19    3.69  0.0467    0.21    2.79    4.36    2.31    1.58    1107
  1.000   -0.07    4.15  0.0392    0.15    3.05    4.58    2.72    1.74    1107
  1.500   -0.09    4.57  0.0671    0.07    3.49    4.94    3.04    1.43    1107
  2.000    0.03    4.52  0.0914    0.06    3.47    5.10    2.92    1.43    1109
  2.500    0.17    4.55  0.1149    0.06    3.58    5.24    2.93    1.36    1109
  3.000    0.33    4.77  0.1344    0.06    3.88    5.38    3.17    1.20    1109
  3.500    0.41    4.77  0.1517    0.03    3.92    5.49    3.13    1.15    1107
  4.000    0.48    4.66  0.1676   -0.04    3.81    5.58    2.93    1.13    1107
  4.500    0.54    4.66  0.1807   -0.11    3.79    5.68    2.84    1.06    1107
  5.000    0.60    4.75  0.1896   -0.17    3.89    5.77    2.88    0.96    1107
  5.500    0.66    4.94  0.1945   -0.24    4.07    5.86    3.04    0.87    1107
  6.000    0.70    5.16  0.2019   -0.30    4.29    6.00    3.22    0.81    1103
  6.500    0.64    5.28  0.2226   -0.40    4.41    6.36    3.18    0.87    1103
  7.000    0.58    5.57  0.2306   -0.49    4.73    6.72    3.38    0.90    1103
  7.500    0.52    5.98  0.2275   -0.59    5.22    7.09    3.79    0.87    1102
  8.000    0.61    6.28  0.2548   -0.52    5.49    7.59    3.93    0.92    1085
  8.500    0.73    6.61  0.2848   -0.48    5.81    8.11    4.11    1.00    1085
  9.000    0.84    7.07  0.3019   -0.43    6.29    8.64    4.48    1.01    1085
  9.500    0.96    7.64  0.3084   -0.38    6.89    9.16    5.00    0.99    1085
 10.000    1.08    8.08  0.3178   -0.32    7.30    9.70    5.28    1.02    1079
 10.500    1.21    8.46  0.3226   -0.30    7.70   10.25    5.50    1.05    1079
 11.000    1.29    8.97  0.3126   -0.29    8.26   10.78    5.89    0.95    1074
 11.500    1.26    9.10  0.3160   -0.47    8.44   11.20    5.81    0.84    1070
 12.000    1.22    9.35  0.3074   -0.64    8.80   11.60    5.97    0.75    1070
 12.500    1.08    9.68  0.2841   -0.87    9.23   11.93    6.27    0.68    1060
 13.000    0.64    9.27  0.2795   -1.21    8.52   11.56    5.67    0.67    1050
 13.500    0.22    8.99  0.2649   -1.54    7.93   11.14    5.33    0.66    1049
 14.000   -0.17    8.88  0.2330   -1.86    7.53   10.70    5.32    0.62    1047
 14.500   -0.79    8.42  0.2014   -2.07    6.84   10.05    5.11    0.62    1001
 15.000   -1.52    7.35  0.1725   -2.02    5.72    9.13    4.40    0.69     999
 15.500   -2.25    6.37  0.1508   -1.89    4.87    8.28    3.89    0.77     997
 16.000   -2.97    5.43  0.1465   -1.68    4.06    7.50    3.44    0.86     997
 16.500   -3.70    4.64  0.1526   -1.46    3.42    6.76    3.15    0.65     995
 17.000   -4.60    4.20  0.1338   -1.26    3.17    6.88    3.02    0.53     888
 17.500   -5.59    3.68  0.1357   -1.13    2.63    7.43    2.74    0.45     886
 18.000   -6.59    3.38  0.1207   -0.99    2.40    7.98    2.73    0.31     886
 18.500   -7.59    3.40  0.0873   -0.85    2.52    8.53    3.02    0.22     883
 19.000   -8.59    3.49  0.0731   -0.69    2.74    9.19    3.27    0.22     780
 19.500   -9.49    3.06  0.0878   -0.37    2.20   10.03    2.88    0.09     778
 20.000  -10.38    2.88  0.1182   -0.07    1.95   10.85    2.72    0.00     771
 20.500  -11.25    3.00  0.1127    0.24    2.14   11.66    2.85    0.04     767
 21.000  -12.05    3.41  0.1168    0.64    2.55   12.40    3.22    0.08     365
 21.500  -12.57    3.14  0.1640    0.42    2.08   12.91    2.88    0.03     235
 22.000  -12.98    2.83  0.1165    0.35    1.85   13.29    2.62    0.00     223
 22.500  -13.44    2.65  0.0522    0.25    1.82   13.74    2.48   -0.06     211
 23.000  -13.94    2.56 -0.0041    0.08    1.92   14.23    2.43   -0.15     203
 23.500  -14.45    2.69 -0.0198   -0.08    2.14   14.72    2.60   -0.14     192
 24.000  -14.95    2.88  0.0033   -0.15    2.33   15.19    2.83   -0.09     179
 24.500  -15.99    3.09  0.0568   -0.38    2.23   16.18    3.08    0.30      60
 25.000  -16.62    3.17 -0.0105   -0.46    1.91   16.81    3.15    0.42      57
 25.500  -17.17    3.12 -0.1355   -0.30    1.28   17.32    3.11    0.65      49
 26.000  -17.80    3.34 -0.1680   -0.32    1.36   17.94    3.33    0.75      49
 26.500  -18.43    3.68 -0.1364   -0.35    1.74   18.57    3.66    0.77      49
 27.000  -18.85    4.74 -0.2576   -0.12    2.23   18.98    4.74    0.63      20
 27.500 -999.99  -99.99 -9.9900 -999.99  -99.99 -999.99  -99.99 -999.99       0
 28.000 -999.99  -99.99 -9.9900 -999.99  -99.99 -999.99  -99.99 -999.99       0
 28.500 -999.99  -99.99 -9.9900 -999.99  -99.99 -999.99  -99.99 -999.99       0
 29.000 -999.99  -99.99 -9.9900 -999.99  -99.99 -999.99  -99.99 -999.99       0
 29.500 -999.99  -99.99 -9.9900 -999.99  -99.99 -999.99  -99.99 -999.99       0
 30.000 -999.99  -99.99 -9.9900 -999.99  -99.99 -999.99  -99.99 -999.99       0
     T A B L E  I -   9.  W I N D  S T A T I S T I C A L  P A R A M E T E R S
                                 September
 STATION =   722210     EGLIN AFB, FL
    Z    MEAN U   SD  U  R(U,V)  MEAN V   SD  V MEAN WS  SD  WS SKEW WS    NOBS
    KM     M/S     M/S             M/S     M/S     M/S     M/S                 
  0.000    0.00    0.00  0.0000    0.00    0.00    0.00    0.00    0.00       0
  0.026   -1.18    2.10  0.0317   -0.42    2.70    3.14    1.85    0.83     918
  0.500   -1.91    3.79  0.0213   -0.23    3.52    5.17    2.74    1.21     933
  1.000   -1.60    4.33 -0.0055    0.10    4.00    5.48    3.14    1.50     933
  1.500   -1.22    4.72  0.0079    0.21    4.38    5.71    3.31    1.34     933
  2.000   -0.74    4.67  0.0133    0.28    4.24    5.76    3.16    1.47     933
  2.500   -0.26    4.75  0.0307    0.35    4.21    5.79    3.20    1.52     933
  3.000    0.23    5.02  0.0573    0.43    4.40    5.83    3.49    1.45     933
  3.500    0.71    5.11  0.0848    0.45    4.41    6.03    3.53    1.45     933
  4.000    1.18    5.17  0.1151    0.44    4.35    6.32    3.50    1.48     933
  4.500    1.66    5.35  0.1439    0.43    4.43    6.61    3.64    1.44     933
  5.000    2.13    5.64  0.1681    0.42    4.63    6.90    3.93    1.38     933
  5.500    2.61    6.03  0.1854    0.41    4.94    7.19    4.34    1.32     933
  6.000    3.08    6.40  0.2111    0.41    5.26    7.54    4.73    1.30     930
  6.500    3.57    6.63  0.2627    0.38    5.45    8.07    4.98    1.38     930
  7.000    4.06    7.03  0.2985    0.36    5.84    8.60    5.41    1.36     930
  7.500    4.54    7.56  0.3182    0.33    6.38    9.13    6.00    1.29     930
  8.000    5.15    7.85  0.3477    0.40    6.70    9.93    6.18    1.22     919
  8.500    5.74    8.24  0.3684    0.46    7.14   10.77    6.47    1.17     919
  9.000    6.34    8.80  0.3796    0.52    7.78   11.60    6.99    1.15     919
  9.500    6.94    9.49  0.3834    0.57    8.57   12.45    7.68    1.17     919
 10.000    7.50    9.94  0.3882    0.62    9.08   13.30    7.99    1.03     911
 10.500    8.15   10.42  0.3756    0.61    9.62   14.22    8.32    0.90     910
 11.000    8.79   10.99  0.3534    0.63   10.18   15.06    8.73    0.79     903
 11.500    9.24   11.15  0.3382    0.34   10.23   15.69    8.58    0.75     895
 12.000    9.63   11.55  0.3121    0.08   10.56   16.30    8.76    0.72     895
 12.500    9.85   11.97  0.2907   -0.20   10.91   16.69    9.06    0.80     885
 13.000    9.53   11.40  0.3007   -0.56    9.97   16.05    8.39    0.79     880
 13.500    9.17   10.96  0.2964   -0.94    9.23   15.34    7.97    0.81     880
 14.000    8.82   10.73  0.2740   -1.34    8.74   14.63    7.84    0.87     880
 14.500    8.06   10.18  0.2471   -1.54    7.83   13.56    7.22    0.81     838
 15.000    6.89    9.12  0.2471   -1.48    6.81   12.15    6.32    0.82     836
 15.500    5.68    8.12  0.2342   -1.41    5.97   10.69    5.52    0.81     835
 16.000    4.32    7.12  0.2066   -1.30    5.25    9.19    4.70    0.84     834
 16.500    2.78    6.17  0.1576   -1.10    4.63    7.57    3.99    0.96     834
 17.000    1.42    5.55  0.1567   -0.80    4.07    6.78    3.48    1.05     759
 17.500    0.14    4.89  0.2027   -0.54    3.51    6.44    2.77    1.00     758
 18.000   -1.11    4.45  0.2271   -0.29    3.15    6.12    2.42    0.88     758
 18.500   -2.36    4.26  0.2103   -0.05    3.12    5.80    2.53    0.73     757
 19.000   -3.62    4.09  0.1731    0.03    3.07    5.84    2.73    0.61     638
 19.500   -4.47    3.73  0.1912    0.13    2.56    6.33    2.57    0.48     634
 20.000   -5.30    3.58  0.1684    0.24    2.35    6.81    2.67    0.30     630
 20.500   -6.18    3.69  0.0973    0.37    2.49    7.31    3.02    0.17     626
 21.000   -7.40    3.93  0.0840    0.57    2.78    8.24    3.34    0.13     202
 21.500   -7.49    3.78  0.0468    0.28    2.29    8.29    3.21    0.03     149
 22.000   -8.14    3.61  0.0825    0.28    2.17    8.84    3.15   -0.05     137
 22.500   -8.70    3.61  0.0691    0.17    2.09    9.31    3.23   -0.09     124
 23.000   -9.26    3.78  0.1160    0.14    1.97    9.77    3.45   -0.02     112
 23.500   -9.87    3.90  0.1880    0.11    2.14   10.34    3.59   -0.03     101
 24.000  -10.44    4.09  0.1747   -0.03    2.41   10.84    3.84    0.04      94
 24.500  -10.90    3.04 -0.3223   -0.36    2.71   11.35    2.91   -0.28      28
 25.000  -11.36    3.32 -0.1372   -0.19    1.65   11.70    3.14   -0.13      27
 25.500  -11.76    3.83  0.2254   -0.35    1.74   12.14    3.69    0.44      27
 26.000  -12.16    4.53  0.4445   -0.52    2.27   12.57    4.46    1.02      27
 26.500  -12.56    5.33  0.5251   -0.69    3.02   13.00    5.36    1.43      27
 27.000 -999.99  -99.99 -9.9900 -999.99  -99.99 -999.99  -99.99 -999.99       0
 27.500 -999.99  -99.99 -9.9900 -999.99  -99.99 -999.99  -99.99 -999.99       0
 28.000 -999.99  -99.99 -9.9900 -999.99  -99.99 -999.99  -99.99 -999.99       0
 28.500 -999.99  -99.99 -9.9900 -999.99  -99.99 -999.99  -99.99 -999.99       0
 29.000 -999.99  -99.99 -9.9900 -999.99  -99.99 -999.99  -99.99 -999.99       0
 29.500 -999.99  -99.99 -9.9900 -999.99  -99.99 -999.99  -99.99 -999.99       0
 30.000 -999.99  -99.99 -9.9900 -999.99  -99.99 -999.99  -99.99 -999.99       0
     T A B L E  I -  10.  W I N D  S T A T I S T I C A L  P A R A M E T E R S
                                   October
 STATION =   722210     EGLIN AFB, FL
    Z    MEAN U   SD  U  R(U,V)  MEAN V   SD  V MEAN WS  SD  WS SKEW WS    NOBS
    KM     M/S     M/S             M/S     M/S     M/S     M/S                 
  0.000    0.00    0.00  0.0000    0.00    0.00    0.00    0.00    0.00       0
  0.026   -1.01    2.23 -0.1264   -0.50    2.95    3.35    1.93    0.66    1002
  0.500   -1.79    4.26 -0.0968   -0.56    4.56    6.14    3.05    1.08    1018
  1.000   -0.87    4.87 -0.0661   -0.16    5.25    6.53    3.57    1.39    1018
  1.500    0.17    5.44  0.0173    0.03    5.77    6.89    4.05    1.37    1018
  2.000    1.12    5.53  0.0154    0.08    5.55    7.15    4.03    1.46    1018
  2.500    2.07    5.76  0.0225    0.10    5.47    7.41    4.26    1.50    1018
  3.000    3.02    6.19  0.0390    0.13    5.64    7.66    4.79    1.43    1018
  3.500    3.98    6.34  0.0695    0.22    5.71    8.24    5.08    1.45    1018
  4.000    4.97    6.43  0.1001    0.33    5.81    8.99    5.30    1.49    1018
  4.500    5.97    6.63  0.1245    0.45    6.07    9.74    5.66    1.47    1018
  5.000    6.96    6.94  0.1411    0.56    6.47   10.50    6.12    1.41    1018
  5.500    7.95    7.33  0.1503    0.67    6.98   11.25    6.66    1.34    1018
  6.000    9.00    7.70  0.1598    0.75    7.39   12.14    7.12    1.26    1010
  6.500   10.13    7.96  0.1764    0.76    7.62   13.27    7.36    1.21    1010
  7.000   11.26    8.41  0.1821    0.77    8.05   14.40    7.79    1.11    1010
  7.500   12.34    8.95  0.1870    0.80    8.64   15.49    8.31    0.94    1007
  8.000   13.57    9.33  0.2026    0.98    8.87   16.81    8.59    0.84     998
  8.500   14.79    9.83  0.2196    1.13    9.25   18.14    8.98    0.74     998
  9.000   16.01   10.49  0.2286    1.27    9.81   19.47    9.55    0.66     998
  9.500   17.23   11.27  0.2324    1.42   10.49   20.80   10.27    0.59     998
 10.000   18.55   11.70  0.2341    1.49   10.86   22.17   10.67    0.52     989
 10.500   19.85   12.22  0.2325    1.52   11.40   23.54   11.21    0.48     988
 11.000   21.08   12.61  0.2241    1.45   11.89   24.78   11.64    0.40     980
 11.500   22.12   12.69  0.2211    1.36   11.89   25.72   11.76    0.34     978
 12.000   23.14   13.00  0.2060    1.24   12.11   26.63   12.15    0.31     978
 12.500   23.65   13.01  0.1955    1.03   12.07   26.98   12.24    0.33     963
 13.000   23.13   12.45  0.2023    0.91   11.28   26.28   11.61    0.35     962
 13.500   22.49   12.08  0.2045    0.80   10.69   25.47   11.19    0.41     958
 14.000   21.87   11.93  0.2035    0.69   10.25   24.64   11.02    0.45     957
 14.500   20.55   11.15  0.1876    0.48    9.44   23.17   10.19    0.47     917
 15.000   18.79   10.13  0.1764    0.43    8.37   21.20    9.17    0.52     915
 15.500   16.89    9.15  0.1729    0.40    7.42   19.11    8.19    0.54     914
 16.000   14.83    8.26  0.1833    0.36    6.56   16.85    7.34    0.56     913
 16.500   12.59    7.54  0.1892    0.23    5.86   14.43    6.64    0.54     895
 17.000   10.70    6.75  0.1895    0.23    5.20   12.70    5.77    0.55     821
 17.500    8.74    6.07  0.1914    0.40    4.54   10.99    4.89    0.67     821
 18.000    6.74    5.58  0.1791    0.59    4.10    9.29    4.19    0.85     820
 18.500    4.74    5.38  0.1357    0.75    3.98    7.58    3.83    0.94     816
 19.000    3.41    4.99  0.1336    0.78    3.60    6.58    3.35    0.73     695
 19.500    2.64    4.60  0.1417    0.68    3.03    6.20    2.77    0.71     689
 20.000    1.85    4.45  0.1283    0.56    2.79    5.80    2.47    0.75     681
 20.500    1.07    4.59  0.1020    0.46    3.00    5.41    2.55    0.83     678
 21.000    0.50    4.29  0.0945    0.72    3.15    5.10    2.41    0.94     164
 21.500    0.08    4.03  0.2242    0.71    2.63    4.97    2.12    0.69     146
 22.000   -0.47    3.88  0.2154    0.72    2.30    4.79    2.15    1.01     129
 22.500   -1.20    3.98  0.2086    0.45    2.13    4.77    2.43    1.15     113
 23.000   -1.46    4.15  0.1536    0.41    2.10    4.83    2.63    1.41      96
 23.500   -2.02    4.47  0.1074    0.18    2.21    4.89    3.02    1.27      91
 24.000   -2.35    4.80  0.0331   -0.16    2.50    4.87    3.43    1.20      70
 24.500   -2.22    3.39 -0.3078   -0.01    1.93    4.00    2.43    1.26      17
 25.000   -2.19    3.28 -0.3228    0.16    1.70    4.05    2.30    1.19      17
 25.500   -2.15    3.34 -0.2177    0.34    1.66    4.09    2.31    1.02      17
 26.000   -2.12    3.56 -0.0347    0.51    1.81    4.13    2.46    0.94      17
 26.500   -2.09    3.91  0.1377    0.69    2.12    4.17    2.72    1.00      17
 27.000 -999.99  -99.99 -9.9900 -999.99  -99.99 -999.99  -99.99 -999.99       0
 27.500 -999.99  -99.99 -9.9900 -999.99  -99.99 -999.99  -99.99 -999.99       0
 28.000 -999.99  -99.99 -9.9900 -999.99  -99.99 -999.99  -99.99 -999.99       0
 28.500 -999.99  -99.99 -9.9900 -999.99  -99.99 -999.99  -99.99 -999.99       0
 29.000 -999.99  -99.99 -9.9900 -999.99  -99.99 -999.99  -99.99 -999.99       0
 29.500 -999.99  -99.99 -9.9900 -999.99  -99.99 -999.99  -99.99 -999.99       0
 30.000 -999.99  -99.99 -9.9900 -999.99  -99.99 -999.99  -99.99 -999.99       0
     T A B L E  I -  11.  W I N D  S T A T I S T I C A L  P A R A M E T E R S
                                  November
 STATION =   722210     EGLIN AFB, FL
    Z    MEAN U   SD  U  R(U,V)  MEAN V   SD  V MEAN WS  SD  WS SKEW WS    NOBS
    KM     M/S     M/S             M/S     M/S     M/S     M/S                 
  0.000    0.00    0.00  0.0000    0.00    0.00    0.00    0.00    0.00       0
  0.026   -0.68    2.32 -0.2425   -0.42    3.29    3.54    2.07    0.79     849
  0.500   -0.47    4.64 -0.0881   -0.03    6.03    7.18    3.58    1.17     866
  1.000    1.24    5.51 -0.0109    0.45    6.92    8.16    4.29    1.02     867
  1.500    2.92    6.41  0.0472    0.73    7.19    8.84    4.96    0.86     867
  2.000    4.33    6.56  0.0563    0.91    6.98    9.59    5.10    0.82     867
  2.500    5.75    6.90  0.0657    1.10    6.99   10.38    5.56    0.80     867
  3.000    7.18    7.47  0.0763    1.29    7.28   11.17    6.32    0.77     867
  3.500    8.46    7.69  0.0868    1.46    7.47   12.19    6.68    0.68     867
  4.000    9.70    7.85  0.0957    1.62    7.68   13.32    6.94    0.63     867
  4.500   10.93    8.13  0.1028    1.77    8.03   14.45    7.34    0.61     867
  5.000   12.16    8.52  0.1082    1.93    8.50   15.58    7.86    0.60     867
  5.500   13.40    9.01  0.1118    2.09    9.08   16.72    8.47    0.62     867
  6.000   14.68    9.41  0.1281    2.26    9.35   17.87    8.90    0.56     857
  6.500   16.02    9.66  0.1480    2.44    9.58   19.22    9.16    0.51     857
  7.000   17.38   10.11  0.1635    2.63   10.00   20.56    9.64    0.46     857
  7.500   18.69   10.66  0.1745    2.80   10.55   21.87   10.23    0.38     854
  8.000   20.08   10.91  0.2056    3.03   10.76   23.30   10.49    0.30     846
  8.500   21.46   11.28  0.2361    3.23   11.12   24.73   10.88    0.25     846
  9.000   22.83   11.81  0.2606    3.44   11.64   26.14   11.44    0.22     845
  9.500   24.21   12.42  0.2770    3.66   12.24   27.55   12.08    0.20     845
 10.000   25.70   12.68  0.3011    3.79   12.57   29.07   12.40    0.13     843
 10.500   27.23   13.14  0.3181    3.89   13.10   30.63   12.91    0.10     843
 11.000   28.45   13.41  0.3190    3.82   13.57   31.90   13.17    0.03     824
 11.500   29.52   13.37  0.3185    3.73   13.67   32.96   13.09   -0.01     823
 12.000   30.61   13.60  0.3059    3.64   14.01   34.03   13.31   -0.03     823
 12.500   30.83   13.27  0.2937    3.40   13.69   34.11   12.91   -0.12     805
 13.000   30.44   12.68  0.2976    3.21   12.50   33.38   12.26   -0.12     801
 13.500   30.01   12.25  0.2892    3.13   11.56   32.62   11.80   -0.12     800
 14.000   29.35   12.04  0.2716    2.98   10.73   31.61   11.54   -0.09     786
 14.500   27.81   11.30  0.2620    2.82    9.74   29.85   10.86   -0.12     747
 15.000   25.88   10.47  0.2385    2.68    8.92   27.78   10.09   -0.10     743
 15.500   23.77    9.68  0.2100    2.56    8.16   25.54    9.35   -0.05     742
 16.000   21.53    8.97  0.1855    2.38    7.45   23.14    8.69    0.04     741
 16.500   19.00    8.32  0.1486    2.11    6.89   20.47    8.06    0.10     708
 17.000   17.08    7.51  0.1402    1.85    6.28   18.56    7.23    0.14     662
 17.500   14.75    6.82  0.1152    1.70    5.59   16.26    6.44    0.22     657
 18.000   12.35    6.30  0.0685    1.52    5.05   13.91    5.77    0.35     655
 18.500    9.94    6.05  0.0064    1.25    4.74   11.51    5.39    0.52     643
 19.000    8.19    5.76  0.0435    1.18    4.22    9.95    4.88    0.59     508
 19.500    7.24    5.49  0.0577    1.00    3.62    9.10    4.44    0.68     492
 20.000    6.33    5.42  0.0663    0.84    3.28    8.29    4.19    0.75     480
 20.500    5.37    5.52  0.0558    0.64    3.29    7.45    4.15    0.78     471
 21.000    5.70    5.08  0.1328    0.51    2.64    7.08    4.18    1.03      92
 21.500    4.99    4.69  0.2004    0.43    2.41    6.68    3.58    1.03      80
 22.000    4.70    4.99  0.2038    0.35    2.49    6.80    3.54    1.24      72
 22.500    3.85    4.81  0.1042    0.07    2.22    6.31    2.94    0.86      61
 23.000    3.89    5.25  0.0438    0.00    2.34    6.49    3.31    1.04      55
 23.500    3.65    5.82  0.0091   -0.02    2.59    6.52    3.75    1.25      54
 24.000    3.56    5.91  0.0119   -0.37    2.24    6.24    3.69    0.83      33
 24.500    5.65    6.13 -0.0415   -0.31    2.14    7.51    4.34    0.75      15
 25.000    6.28    6.26  0.0279   -0.27    2.10    8.05    4.50    0.66      15
 25.500    6.91    6.42  0.0743   -0.23    2.31    8.59    4.72    0.58      15
 26.000    7.54    6.61  0.0922   -0.18    2.71    9.14    5.01    0.50      15
 26.500 -999.99  -99.99 -9.9900 -999.99  -99.99 -999.99  -99.99 -999.99       0
 27.000 -999.99  -99.99 -9.9900 -999.99  -99.99 -999.99  -99.99 -999.99       0
 27.500 -999.99  -99.99 -9.9900 -999.99  -99.99 -999.99  -99.99 -999.99       0
 28.000 -999.99  -99.99 -9.9900 -999.99  -99.99 -999.99  -99.99 -999.99       0
 28.500 -999.99  -99.99 -9.9900 -999.99  -99.99 -999.99  -99.99 -999.99       0
 29.000 -999.99  -99.99 -9.9900 -999.99  -99.99 -999.99  -99.99 -999.99       0
 29.500 -999.99  -99.99 -9.9900 -999.99  -99.99 -999.99  -99.99 -999.99       0
 30.000 -999.99  -99.99 -9.9900 -999.99  -99.99 -999.99  -99.99 -999.99       0
     T A B L E  I -  12.  W I N D  S T A T I S T I C A L  P A R A M E T E R S
                                  December
 STATION =   722210     EGLIN AFB, FL
    Z    MEAN U   SD  U  R(U,V)  MEAN V   SD  V MEAN WS  SD  WS SKEW WS    NOBS
    KM     M/S     M/S             M/S     M/S     M/S     M/S                 
  0.000    0.00    0.00  0.0000    0.00    0.00    0.00    0.00    0.00       0
  0.026   -0.55    2.49 -0.2527   -0.66    2.88    3.34    2.01    0.71     799
  0.500    0.54    4.88 -0.2114   -0.12    5.83    7.39    3.33    0.63     815
  1.000    2.86    5.61 -0.1158    0.65    6.70    8.57    4.25    0.81     815
  1.500    5.17    6.33 -0.0453    0.95    7.03    9.49    5.33    0.89     815
  2.000    6.97    6.48 -0.0449    1.24    6.88   10.74    5.62    0.88     815
  2.500    8.73    6.93 -0.0230    1.51    7.01   12.04    6.27    0.92     815
  3.000   10.50    7.69  0.0122    1.79    7.46   13.34    7.26    1.04     815
  3.500   12.05    7.90  0.0300    2.09    7.68   14.77    7.62    0.92     815
  4.000   13.55    8.08  0.0457    2.42    7.97   16.29    7.86    0.79     815
  4.500   15.05    8.41  0.0655    2.74    8.42   17.82    8.27    0.70     815
  5.000   16.56    8.87  0.0863    3.07    9.00   19.34    8.81    0.65     815
  5.500   18.06    9.45  0.1061    3.39    9.70   20.86    9.46    0.61     815
  6.000   19.58    9.89  0.1354    3.71   10.18   22.41    9.96    0.54     808
  6.500   21.22   10.24  0.1627    3.99   10.50   24.07   10.34    0.49     808
  7.000   22.85   10.78  0.1852    4.23   11.01   25.73   10.94    0.44     807
  7.500   24.41   11.40  0.2025    4.51   11.57   27.33   11.60    0.38     798
  8.000   26.14   11.70  0.2256    4.75   11.95   29.19   11.87    0.32     793
  8.500   27.77   12.27  0.2394    5.03   12.54   30.97   12.42    0.26     792
  9.000   29.40   13.01  0.2463    5.28   13.31   32.74   13.15    0.23     791
  9.500   30.98   13.78  0.2457    5.53   14.10   34.47   13.91    0.18     791
 10.000   32.42   14.23  0.2546    5.68   14.53   36.06   14.29    0.14     785
 10.500   33.85   14.93  0.2455    5.92   15.20   37.65   14.86    0.14     780
 11.000   35.00   14.79  0.2641    5.96   15.28   38.69   14.84    0.06     770
 11.500   35.91   14.65  0.2717    6.09   15.14   39.49   14.81    0.04     770
 12.000   36.82   14.83  0.2700    6.21   15.22   40.27   15.09    0.03     768
 12.500   36.75   14.30  0.2806    6.15   14.40   39.94   14.58    0.01     747
 13.000   36.10   13.46  0.2892    6.17   13.21   38.98   13.76    0.01     746
 13.500   35.37   12.84  0.2900    6.05   12.24   37.95   13.10    0.04     745
 14.000   34.33   12.40  0.2886    5.77   11.37   36.59   12.56    0.03     720
 14.500   32.63   11.52  0.2900    5.53   10.48   34.75   11.67    0.02     698
 15.000   30.75   10.77  0.2969    5.16    9.57   32.70   10.91    0.08     696
 15.500   28.80   10.13  0.2898    4.86    8.87   30.62   10.25    0.08     694
 16.000   26.72    9.63  0.2776    4.51    8.35   28.42    9.74    0.08     693
 16.500   24.22    9.24  0.2380    4.08    7.90   25.81    9.35    0.19     624
 17.000   21.88    8.54  0.2267    3.63    7.12   23.41    8.55    0.20     592
 17.500   19.36    7.91  0.2183    3.21    6.38   20.84    7.83    0.25     592
 18.000   16.76    7.57  0.2074    2.76    5.74   18.19    7.36    0.38     588
 18.500   13.86    7.51  0.1755    2.22    5.42   15.31    7.09    0.50     568
 19.000   11.95    7.26  0.1430    1.93    4.86   13.62    6.58    0.51     400
 19.500   10.39    6.77  0.1610    1.57    4.26   12.19    5.90    0.69     397
 20.000    8.84    6.49  0.1709    1.15    3.84   10.74    5.39    0.94     390
 20.500    7.26    6.62  0.1584    0.79    3.85    9.33    5.27    1.13     376
 21.000    5.48    6.34  0.4320    0.48    3.38    7.84    4.85    1.27      77
 21.500    6.37    6.28  0.4638    0.60    3.22    8.51    5.05    1.13      68
 22.000    6.59    6.56  0.5064    0.67    3.30    8.80    5.46    1.14      64
 22.500    6.91    6.98  0.5230    0.65    3.50    9.13    6.00    1.26      63
 23.000    7.17    7.66  0.5442    0.76    3.78    9.41    6.79    1.48      61
 23.500    7.48    8.47  0.5528    0.81    4.17    9.73    7.65    1.72      60
 24.000    8.35   10.89  0.8146    1.42    6.39   10.49   11.75    2.16      17
 24.500 -999.99  -99.99 -9.9900 -999.99  -99.99 -999.99  -99.99 -999.99       0
 25.000 -999.99  -99.99 -9.9900 -999.99  -99.99 -999.99  -99.99 -999.99       0
 25.500 -999.99  -99.99 -9.9900 -999.99  -99.99 -999.99  -99.99 -999.99       0
 26.000 -999.99  -99.99 -9.9900 -999.99  -99.99 -999.99  -99.99 -999.99       0
 26.500 -999.99  -99.99 -9.9900 -999.99  -99.99 -999.99  -99.99 -999.99       0
 27.000 -999.99  -99.99 -9.9900 -999.99  -99.99 -999.99  -99.99 -999.99       0
 27.500 -999.99  -99.99 -9.9900 -999.99  -99.99 -999.99  -99.99 -999.99       0
 28.000 -999.99  -99.99 -9.9900 -999.99  -99.99 -999.99  -99.99 -999.99       0
 28.500 -999.99  -99.99 -9.9900 -999.99  -99.99 -999.99  -99.99 -999.99       0
 29.000 -999.99  -99.99 -9.9900 -999.99  -99.99 -999.99  -99.99 -999.99       0
 29.500 -999.99  -99.99 -9.9900 -999.99  -99.99 -999.99  -99.99 -999.99       0
 30.000 -999.99  -99.99 -9.9900 -999.99  -99.99 -999.99  -99.99 -999.99       0
     T A B L E  I -  13.  W I N D  S T A T I S T I C A L  P A R A M E T E R S
                                    Annual
 STATION =   722210     EGLIN AFB, FL
    Z    MEAN U   SD  U  R(U,V)  MEAN V   SD  V MEAN WS  SD  WS SKEW WS    NOBS
    KM     M/S     M/S             M/S     M/S     M/S     M/S                 
  0.000    0.00    0.00  0.0000    0.00    0.00    0.00    0.00    0.00       0
  0.026   -0.43    2.38 -0.0962    0.22    3.17    3.38    2.13    0.79   11415
  0.500    0.18    4.38 -0.1022    0.44    4.89    6.17    3.26    1.12   11641
  1.000    1.39    5.14 -0.0657    0.65    5.60    6.93    4.08    1.21   11644
  1.500    2.57    6.01 -0.0117    0.68    5.99    7.58    4.77    1.14   11645
  2.000    3.62    6.41 -0.0019    0.69    5.83    8.27    5.09    1.16   11653
  2.500    4.66    7.05  0.0169    0.69    5.91    8.97    5.72    1.19   11653
  3.000    5.71    7.92  0.0409    0.70    6.27    9.68    6.62    1.22   11653
  3.500    6.68    8.44  0.0659    0.73    6.38   10.48    7.18    1.15   11640
  4.000    7.64    8.94  0.0915    0.77    6.50   11.36    7.72    1.11   11640
  4.500    8.60    9.54  0.1153    0.81    6.77   12.23    8.39    1.07   11640
  5.000    9.56   10.24  0.1355    0.85    7.16   13.10    9.16    1.05   11639
  5.500   10.53   11.02  0.1515    0.89    7.66   13.98   10.01    1.03   11639
  6.000   11.49   11.72  0.1693    0.94    8.04   14.90   10.74    0.97   11583
  6.500   12.46   12.38  0.1913    0.99    8.34   15.98   11.34    0.96   11583
  7.000   13.43   13.16  0.2099    1.05    8.81   17.06   12.06    0.94   11582
  7.500   14.31   13.94  0.2198    1.08    9.35   18.06   12.77    0.90   11508
  8.000   15.44   14.66  0.2282    1.16    9.67   19.37   13.37    0.84   11393
  8.500   16.50   15.47  0.2329    1.22   10.13   20.63   14.05    0.81   11390
  9.000   17.56   16.39  0.2324    1.28   10.74   21.89   14.85    0.79   11386
  9.500   18.52   17.30  0.2268    1.32   11.38   23.05   15.62    0.76   11332
 10.000   19.73   18.13  0.2225    1.31   11.81   24.46   16.29    0.71   11225
 10.500   20.90   19.06  0.2148    1.27   12.40   25.84   17.07    0.70   11207
 11.000   21.77   19.59  0.2099    1.16   12.65   26.85   17.37    0.62   11057
 11.500   22.68   19.99  0.2188    1.08   12.70   27.83   17.58    0.59   11028
 12.000   23.50   20.52  0.2234    0.99   12.93   28.71   17.93    0.57   11006
 12.500   23.56   20.29  0.2365    0.82   12.59   28.75   17.44    0.49   10803
 13.000   23.22   19.77  0.2644    0.73   11.66   28.22   16.75    0.47   10767
 13.500   22.72   19.32  0.2901    0.63   10.89   27.51   16.16    0.47   10751
 14.000   21.78   18.82  0.3061    0.41   10.29   26.38   15.54    0.47   10542
 14.500   20.50   17.86  0.3202    0.29    9.45   24.95   14.55    0.45   10105
 15.000   18.86   16.85  0.3263    0.27    8.54   23.17   13.59    0.48   10079
 15.500   17.16   15.89  0.3265    0.25    7.77   21.34   12.70    0.53   10062
 16.000   15.34   14.98  0.3192    0.21    7.13   19.42   11.87    0.60   10051
 16.500   12.68   13.97  0.2949    0.05    6.53   16.84   10.90    0.73    9519
 17.000   11.22   13.12  0.2830    0.09    5.91   15.61    9.83    0.75    8760
 17.500    9.19   12.19  0.2751    0.09    5.24   14.08    8.51    0.90    8739
 18.000    7.11   11.31  0.2471    0.05    4.72   12.51    7.32    1.08    8722
 18.500    4.79   10.47  0.1978   -0.00    4.46   10.80    6.34    1.21    8572
 19.000    2.61    9.89  0.1722   -0.04    3.97    9.69    5.53    1.24    6967
 19.500    1.34    9.35  0.1572    0.01    3.36    9.26    4.76    1.30    6902
 20.000    0.08    8.95  0.1229    0.06    3.03    8.84    4.37    1.24    6803
 20.500   -1.30    8.61  0.0610    0.11    3.08    8.37    4.37    0.95    6672
 21.000   -4.35    8.45 -0.0109    0.20    2.90    8.90    4.62    0.51    2095
 21.500   -3.78    8.45  0.0214    0.10    2.58    8.73    4.55    0.55    1669
 22.000   -4.29    8.50  0.0520    0.14    2.43    9.01    4.61    0.48    1545
 22.500   -4.74    8.62  0.0781    0.12    2.40    9.27    4.75    0.44    1434
 23.000   -5.21    8.89  0.1205    0.13    2.51    9.62    5.02    0.43    1337
 23.500   -5.49    9.15  0.1583    0.14    2.74    9.80    5.34    0.50    1271
 24.000   -8.22    8.39  0.1397   -0.01    2.85   10.79    5.54    0.37     941
 24.500   -5.53    9.45  0.1813   -0.08    2.86   10.02    5.59    0.41     375
 25.000   -5.26    9.93  0.2318   -0.01    2.67   10.23    5.81    0.47     363
 25.500   -4.83   10.42  0.2525    0.10    2.71   10.33    6.13    0.58     351
 26.000   -4.84   11.13  0.2771    0.19    2.92   10.71    6.70    0.70     347
 26.500   -7.43   10.64  0.3056    0.16    2.64   11.20    7.15    0.84     283
 27.000   -9.26   11.85  0.1113   -0.01    2.41   13.70    6.70    0.13      66
 27.500   -5.86   13.08  0.0798    0.45    2.36   12.87    6.99    0.32      45
 28.000   -5.70   13.55  0.1767    0.50    2.39   13.43    6.85    0.29      44
 28.500   -5.54   14.08  0.2379    0.47    2.60   14.05    6.71    0.29      43
 29.000   -5.19   14.72  0.2853    0.51    2.99   14.70    6.59    0.27      40
 29.500   -4.95   15.21  0.2978    0.49    3.40   15.11    6.72    0.22      40
 30.000   -4.71   15.94  0.3008    0.46    3.92   15.79    6.80    0.16      39
