                 36.62N  116.02W                                                
     T A B L E  I - 13.  W I N D  S T A T I S T I C A L  P A R A M E T E R S
                                   ANNUAL    
 STATION =   723870     NELLIS/DESERT ROCK            
    Z    MEAN U   SD  U  R(U,V)  MEAN V   SD  V MEAN WS  SD  WS SKEW WS    NOBS 
    KM     M/S     M/S             M/S     M/S     M/S     M/S
   .000     .00     .00   .0000     .00     .00     .00     .00     .00      0.
  1.000     .00     .00   .0000     .00     .00     .00     .00     .00      0.
  1.007     .13    3.19  -.0093     .89    3.88    4.25    2.82     .86   6386.
  2.000    1.21    4.06  -.1185    2.46    6.19    6.74    4.06     .95   6799.
  3.000    2.52    5.25  -.1050    1.57    7.16    7.97    4.88    1.01   6777.
  4.000    4.45    6.91  -.0429     .54    8.17    9.85    6.11    1.05   6710.
  5.000    6.74    8.51   .0115    -.14    9.58   12.28    7.67    1.05   6595.
  6.000    8.77    9.91   .0343    -.43   11.00   14.59    9.13    1.07   6488.
  7.000   10.73   11.23   .0327    -.43   12.57   17.04   10.45    1.00   6103.
  8.000   12.48   12.38   .0336    -.47   13.97   19.32   11.45     .88   6028.
  9.000   14.15   13.41   .0319    -.46   15.25   21.54   12.20     .73   5976.
 10.000   15.97   14.25   .0250    -.36   16.06   23.57   12.63     .63   5923.
 11.000   17.58   14.37   .0110    -.14   16.13   24.84   12.60     .58   5861.
 12.000   18.54   13.47  -.0398     .44   15.07   24.78   11.76     .48   5814.
 13.000   18.56   12.17  -.1035     .91   13.46   23.63   10.77     .48   5773.
 14.000   17.28   10.58  -.1351     .95   11.51   21.28    9.54     .50   5750.
 15.000   14.99    9.26  -.1336     .79    9.62   18.24    8.41     .60   5722.
 16.000   11.96    8.32  -.1018     .55    7.81   14.67    7.60     .79   5699.
 17.000    9.27    7.69  -.0474     .26    6.49   11.82    6.84    1.06   5315.
 18.000    6.47    7.19   .0051    -.03    5.35    9.17    6.05    1.47   5314.
 19.000    3.86    6.95   .0538    -.44    4.52    7.41    5.22    1.85   5260.
 20.000    1.72    6.78   .0480    -.73    3.86    6.56    4.36    2.11   5235.
 21.000     .08    6.90   .0032    -.94    3.54    6.46    4.14    1.75   5185.
 22.000    -.96    7.17  -.0442   -1.09    3.34    6.80    4.01    1.54   5115.
 23.000   -1.81    7.68  -.0850   -1.19    3.30    7.42    4.26    1.23   5052.
 24.000   -2.26    8.55  -.0885   -1.15    3.44    8.13    4.93    1.08   4936.
 25.000   -2.20    9.51  -.0696   -1.11    3.69    8.92    5.44    1.17   4750.
 26.000   -2.08   10.61  -.0551   -1.12    3.98    9.83    6.09    1.15   4583.
 27.000   -1.68   11.97  -.0343   -1.07    4.36   10.90    6.87    1.18   4224.
 28.000   -1.22   13.20  -.0183    -.92    4.62   11.82    7.57    1.32   3846.
 29.000    -.94   14.47  -.0104    -.79    4.93   12.81    8.41    1.56   3277.
 30.000    -.75   15.75  -.0058    -.65    5.31   13.82    9.27    1.77   2704.
     T A B L E  I -  1.  W I N D  S T A T I S T I C A L  P A R A M E T E R S
                                   JANUARY   
 STATION =   723870     NELLIS/DESERT ROCK            
    Z    MEAN U   SD  U  R(U,V)  MEAN V   SD  V MEAN WS  SD  WS SKEW WS    NOBS 
    KM     M/S     M/S             M/S     M/S     M/S     M/S
   .000     .00     .00   .0000     .00     .00     .00     .00     .00      0.
  1.000     .00     .00   .0000     .00     .00     .00     .00     .00      0.
  1.007   -1.47    2.92   .3876    -.26    3.55    4.13    2.51     .75    495.
  2.000    -.71    4.69   .6013     .09    6.66    6.89    4.14     .86    550.
  3.000    2.13    6.93   .4681   -1.28    8.05    9.50    5.34     .66    547.
  4.000    4.96    8.44   .3158   -2.68    8.92   11.87    6.43     .67    540.
  5.000    7.51    9.62   .2097   -3.48   10.48   14.50    7.76     .58    524.
  6.000    9.45   11.49   .2127   -3.93   11.94   17.19    9.13     .64    510.
  7.000   11.31   13.10   .2457   -4.07   13.66   19.78   10.52     .68    475.
  8.000   12.85   14.71   .2670   -4.74   15.37   22.41   11.72     .68    469.
  9.000   14.27   16.24   .2833   -5.22   16.56   24.84   12.29     .53    462.
 10.000   15.58   16.95   .2726   -6.04   17.01   26.37   12.62     .52    453.
 11.000   17.38   16.85   .2679   -6.48   16.34   27.13   12.56     .70    441.
 12.000   18.48   14.94   .2884   -6.20   14.32   25.95   11.60     .52    436.
 13.000   19.36   12.91   .2539   -5.42   12.28   24.61   10.75     .81    435.
 14.000   18.61   10.83   .1821   -4.94   10.81   22.66    9.55     .72    434.
 15.000   16.79    9.41   .1715   -4.41    9.12   20.05    8.42     .74    432.
 16.000   14.60    8.24   .1433   -3.88    7.47   17.18    7.52     .91    432.
 17.000   12.21    7.21   .0780   -3.36    6.30   14.35    6.80    1.26    409.
 18.000    9.40    6.84   .0053   -3.24    5.24   11.45    6.47    1.58    409.
 19.000    6.76    6.99   .0007   -3.42    4.53    9.42    6.17    1.81    404.
 20.000    4.08    7.33   .0099   -3.53    4.08    8.00    5.14    1.21    400.
 21.000    2.03    8.08  -.0153   -3.67    4.01    8.28    4.71     .96    398.
 22.000     .54    9.24  -.0179   -3.86    4.00    9.27    4.87    1.17    387.
 23.000    -.67    9.98   .0786   -3.97    4.18   10.35    5.09     .72    380.
 24.000   -1.17   11.30   .2189   -4.19    4.55   11.57    5.76     .51    373.
 25.000   -1.16   12.77   .3194   -4.23    5.23   12.85    6.64     .64    356.
 26.000    -.79   14.66   .4375   -4.26    6.14   14.44    7.90     .67    341.
 27.000    -.15   16.34   .4853   -4.33    7.19   16.01    8.97     .60    308.
 28.000     .22   18.37   .5005   -4.42    8.08   17.75   10.31     .77    273.
 29.000    -.26   19.89   .5542   -4.32    8.79   18.69   11.86     .99    212.
 30.000    -.17   22.29   .5049   -4.60    9.12   20.28   13.71    1.17    173.
     T A B L E  I -  2.  W I N D  S T A T I S T I C A L  P A R A M E T E R S
                                   FEBRUARY  
 STATION =   723870     NELLIS/DESERT ROCK            
    Z    MEAN U   SD  U  R(U,V)  MEAN V   SD  V MEAN WS  SD  WS SKEW WS    NOBS 
    KM     M/S     M/S             M/S     M/S     M/S     M/S
   .000     .00     .00   .0000     .00     .00     .00     .00     .00      0.
  1.000     .00     .00   .0000     .00     .00     .00     .00     .00      0.
  1.007    -.57    3.19   .4803     .05    4.02    4.24    2.93    1.04    458.
  2.000     .64    4.64   .5795    1.16    7.07    7.09    4.79    1.13    509.
  3.000    3.71    6.14   .4509    -.66    8.02    9.28    5.48     .93    507.
  4.000    7.06    7.22   .2727   -2.19    8.78   11.82    6.63     .74    501.
  5.000    9.67    8.47   .2081   -3.29   10.21   14.98    7.46     .65    494.
  6.000   11.78    9.78   .1549   -3.94   11.79   17.66    8.76     .76    475.
  7.000   14.46   10.77   .1054   -4.68   13.34   20.67    9.84     .75    432.
  8.000   16.59   11.96   .0610   -5.65   14.69   23.39   10.87     .49    426.
  9.000   18.71   13.23   .0904   -6.25   16.06   26.04   11.98     .46    425.
 10.000   21.03   13.85   .0814   -6.89   16.70   28.38   12.42     .28    423.
 11.000   22.94   14.11   .0587   -7.26   16.79   29.87   12.93     .40    421.
 12.000   23.30   11.96   .0833   -6.71   14.63   28.66   11.09     .37    417.
 13.000   23.53   10.23   .1124   -5.90   12.73   27.58    9.70     .45    412.
 14.000   22.00    9.48   .1087   -5.06   11.26   25.38    9.06     .64    412.
 15.000   19.79    8.48   .0930   -4.30    9.63   22.50    8.26     .82    409.
 16.000   16.85    7.35   .0855   -3.33    8.00   19.00    7.20     .68    405.
 17.000   13.99    7.08   .0030   -3.09    6.93   15.95    6.99     .77    386.
 18.000   10.88    6.87  -.1051   -2.74    5.94   12.68    6.89     .98    385.
 19.000    7.93    6.62  -.1026   -2.78    4.86   10.02    6.13    1.16    374.
 20.000    4.91    6.90  -.1246   -2.58    4.36    8.18    5.51    1.53    374.
 21.000    2.53    7.30  -.0784   -2.57    4.03    7.64    4.90    1.77    365.
 22.000     .68    7.73  -.1221   -2.80    3.72    7.88    4.43    1.71    352.
 23.000    -.97    8.17  -.1380   -2.73    3.87    8.40    4.40    1.37    348.
 24.000   -1.93    9.20  -.0487   -2.65    4.06    9.28    5.07     .92    340.
 25.000   -2.16   10.40   .0151   -2.88    4.76   10.39    5.95     .96    327.
 26.000   -2.26   11.68   .0983   -3.20    5.11   11.49    6.73     .60    310.
 27.000   -2.09   13.45   .1243   -3.54    5.94   13.24    7.56     .64    266.
 28.000   -2.71   15.12   .1993   -3.52    6.51   14.70    8.58     .71    233.
 29.000   -2.24   18.03   .2758   -3.81    6.50   16.72   10.29    1.12    185.
 30.000   -1.81   18.98   .3974   -3.79    6.61   17.73   10.26     .75    144.
     T A B L E  I -  3.  W I N D  S T A T I S T I C A L  P A R A M E T E R S
                                   MARCH     
 STATION =   723870     NELLIS/DESERT ROCK            
    Z    MEAN U   SD  U  R(U,V)  MEAN V   SD  V MEAN WS  SD  WS SKEW WS    NOBS 
    KM     M/S     M/S             M/S     M/S     M/S     M/S
   .000     .00     .00   .0000     .00     .00     .00     .00     .00      0.
  1.000     .00     .00   .0000     .00     .00     .00     .00     .00      0.
  1.007     .30    3.28   .5578     .74    4.29    4.54    3.03    1.05    493.
  2.000    1.44    4.14   .4453    1.66    6.91    7.04    4.48     .97    553.
  3.000    3.61    5.32   .3033     .12    7.63    8.58    5.08     .73    548.
  4.000    6.52    6.83   .1800   -1.17    9.07   11.38    6.55     .81    543.
  5.000    9.40    8.53   .0934   -1.88   10.99   14.72    8.29     .89    530.
  6.000   12.07   10.47   .0513   -2.13   12.89   18.02   10.05    1.04    516.
  7.000   14.07   12.09   .0316   -2.03   14.40   20.87   10.94     .79    475.
  8.000   16.30   13.28   .0714   -2.12   16.00   23.61   12.02     .57    470.
  9.000   18.12   14.35   .0543   -3.05   17.30   26.13   12.61     .40    458.
 10.000   20.64   15.11   .0650   -2.83   17.67   28.17   13.42     .43    453.
 11.000   22.48   14.51   .0799   -2.79   16.85   28.72   13.49     .53    446.
 12.000   23.45   12.81   .0965   -1.44   14.36   27.81   12.16     .52    439.
 13.000   23.51   11.08   .1275    -.64   12.45   26.72   10.80     .55    437.
 14.000   22.07    9.57   .0926     .02   10.79   24.68    9.26     .62    435.
 15.000   19.91    8.04   .0810     .14    9.45   22.11    7.82     .71    434.
 16.000   17.16    7.53   .1205     .31    8.12   19.06    7.34     .88    432.
 17.000   14.34    6.83   .1103     .47    6.76   15.94    6.62    1.15    411.
 18.000   11.31    6.24   .1251     .53    5.57   12.63    6.21    1.40    411.
 19.000    8.54    5.99   .1854     .29    4.57    9.78    5.83    1.70    404.
 20.000    5.87    6.12   .2230    -.10    3.86    7.59    5.39    2.21    400.
 21.000    3.90    6.38   .1936    -.45    3.36    6.42    4.44    1.91    394.
 22.000    2.38    6.56   .2234    -.72    3.11    6.13    3.84    1.88    387.
 23.000    1.19    7.14   .2315    -.95    3.06    6.38    3.92    1.51    385.
 24.000     .74    7.92   .2193   -1.11    3.07    6.96    5.04    1.86    367.
 25.000     .69    8.86   .2576   -1.05    3.32    7.85    5.41    1.57    350.
 26.000     .75   10.17   .3159   -1.00    3.80    9.06    6.10    1.08    337.
 27.000    1.84   11.95   .4071   -1.32    4.00   10.64    7.10     .98    290.
 28.000    3.35   13.32   .4738   -1.16    4.28   11.88    8.17     .98    267.
 29.000    5.01   15.20   .5233    -.61    4.84   13.78    9.45     .82    206.
 30.000    7.84   17.43   .5291     .04    5.52   16.51   11.03     .63    150.
     T A B L E  I -  4.  W I N D  S T A T I S T I C A L  P A R A M E T E R S
                                   APRIL     
 STATION =   723870     NELLIS/DESERT ROCK            
    Z    MEAN U   SD  U  R(U,V)  MEAN V   SD  V MEAN WS  SD  WS SKEW WS    NOBS 
    KM     M/S     M/S             M/S     M/S     M/S     M/S
   .000     .00     .00   .0000     .00     .00     .00     .00     .00      0.
  1.000     .00     .00   .0000     .00     .00     .00     .00     .00      0.
  1.007     .52    3.36   .5409     .86    4.37    4.79    2.91     .61    509.
  2.000    1.64    4.53   .4050    2.09    6.72    7.20    4.18     .96    546.
  3.000    3.06    5.49   .1987    1.17    7.33    8.14    4.95    1.21    544.
  4.000    5.65    7.42   .0101    -.11    8.87   11.03    6.62    1.18    530.
  5.000    8.54    9.41   .0021   -1.06   10.51   14.21    8.41     .91    520.
  6.000   10.85   10.79   .0389   -1.41   12.29   17.07    9.77     .76    513.
  7.000   13.30   12.63   .0690   -1.81   14.39   20.44   11.32     .74    478.
  8.000   15.19   13.76   .1137   -1.99   16.00   23.06   12.15     .66    472.
  9.000   16.90   14.78   .1539   -2.28   17.04   25.18   12.84     .52    468.
 10.000   18.92   15.69   .1824   -2.49   17.28   26.99   13.42     .60    462.
 11.000   20.10   15.39   .1911   -2.61   16.85   27.72   12.74     .34    456.
 12.000   20.77   14.36   .2327   -1.73   14.98   26.97   11.68     .44    452.
 13.000   20.17   12.25   .2500    -.75   12.62   24.71   10.28     .35    448.
 14.000   19.23   10.84   .2688     .13   10.44   22.56    9.34     .39    447.
 15.000   17.43    9.60   .2173     .41    9.01   20.12    8.50     .39    445.
 16.000   14.89    8.43   .1709     .86    7.47   17.02    7.73     .50    442.
 17.000   12.78    7.45   .1725    1.17    6.47   14.64    6.89     .62    411.
 18.000   10.19    6.67   .1651    1.22    5.60   11.91    6.26     .90    411.
 19.000    7.57    6.13   .2163    1.11    4.73    9.31    5.63    1.25    410.
 20.000    5.37    5.55   .2727     .85    4.04    7.18    5.02    1.67    406.
 21.000    3.59    5.48   .2967     .47    3.74    5.89    4.73    1.81    399.
 22.000    2.82    5.53   .3286    -.01    3.49    5.64    4.35    1.84    393.
 23.000    2.13    5.69   .3250    -.35    3.37    5.65    4.05    1.71    390.
 24.000    2.02    6.01   .3062    -.39    3.35    5.71    4.33    1.77    376.
 25.000    2.80    6.40   .3162    -.45    3.41    6.23    4.65    1.79    363.
 26.000    3.58    6.73   .3251    -.64    3.50    6.68    5.10    1.66    345.
 27.000    4.97    6.96   .3160    -.76    3.71    7.51    5.57    1.56    316.
 28.000    6.12    6.67   .2160    -.67    3.83    8.13    5.55    1.44    286.
 29.000    7.43    6.84   .1966    -.82    4.08    9.19    5.89    1.60    251.
 30.000    8.36    7.52   .2038    -.73    4.65   10.31    6.49    1.76    202.
     T A B L E  I -  5.  W I N D  S T A T I S T I C A L  P A R A M E T E R S
                                   MAY       
 STATION =   723870     NELLIS/DESERT ROCK            
    Z    MEAN U   SD  U  R(U,V)  MEAN V   SD  V MEAN WS  SD  WS SKEW WS    NOBS 
    KM     M/S     M/S             M/S     M/S     M/S     M/S
   .000     .00     .00   .0000     .00     .00     .00     .00     .00      0.
  1.000     .00     .00   .0000     .00     .00     .00     .00     .00      0.
  1.007     .71    3.23   .5725    1.05    4.00    4.42    2.90     .93    502.
  2.000    1.98    3.51   .4957    2.58    5.64    6.39    3.73    1.04    530.
  3.000    2.31    3.88   .2359    2.10    5.90    6.56    4.05    1.13    529.
  4.000    3.68    5.42   .0460    1.24    6.72    8.20    4.73     .89    527.
  5.000    6.13    7.76  -.0004     .07    8.22   10.89    6.81    1.27    520.
  6.000    8.25    9.48  -.0397    -.46    9.26   13.15    8.41    1.34    515.
  7.000   10.06   10.60   .0538    -.79   10.47   15.41    9.28     .97    474.
  8.000   11.63   11.96   .1130   -1.14   11.88   17.71   10.34     .92    469.
  9.000   13.12   13.17   .1166   -1.41   13.18   19.92   11.12     .68    466.
 10.000   14.69   14.17   .1456   -1.82   14.32   21.96   11.93     .61    464.
 11.000   15.88   14.43   .2073   -2.00   14.64   23.03   12.17     .65    461.
 12.000   16.78   14.06   .2221   -1.47   13.53   23.00   11.60     .71    458.
 13.000   16.12   11.89   .2453    -.91   11.46   20.88    9.84     .84    455.
 14.000   14.87    9.82   .1870    -.18    9.17   18.18    8.42    1.20    455.
 15.000   12.95    8.38   .1692     .42    7.43   15.43    7.44    1.44    454.
 16.000   10.47    7.06   .0917     .88    6.17   12.32    6.32    1.33    454.
 17.000    8.06    5.92   .0907     .85    5.08    9.86    5.41    1.88    425.
 18.000    5.46    5.18   .0845     .64    4.07    7.10    3.77    1.75    425.
 19.000    2.91    4.90   .0701     .34    3.32    5.00    3.07    1.64    419.
 20.000     .86    4.63   .0104     .11    2.75    3.84    2.09    1.05    419.
 21.000    -.74    4.51  -.0156    -.19    2.40    3.47    2.12    1.28    415.
 22.000   -1.36    4.34  -.0516    -.37    2.27    3.51    2.11    1.11    412.
 23.000   -1.72    4.40  -.0808    -.52    2.30    3.71    2.24     .83    407.
 24.000   -1.70    4.71  -.0486    -.56    2.48    3.79    2.20     .93    396.
 25.000   -1.59    4.07  -.0105    -.72    2.37    3.87    2.23     .61    376.
 26.000   -1.38    4.39  -.0639    -.63    2.48    4.19    2.40    1.00    364.
 27.000    -.91    4.70  -.0157    -.63    2.66    4.43    2.73    1.59    341.
 28.000    -.30    5.22   .0022    -.46    2.86    4.85    2.93    1.43    310.
 29.000    -.02    5.58   .0480    -.37    2.97    5.17    3.04    1.27    271.
 30.000     .19    6.06   .0398    -.39    3.00    5.55    3.21     .95    234.
     T A B L E  I -  6.  W I N D  S T A T I S T I C A L  P A R A M E T E R S
                                   JUNE      
 STATION =   723870     NELLIS/DESERT ROCK            
    Z    MEAN U   SD  U  R(U,V)  MEAN V   SD  V MEAN WS  SD  WS SKEW WS    NOBS 
    KM     M/S     M/S             M/S     M/S     M/S     M/S
   .000     .00     .00   .0000     .00     .00     .00     .00     .00      0.
  1.000     .00     .00   .0000     .00     .00     .00     .00     .00      0.
  1.007    1.31    3.15   .6179    1.75    4.21    4.88    2.93     .60    566.
  2.000    2.45    3.39   .5970    4.42    5.41    7.21    3.77     .60    587.
  3.000    2.42    3.79   .3528    4.09    5.60    7.12    4.18    1.02    587.
  4.000    3.27    5.26   .1513    3.52    6.09    8.01    4.60     .90    583.
  5.000    5.69    6.64   .0833    3.10    7.02   10.08    5.81    1.04    574.
  6.000    8.12    7.88   .0710    2.94    8.13   12.30    7.17     .99    571.
  7.000   10.29    8.90   .1173    3.18    9.36   14.51    8.50    1.00    527.
  8.000   12.27   10.32   .1550    3.60   10.69   16.87    9.98    1.01    526.
  9.000   13.98   11.45   .1689    3.96   11.76   18.98   10.95     .85    525.
 10.000   15.66   12.75   .2482    4.26   12.66   21.10   11.86     .83    522.
 11.000   16.90   13.15   .2768    4.77   13.26   22.67   11.95     .63    513.
 12.000   18.20   12.85   .2692    5.14   13.22   23.55   11.92     .47    512.
 13.000   18.42   11.62   .2595    5.69   11.91   23.05   10.81     .32    508.
 14.000   16.99    9.51   .2211    5.69   10.14   20.78    9.06     .39    503.
 15.000   14.00    7.39   .2113    5.01    8.16   17.11    7.02     .26    502.
 16.000   10.02    5.72   .1735    3.94    6.02   12.45    5.45     .64    498.
 17.000    6.40    4.68   .1114    2.94    4.65    8.69    4.18    1.17    473.
 18.000    3.12    4.10   .1269    2.15    3.66    5.78    3.34    1.74    473.
 19.000    -.08    3.81   .2342    1.24    2.94    4.09    2.49    1.28    469.
 20.000   -2.34    3.65   .2929     .57    2.48    4.41    2.25    1.04    466.
 21.000   -3.99    3.32   .1932     .12    2.11    5.06    2.39     .55    464.
 22.000   -5.41    2.98   .1493    -.09    1.89    6.04    2.27     .14    461.
 23.000   -6.51    3.00   .0608    -.17    1.86    7.00    2.42    -.09    456.
 24.000   -7.15    3.43   .1476    -.30    1.93    7.61    2.95     .08    451.
 25.000   -7.73    3.35   .0821    -.36    1.94    8.12    2.98     .13    438.
 26.000   -8.34    3.52   .0614    -.41    1.88    8.71    3.14     .17    425.
 27.000   -8.72    3.81   .0709     .02    2.16    9.14    3.42    -.04    399.
 28.000   -9.04    4.26   .2296    -.03    2.36    9.37    3.26    -.04    365.
 29.000   -9.50    3.84   .1461    -.13    2.45    9.97    3.40     .09    319.
 30.000   -9.98    4.03   .1466     .01    2.30   10.42    3.54     .23    269.
     T A B L E  I -  7.  W I N D  S T A T I S T I C A L  P A R A M E T E R S
                                   JULY      
 STATION =   723870     NELLIS/DESERT ROCK            
    Z    MEAN U   SD  U  R(U,V)  MEAN V   SD  V MEAN WS  SD  WS SKEW WS    NOBS 
    KM     M/S     M/S             M/S     M/S     M/S     M/S
   .000     .00     .00   .0000     .00     .00     .00     .00     .00      0.
  1.000     .00     .00   .0000     .00     .00     .00     .00     .00      0.
  1.007    1.06    3.25   .5830    1.88    3.58    4.46    2.85     .64    598.
  2.000    2.44    2.72   .4827    5.03    4.07    6.54    3.53     .56    615.
  3.000    1.58    3.29   .4621    4.97    4.52    6.55    3.95     .99    614.
  4.000    1.36    4.37   .3286    4.67    4.44    6.84    3.95    1.06    610.
  5.000    2.46    5.31   .2388    4.56    5.06    7.86    4.33    1.00    600.
  6.000    4.06    5.95   .1996    4.54    5.61    8.93    4.92     .74    595.
  7.000    6.03    6.97   .1985    5.27    6.33   10.75    6.10     .85    560.
  8.000    7.51    7.75   .1716    5.81    7.35   12.50    6.93     .59    548.
  9.000    8.88    8.63   .1806    6.63    8.40   14.29    7.98     .81    547.
 10.000   10.22    9.41   .0829    7.87    9.16   16.13    8.35     .52    545.
 11.000   11.71   10.16   .0717    9.10    9.96   18.28    9.39     .81    544.
 12.000   12.61   10.26   .1050    9.38   10.24   19.00    9.79     .63    541.
 13.000   12.66   10.37   .1598    8.88   10.12   18.64   10.06     .69    540.
 14.000   11.19    9.19   .2008    7.60    9.08   16.39    9.02     .72    539.
 15.000    8.14    7.25   .1880    5.97    7.16   12.59    6.87     .53    539.
 16.000    4.12    5.25   .1859    4.50    5.51    8.50    4.78     .74    537.
 17.000    1.09    4.24   .1797    3.25    4.02    5.99    3.17     .82    503.
 18.000   -1.53    3.32   .2594    2.22    3.09    4.73    2.33     .38    503.
 19.000   -3.95    2.79   .2782    1.16    2.49    5.13    2.15     .50    503.
 20.000   -6.09    2.25   .2314     .49    2.06    6.53    2.00    -.11    501.
 21.000   -7.92    2.45   .1205     .14    1.98    8.20    2.32    -.30    499.
 22.000   -9.11    2.19   .0721    -.08    1.87    9.32    2.10    -.28    492.
 23.000  -10.43    2.26   .0620    -.24    1.78   10.60    2.18    -.17    489.
 24.000  -11.71    2.42   .0981    -.19    1.86   11.87    2.34    -.17    480.
 25.000  -12.56    2.57   .1804    -.14    1.88   12.73    2.43    -.33    463.
 26.000  -13.36    2.62   .1640    -.21    2.00   13.55    2.46    -.41    451.
 27.000  -14.24    2.80   .0780    -.05    2.09   14.42    2.67    -.45    428.
 28.000  -14.94    2.67   .1049     .18    2.15   15.11    2.55    -.76    374.
 29.000  -15.54    2.80   .1614     .04    2.32   15.74    2.66    -.71    338.
 30.000  -16.47    3.07   .1564     .06    2.48   16.69    2.91    -.44    293.
     T A B L E  I -  8.  W I N D  S T A T I S T I C A L  P A R A M E T E R S
                                   AUGUST    
 STATION =   723870     NELLIS/DESERT ROCK            
    Z    MEAN U   SD  U  R(U,V)  MEAN V   SD  V MEAN WS  SD  WS SKEW WS    NOBS 
    KM     M/S     M/S             M/S     M/S     M/S     M/S
   .000     .00     .00   .0000     .00     .00     .00     .00     .00      0.
  1.000     .00     .00   .0000     .00     .00     .00     .00     .00      0.
  1.007     .94    2.96   .5594    1.94    3.36    4.11    2.79     .65    548.
  2.000    2.39    2.65   .4657    5.02    3.79    6.38    3.41     .33    567.
  3.000    1.39    3.48   .4111    4.73    4.14    6.39    3.56     .83    567.
  4.000     .97    4.38   .2695    4.46    4.44    6.86    3.55     .76    566.
  5.000    2.38    5.22   .1967    4.20    5.09    7.82    3.90     .69    562.
  6.000    3.90    5.86   .1717    4.03    5.69    8.86    4.42     .55    559.
  7.000    5.60    6.48   .1838    4.63    6.24   10.36    5.11     .65    547.
  8.000    7.20    7.22   .1572    5.55    6.88   12.06    6.05     .52    547.
  9.000    8.83    7.93   .0978    6.76    7.84   14.12    6.95     .50    545.
 10.000   10.60    8.98   .0285    8.51    8.80   16.73    7.94     .47    544.
 11.000   12.25    9.91  -.0212   10.16    9.96   19.33    8.76     .30    543.
 12.000   13.53   10.48  -.0633   11.51   10.82   21.33    9.35     .31    540.
 13.000   13.72   10.06  -.0319   11.17   10.41   21.02    8.99     .28    539.
 14.000   12.36    8.69   .0040    9.26    8.23   18.07    7.41     .26    538.
 15.000    9.42    7.09  -.0294    7.17    6.42   14.03    5.89     .21    534.
 16.000    5.31    5.21  -.0137    5.06    4.94    9.30    4.33     .61    532.
 17.000    2.30    4.14   .0218    3.53    3.72    6.29    2.84     .58    483.
 18.000    -.36    3.67   .1346    2.20    2.76    4.61    2.01     .30    483.
 19.000   -2.90    3.18   .1652    1.09    2.49    4.57    2.23     .60    483.
 20.000   -4.79    2.59   .1783     .45    2.04    5.43    2.15    -.07    482.
 21.000   -6.28    2.63   .0564     .07    1.99    6.67    2.40    -.09    481.
 22.000   -7.60    2.23   .1316    -.11    1.75    7.82    2.15    -.13    479.
 23.000   -8.92    2.25   .0498    -.37    1.69    9.09    2.21    -.18    475.
 24.000  -10.27    2.60   .0030    -.39    1.87   10.46    2.56    -.26    468.
 25.000  -11.11    2.63   .0043    -.21    1.96   11.30    2.59    -.28    455.
 26.000  -11.80    2.77   .0383    -.19    1.90   11.96    2.72    -.25    438.
 27.000  -12.57    3.12   .0605    -.16    2.09   12.76    3.06    -.08    414.
 28.000  -13.18    3.14   .0327    -.05    1.93   13.33    3.09    -.20    396.
 29.000  -13.74    3.27   .0936     .05    2.07   13.90    3.25    -.18    355.
 30.000  -14.16    3.73   .1223    -.01    2.31   14.41    3.46    -.27    310.
     T A B L E  I -  9.  W I N D  S T A T I S T I C A L  P A R A M E T E R S
                                   SEPTEMBER 
 STATION =   723870     NELLIS/DESERT ROCK            
    Z    MEAN U   SD  U  R(U,V)  MEAN V   SD  V MEAN WS  SD  WS SKEW WS    NOBS 
    KM     M/S     M/S             M/S     M/S     M/S     M/S
   .000     .00     .00   .0000     .00     .00     .00     .00     .00      0.
  1.000     .00     .00   .0000     .00     .00     .00     .00     .00      0.
  1.007     .53    2.99   .5313    1.54    3.70    4.22    2.72     .74    512.
  2.000    1.67    3.27   .5671    4.28    5.03    6.54    3.79     .69    550.
  3.000    2.01    3.76   .4068    4.44    5.89    7.27    4.45     .85    549.
  4.000    3.19    5.21   .2579    3.88    6.34    8.22    4.99     .75    545.
  5.000    4.99    6.65   .1709    3.43    7.15    9.82    5.95     .70    541.
  6.000    6.75    7.89   .1777    3.50    8.32   11.68    7.26     .88    539.
  7.000    8.87    9.32   .2118    3.84    9.80   14.07    8.84     .99    529.
  8.000   10.77   10.57   .2409    4.18   11.33   16.37   10.27    1.00    526.
  9.000   12.41   11.31   .2518    4.49   12.67   18.58   10.83     .88    523.
 10.000   14.34   11.81   .2752    4.60   13.63   20.67   11.17     .57    523.
 11.000   16.41   11.78   .2681    5.12   13.34   22.13   11.06     .47    522.
 12.000   17.71   11.34   .2361    5.47   12.49   22.69   10.62     .31    520.
 13.000   18.27   10.54   .1895    5.60   11.03   22.29   10.02     .33    517.
 14.000   17.30    9.13   .1445    5.21    9.44   20.56    8.73     .12    514.
 15.000   14.49    7.52   .1441    4.45    7.75   17.15    7.20     .20    511.
 16.000   10.78    6.31   .1400    3.23    6.23   12.96    6.10     .52    510.
 17.000    7.50    5.65   .1753    2.16    5.35    9.63    5.35    1.03    472.
 18.000    4.38    4.85   .2468    1.27    4.38    6.63    4.12    1.65    472.
 19.000    1.77    4.53   .3234     .48    3.67    4.80    3.24    1.65    465.
 20.000     .27    4.39   .3361     .14    3.11    4.43    2.78    1.56    465.
 21.000   -1.04    4.01   .1981    -.16    2.56    4.22    2.44    1.38    462.
 22.000   -1.95    4.06   .2436    -.27    2.36    4.55    2.27     .55    458.
 23.000   -2.73    4.29   .2194    -.37    2.25    5.05    2.34     .27    451.
 24.000   -3.29    4.52   .1847    -.30    2.22    5.37    2.72     .30    447.
 25.000   -3.67    4.62   .1685    -.08    2.10    5.59    2.82     .28    430.
 26.000   -4.11    4.74   .1383    -.07    2.09    5.91    2.97     .29    422.
 27.000   -4.22    4.91   .1304     .02    2.20    6.06    3.16     .36    389.
 28.000   -4.09    5.25   .2442     .11    2.33    6.23    3.29     .42    369.
 29.000   -4.00    5.61   .3382     .05    2.46    6.51    3.34     .61    321.
 30.000   -3.79    6.05   .3658    -.01    2.58    6.65    3.64     .56    277.
     T A B L E  I - 10.  W I N D  S T A T I S T I C A L  P A R A M E T E R S
                                   OCTOBER   
 STATION =   723870     NELLIS/DESERT ROCK            
    Z    MEAN U   SD  U  R(U,V)  MEAN V   SD  V MEAN WS  SD  WS SKEW WS    NOBS 
    KM     M/S     M/S             M/S     M/S     M/S     M/S
   .000     .00     .00   .0000     .00     .00     .00     .00     .00      0.
  1.000     .00     .00   .0000     .00     .00     .00     .00     .00      0.
  1.007    -.19    2.98   .5963     .44    3.69    3.88    2.77    1.04    569.
  2.000     .22    4.07   .5563    1.11    5.77    5.77    4.22    1.50    600.
  3.000     .82    5.06   .3743     .31    6.43    6.93    4.42    1.07    600.
  4.000    2.84    6.76   .2324    -.67    7.35    8.80    5.53     .99    595.
  5.000    4.96    8.50   .1229   -1.31    8.65   11.08    7.10    1.11    586.
  6.000    6.81   10.23   .1294   -1.98   10.60   13.74    8.85    1.17    580.
  7.000    8.67   11.97   .1372   -2.36   12.84   16.45   10.84    1.26    545.
  8.000   10.01   13.27   .1645   -2.16   13.46   18.28   11.30     .98    538.
  9.000   11.45   14.21   .1921   -2.08   14.82   20.21   12.17     .81    535.
 10.000   13.26   15.14   .2561   -1.93   15.67   22.32   12.47     .55    528.
 11.000   15.08   15.03   .2405   -1.90   15.40   23.16   12.51     .48    526.
 12.000   16.12   14.04   .2219   -1.45   14.07   22.80   11.70     .37    521.
 13.000   16.23   13.15   .2096   -1.21   12.22   21.56   11.04     .50    514.
 14.000   14.82   10.89   .1781   -1.06   10.16   18.79    9.43     .41    512.
 15.000   13.22    9.63   .1286    -.68    8.48   16.33    8.55     .79    506.
 16.000   11.12    8.02   .1834    -.39    6.94   13.59    7.18     .72    504.
 17.000    9.27    6.90   .2331    -.42    5.85   11.48    6.00     .85    457.
 18.000    6.90    6.05   .2732    -.45    4.90    9.11    5.03    1.25    457.
 19.000    5.04    5.60   .3178    -.42    4.54    7.64    4.37    1.60    454.
 20.000    3.72    5.17   .3226    -.82    3.72    6.38    3.30    1.27    453.
 21.000    2.93    5.10   .2913    -.85    3.49    5.87    3.59    1.76    450.
 22.000    3.10    4.90   .3727    -.70    3.14    5.71    2.95     .97    446.
 23.000    3.74    4.92   .3128    -.64    3.02    6.05    3.33    1.48    439.
 24.000    4.66    5.23   .2496    -.35    2.95    6.48    3.98    1.24    425.
 25.000    6.12    5.12   .3070    -.11    2.92    7.38    4.20     .79    407.
 26.000    8.00    5.29   .2714     .25    2.98    8.87    4.72     .41    395.
 27.000    9.70    5.88   .2041     .41    3.07   10.46    5.37     .25    373.
 28.000   10.89    6.42   .2795     .63    3.19   11.70    5.77     .29    347.
 29.000   12.25    6.85   .2695     .99    3.37   13.06    6.22     .29    303.
 30.000   13.84    7.21   .2596    1.54    3.62   14.67    6.62     .19    256.
     T A B L E  I - 11.  W I N D  S T A T I S T I C A L  P A R A M E T E R S
                                   NOVEMBER  
 STATION =   723870     NELLIS/DESERT ROCK            
    Z    MEAN U   SD  U  R(U,V)  MEAN V   SD  V MEAN WS  SD  WS SKEW WS    NOBS 
    KM     M/S     M/S             M/S     M/S     M/S     M/S
   .000     .00     .00   .0000     .00     .00     .00     .00     .00      0.
  1.000     .00     .00   .0000     .00     .00     .00     .00     .00      0.
  1.007    -.66    2.87   .4699     .55    3.74    3.92    2.76    1.12    550.
  2.000     .47    4.49   .5765    1.57    7.07    7.29    4.43     .96    578.
  3.000    3.97    6.34   .4247    -.27    8.37    9.85    5.38     .88    575.
  4.000    7.70    7.79   .2271   -2.09    9.63   13.05    6.83     .59    570.
  5.000   10.78    9.44   .1478   -2.99   11.79   16.71    8.61     .52    558.
  6.000   13.17   10.68   .1174   -3.54   13.82   19.81    9.92     .58    552.
  7.000   15.17   12.30   .1219   -3.70   15.75   22.72   11.24     .56    525.
  8.000   16.92   13.02   .1519   -4.21   17.41   25.17   11.93     .49    513.
  9.000   18.86   13.51   .1655   -4.53   18.69   27.46   12.37     .32    504.
 10.000   20.68   13.86   .2035   -5.29   19.23   29.33   12.50     .18    495.
 11.000   22.16   14.42   .2282   -5.80   18.64   30.33   12.63     .17    484.
 12.000   23.14   13.65   .2282   -5.41   17.30   30.19   11.76     .18    481.
 13.000   22.60   12.41   .2356   -4.36   15.31   28.36   10.63     .32    476.
 14.000   21.11   10.84   .2473   -3.85   13.14   25.69    9.50     .43    472.
 15.000   19.08    9.11   .2760   -3.06   11.15   22.67    8.17     .43    469.
 16.000   16.50    7.94   .2728   -2.44    9.25   19.28    7.40     .53    468.
 17.000   13.94    7.03   .2746   -1.97    7.93   16.22    6.88     .95    437.
 18.000   11.12    6.32   .2416   -1.66    6.59   12.95    6.48    1.39    437.
 19.000    8.77    5.88   .2332   -1.64    5.52   10.41    6.02    1.85    434.
 20.000    6.97    5.75   .2069   -1.61    4.59    8.54    5.68    2.14    434.
 21.000    5.58    5.90   .1752   -1.47    3.98    7.33    5.48    2.17    430.
 22.000    5.04    6.04   .1761   -1.32    3.56    6.96    5.27    2.22    423.
 23.000    4.78    6.32   .1574   -1.11    3.39    6.97    5.18    2.02    420.
 24.000    4.88    7.24   .2266    -.73    3.41    7.47    5.70    1.92    410.
 25.000    5.48    8.04   .2834    -.52    3.52    8.19    5.84    1.67    396.
 26.000    5.91    8.89   .3009    -.46    3.77    9.02    6.85    1.76    381.
 27.000    7.16   10.37   .3162    -.35    3.97   10.61    7.88    1.53    354.
 28.000    8.66   11.44   .3794    -.10    4.51   12.35    8.57    1.20    321.
 29.000   10.24   12.88   .4392     .12    5.36   14.24    9.81    1.14    264.
 30.000   11.73   14.51   .3632    -.22    6.43   16.11   11.38    1.22    211.
     T A B L E  I - 12.  W I N D  S T A T I S T I C A L  P A R A M E T E R S
                                   DECEMBER  
 STATION =   723870     NELLIS/DESERT ROCK            
    Z    MEAN U   SD  U  R(U,V)  MEAN V   SD  V MEAN WS  SD  WS SKEW WS    NOBS 
    KM     M/S     M/S             M/S     M/S     M/S     M/S
   .000     .00     .00   .0000     .00     .00     .00     .00     .00      0.
  1.000     .00     .00   .0000     .00     .00     .00     .00     .00      0.
  1.007   -1.10    2.66   .2542    -.10    3.20    3.54    2.44    1.12    586.
  2.000    -.08    4.36   .4932     .28    6.30    6.58    3.93     .89    614.
  3.000    3.43    6.65   .2835   -1.26    7.91    9.59    5.30     .75    610.
  4.000    6.76    8.10   .1462   -2.86    9.24   12.56    6.85     .78    600.
  5.000    9.29    9.76   .0780   -3.84   10.95   15.57    8.58     .77    586.
  6.000   11.33   11.27   .0865   -4.00   12.57   18.11   10.05     .77    563.
  7.000   12.71   12.75   .1577   -4.54   14.21   20.49   11.23     .73    536.
  8.000   14.51   13.97   .1820   -5.15   15.61   22.92   12.24     .75    524.
  9.000   16.56   15.31   .1936   -5.60   16.89   25.67   12.88     .56    518.
 10.000   18.55   16.40   .1839   -6.07   17.29   27.82   13.21     .48    511.
 11.000   20.40   16.37   .1847   -6.66   16.49   28.77   13.12     .43    504.
 12.000   21.02   14.96   .1778   -6.60   14.68   27.77   12.36     .45    497.
 13.000   20.79   13.22   .1710   -5.71   13.41   26.24   11.40     .46    492.
 14.000   19.56   11.03   .1867   -5.20   11.60   23.81    9.94     .40    489.
 15.000   17.73    9.46   .2208   -4.70   10.18   21.36    8.56     .43    487.
 16.000   15.29    8.37   .2168   -4.38    8.66   18.42    7.64     .67    485.
 17.000   12.84    7.46   .2467   -4.03    7.54   15.67    6.40     .72    448.
 18.000   10.20    7.08   .2029   -3.66    6.31   12.85    5.99     .98    448.
 19.000    7.55    6.83   .1641   -3.65    5.40   10.51    5.46    1.24    441.
 20.000    5.26    6.86   .1771   -3.45    4.72    8.93    4.89    1.42    435.
 21.000    3.80    7.33   .1193   -3.51    4.69    8.58    4.91    1.31    428.
 22.000    2.70    7.91   .0961   -3.66    4.55    8.69    4.94    1.33    425.
 23.000    1.84    9.07   .1191   -3.76    4.61    9.48    5.56    1.37    412.
 24.000    1.81   10.31   .1840   -3.62    5.18   10.41    6.40    1.14    403.
 25.000    3.04   12.09   .2422   -3.64    5.76   12.07    7.48    1.26    389.
 26.000    4.03   13.74   .2093   -3.82    6.32   13.82    8.25     .93    374.
 27.000    5.76   15.74   .2392   -3.90    6.93   15.89    9.53     .82    346.
 28.000    7.84   17.70   .2725   -3.69    7.24   17.98   10.80     .72    305.
 29.000   10.03   19.72   .2670   -3.48    8.44   20.36   12.54     .78    252.
 30.000   12.28   21.97   .3624   -2.89   10.15   23.11   14.46    1.11    185.
