 0 1NTD 723910   34.12N  119.12W   4 1601279   1 880   0  30                                        
     T A B L E  I - 13.  W I N D  S T A T I S T I C A L  P A R A M E T E R S                        
                                   ANNUAL                                                           
 STATION =   723910     PT. MUGU                                                                    
    Z    MEAN U   SD  U  R(U,V)  MEAN V   SD  V MEAN WS  SD  WS SKEW WS    NOBS                     
    KM     M/S     M/S             M/S     M/S     M/S     M/S                                      
  0.004    0.27    3.31  0.3024   -0.69    2.77    3.61    2.47    1.86   7026.                     
  1.000   -0.51    4.25  0.1552   -0.68    3.05    3.95    3.54    1.83   6987.                     
  2.000    1.81    5.18  -.1241   -1.07    4.79    6.20    3.97    1.04   6983.                     
  3.000    3.81    6.64  -.1189   -1.09    6.77    8.60    5.62    1.07   6979.                     
  4.000    5.41    8.09  -.0750   -1.04    8.28   10.66    7.14    1.07   6983.                     
  5.000    6.99    9.42  -.0294   -1.10    9.69   12.62    8.59    1.03   6987.                     
  6.000    8.61   10.75  0.0162   -1.22   10.98   14.62    9.91    1.03   6983.                     
  7.000   10.25   11.99  0.0624   -1.16   12.27   16.63   11.14    1.03   6970.                     
  8.000   11.93   13.22  0.1231   -1.02   13.65   18.81   12.29    1.03   6961.                     
  9.000   13.73   14.40  0.1563   -0.90   14.99   21.11   13.26    0.96   6942.                     
 10.000   15.58   15.15  0.1655   -0.62   15.60   23.01   13.66    0.83   6914.                     
 11.000   17.29   15.40  0.1527   -0.15   15.62   24.35   13.68    0.75   6854.                     
 12.000   18.67   14.83  0.1299    0.56   15.06   24.90   13.25    0.70   6841.                     
 13.000   18.63   13.13  0.1119    1.22   13.40   23.73   11.72    0.54   6818.                     
 14.000   17.33   11.46  0.0964    1.49   11.41   21.40   10.29    0.47   6776.                     
 15.000   14.90   10.03  0.0784    1.23    9.41   18.19    9.06    0.51   6748.                     
 16.000   11.66    8.88  0.0424    0.77    7.45   14.50    7.79    0.58   6681.                     
 17.000    8.05    7.93  0.0068    0.36    5.79   10.95    6.45    0.73   6168.                     
 18.000    4.75    7.26  -.0172    0.03    4.68    8.43    5.11    1.02   6121.                     
 19.000    2.14    6.61  -.0392   -0.20    3.77    6.78    4.07    1.18   6055.                     
 20.000    0.09    6.27  -.0656   -0.41    3.17    6.07    3.58    1.09   5966.                     
 21.000   -1.45    6.28  -.0640   -0.61    2.89    6.09    3.63    0.89   5858.                     
 22.000   -2.61    6.49  -.0475   -0.67    2.74    6.49    3.83    0.72   5767.                     
 23.000   -3.16    6.96  -.0050   -0.66    2.47    6.90    4.17    0.62   5581.                     
 24.000   -3.65    7.82  0.0391   -0.61    2.80    7.82    4.65    0.54   5461.                     
 25.000   -3.66    8.78  0.0786   -0.55    2.91    8.55    5.12    0.51   5275.                     
 26.000   -3.26    9.78  0.1247   -0.50    2.95    9.18    5.57    0.57   4948.                     
 27.000   -3.01   10.97  0.1468   -0.49    3.28   10.15    6.12    0.64   4469.                     
 28.000   -2.08   12.13  0.1879   -0.48    3.45   10.91    6.68    0.80   4263.                     
 29.000   -1.88   13.50  0.1783   -0.42    3.85   12.12    7.36    0.82   3377.                     
 30.000   -0.46   14.70  0.2083   -0.34    4.08   12.97    8.06    0.98   3138.                     
 32.000    1.86   18.75  0.2049    0.77    5.00   16.64   10.20    0.92   1682.                     
 34.000    4.47   21.73  0.2856    1.23    5.77   19.58   12.00    0.91   1684.                     
 36.000    6.61   24.96  0.3443    1.02    6.32   22.62   14.02    0.77   1693.                     
 38.000    8.03   28.50  0.3100    0.56    7.03   25.82   16.14    0.74   1703.                     
 40.000    8.58   31.46  0.2589    0.18    7.71   28.56   17.54    0.66   1707.                     
 42.000    8.54   34.29  0.2551    1.04    8.87   31.30   18.69    0.57   1706.                     
 44.000    9.19   37.49  0.2432    2.89   10.00   34.70   19.87    0.52   1706.                     
 46.000   10.68   40.70  0.2515    5.12   11.07   38.16   21.53    0.59   1704.                     
 48.000   12.13   43.40  0.2847    6.76   11.40   40.97   22.97    0.61   1700.                     
 50.000   12.84   45.55  0.2762    7.74   12.09   43.12   24.24    0.64   1689.                     
 52.000   13.80   46.84  0.2790    8.05   12.34   44.38   25.15    0.61   1660.                     
 54.000   14.68   48.28  0.2859    8.04   12.46   45.88   25.75    0.63   1611.                     
 56.000   15.49   50.13  0.2636    7.58   12.52   47.73   26.27    0.51   1540.                     
 58.000   17.08   50.98  0.2856    6.51   13.80   48.98   26.94    0.49   1357.                     
 60.000   18.00   51.93  0.2563    5.53   15.53   50.18   27.87    0.50    980.                     
 62.000   15.99   54.20  0.1856    5.68   16.00   51.61   28.66    0.36    664.                     
 64.000   18.00   53.88  0.1534    5.86   15.03   50.85   30.10    0.53    558.                     
 66.000   20.32   52.06  0.0449    4.29   16.46   49.69   30.80    0.64    540.                     
 68.000   20.92   49.61  -.0077    2.54   17.25   47.22   31.28    0.64    526.                     
 70.000   21.34   45.89  -.0695    0.33   17.70   44.62   29.81    0.77    503.                     
     T A B L E  I -  1.  W I N D  S T A T I S T I C A L  P A R A M E T E R S                        
                                   JANUARY                                                          
 STATION =   723910     PT. MUGU                                                                    
    Z    MEAN U   SD  U  R(U,V)  MEAN V   SD  V MEAN WS  SD  WS SKEW WS    NOBS                     
    KM     M/S     M/S             M/S     M/S     M/S     M/S                                      
  0.004   -1.50    3.57  0.4359   -1.96    3.44    4.41    3.35    1.43    580.                     
  1.000   -0.89    5.42  0.1520   -1.24    3.71    5.50    3.89    1.13    572.                     
  2.000    2.53    5.98  -.0593   -1.63    5.22    7.25    4.41    0.93    571.                     
  3.000    5.63    7.50  0.0247   -2.96    7.55   10.65    6.34    0.95    571.                     
  4.000    7.73    8.88  0.1287   -3.41    9.07   13.35    7.35    0.62    570.                     
  5.000    9.64   10.31  0.1950   -3.50   10.57   15.80    8.57    0.55    570.                     
  6.000   11.64   11.73  0.2297   -3.56   11.89   18.21    9.75    0.48    569.                     
  7.000   13.46   13.33  0.2446   -3.77   13.16   20.53   11.15    0.60    570.                     
  8.000   15.34   15.23  0.2477   -4.03   14.63   23.22   12.55    0.68    571.                     
  9.000   17.29   16.81  0.2192   -4.57   16.11   26.00   13.62    0.65    570.                     
 10.000   19.39   18.00  0.2185   -4.62   16.77   28.13   14.51    0.62    570.                     
 11.000   21.75   18.05  0.2263   -4.68   16.73   29.52   15.13    0.80    567.                     
 12.000   23.36   16.67  0.2079   -4.57   15.86   29.81   14.38    0.71    567.                     
 13.000   22.95   14.08  0.2703   -4.12   13.68   28.16   11.66    0.48    563.                     
 14.000   21.29   12.33  0.3126   -3.37   11.73   25.53   10.11    0.43    558.                     
 15.000   18.98   10.43  0.3142   -2.99    9.87   22.35    8.70    0.43    553.                     
 16.000   16.06    8.88  0.3616   -2.58    8.21   18.90    7.30    0.47    543.                     
 17.000   12.77    7.67  0.3863   -2.52    6.33   15.19    6.13    0.74    503.                     
 18.000    9.24    6.73  0.3783   -2.62    5.10   11.67    5.22    1.00    491.                     
 19.000    6.14    6.17  0.3522   -2.62    4.45    9.00    4.63    1.06    484.                     
 20.000    3.79    6.10  0.3624   -2.46    3.85    7.30    4.36    1.42    474.                     
 21.000    2.04    6.38  0.3362   -2.36    3.46    6.70    4.17    1.49    461.                     
 22.000    0.35    6.83  0.2987   -2.46    3.51    6.97    4.05    1.55    446.                     
 23.000   -0.41    7.33  0.3713   -2.35    3.31    7.32    4.09    1.68    435.                     
 24.000   -1.02    8.49  0.3534   -2.29    3.72    8.39    4.66    1.55    420.                     
 25.000   -1.27    9.54  0.3644   -2.35    4.01    9.40    5.08    1.20    394.                     
 26.000   -0.79   10.76  0.4697   -2.12    4.24   10.18    5.92    1.21    378.                     
 27.000   -0.08   11.97  0.4887   -2.12    4.84   11.33    6.52    1.23    338.                     
 28.000    0.82   13.06  0.4933   -1.96    5.38   12.39    7.07    0.75    329.                     
 29.000    2.20   14.29  0.4877   -2.24    5.62   13.53    7.85    0.68    244.                     
 30.000    3.73   15.57  0.4946   -2.43    6.16   14.85    8.87    0.72    236.                     
 32.000    7.39   18.73  0.5144   -0.16    7.47   18.50   10.82    0.81    167.                     
 34.000   10.77   21.16  0.5814   -0.31    8.76   21.73   12.89    0.62    167.                     
 36.000   13.29   23.09  0.6028   -0.81    9.21   23.66   15.26    0.66    167.                     
 38.000   15.92   24.70  0.5108   -1.52    9.92   25.49   17.67    0.61    168.                     
 40.000   18.56   24.63  0.4082   -1.57   11.25   27.27   18.29    0.62    168.                     
 42.000   22.20   25.32  0.3070    0.35   13.28   30.42   19.56    0.56    168.                     
 44.000   28.77   26.53  0.3903    2.75   15.31   36.32   21.25    0.35    168.                     
 46.000   36.23   30.13  0.4236    6.74   18.45   44.96   24.10    0.43    167.                     
 48.000   42.91   31.79  0.4328    8.72   19.03   51.47   25.23    0.26    167.                     
 50.000   46.30   31.52  0.4139   10.50   18.99   54.03   26.16    0.21    166.                     
 52.000   48.14   30.08  0.4032   10.53   17.53   54.89   24.99   -0.03    166.                     
 54.000   50.10   29.81  0.4018   10.30   17.69   56.69   24.50   -0.08    162.                     
 56.000   51.89   29.84  0.3181    9.20   16.87   57.86   24.50   -0.33    158.                     
 58.000   55.21   29.70  0.2318   10.01   17.55   60.19   26.67   -0.29    136.                     
 60.000   59.92   32.44  0.4657    8.38   20.56   64.78   30.57   -0.20     99.                     
 62.000   69.74   30.52  0.4814   11.83   18.57   73.58   29.33   -0.36     64.                     
 64.000   77.55   32.97  0.3750    9.41   18.33   80.95   31.06   -0.30     57.                     
 66.000   84.97   31.44  0.3150    3.56   16.83   87.21   29.85   -0.32     56.                     
 68.000   84.36   28.90  0.3569   -2.91   15.75   86.29   27.51   -0.30     55.                     
 70.000   78.61   30.23  0.2030   -5.42   17.28   81.21   28.63   -0.28     53.                     
     T A B L E  I -  2.  W I N D  S T A T I S T I C A L  P A R A M E T E R S                        
                                   FEBRUARY                                                         
 STATION =   723910     PT. MUGU                                                                    
    Z    MEAN U   SD  U  R(U,V)  MEAN V   SD  V MEAN WS  SD  WS SKEW WS    NOBS                     
    KM     M/S     M/S             M/S     M/S     M/S     M/S                                      
  0.004   -0.76    3.38  0.2297   -1.08    3.07    3.75    2.91    2.13    525.                     
  1.000   -0.96    5.22  0.1769   -0.88    3.99    5.29    4.11    1.36    523.                     
  2.000    2.15    5.68  -.0857   -1.41    5.88    7.28    4.52    0.97    523.                     
  3.000    5.42    6.99  -.0078   -2.27    8.12   10.51    6.24    0.59    522.                     
  4.000    7.87    8.24  0.0356   -2.49    9.49   13.05    7.45    0.49    522.                     
  5.000   10.13    9.40  0.0868   -2.65   11.00   15.65    8.59    0.53    523.                     
  6.000   12.09   10.49  0.1496   -2.77   12.22   18.01    9.40    0.52    523.                     
  7.000   13.94   11.66  0.1420   -2.89   13.77   20.45   10.46    0.53    523.                     
  8.000   16.33   13.39  0.1769   -2.88   15.12   23.29   11.85    0.66    523.                     
  9.000   18.97   15.72  0.2338   -3.11   16.73   26.56   13.80    0.72    521.                     
 10.000   21.72   16.96  0.2563   -3.35   17.29   29.02   15.06    0.72    520.                     
 11.000   24.23   16.89  0.2780   -3.31   16.58   30.43   15.21    0.73    514.                     
 12.000   26.17   15.80  0.2644   -2.60   15.37   31.13   14.42    0.72    512.                     
 13.000   25.39   13.46  0.2609   -1.96   13.71   29.34   12.50    0.63    510.                     
 14.000   23.62   11.84  0.2823   -1.71   11.79   26.88   10.81    0.50    510.                     
 15.000   20.73   10.21  0.3065   -1.35    9.62   23.25    9.36    0.61    505.                     
 16.000   17.57    8.47  0.2931   -1.13    7.73   19.61    7.54    0.74    504.                     
 17.000   13.78    6.94  0.3406   -1.24    6.31   15.56    6.10    0.67    464.                     
 18.000    9.96    5.90  0.3740   -1.49    5.23   11.73    5.10    0.71    456.                     
 19.000    6.85    5.67  0.3272   -1.61    4.14    8.71    4.78    1.14    448.                     
 20.000    4.20    5.70  0.3346   -1.81    3.36    6.81    4.28    1.35    439.                     
 21.000    2.02    5.84  0.2064   -1.88    2.96    6.01    3.77    1.31    429.                     
 22.000    0.32    6.17  0.1909   -1.89    2.98    5.95    3.89    1.13    424.                     
 23.000   -0.11    6.57  0.2051   -1.75    2.59    6.10    3.96    1.04    415.                     
 24.000   -0.53    7.38  0.1488   -1.81    2.80    6.88    4.30    0.86    393.                     
 25.000   -0.47    8.46  0.1407   -1.96    3.07    7.80    4.90    0.78    373.                     
 26.000    0.13    9.79  0.1651   -1.69    3.06    8.79    5.54    0.88    353.                     
 27.000    1.10   11.31  0.2152   -1.58    3.21   10.04    6.39    0.96    308.                     
 28.000    2.30   12.97  0.2494   -1.68    3.65   11.56    7.46    1.03    303.                     
 29.000    4.20   14.49  0.3799   -1.49    3.83   12.99    8.67    0.98    219.                     
 30.000    6.57   16.23  0.3690   -1.18    4.05   14.87   10.11    1.00    209.                     
 32.000   11.00   18.42  0.4303   -0.72    5.12   19.61   10.04    0.22    166.                     
 34.000   15.60   21.73  0.5111   -0.04    6.45   24.76   11.90   -0.03    166.                     
 36.000   20.11   25.01  0.5548   -0.29    7.08   29.28   14.82   -0.05    166.                     
 38.000   24.15   28.12  0.5250   -0.09    8.59   33.59   17.79    0.06    169.                     
 40.000   26.99   29.18  0.4533   -0.57   10.75   36.44   19.08    0.12    169.                     
 42.000   29.66   29.52  0.4467    0.22   12.44   38.82   19.89    0.06    169.                     
 44.000   32.20   29.91  0.4457    2.50   15.02   42.01   19.85    0.08    169.                     
 46.000   34.85   30.27  0.3899    4.79   15.87   44.60   20.31    0.00    169.                     
 48.000   36.90   29.29  0.3748    6.94   14.95   45.96   19.33   -0.08    168.                     
 50.000   38.93   27.64  0.3590    7.82   16.34   47.59   18.40   -0.11    168.                     
 52.000   41.35   26.30  0.3845    7.99   15.73   48.92   17.76   -0.04    166.                     
 54.000   45.66   24.75  0.4000    8.16   15.65   51.73   18.16   -0.11    158.                     
 56.000   49.56   25.83  0.3846    8.39   15.61   55.26   19.53    0.11    149.                     
 58.000   54.27   25.04  0.4049    9.18   15.42   58.98   20.28   -0.50    128.                     
 60.000   60.72   23.64  0.4025    7.84   18.89   65.62   18.77   -0.38     91.                     
 62.000   67.99   22.94  0.2683    9.52   17.76   71.77   19.93    0.14     56.                     
 64.000   72.70   26.04  0.0698    8.36   15.26   75.64   23.17    0.44     47.                     
 66.000   73.61   27.15  0.1421    5.79   13.32   76.20   23.48    0.31     44.                     
 68.000   72.47   28.33  0.0140    2.99   12.70   75.54   22.54   -0.03     41.                     
 70.000   68.10   22.05  -.1098   -2.01   17.07   70.72   20.21   -0.16     39.                     
     T A B L E  I -  3.  W I N D  S T A T I S T I C A L  P A R A M E T E R S                        
                                   MARCH                                                            
 STATION =   723910     PT. MUGU                                                                    
    Z    MEAN U   SD  U  R(U,V)  MEAN V   SD  V MEAN WS  SD  WS SKEW WS    NOBS                     
    KM     M/S     M/S             M/S     M/S     M/S     M/S                                      
  0.004    0.17    3.44  0.2749   -0.67    2.72    3.64    2.54    2.01    627.                     
  1.000    0.01    4.46  0.0980   -1.07    3.56    4.56    3.59    1.38    625.                     
  2.000    2.80    5.59  -.1347   -2.20    5.76    7.66    4.29    0.60    625.                     
  3.000    5.87    6.94  -.0584   -3.13    7.93   10.80    6.20    0.74    624.                     
  4.000    8.28    8.33  0.0086   -3.33    9.44   13.44    7.58    0.58    626.                     
  5.000   10.46    9.80  0.0332   -3.51   11.04   16.05    9.05    0.58    625.                     
  6.000   12.45   11.34  0.0326   -3.89   12.52   18.63   10.39    0.66    625.                     
  7.000   14.53   12.83  0.0955   -4.08   13.95   21.26   11.61    0.61    625.                     
  8.000   16.78   13.88  0.1466   -4.15   15.48   23.78   12.86    0.56    625.                     
  9.000   19.16   14.83  0.1803   -4.22   16.56   26.28   13.71    0.49    622.                     
 10.000   21.48   15.20  0.1913   -4.22   16.83   28.23   14.00    0.32    618.                     
 11.000   23.65   14.90  0.1898   -3.74   16.34   29.54   13.75    0.24    613.                     
 12.000   25.01   14.00  0.1778   -3.19   15.54   30.10   12.92    0.35    611.                     
 13.000   24.75   11.73  0.1494   -2.34   13.42   28.53   11.01    0.14    610.                     
 14.000   23.00    9.59  0.1300   -1.46   11.22   25.78    9.16    0.06    608.                     
 15.000   20.65    8.30  0.1040   -1.06    9.46   22.83    8.02    0.08    606.                     
 16.000   17.72    7.27  0.0597   -0.98    7.94   19.53    7.03    0.30    599.                     
 17.000   14.28    6.24  0.0904   -0.77    6.03   15.68    5.82    0.39    546.                     
 18.000   10.86    5.85  0.1111   -0.64    4.63   12.06    5.35    0.64    542.                     
 19.000    7.76    5.43  0.0925   -0.66    3.79    9.06    4.74    0.72    540.                     
 20.000    5.22    5.15  0.1049   -0.79    3.39    7.00    4.08    1.12    530.                     
 21.000    3.36    5.43  0.1327   -0.85    3.11    6.00    3.88    1.70    513.                     
 22.000    1.82    5.90  0.1512   -0.76    2.85    5.73    3.74    1.37    499.                     
 23.000    1.04    6.06  0.2481   -0.58    2.52    5.52    3.74    1.41    481.                     
 24.000    0.56    6.93  0.3120   -0.38    2.89    6.22    4.24    1.22    454.                     
 25.000    0.94    8.05  0.3676   -0.10    3.01    7.10    4.92    1.27    438.                     
 26.000    1.75    9.06  0.4252   -0.16    2.82    8.01    5.38    0.99    415.                     
 27.000    3.11   10.15  0.4126   -0.21    2.81    9.08    6.15    0.89    352.                     
 28.000    4.88   11.46  0.3720   -0.22    3.19   10.69    7.12    0.77    337.                     
 29.000    6.75   12.61  0.3322    0.01    3.52   12.28    8.09    0.74    235.                     
 30.000    8.61   14.01  0.3322    0.16    3.84   14.24    9.04    0.60    230.                     
 32.000   13.10   15.20  0.3004    1.08    5.10   17.92   10.39    0.48    140.                     
 34.000   18.23   17.00  0.2374    2.16    5.87   22.49   12.40    0.35    140.                     
 36.000   23.92   18.90  0.4021    2.06    7.13   27.70   14.68    0.23    140.                     
 38.000   28.42   21.42  0.4207    2.35    7.98   32.30   17.06    0.23    141.                     
 40.000   32.00   22.47  0.2574    3.43    9.02   35.86   18.29    0.06    141.                     
 42.000   34.47   20.89  0.2407    4.32   10.94   37.85   18.12   -0.02    141.                     
 44.000   35.85   19.85  0.2889    5.68   11.82   39.24   17.60   -0.03    141.                     
 46.000   36.63   18.72  0.3385    8.00   11.69   39.62   17.95    0.11    141.                     
 48.000   38.02   17.73  0.2779    8.89   11.39   40.82   17.34    0.06    141.                     
 50.000   38.10   17.43  0.3243    9.49   12.52   41.64   16.36    0.09    140.                     
 52.000   38.10   17.53  0.3462   11.01   13.15   41.97   17.03    0.04    139.                     
 54.000   39.11   16.97  0.3933   11.83   13.03   42.82   17.10    0.14    135.                     
 56.000   40.88   17.91  0.3389   13.20   13.24   45.11   17.46    0.12    128.                     
 58.000   42.73   20.14  0.3701   10.88   13.48   46.56   19.01    0.00    114.                     
 60.000   44.56   21.80  0.3506    8.47   14.20   47.71   21.35    0.01     79.                     
 62.000   43.42   22.89  0.1844    6.22   15.73   46.95   22.07    0.03     59.                     
 64.000   40.14   24.71  0.2398    3.02   16.33   44.06   23.43   -0.01     47.                     
 66.000   35.52   24.30  0.0904    0.61   18.38   41.50   21.38    0.09     44.                     
 68.000   27.52   24.03  -.0429   -1.05   16.11   35.19   18.58    0.33     42.                     
 70.000   20.53   24.04  -.0753   -0.50   16.64   31.27   16.88    0.33     41.                     
     T A B L E  I -  4.  W I N D  S T A T I S T I C A L  P A R A M E T E R S                        
                                   APRIL                                                            
 STATION =   723910     PT. MUGU                                                                    
    Z    MEAN U   SD  U  R(U,V)  MEAN V   SD  V MEAN WS  SD  WS SKEW WS    NOBS                     
    KM     M/S     M/S             M/S     M/S     M/S     M/S                                      
  0.004    1.13    3.40  0.0110   -0.28    2.37    3.59    2.38    1.49    606.                     
  1.000    0.64    4.02  0.0378   -0.84    2.91    3.87    3.28    1.55    602.                     
  2.000    2.99    5.28  0.0221   -1.82    5.08    7.09    3.95    0.58    601.                     
  3.000    6.26    6.58  0.0558   -2.27    7.24   10.32    5.78    0.70    601.                     
  4.000    8.91    7.98  0.1549   -2.35    9.70   13.47    7.81    0.81    601.                     
  5.000   11.64    9.62  0.1667   -2.46   12.00   16.71    9.93    0.81    600.                     
  6.000   14.06   11.05  0.1640   -2.45   13.55   19.47   11.40    0.80    600.                     
  7.000   16.12   12.23  0.1848   -2.31   14.69   21.88   12.31    0.72    597.                     
  8.000   17.99   13.02  0.2586   -2.06   16.04   24.29   12.81    0.68    594.                     
  9.000   19.87   13.46  0.3098   -2.28   16.99   26.34   13.26    0.57    594.                     
 10.000   21.73   13.47  0.3280   -2.09   16.70   27.68   13.04    0.43    592.                     
 11.000   23.38   13.07  0.3341   -1.33   15.85   28.54   12.49    0.42    583.                     
 12.000   24.53   12.11  0.3254   -0.27   14.57   28.75   11.55    0.45    581.                     
 13.000   23.81    9.96  0.3280    0.97   12.38   26.92    9.79    0.45    580.                     
 14.000   22.19    8.77  0.3422    2.07   10.66   24.69    8.81    0.64    578.                     
 15.000   19.70    7.85  0.3667    2.81    9.16   21.85    8.01    0.53    575.                     
 16.000   16.28    6.71  0.3610    2.86    7.31   18.05    6.76    0.25    571.                     
 17.000   12.49    5.68  0.3056    2.63    5.53   13.96    5.57    0.20    520.                     
 18.000    9.09    4.87  0.1702    2.22    4.32   10.41    4.65    0.14    518.                     
 19.000    6.04    4.25  0.1429    1.64    3.54    7.42    3.83    0.33    515.                     
 20.000    3.63    3.89  0.1364    0.93    2.88    5.29    3.07    0.65    506.                     
 21.000    1.56    3.90  0.1849    0.47    2.56    4.23    2.53    1.19    500.                     
 22.000    0.15    4.20  0.2515    0.17    2.58    4.16    2.65    1.64    498.                     
 23.000   -0.14    4.12  0.3030    0.19    2.18    3.93    2.51    1.15    477.                     
 24.000   -0.10    4.86  0.2762    0.23    2.65    4.67    2.99    1.07    469.                     
 25.000    0.48    5.59  0.3023    0.29    2.68    5.13    3.51    1.14    459.                     
 26.000    1.54    5.95  0.3545    0.38    2.71    5.56    3.78    1.01    433.                     
 27.000    3.00    6.31  0.3733    0.45    3.08    6.33    4.28    0.91    383.                     
 28.000    4.24    6.45  0.3459    0.59    3.32    7.08    4.56    0.89    379.                     
 29.000    5.87    6.67  0.3919    0.81    3.81    8.37    4.88    0.83    285.                     
 30.000    7.51    6.90  0.3952    0.79    4.10    9.65    5.31    0.73    272.                     
 32.000   11.66    8.29  0.2853    0.88    4.83   13.17    7.41    0.57    145.                     
 34.000   15.29    9.24  0.3127    1.20    5.40   16.56    8.67    0.41    145.                     
 36.000   18.09   10.69  0.4647    1.74    5.79   19.29   10.27    0.53    147.                     
 38.000   19.21   12.62  0.3762    0.34    7.16   21.07   11.62    0.35    147.                     
 40.000   18.30   15.64  0.3200   -0.84    6.71   21.12   13.36    0.48    147.                     
 42.000   14.60   16.73  0.0435    1.05    7.85   19.61   13.05    0.69    147.                     
 44.000   13.20   16.35  0.1467    4.00    8.20   18.86   12.97    0.79    147.                     
 46.000   13.49   17.01  0.2510    5.06    8.26   19.43   13.66    0.74    147.                     
 48.000   12.83   18.45  0.2271    5.88    7.14   20.04   13.70    0.80    147.                     
 50.000   12.82   18.43  0.1091    5.53    7.78   20.18   13.65    0.72    146.                     
 52.000   10.65   18.36  0.1358    5.19    7.62   19.36   12.62    0.78    146.                     
 54.000    7.41   18.33  0.2634    4.75    8.85   18.64   11.94    0.76    143.                     
 56.000    5.55   18.29  0.2315    6.75    8.38   18.91   11.02    0.98    135.                     
 58.000    4.19   17.18  0.1997    6.60    9.25   18.41   10.03    0.83    126.                     
 60.000    2.39   18.41  0.2710    4.32   10.37   19.18    9.94    0.64     87.                     
 62.000    0.19   15.83  0.0603    4.30    9.03   16.63    8.30    0.36     51.                     
 64.000   -1.08   14.82  -.1153    3.90   10.15   16.16    8.51    0.21     45.                     
 66.000   -2.24   14.60  -.3729    1.48   11.98   16.74    8.77    0.39     43.                     
 68.000   -2.73   10.39  -.0621   -0.87   12.05   14.31    7.21    0.32     42.                     
 70.000   -5.14   12.94  0.1416   -4.23    8.40   14.76    7.76    0.33     41.                     
     T A B L E  I -  5.  W I N D  S T A T I S T I C A L  P A R A M E T E R S                        
                                   MAY                                                              
 STATION =   723910     PT. MUGU                                                                    
    Z    MEAN U   SD  U  R(U,V)  MEAN V   SD  V MEAN WS  SD  WS SKEW WS    NOBS                     
    KM     M/S     M/S             M/S     M/S     M/S     M/S                                      
  0.004    1.30    2.89  -.0515    0.26    2.18    3.37    1.88    1.00    612.                     
  1.000   -0.17    2.93  0.0941   -0.38    1.99    2.69    2.33    2.13    610.                     
  2.000    1.74    4.84  -.2700   -1.87    3.89    5.72    3.50    0.86    610.                     
  3.000    3.40    6.39  -.2070   -1.63    5.33    7.74    4.86    1.08    610.                     
  4.000    4.90    7.52  -.0767   -1.68    6.33    9.37    5.96    1.09    611.                     
  5.000    6.64    8.51  -.0520   -1.74    7.44   11.13    7.13    1.25    612.                     
  6.000    8.24    9.55  -.0131   -1.66    8.57   12.97    8.19    1.21    611.                     
  7.000    9.68   10.49  0.0407   -1.69    9.79   14.68    9.33    1.26    611.                     
  8.000   10.77   11.45  0.1371   -1.81   11.06   16.40   10.17    1.19    609.                     
  9.000   12.14   12.48  0.2122   -1.92   12.62   18.61   10.93    0.94    607.                     
 10.000   13.58   13.43  0.2678   -2.00   13.54   20.47   11.52    0.75    604.                     
 11.000   14.91   14.02  0.2790   -1.91   13.60   21.60   11.85    0.73    593.                     
 12.000   16.27   13.62  0.2618   -1.14   13.11   22.01   11.78    0.87    593.                     
 13.000   16.42   11.37  0.2890   -0.14   11.06   20.62    9.78    0.60    591.                     
 14.000   15.69    9.04  0.2777    0.89    9.27   18.64    8.18    0.37    587.                     
 15.000   14.01    7.27  0.2504    1.41    7.76   16.30    6.73    0.23    587.                     
 16.000   11.32    5.71  0.1877    1.28    6.16   13.15    5.24    0.24    581.                     
 17.000    8.00    4.28  0.1049    1.22    4.70    9.49    3.96    0.36    539.                     
 18.000    4.67    3.55  0.0319    0.93    3.78    6.32    3.11    0.59    539.                     
 19.000    1.97    3.05  0.0784    0.70    2.83    4.02    2.35    0.82    537.                     
 20.000   -0.23    2.85  0.0604    0.27    2.20    3.17    1.75    1.03    532.                     
 21.000   -1.71    2.99  -.0001    0.01    2.11    3.49    2.03    0.71    524.                     
 22.000   -2.45    2.99  0.0017   -0.18    2.11    3.84    2.15    0.79    521.                     
 23.000   -2.85    2.91  0.0357   -0.28    1.90    3.95    2.16    0.59    499.                     
 24.000   -3.05    3.34  0.0954   -0.31    2.45    4.52    2.47    0.68    491.                     
 25.000   -2.91    3.82  0.1566   -0.06    2.27    4.64    2.58    0.80    476.                     
 26.000   -2.46    4.26  0.1862    0.07    2.25    4.72    2.64    1.06    442.                     
 27.000   -1.99    4.72  0.1972    0.16    2.54    4.99    2.78    0.99    390.                     
 28.000   -1.14    5.11  0.2349    0.19    2.46    5.02    2.86    0.83    374.                     
 29.000   -0.61    5.50  0.1637    0.12    2.69    5.27    3.15    0.99    283.                     
 30.000   -0.38    5.77  0.1452    0.10    2.69    5.53    3.17    0.98    267.                     
 32.000   -0.14    5.73  0.0141    1.57    3.35    6.00    3.22    0.75    164.                     
 34.000    0.29    6.16  0.1085    1.64    3.56    6.40    3.50    0.95    164.                     
 36.000   -0.95    7.70  0.0881    1.09    3.61    7.53    4.18    0.70    164.                     
 38.000   -2.83    8.62  -.0405    0.12    4.10    8.72    4.76    1.07    165.                     
 40.000   -6.27    8.53  -.3259   -0.11    4.44   10.04    5.53    0.79    165.                     
 42.000  -10.10    8.29  -.1420    0.09    4.26   11.99    6.70    0.50    165.                     
 44.000  -13.74    7.50  -.0830    1.94    4.87   14.97    6.94    0.13    164.                     
 46.000  -16.22    8.27  0.1839    3.97    5.11   17.92    7.20    0.08    164.                     
 48.000  -18.02    8.62  0.0770    6.08    5.43   20.20    7.57    0.12    164.                     
 50.000  -18.81    9.57  0.0830    6.93    4.90   21.16    8.33    0.19    163.                     
 52.000  -19.66    9.39  -.1482    5.37    6.63   21.63    8.89    0.20    162.                     
 54.000  -23.55    9.15  -.1689    3.83    6.06   24.68    8.97    0.42    156.                     
 56.000  -26.85    9.98  -.1890    3.42    6.86   27.99    9.79    0.03    144.                     
 58.000  -30.67    9.58  0.2199    3.27    9.72   32.41    9.29    0.31    123.                     
 60.000  -31.80   11.24  0.3544    5.80   10.33   34.29   10.03   -0.17     86.                     
 62.000  -32.46   13.63  0.2634    6.03    9.94   35.00   12.15   -0.24     62.                     
 64.000  -33.15   13.73  -.1118    4.54   11.88   35.57   13.44   -0.40     49.                     
 66.000  -32.16   13.66  0.0086    5.87    9.06   34.18   12.92    0.46     49.                     
 68.000  -27.50   17.44  -.1600    4.08   11.65   31.20   15.32    0.99     49.                     
 70.000  -25.41   14.03  -.2516    3.34   12.15   28.79   12.99    0.61     48.                     
     T A B L E  I -  6.  W I N D  S T A T I S T I C A L  P A R A M E T E R S                        
                                   JUNE                                                             
 STATION =   723910     PT. MUGU                                                                    
    Z    MEAN U   SD  U  R(U,V)  MEAN V   SD  V MEAN WS  SD  WS SKEW WS    NOBS                     
    KM     M/S     M/S             M/S     M/S     M/S     M/S                                      
  0.004    1.29    2.64  -.0806    0.16    2.10    3.23    1.60    0.44    621.                     
  1.000    0.15    3.12  -.2101   -0.26    1.84    2.75    2.37    1.80    618.                     
  2.000    1.97    4.51  -.2519   -0.83    3.79    5.38    3.21    0.74    618.                     
  3.000    2.91    6.05  -.2061    0.61    5.19    7.15    4.60    0.91    618.                     
  4.000    3.80    7.24  -.1609    1.54    6.45    8.71    5.91    1.40    618.                     
  5.000    5.13    7.70  -.0856    1.57    7.43   10.05    6.48    0.93    618.                     
  6.000    6.40    8.55  -.0274    1.69    8.60   11.65    7.42    0.94    619.                     
  7.000    7.94    9.53  -.0108    1.86    9.69   13.33    8.56    0.93    616.                     
  8.000    9.52   10.55  0.0338    2.07   11.03   15.29    9.69    0.85    616.                     
  9.000   11.11   11.60  0.1071    2.50   12.47   17.42   10.77    0.72    615.                     
 10.000   12.86   12.45  0.1538    3.03   13.52   19.47   11.55    0.56    613.                     
 11.000   14.69   12.95  0.1972    3.64   14.12   21.26   11.98    0.37    612.                     
 12.000   16.42   12.61  0.2445    4.19   14.01   22.42   11.81    0.21    611.                     
 13.000   16.72   11.59  0.2693    4.59   12.92   21.97   10.90    0.19    609.                     
 14.000   15.27    9.64  0.2695    4.93   10.75   19.57    9.11    0.11    608.                     
 15.000   12.33    7.66  0.2183    4.24    8.54   15.75    7.30    0.28    607.                     
 16.000    8.25    5.91  0.0946    3.07    6.47   11.18    5.41    0.47    605.                     
 17.000    3.85    4.66  -.0249    1.85    4.83    6.96    3.84    0.75    555.                     
 18.000   -0.22    3.95  -.0310    1.15    3.60    4.76    2.68    0.78    554.                     
 19.000   -2.90    3.18  0.0441    0.84    2.56    4.52    2.32    0.76    550.                     
 20.000   -4.93    2.94  -.0075    0.66    2.18    5.62    2.55    0.41    544.                     
 21.000   -6.43    2.80  0.0264    0.29    2.13    6.80    2.75    0.17    534.                     
 22.000   -7.57    2.65  -.0278    0.21    1.86    7.83    2.56   -0.15    529.                     
 23.000   -8.54    2.67  -.0235    0.08    1.74    8.74    2.58   -0.30    517.                     
 24.000   -9.39    3.05  -.0478   -0.03    2.06    9.64    2.96   -0.20    513.                     
 25.000   -9.80    3.16  -.0248    0.03    1.98   10.02    3.06   -0.06    495.                     
 26.000   -9.99    3.44  0.0324    0.06    1.89   10.19    3.37   -0.03    467.                     
 27.000  -10.32    3.97  0.0532    0.07    2.34   10.63    3.85    0.10    427.                     
 28.000  -10.59    3.73  0.0666   -0.01    1.96   10.81    3.61    0.01    408.                     
 29.000  -11.14    4.14  0.0593   -0.09    2.32   11.41    4.05    0.06    343.                     
 30.000  -11.68    3.92  0.0213    0.24    2.10   11.90    3.84   -0.11    317.                     
 32.000  -14.56    4.86  -.0749    1.39    2.80   14.91    4.79    0.05    144.                     
 34.000  -16.01    5.35  -.0920    1.42    2.75   16.32    5.28   -0.28    144.                     
 36.000  -18.38    5.45  -.0571    0.58    3.02   18.65    5.38   -0.16    145.                     
 38.000  -22.18    5.36  0.1446    0.49    3.36   22.46    5.25    0.03    145.                     
 40.000  -25.91    6.39  0.1894    0.58    3.65   26.20    6.28   -0.19    145.                     
 42.000  -29.67    6.99  -.1242    0.41    4.30   29.99    6.98    0.20    145.                     
 44.000  -33.15    6.13  -.1053    2.50    5.26   33.66    6.09   -0.02    145.                     
 46.000  -35.77    6.75  0.1424    4.70    5.17   36.48    6.51   -0.34    145.                     
 48.000  -38.50    7.36  0.0929    4.73    5.29   39.17    7.26   -0.25    144.                     
 50.000  -41.36    8.25  0.0216    5.45    6.16   42.22    8.00    0.02    142.                     
 52.000  -44.07    8.92  0.0796    6.12    6.09   44.95    8.69   -0.08    132.                     
 54.000  -46.76    9.41  -.0417    5.38    6.26   47.48    9.39    0.10    124.                     
 56.000  -50.38    9.92  -.1146    5.38    6.51   51.09    9.87    0.23    117.                     
 58.000  -53.04   11.10  0.1542    3.13    7.82   53.71   11.02    0.30     90.                     
 60.000  -53.52   12.24  0.0233    2.78   10.22   54.47   12.55    0.37     62.                     
 62.000  -57.70   14.32  0.1882    5.66   14.06   59.59   14.44   -0.05     41.                     
 64.000  -55.49   17.34  0.2488    8.51   10.03   57.24   16.48    0.33     33.                     
 66.000  -52.61   14.41  -.3780    7.18   11.02   54.22   14.32   -0.32     32.                     
 68.000  -49.28   18.84  -.0700    5.97   12.72   51.26   18.65   -0.09     31.                     
 70.000  -44.92   21.59  0.1080    9.20   13.49   48.41   19.95    0.07     29.                     
     T A B L E  I -  7.  W I N D  S T A T I S T I C A L  P A R A M E T E R S                        
                                   JULY                                                             
 STATION =   723910     PT. MUGU                                                                    
    Z    MEAN U   SD  U  R(U,V)  MEAN V   SD  V MEAN WS  SD  WS SKEW WS    NOBS                     
    KM     M/S     M/S             M/S     M/S     M/S     M/S                                      
  0.004    1.35    2.58  0.0123    0.16    1.92    3.07    1.66    0.38    574.                     
  1.000    0.00    2.50  -.4629    0.22    1.40    2.32    1.68    1.59    571.                     
  2.000    1.88    3.29  -.0796    0.59    2.81    4.14    2.33    0.86    570.                     
  3.000    2.10    3.97  0.0695    2.07    3.65    5.33    3.05    0.88    568.                     
  4.000    1.90    4.82  0.1224    3.15    3.88    6.23    3.62    0.98    567.                     
  5.000    1.85    5.44  0.0977    3.62    4.19    6.84    4.10    0.94    568.                     
  6.000    2.27    6.14  0.1123    3.78    4.78    7.68    4.58    1.08    570.                     
  7.000    3.05    6.91  0.1715    4.17    5.57    8.78    5.32    1.22    567.                     
  8.000    4.10    7.68  0.1976    4.86    6.40   10.16    6.09    1.18    566.                     
  9.000    5.38    8.49  0.1722    6.17    7.21   12.04    6.77    1.10    566.                     
 10.000    6.82    9.30  0.0947    7.72    7.94   14.10    7.55    0.93    564.                     
 11.000    7.58    9.79  0.0341    9.21    8.86   15.78    8.21    0.69    559.                     
 12.000    8.09    9.79  0.0134   10.47    9.23   16.72    8.74    0.56    559.                     
 13.000    8.13    9.02  0.0923   10.84    9.04   16.43    8.76    0.50    559.                     
 14.000    7.15    8.06  0.2104    9.49    7.94   14.31    8.03    0.58    556.                     
 15.000    4.84    6.81  0.2653    7.00    6.18   10.82    6.31    0.66    554.                     
 16.000    1.53    5.19  0.2382    4.71    4.67    7.50    4.12    0.84    548.                     
 17.000   -1.78    3.80  0.2063    3.27    3.63    5.62    3.14    0.89    510.                     
 18.000   -4.43    3.43  0.2597    2.21    3.09    6.15    2.83    0.64    508.                     
 19.000   -6.44    2.78  0.1945    1.49    2.55    7.18    2.51    0.42    501.                     
 20.000   -8.16    2.53  0.0819    1.05    2.28    8.56    2.43    0.30    499.                     
 21.000   -9.71    2.66  0.0432    0.59    2.20    9.97    2.64    0.20    490.                     
 22.000  -11.06    2.49  -.1100    0.27    1.56   11.19    2.42    0.18    476.                     
 23.000  -12.36    2.46  -.0643    0.07    1.64   12.48    2.41    0.00    457.                     
 24.000  -13.76    2.65  0.0996    0.01    1.90   13.90    2.61    0.05    453.                     
 25.000  -14.86    2.62  0.0130    0.02    1.91   14.98    2.61    0.02    438.                     
 26.000  -15.66    2.90  -.0008    0.03    1.99   15.79    2.88   -0.09    396.                     
 27.000  -16.45    3.17  0.0487    0.13    2.50   16.64    3.14   -0.32    376.                     
 28.000  -17.33    3.03  0.0590    0.10    2.01   17.44    3.02   -0.23    331.                     
 29.000  -18.53    3.65  0.0554    0.17    2.86   18.75    3.63    0.18    287.                     
 30.000  -19.24    3.19  0.1541    0.29    2.50   19.41    3.17    0.06    233.                     
 32.000  -22.68    3.62  -.1768    1.62    2.74   22.90    3.64   -0.15    139.                     
 34.000  -23.71    3.45  0.0008    1.35    3.06   23.95    3.42    0.01    140.                     
 36.000  -26.52    4.35  -.0731    1.03    3.40   26.76    4.32   -0.03    140.                     
 38.000  -29.23    4.81  -.1289    1.18    4.27   29.58    4.74   -0.21    142.                     
 40.000  -33.29    4.27  0.0572   -0.08    4.25   33.55    4.33   -0.05    142.                     
 42.000  -38.10    4.87  0.0443    0.05    5.28   38.46    4.87   -0.20    142.                     
 44.000  -42.09    5.35  0.0585    2.13    5.87   42.56    5.25   -0.21    142.                     
 46.000  -44.74    6.25  0.1210    4.62    5.34   45.30    6.15    0.23    142.                     
 48.000  -47.31    6.55  0.1203    4.97    6.18   47.98    6.48    0.18    142.                     
 50.000  -51.36    7.16  0.1017    5.79    5.95   52.04    7.05   -0.01    141.                     
 52.000  -53.83    8.32  0.2111    7.11    7.00   54.78    8.07    0.04    136.                     
 54.000  -54.76    9.04  0.1272    7.42    7.32   55.78    8.80   -0.24    129.                     
 56.000  -57.97   10.73  0.1770    5.20    9.87   59.10   10.30    0.03    122.                     
 58.000  -59.85   13.02  0.2448    1.75   12.31   61.18   12.69   -0.06    105.                     
 60.000  -60.03   17.21  0.1480    2.25   13.50   61.68   16.71   -0.25     76.                     
 62.000  -62.04   20.10  0.0455    5.62   12.38   63.59   19.77    0.08     61.                     
 64.000  -56.71   21.39  0.1401    7.79   11.35   58.56   20.77    0.13     54.                     
 66.000  -45.11   23.71  0.1581   10.43   14.17   49.25   21.80    0.04     51.                     
 68.000  -35.08   21.35  -.0473    9.30   21.22   42.90   19.30    0.45     49.                     
 70.000  -25.92   22.64  0.0388    5.10   25.12   37.96   19.59    0.58     46.                     
     T A B L E  I -  8.  W I N D  S T A T I S T I C A L  P A R A M E T E R S                        
                                   AUGUST                                                           
 STATION =   723910     PT. MUGU                                                                    
    Z    MEAN U   SD  U  R(U,V)  MEAN V   SD  V MEAN WS  SD  WS SKEW WS    NOBS                     
    KM     M/S     M/S             M/S     M/S     M/S     M/S                                      
  0.004    1.24    2.49  0.0809   -0.03    1.97    3.04    1.54    0.37    619.                     
  1.000   -0.10    2.55  -.4717    0.28    1.39    2.35    1.72    1.43    618.                     
  2.000    1.62    3.44  -.2099    0.42    3.00    4.21    2.43    0.64    617.                     
  3.000    1.72    4.23  -.0400    1.80    3.56    5.30    2.95    0.72    617.                     
  4.000    1.61    4.95  0.0464    2.49    3.80    5.91    3.57    1.20    618.                     
  5.000    1.79    5.94  0.0732    2.59    4.27    6.60    4.45    1.57    618.                     
  6.000    2.61    6.89  0.1395    2.45    5.12    7.65    5.29    1.63    618.                     
  7.000    3.99    7.49  0.1877    2.75    5.76    8.79    5.95    1.67    617.                     
  8.000    5.44    8.07  0.2096    3.42    6.36   10.13    6.63    1.39    616.                     
  9.000    7.01    8.67  0.1543    4.52    6.93   11.80    7.31    1.15    615.                     
 10.000    8.64    9.34  0.0924    5.68    7.71   13.76    8.00    0.97    612.                     
 11.000   10.04   10.17  0.0404    6.99    8.56   15.79    8.78    0.76    611.                     
 12.000   10.92   10.32  0.0093    7.95    8.74   16.88    8.95    0.69    611.                     
 13.000   10.89    9.78  0.0099    8.25    8.43   16.75    8.52    0.60    610.                     
 14.000    9.67    8.31  0.0766    7.42    7.39   14.72    7.44    0.52    607.                     
 15.000    7.09    6.86  0.1402    5.50    5.63   11.10    6.00    0.49    607.                     
 16.000    3.36    5.40  0.1231    3.73    4.04    7.34    4.09    0.71    598.                     
 17.000   -0.27    4.11  -.0176    2.47    3.32    5.19    2.66    0.54    560.                     
 18.000   -3.14    3.47  0.0831    1.58    2.86    5.09    2.57    0.50    559.                     
 19.000   -5.04    3.35  0.0115    1.12    2.30    5.91    2.87    0.35    551.                     
 20.000   -6.98    3.09  0.0214    0.71    2.03    7.38    2.93    0.25    540.                     
 21.000   -8.66    3.01  0.0270    0.33    2.05    8.93    2.94    0.02    535.                     
 22.000  -10.11    2.64  0.0588    0.26    1.62   10.25    2.61   -0.12    527.                     
 23.000  -11.55    2.62  -.0048    0.09    1.59   11.66    2.61   -0.01    507.                     
 24.000  -12.94    2.77  -.0222    0.07    1.78   13.06    2.75   -0.02    506.                     
 25.000  -14.00    2.88  -.0482    0.15    1.79   14.12    2.88   -0.14    490.                     
 26.000  -14.88    2.85  -.0366    0.17    1.81   14.99    2.84   -0.14    455.                     
 27.000  -15.66    3.28  0.0189    0.00    2.22   15.83    3.23   -0.13    438.                     
 28.000  -16.43    3.08  0.0026    0.02    1.81   16.53    3.04   -0.18    382.                     
 29.000  -17.25    3.64  0.0086    0.19    2.62   17.46    3.57    0.12    335.                     
 30.000  -17.65    3.53  -.0245    0.19    2.08   17.78    3.50    0.02    278.                     
 32.000  -20.93    3.57  0.0391    1.64    2.78   21.18    3.55   -0.02    126.                     
 34.000  -21.71    4.96  0.2729    1.17    2.72   21.92    4.88   -0.08    126.                     
 36.000  -23.34    5.34  0.0641    0.72    3.07   23.56    5.30   -0.26    128.                     
 38.000  -25.44    6.10  -.0518    0.17    3.89   25.74    6.07    0.10    130.                     
 40.000  -27.30    7.53  0.0218    0.10    4.39   27.65    7.51   -0.11    132.                     
 42.000  -30.51    7.68  0.0360   -0.01    4.60   30.87    7.59    0.38    132.                     
 44.000  -34.58    8.42  -.1267    1.02    4.68   34.91    8.40    0.53    133.                     
 46.000  -36.66    7.63  -.0488    2.53    6.17   37.26    7.60    0.01    133.                     
 48.000  -37.52    9.74  -.0958    4.78    7.50   38.62    9.45   -0.15    133.                     
 50.000  -38.48   10.98  -.2193    6.08    7.71   39.80   10.64   -0.20    133.                     
 52.000  -37.82   13.18  -.1219    6.07    8.79   39.47   12.64   -0.44    132.                     
 54.000  -37.13   14.25  0.0231    6.34    9.36   39.02   13.64    0.02    131.                     
 56.000  -36.07   17.96  0.0825    5.18   10.02   38.30   16.81    0.12    129.                     
 58.000  -33.72   17.78  -.0014    4.34   10.48   36.15   16.55    0.46    115.                     
 60.000  -32.06   17.75  0.0782    2.06   12.60   35.07   16.55    0.25     85.                     
 62.000  -32.40   19.15  0.3019    1.15   13.68   35.85   17.77   -0.17     67.                     
 64.000  -24.69   19.63  0.1932    3.29   15.19   30.66   17.04    0.50     56.                     
 66.000  -16.35   19.05  0.0879    1.88   19.21   26.91   16.44    0.61     54.                     
 68.000  -11.01   23.18  0.3064    1.46   20.89   27.11   18.72    0.70     54.                     
 70.000   -1.94   21.64  0.2588    2.87   16.06   23.39   13.42    1.18     51.                     
     T A B L E  I -  9.  W I N D  S T A T I S T I C A L  P A R A M E T E R S                        
                                   SEPTEMBER                                                        
 STATION =   723910     PT. MUGU                                                                    
    Z    MEAN U   SD  U  R(U,V)  MEAN V   SD  V MEAN WS  SD  WS SKEW WS    NOBS                     
    KM     M/S     M/S             M/S     M/S     M/S     M/S                                      
  0.004    0.85    2.77  0.1790   -0.28    2.42    3.23    1.96    1.59    525.                     
  1.000   -1.46    3.36  0.2005   -0.05    2.44    3.31    2.91    2.13    522.                     
  2.000   -0.59    4.60  -.0659    0.76    4.13    5.33    3.25    0.93    522.                     
  3.000    0.38    5.74  -.0251    1.60    5.38    6.89    4.13    0.91    522.                     
  4.000    1.70    6.73  -.0139    1.66    6.21    8.02    5.00    0.95    523.                     
  5.000    2.98    7.44  -.0027    1.44    7.15    9.07    5.91    1.05    523.                     
  6.000    4.24    8.31  0.0613    1.15    8.25   10.42    6.90    1.00    522.                     
  7.000    5.75    9.41  0.1876    1.26    9.40   12.22    7.87    0.99    519.                     
  8.000    7.38   10.70  0.2886    1.39   10.78   14.37    8.96    1.04    518.                     
  9.000    9.09   11.97  0.3719    1.82   12.11   16.57   10.05    0.92    517.                     
 10.000   11.07   13.04  0.4053    2.28   13.07   18.73   10.83    0.74    517.                     
 11.000   13.32   13.88  0.3866    2.77   13.46   20.65   11.50    0.64    517.                     
 12.000   15.18   13.41  0.3245    3.59   12.87   21.42   11.38    0.61    515.                     
 13.000   16.03   12.20  0.2809    3.93   11.69   21.00   10.82    0.61    512.                     
 14.000   14.70   10.33  0.2466    3.62    9.72   18.47    9.43    0.66    510.                     
 15.000   11.58    8.23  0.2082    2.75    7.68   14.58    7.45    0.77    507.                     
 16.000    7.56    6.43  0.1642    1.61    5.87   10.16    5.69    0.81    503.                     
 17.000    3.59    5.15  0.1179    0.76    4.57    6.56    4.21    0.89    486.                     
 18.000    0.50    4.19  0.0139    0.49    3.52    4.80    2.71    0.84    485.                     
 19.000   -1.51    3.71  0.0634    0.25    2.70    4.21    2.36    0.72    482.                     
 20.000   -2.73    3.40  0.1054    0.21    2.27    4.33    2.33    0.59    476.                     
 21.000   -3.68    3.53  0.1174   -0.16    2.27    4.96    2.57    0.26    470.                     
 22.000   -4.78    3.57  0.0524   -0.08    1.98    5.67    2.71    0.19    464.                     
 23.000   -5.49    3.76  0.0172   -0.02    1.85    6.21    3.01    0.18    444.                     
 24.000   -6.04    4.08  0.0692   -0.05    2.14    6.86    3.26    0.03    443.                     
 25.000   -6.54    4.39  0.1638    0.07    1.96    7.36    3.42    0.05    428.                     
 26.000   -7.02    4.62  0.1429    0.17    1.83    7.74    3.74    0.04    394.                     
 27.000   -7.38    4.73  0.0804    0.16    2.26    8.18    3.88    0.15    367.                     
 28.000   -7.50    4.94  0.1770    0.16    1.88    8.24    4.05    0.14    351.                     
 29.000   -7.61    5.53  0.1465    0.28    2.47    8.63    4.50    0.27    304.                     
 30.000   -7.45    5.13  0.1535    0.42    2.21    8.32    4.21    0.22    278.                     
 32.000   -9.04    5.80  0.1580    1.46    2.87   10.01    5.03    0.52    111.                     
 34.000   -7.35    5.84  0.1810    2.60    3.33    9.27    4.45    0.36    111.                     
 36.000   -6.06    6.75  0.1430    1.06    3.33    8.28    5.07    0.58    112.                     
 38.000   -6.80    7.35  -.0398   -0.13    4.17    9.39    5.39    0.51    112.                     
 40.000   -8.31    8.47  -.0810   -0.73    4.00   10.96    6.05    0.49    113.                     
 42.000   -9.74    8.52  0.0728    0.50    5.06   12.12    6.77    0.30    113.                     
 44.000  -10.59    8.82  -.0290    1.33    5.93   13.16    7.30    0.47    113.                     
 46.000  -10.10   10.47  -.0130    2.60    5.46   13.75    7.64    0.78    113.                     
 48.000   -8.38   11.00  -.0924    3.55    5.62   12.95    8.19    0.93    112.                     
 50.000   -7.03   11.33  -.0344    4.33    6.78   13.28    8.07    0.95    111.                     
 52.000   -4.97   12.70  0.0056    4.44    6.81   13.28    8.63    1.05    107.                     
 54.000   -1.85   12.66  -.1766    5.94    6.23   13.65    7.06    0.81    104.                     
 56.000    2.75   11.12  -.2022    5.08    7.52   13.08    6.40    0.14     99.                     
 58.000    4.59   12.45  0.0026    1.80    8.07   14.20    6.38    0.60     86.                     
 60.000    4.56   15.02  0.0640    2.55    8.38   15.81    8.36    0.55     68.                     
 62.000    7.77   15.00  -.1038    5.83    7.52   16.70    9.63    0.76     44.                     
 64.000   12.61   12.69  -.0533    6.51    8.79   19.22    8.13    0.24     41.                     
 66.000   15.09   12.13  -.3377    5.69    9.80   20.97    7.65    0.23     40.                     
 68.000   16.03   10.87  -.0277    4.23    9.21   19.49    9.77    0.59     39.                     
 70.000   19.64   12.98  0.2132   -1.21   11.05   23.00   12.04    0.39     39.                     
     T A B L E  I - 10.  W I N D  S T A T I S T I C A L  P A R A M E T E R S                        
                                   OCTOBER                                                          
 STATION =   723910     PT. MUGU                                                                    
    Z    MEAN U   SD  U  R(U,V)  MEAN V   SD  V MEAN WS  SD  WS SKEW WS    NOBS                     
    KM     M/S     M/S             M/S     M/S     M/S     M/S                                      
  0.004    0.11    2.97  0.3633   -0.98    2.85    3.49    2.39    1.99    572.                     
  1.000   -1.48    4.39  0.4765   -1.15    3.07    4.15    3.86    2.03    570.                     
  2.000    0.02    5.28  -.0365   -0.99    4.67    5.99    3.84    1.02    570.                     
  3.000    1.75    6.52  -.0776   -1.09    6.64    8.09    5.02    0.93    570.                     
  4.000    3.14    7.73  -.0288   -1.38    8.27    9.99    6.32    1.10    569.                     
  5.000    4.46    8.89  0.0629   -1.64   10.04   11.95    7.70    1.07    570.                     
  6.000    5.80   10.19  0.1836   -2.00   11.73   14.04    9.03    0.90    569.                     
  7.000    7.08   11.41  0.2441   -2.04   13.33   16.03   10.25    0.89    569.                     
  8.000    8.32   12.65  0.2852   -1.82   15.07   18.12   11.44    0.93    568.                     
  9.000    9.80   13.69  0.3122   -1.89   16.44   20.28   12.06    0.86    567.                     
 10.000   11.54   14.45  0.3361   -1.71   17.15   21.97   12.48    0.74    567.                     
 11.000   13.52   14.93  0.3552   -1.39   17.06   23.13   12.78    0.65    562.                     
 12.000   15.79   14.70  0.4006   -1.01   16.18   23.62   13.03    0.62    560.                     
 13.000   16.76   13.33  0.3979   -0.60   14.01   22.56   12.07    0.62    559.                     
 14.000   15.95   11.70  0.3481   -0.60   11.52   20.36   10.45    0.42    553.                     
 15.000   13.96    9.85  0.3111   -0.81    9.56   17.48    8.84    0.34    551.                     
 16.000   11.23    8.13  0.2630   -1.01    7.47   13.99    7.30    0.34    543.                     
 17.000    8.06    6.58  0.2458   -0.96    5.67   10.41    5.75    0.50    496.                     
 18.000    5.04    5.49  0.2422   -0.85    4.63    7.66    4.35    0.82    491.                     
 19.000    2.79    4.83  0.3163   -1.04    3.52    5.70    3.47    1.33    488.                     
 20.000    1.44    4.26  0.2828   -0.91    2.89    4.58    2.89    1.63    486.                     
 21.000    0.81    3.98  0.2035   -0.88    2.66    4.18    2.61    1.18    478.                     
 22.000    0.80    3.92  0.2502   -0.62    2.65    4.08    2.61    1.22    476.                     
 23.000    1.16    4.15  0.2342   -0.35    2.24    3.97    2.81    1.70    463.                     
 24.000    1.52    4.78  0.1643   -0.07    2.58    4.52    3.36    1.83    460.                     
 25.000    2.37    5.33  0.1977   -0.08    2.48    5.07    3.79    1.60    444.                     
 26.000    3.21    5.72  0.1603   -0.03    2.38    5.54    4.24    1.60    416.                     
 27.000    4.25    6.62  0.1578    0.01    2.75    6.70    4.95    1.36    378.                     
 28.000    5.53    7.43  0.2923    0.11    2.75    7.75    5.77    1.33    371.                     
 29.000    6.92    8.28  0.3321    0.29    3.29    9.13    6.62    1.25    300.                     
 30.000    8.20    8.84  0.3599    0.50    3.55   10.09    7.51    1.20    289.                     
 32.000   11.78   10.28  0.2582    1.77    3.95   13.47    9.03    1.01    139.                     
 34.000   15.27   10.87  0.2372    3.04    5.12   17.08    9.74    0.83    139.                     
 36.000   19.74   11.16  0.3955    2.89    5.41   20.91   10.70    0.62    139.                     
 38.000   23.33   13.08  0.4642    2.17    5.66   24.27   12.75    0.34    139.                     
 40.000   26.38   14.48  0.2461    0.74    5.48   27.24   13.92    0.20    140.                     
 42.000   28.73   16.24  0.0407    0.94    5.66   30.01   14.87    0.05    140.                     
 44.000   31.20   16.03  -.0037    1.68    6.09   32.21   15.25   -0.16    140.                     
 46.000   35.02   16.24  -.0444    3.90    7.41   36.32   15.51   -0.27    139.                     
 48.000   39.49   16.64  0.1350    5.95    8.41   40.99   16.16   -0.58    139.                     
 50.000   42.13   18.27  0.1543    7.22    8.19   43.92   17.26   -0.42    138.                     
 52.000   45.35   18.06  0.1817    7.76    8.80   46.95   17.76   -0.33    135.                     
 54.000   47.65   17.94  0.3327    8.12    8.82   49.02   18.25   -0.34    132.                     
 56.000   50.09   17.10  0.3883    8.59    8.72   51.44   17.47   -0.38    131.                     
 58.000   50.39   18.01  0.4285    7.76    9.83   51.80   18.35   -0.26    124.                     
 60.000   52.31   18.43  0.4057    8.18   10.67   53.94   18.60    0.29     90.                     
 62.000   53.56   20.42  0.6356    6.43   11.54   54.98   20.86    0.19     65.                     
 64.000   54.17   23.12  0.7104    7.67   12.39   55.68   24.07    0.47     53.                     
 66.000   51.85   27.18  0.5963    4.94   14.79   53.75   27.88    0.45     53.                     
 68.000   47.25   32.81  0.2508    3.92   15.54   51.04   30.88    0.28     52.                     
 70.000   45.35   30.33  0.0091   -0.05   15.76   49.38   27.91    0.14     48.                     
     T A B L E  I - 11.  W I N D  S T A T I S T I C A L  P A R A M E T E R S                        
                                   NOVEMBER                                                         
 STATION =   723910     PT. MUGU                                                                    
    Z    MEAN U   SD  U  R(U,V)  MEAN V   SD  V MEAN WS  SD  WS SKEW WS    NOBS                     
    KM     M/S     M/S             M/S     M/S     M/S     M/S                                      
  0.004   -1.06    3.61  0.4099   -1.62    3.04    4.14    2.98    1.64    539.                     
  1.000   -1.48    4.73  0.1967   -0.92    3.63    4.87    3.85    1.23    534.                     
  2.000    1.38    5.19  -.0700   -1.11    5.26    6.52    3.88    0.80    534.                     
  3.000    4.14    6.39  -.0376   -2.14    7.29    9.30    5.39    0.94    534.                     
  4.000    6.61    8.14  -.0046   -2.45    9.54   12.31    7.42    1.19    535.                     
  5.000    8.61    9.40  0.0930   -2.28   11.06   14.83    8.35    0.60    538.                     
  6.000   10.62   10.59  0.1446   -2.45   12.80   17.32    9.71    0.69    535.                     
  7.000   12.49   12.09  0.1654   -2.08   14.25   19.71   10.99    0.76    534.                     
  8.000   14.34   13.21  0.2628   -2.15   15.80   22.09   12.07    0.79    534.                     
  9.000   16.15   14.50  0.3202   -2.22   17.34   24.52   13.20    0.75    532.                     
 10.000   17.83   15.31  0.3434   -2.24   17.79   26.23   13.60    0.68    529.                     
 11.000   19.08   15.25  0.3177   -2.36   17.51   27.04   13.28    0.56    523.                     
 12.000   20.05   14.30  0.3298   -1.83   16.77   27.18   12.32    0.48    523.                     
 13.000   20.47   12.92  0.3186   -1.18   14.93   26.14   11.25    0.45    520.                     
 14.000   19.39   11.21  0.2976   -0.87   12.84   23.79   10.04    0.53    512.                     
 15.000   17.12    9.67  0.2954   -0.73   11.09   20.73    8.95    0.39    509.                     
 16.000   14.25    8.17  0.3045   -0.81    8.74   17.01    7.56    0.40    506.                     
 17.000   10.94    6.72  0.3313   -0.85    6.90   13.25    6.13    0.37    461.                     
 18.000    8.02    5.86  0.2774   -1.17    5.70   10.32    5.10    0.67    456.                     
 19.000    5.78    5.19  0.2264   -1.24    4.65    8.15    4.12    0.87    448.                     
 20.000    4.14    4.80  0.2275   -1.40    3.84    6.63    3.59    0.86    440.                     
 21.000    3.17    4.93  0.2638   -1.48    3.40    5.98    3.50    0.87    432.                     
 22.000    2.76    5.59  0.1673   -1.47    3.29    6.10    3.82    1.30    425.                     
 23.000    3.11    5.83  0.2266   -1.32    2.77    6.21    3.80    1.24    413.                     
 24.000    3.76    6.61  0.2512   -1.15    3.11    7.02    4.42    1.04    407.                     
 25.000    4.68    7.66  0.3332   -0.95    3.30    8.06    5.23    1.09    399.                     
 26.000    6.00    8.71  0.4145   -0.88    3.25    9.33    6.00    1.11    378.                     
 27.000    7.28    9.91  0.4352   -0.81    3.55   10.73    7.01    1.05    340.                     
 28.000    8.60   10.91  0.4829   -0.76    3.93   12.13    7.85    1.10    334.                     
 29.000    9.89   12.15  0.5042   -0.90    4.05   13.58    8.82    1.02    264.                     
 30.000   11.47   13.03  0.5421   -0.66    4.32   14.96    9.81    0.93    257.                     
 32.000   20.05   15.95  0.5868    1.99    5.63   21.79   14.72    0.75     99.                     
 34.000   24.41   17.33  0.5526    2.79    6.23   25.93   16.41    0.70     99.                     
 36.000   29.23   16.78  0.5215    3.65    7.42   30.62   16.31    0.38    101.                     
 38.000   33.92   18.38  0.6656    2.57    7.36   35.15   17.69    0.30    101.                     
 40.000   37.76   19.32  0.5942    1.65    7.62   38.74   18.92    0.30    101.                     
 42.000   40.88   19.07  0.5222    1.57    7.10   41.53   19.03    0.16    100.                     
 44.000   45.81   19.82  0.4125    2.27    7.98   46.58   19.74    0.08    100.                     
 46.000   51.36   21.79  0.3918    3.79    9.45   52.32   21.88   -0.12    100.                     
 48.000   55.88   23.62  0.3984    6.67   11.59   57.35   23.86   -0.03    100.                     
 50.000   60.82   26.09  0.3974    8.36   13.42   62.61   26.62   -0.07     99.                     
 52.000   63.97   27.54  0.4548    8.73   15.14   66.21   27.74   -0.08     98.                     
 54.000   66.87   27.58  0.3958    8.88   14.65   68.88   27.93   -0.20     97.                     
 56.000   67.78   26.63  0.3155    7.45   14.36   69.68   26.61   -0.37     93.                     
 58.000   66.33   26.29  0.2997    4.33   16.48   68.54   26.08   -0.35     89.                     
 60.000   59.57   27.74  0.3832    1.86   18.31   62.91   26.31   -0.23     70.                     
 62.000   59.65   27.63  0.5009    0.58   21.46   63.43   27.35    0.00     46.                     
 64.000   55.70   27.12  0.6446   -3.02   19.57   59.46   26.14    0.50     37.                     
 66.000   54.45   27.08  0.6277   -3.28   26.06   61.06   25.27    0.10     36.                     
 68.000   54.66   26.08  0.5110    0.51   23.59   60.08   24.44    0.00     36.                     
 70.000   53.62   23.04  0.5227   -2.04   23.51   59.15   21.10    0.51     34.                     
     T A B L E  I - 12.  W I N D  S T A T I S T I C A L  P A R A M E T E R S                        
                                   DECEMBER                                                         
 STATION =   723910     PT. MUGU                                                                    
    Z    MEAN U   SD  U  R(U,V)  MEAN V   SD  V MEAN WS  SD  WS SKEW WS    NOBS                     
    KM     M/S     M/S             M/S     M/S     M/S     M/S                                      
  0.004   -1.17    3.59  0.4117   -2.03    3.25    4.38    3.12    1.34    626.                     
  1.000   -0.73    5.99  0.2780   -1.88    4.14    5.93    4.67    1.34    622.                     
  2.000    2.72    6.38  -.1024   -2.42    5.52    7.82    4.81    0.80    622.                     
  3.000    5.82    7.82  -.0863   -3.43    7.76   11.13    6.55    0.66    622.                     
  4.000    8.20    9.43  -.0299   -4.04    9.58   14.02    8.22    0.59    623.                     
  5.000   10.35   10.89  0.0191   -4.48   11.46   16.68    9.94    0.68    622.                     
  6.000   12.61   12.55  0.0644   -4.78   13.07   19.35   11.64    0.76    622.                     
  7.000   14.57   14.11  0.1385   -4.92   14.83   21.89   13.27    0.87    622.                     
  8.000   16.56   15.66  0.2389   -4.94   16.53   24.54   14.64    0.96    621.                     
  9.000   18.53   16.97  0.3036   -5.43   17.87   27.10   15.65    0.92    616.                     
 10.000   20.25   17.31  0.3412   -5.83   17.84   28.73   15.36    0.72    608.                     
 11.000   21.51   17.07  0.3458   -5.85   17.47   29.49   14.95    0.51    600.                     
 12.000   22.57   16.19  0.3458   -5.09   16.76   29.29   14.83    0.58    598.                     
 13.000   21.78   14.09  0.3471   -3.98   14.38   26.98   12.93    0.50    595.                     
 14.000   20.54   12.01  0.3504   -3.14   12.35   24.67   10.94    0.39    589.                     
 15.000   18.38   10.15  0.3339   -2.62   10.61   21.81    9.20    0.60    587.                     
 16.000   15.29    8.46  0.3399   -2.08    8.70   18.11    7.57    0.40    580.                     
 17.000   12.10    7.10  0.3481   -2.10    6.90   14.46    6.30    0.65    528.                     
 18.000    8.88    6.34  0.3418   -2.06    5.63   11.14    5.55    0.88    522.                     
 19.000    5.79    5.42  0.3337   -1.94    4.37    8.07    4.53    1.09    511.                     
 20.000    3.41    5.15  0.2956   -1.92    3.61    6.31    3.88    1.06    500.                     
 21.000    1.75    5.22  0.2074   -1.96    3.31    5.67    3.58    1.04    492.                     
 22.000    0.42    5.76  0.2559   -2.08    3.25    5.92    3.62    1.08    482.                     
 23.000    0.19    6.34  0.3203   -2.07    2.93    6.36    3.55    0.72    473.                     
 24.000    0.09    7.56  0.2729   -2.12    3.46    7.53    4.09    0.49    452.                     
 25.000    0.55    8.77  0.3381   -2.30    3.86    8.50    5.00    0.49    441.                     
 26.000    1.44    9.80  0.4416   -2.53    4.17    9.36    5.84    0.64    421.                     
 27.000    2.28   11.31  0.4974   -2.76    4.62   10.68    6.91    0.91    372.                     
 28.000    3.84   13.05  0.5065   -2.76    5.17   12.22    8.35    1.27    364.                     
 29.000    5.94   14.34  0.5427   -3.03    6.00   14.06    9.37    1.18    278.                     
 30.000    8.19   15.91  0.5888   -2.92    6.70   16.20   10.51    1.08    272.                     
 32.000   12.87   21.23  0.6253   -2.34    7.42   21.88   14.00    0.80    142.                     
 34.000   20.66   24.50  0.6840   -1.05    8.81   29.30   15.63    0.51    143.                     
 36.000   28.66   25.74  0.7000   -0.13    9.80   35.73   17.31    0.11    144.                     
 38.000   37.02   26.54  0.6913    0.07   10.53   42.70   18.95   -0.13    144.                     
 40.000   43.95   26.37  0.6860    0.35   11.28   48.78   19.28   -0.32    144.                     
 42.000   50.11   27.07  0.5720    3.43   13.29   55.02   20.04   -0.52    144.                     
 44.000   57.63   27.50  0.4416    6.39   14.22   62.63   19.84   -0.69    144.                     
 46.000   64.73   27.95  0.3451    9.57   16.10   70.04   20.27   -0.68    144.                     
 48.000   70.51   28.56  0.3387   12.84   16.79   75.89   21.70   -0.46    143.                     
 50.000   73.94   29.62  0.2949   14.41   18.13   79.41   23.89   -0.25    142.                     
 52.000   75.62   30.96  0.2607   15.44   18.46   81.11   25.93   -0.23    141.                     
 54.000   77.17   31.75  0.2244   15.11   18.57   82.09   28.16   -0.23    140.                     
 56.000   78.83   31.51  0.1994   12.03   18.45   82.44   29.86   -0.28    135.                     
 58.000   78.38   31.65  0.2741   11.21   21.12   82.31   30.62   -0.07    121.                     
 60.000   75.95   33.96  0.3312    8.85   24.06   80.78   32.33    0.01     87.                     
 62.000   73.71   31.37  0.3101    3.57   28.78   79.15   31.26   -0.35     48.                     
 64.000   72.26   29.19  0.5334    9.03   22.48   75.79   30.06   -0.43     39.                     
 66.000   69.46   30.01  0.4224    6.65   23.29   73.37   30.26   -0.32     38.                     
 68.000   69.20   31.20  0.2920    4.05   25.52   73.75   31.19   -0.39     36.                     
 70.000   68.55   32.93  0.3178    1.09   25.67   73.32   32.34   -0.06     34.                     
