                 52.72N  174.12E                                                
     T A B L E  I - 13.  W I N D  S T A T I S T I C A L  P A R A M E T E R S
                                   ANNUAL    
 STATION =   704140     SHEMYA                        
    Z    MEAN U   SD  U  R(U,V)  MEAN V   SD  V MEAN WS  SD  WS SKEW WS    NOBS 
    KM     M/S     M/S             M/S     M/S     M/S     M/S
   .000     .00     .00   .0000     .00     .00     .00     .00     .00      0.
   .039     .78    5.69   .0028    -.13    6.50    7.52    4.32     .80   7883.
  1.000    1.90    8.95  -.0027     .11    8.46   10.79    6.13     .94   8595.
  2.000    2.71    9.06  -.0052     .15    8.57   11.12    6.21    1.01   8582.
  3.000    3.75    9.55  -.0141     .32    9.01   11.94    6.57    1.00   8570.
  4.000    4.95   10.47  -.0271     .56    9.76   13.22    7.41    1.05   8557.
  5.000    6.15   11.81  -.0369     .77   10.89   14.84    8.52    1.00   8527.
  6.000    7.34   13.40  -.0461    1.03   12.27   16.78    9.90    1.00   8356.
  7.000    8.75   15.15  -.0557    1.33   13.76   18.99   11.45    1.05   8292.
  8.000   10.32   16.76  -.0691    1.69   15.04   20.97   13.16    1.12   8195.
  9.000   11.94   17.39  -.0842    1.91   15.54   22.11   14.18    1.11   8116.
 10.000   13.28   16.99  -.1058    2.07   15.31   22.11   14.60    1.22   7914.
 11.000   13.90   15.70  -.1366    2.19   14.22   21.01   13.92    1.32   7690.
 12.000   13.61   13.87  -.1850    2.35   12.48   19.36   12.54    1.46   7545.
 13.000   12.82   12.00  -.2503    2.58   11.03   17.66   10.82    1.33   7472.
 14.000   11.89   10.71  -.3097    2.74    9.82   16.17    9.59    1.22   7364.
 15.000   10.79    9.80  -.3572    2.87    8.87   14.66    8.71    1.17   7270.
 16.000    9.49    9.08  -.3725    2.86    8.06   13.07    8.16    1.21   6853.
 17.000    8.30    8.65  -.3993    3.08    7.42   11.85    7.78    1.39   6432.
 18.000    7.09    8.52  -.3796    3.18    7.01   10.67    7.75    1.53   6415.
 19.000    5.99    8.60  -.3467    3.24    6.55    9.70    7.80    1.77   6293.
 20.000    4.81    8.52  -.3008    3.22    6.07    8.96    7.61    1.98   6236.
 21.000    3.84    8.78  -.2383    3.15    5.81    8.60    7.57    2.15   6107.
 22.000    2.92    9.02  -.1791    3.07    5.58    8.49    7.43    2.43   5982.
 23.000    2.13    9.32  -.1226    2.97    5.54    8.51    7.28    2.58   5856.
 24.000    1.47    9.87  -.0733    2.84    5.78    8.78    7.62    2.63   5662.
 25.000     .96   10.16  -.0430    2.64    5.84    9.10    7.61    2.60   5432.
 26.000     .40   10.68  -.0144    2.33    6.03    9.52    8.02    2.74   5195.
 27.000     .03   11.27  -.0009    2.05    6.26    9.99    8.30    2.67   4747.
 28.000    -.32   11.69   .0073    1.77    6.70   10.45    8.59    2.54   4390.
 29.000    -.64   12.44   .0116    1.54    6.88   10.96    8.87    2.62   3857.
 30.000   -1.04   12.89   .0150    1.34    7.22   11.54    9.34    2.58   3360.
 32.000   -1.96   14.97   .0333    2.02    7.97   13.30   10.82    2.21    273.
 34.000   -2.24   16.80   .0215    1.43    8.88   15.05   11.84    1.91    286.
 36.000   -1.91   18.57   .0099     .96    9.98   16.67   13.04    1.61    293.
 38.000   -1.82   20.04   .0026     .33   11.41   18.23   14.22    1.48    296.
 40.000   -1.40   21.46  -.0009    -.17   12.36   19.86   14.81    1.35    302.
 42.000    -.55   23.54  -.0013    -.76   13.90   22.08   16.02    1.28    308.
 44.000    -.12   26.25  -.0004   -1.46   15.87   24.79   18.05    1.46    312.
 46.000     .49   27.45   .0018   -1.74   17.26   26.29   18.93    1.53    307.
 48.000    1.18   29.43   .0020    -.86   17.41   28.42   19.02    1.23    280.
 50.000     .59   31.59   .0019   -2.10   20.42   30.63   21.84    1.58    251.
 52.000     .72   33.05   .0024   -1.98   18.03   31.20   21.03    1.27    200.
 54.000    1.09   36.63   .0004    -.30   20.57   35.08   22.97    1.39    135.
 56.000   -4.00   40.02  -.0055   -1.09   20.06   38.28   23.21    1.64     69.
 58.000   -3.67   41.62   .0082    2.23   24.83   43.23   20.76    1.22     30.
 60.000  -16.65   42.20   .2496   13.71   23.02   47.12   20.71    -.49     17.
 62.000  -20.64   41.71   .1796    6.18   18.73   41.82   26.02    -.05     11.
 64.000  -21.20   38.44   .1940    5.20   16.43   36.00   29.28     .36     10.
 66.000  -32.14   41.41   .8188   17.43   19.28   45.86   35.04     .92      7.
 68.000     .00     .00   .8223     .00     .00     .00     .00     .00      5.
 70.000     .00     .00   .0000     .00     .00     .00     .00     .00      0.
     T A B L E  I -  1.  W I N D  S T A T I S T I C A L  P A R A M E T E R S
                                   JANUARY   
 STATION =   704140     SHEMYA                        
    Z    MEAN U   SD  U  R(U,V)  MEAN V   SD  V MEAN WS  SD  WS SKEW WS    NOBS 
    KM     M/S     M/S             M/S     M/S     M/S     M/S
   .000     .00     .00   .0000     .00     .00     .00     .00     .00      0.
   .039   -1.17    6.59   .2129   -1.02    6.64    8.29    4.59     .58    671.
  1.000   -2.17    9.91  -.0411     .26    8.47   11.47    6.00     .78    727.
  2.000   -1.60    9.76  -.0315    1.02    8.36   11.17    6.05     .86    725.
  3.000    -.91    9.96  -.0330    1.75    8.68   11.69    6.45     .88    725.
  4.000    -.27   10.77  -.0129    2.37    9.34   12.55    7.16     .94    724.
  5.000     .22   12.26  -.0284    3.14   10.18   13.97    8.27    1.14    719.
  6.000     .83   13.98  -.0530    4.00   11.51   15.88    9.60    1.15    706.
  7.000    1.68   15.75  -.0594    5.07   12.79   17.93   10.87    1.20    699.
  8.000    2.35   16.45  -.0563    5.82   13.31   18.61   11.85    1.21    694.
  9.000    3.89   15.95  -.0592    6.32   12.45   17.96   11.90    1.31    686.
 10.000    4.90   14.06  -.0998    6.56   11.13   16.06   10.41    1.47    674.
 11.000    5.58   11.29  -.1042    6.81    9.25   14.53    8.90    1.52    654.
 12.000    6.43   10.03  -.0769    7.11    8.09   14.07    7.73    1.19    642.
 13.000    7.38    9.44  -.0018    7.48    7.46   14.06    7.57    1.13    638.
 14.000    7.91    9.19   .0284    7.60    7.42   14.33    7.36    1.03    631.
 15.000    7.92    8.85   .0455    7.79    7.31   14.22    7.27     .89    617.
 16.000    8.03    8.90   .1056    7.77    7.20   14.18    7.39     .75    547.
 17.000    7.88    8.94   .1387    7.83    7.31   14.04    7.70     .86    544.
 18.000    7.76    8.90   .2148    7.66    7.55   13.70    8.20    1.05    543.
 19.000    7.43    9.18   .2651    7.70    7.77   13.52    8.73    1.35    538.
 20.000    7.00    9.71   .3091    7.51    7.57   13.20    9.08    1.29    534.
 21.000    6.59    9.92   .2926    7.01    7.41   12.85    8.99    1.25    515.
 22.000    5.83   10.42   .2884    6.37    7.49   12.55    9.03    1.39    502.
 23.000    5.17   11.09   .2399    6.33    7.57   12.70    9.25    1.55    489.
 24.000    4.82   12.09   .2382    6.19    8.42   13.38    9.97    1.81    474.
 25.000    4.24   12.72   .1964    5.80    8.60   13.74    9.91    1.79    462.
 26.000    3.39   13.71   .1451    5.36    9.21   14.33   10.35    1.87    446.
 27.000    2.85   14.58   .0869    4.82    9.91   15.21   10.50    1.55    411.
 28.000    2.06   15.64   .0816    4.28   10.70   16.13   10.99    1.62    383.
 29.000    1.14   16.20   .0080    3.90   10.91   16.73   10.83    1.27    346.
 30.000    -.14   16.84  -.0005    3.40   11.85   17.53   11.28    1.23    309.
 32.000     .95   20.34  -.2215   -1.80   12.80   19.90   12.83    1.23     20.
 34.000     .81   24.79  -.2170   -2.00   15.00   23.86   15.35    1.18     21.
 36.000    2.86   28.32  -.1771   -2.05   17.92   28.05   17.63     .72     22.
 38.000    3.09   30.71  -.1559   -3.59   22.43   31.86   20.09     .75     22.
 40.000    3.41   33.89  -.0372   -6.45   22.74   35.18   20.66     .14     22.
 42.000    4.10   34.96   .0281   -8.57   28.52   40.43   20.07     .12     21.
 44.000    4.85   39.36   .2634  -10.20   32.40   45.60   23.13     .04     20.
 46.000    8.65   44.67   .3547  -11.45   33.78   50.10   26.41     .41     20.
 48.000   14.18   43.27  -.0625   -8.00   30.71   48.00   25.37     .21     17.
 50.000   20.27   50.35   .0438   -8.93   35.97   56.20   30.88     .20     15.
 52.000   32.23   58.48   .2336  -10.08   25.77   61.69   34.20     .24     13.
 54.000   28.08   68.82   .6965  -12.50   26.80   68.08   37.50     .09     12.
 56.000   28.86   53.22   .4120  -12.00   22.27   55.29   30.63     .21      7.
 58.000     .00     .00   .9542     .00     .00     .00     .00     .00      3.
 60.000     .00     .00   .0000     .00     .00     .00     .00     .00      1.
 62.000     .00     .00   .0000     .00     .00     .00     .00     .00      0.
 64.000     .00     .00   .0000     .00     .00     .00     .00     .00      0.
 66.000     .00     .00   .0000     .00     .00     .00     .00     .00      0.
 68.000     .00     .00   .0000     .00     .00     .00     .00     .00      0.
 70.000     .00     .00   .0000     .00     .00     .00     .00     .00      0.
     T A B L E  I -  2.  W I N D  S T A T I S T I C A L  P A R A M E T E R S
                                   FEBRUARY  
 STATION =   704140     SHEMYA                        
    Z    MEAN U   SD  U  R(U,V)  MEAN V   SD  V MEAN WS  SD  WS SKEW WS    NOBS 
    KM     M/S     M/S             M/S     M/S     M/S     M/S
   .000     .00     .00   .0000     .00     .00     .00     .00     .00      0.
   .039   -2.22    6.13   .1712   -1.49    7.17    8.65    4.59     .69    565.
  1.000   -2.82    9.22  -.0069     .21    9.51   11.86    6.53    1.04    606.
  2.000   -1.86    8.97   .0008     .80    9.57   11.54    6.55    1.06    604.
  3.000    -.84    9.55   .0087    1.49   10.08   12.02    7.15    1.49    601.
  4.000    -.30   10.49   .0079    2.39   10.67   12.81    8.09    1.19    600.
  5.000     .59   11.76  -.0327    3.09   11.20   13.87    9.00    1.13    597.
  6.000    1.11   13.29  -.0619    4.21   12.25   15.51   10.23    1.18    584.
  7.000    1.78   14.98  -.1209    5.14   13.41   17.21   11.17    1.16    577.
  8.000    2.70   16.04  -.0984    6.23   13.92   18.32   12.68    1.45    570.
  9.000    4.05   16.11  -.0388    7.08   13.24   18.11   13.16    1.69    564.
 10.000    5.19   14.73  -.0316    7.08   11.83   16.78   12.32    1.96    542.
 11.000    5.81   12.30  -.0254    6.86   10.51   14.82    9.91    1.77    524.
 12.000    6.08   10.79  -.0126    7.36    9.06   13.58    7.97    1.40    510.
 13.000    6.44    9.84  -.0498    7.39    8.45   13.46    7.81    1.63    501.
 14.000    6.90    9.24  -.0691    7.51    8.04   13.41    7.30    1.08    488.
 15.000    7.05    9.10  -.0462    7.44    7.87   13.44    7.39    1.40    478.
 16.000    6.98    8.78  -.0458    7.77    8.11   13.48    7.36    1.46    421.
 17.000    6.44    7.92  -.0923    7.61    7.66   12.68    6.61     .91    416.
 18.000    5.87    7.64  -.0614    7.39    7.72   12.18    6.52     .80    414.
 19.000    5.05    7.88   .0019    7.07    7.55   11.51    6.75    1.19    401.
 20.000    4.30    7.75   .0160    6.65    7.26   10.83    6.44    1.27    394.
 21.000    3.26    7.81   .0477    6.32    6.97   10.25    6.15    1.38    384.
 22.000    2.40    8.04   .0580    6.09    7.02   10.15    6.04    1.52    378.
 23.000    1.65    8.26   .1201    5.98    7.11   10.19    6.06    1.70    373.
 24.000    1.08    9.03   .1966    5.67    6.35   10.69    6.37    1.68    359.
 25.000    -.08    9.09   .2233    5.18    6.45   10.80    5.84    1.61    342.
 26.000   -1.27    9.47   .2093    4.88    6.82   11.21    5.96    1.42    327.
 27.000   -2.38   10.17   .1629    4.56    7.66   12.05    6.54    1.41    300.
 28.000   -3.32   11.06   .1206    4.16    8.04   12.88    7.00    1.30    278.
 29.000   -4.03   11.78   .1283    3.96    8.89   14.03    7.23     .90    242.
 30.000   -3.98   13.61   .0290    4.44    9.62   15.67    8.17     .82    211.
 32.000   -7.48   15.79   .3004    5.17    8.62   17.24    9.98    1.09     29.
 34.000  -10.17   19.58   .1792    5.66    9.66   21.21   12.40     .69     29.
 36.000  -10.60   24.12   .1508    4.73   12.22   25.63   13.96     .30     30.
 38.000  -13.40   25.21   .0397    3.83   13.79   28.17   14.41     .75     30.
 40.000  -13.20   28.66   .0409    1.67   15.68   31.13   15.64     .88     30.
 42.000  -12.93   31.56  -.1218    -.50   15.78   33.50   15.88     .74     30.
 44.000  -13.59   30.59  -.3081   -2.72   16.81   33.72   15.57     .84     32.
 46.000  -11.47   31.04  -.0925   -7.66   18.31   34.38   16.51     .52     32.
 48.000   -5.77   32.94  -.1372   -8.50   17.14   32.27   20.30     .48     30.
 50.000   -2.56   33.43  -.2451   -5.59   20.32   32.44   21.78     .65     27.
 52.000   -2.67   33.31   .1288  -10.57   19.27   34.00   19.63     .86     21.
 54.000    2.10   39.92  -.1182   -6.60   20.56   35.10   26.58    1.50     10.
 56.000   -6.00   37.69  -.7076  -19.17   24.96   41.67   20.97    -.76      6.
 58.000     .00     .00   .0000     .00     .00     .00     .00     .00      2.
 60.000     .00     .00   .0000     .00     .00     .00     .00     .00      1.
 62.000     .00     .00   .0000     .00     .00     .00     .00     .00      1.
 64.000     .00     .00   .0000     .00     .00     .00     .00     .00      1.
 66.000     .00     .00   .0000     .00     .00     .00     .00     .00      0.
 68.000     .00     .00   .0000     .00     .00     .00     .00     .00      0.
 70.000     .00     .00   .0000     .00     .00     .00     .00     .00      0.
     T A B L E  I -  3.  W I N D  S T A T I S T I C A L  P A R A M E T E R S
                                   MARCH     
 STATION =   704140     SHEMYA                        
    Z    MEAN U   SD  U  R(U,V)  MEAN V   SD  V MEAN WS  SD  WS SKEW WS    NOBS 
    KM     M/S     M/S             M/S     M/S     M/S     M/S
   .000     .00     .00   .0000     .00     .00     .00     .00     .00      0.
   .039     .11    6.35   .2929   -1.45    7.37    8.56    4.83     .59    676.
  1.000     .43    9.28   .1481    -.37    9.21   11.48    6.27     .73    732.
  2.000    1.15    9.17   .2063     .49    8.96   11.22    6.33     .89    732.
  3.000    2.15    9.60   .1891    1.25    9.20   11.70    6.79    1.10    730.
  4.000    3.37   10.77   .1715    2.32   10.22   13.14    8.02    1.35    729.
  5.000    4.36   12.16   .1171    3.36   11.48   15.03    9.13    1.06    726.
  6.000    5.53   14.16   .0866    4.24   13.62   17.20   10.60     .93    716.
  7.000    6.85   15.91   .0759    4.99   14.14   19.56   11.91     .77    706.
  8.000    8.36   17.59   .1187    6.15   15.44   21.38   14.08    1.15    699.
  9.000    9.52   17.71   .1215    6.75   14.70   21.21   14.69    1.28    695.
 10.000    9.89   15.81   .2083    7.13   13.62   19.50   14.25    1.58    659.
 11.000   10.08   14.46   .1707    6.85   11.38   17.32   11.99    1.66    638.
 12.000    9.44   12.08   .1164    6.81    9.60   16.35   10.29    1.22    625.
 13.000    9.05   11.42   .1489    7.10    8.97   15.63    9.22    1.02    618.
 14.000    8.46   10.55   .1145    7.30    8.02   15.08    8.54    1.03    612.
 15.000    7.73   10.26   .1256    7.37    7.50   14.32    7.76     .83    604.
 16.000    6.57    9.06   .0932    6.92    6.54   13.00    6.85     .71    548.
 17.000    5.60    9.08   .1270    6.93    6.07   12.34    6.81    1.28    541.
 18.000    4.75    8.83   .2385    6.93    6.04   11.68    6.95    1.38    540.
 19.000    3.61    7.91   .2404    6.48    5.56   10.47    6.22    1.50    525.
 20.000    2.48    7.60   .2039    6.07    5.15    9.74    5.68    1.23    514.
 21.000    1.30    7.50   .1969    5.89    4.83    9.29    5.45    1.46    499.
 22.000     .27    7.20   .1492    5.57    4.47    8.91    4.85    1.09    489.
 23.000    -.85    7.17   .1277    5.20    4.80    8.47    4.79    1.13    480.
 24.000   -1.97    7.25   .0481    4.94    4.99    8.75    5.40    1.38    464.
 25.000   -2.75    7.42   .0854    4.87    5.77    9.00    5.32     .98    446.
 26.000   -3.48    7.93   .0377    4.39    5.86    9.45    6.27    1.52    426.
 27.000   -4.42    8.27   .0404    3.96    5.95    9.76    6.10     .96    385.
 28.000   -5.13    8.59   .0682    3.64    7.16   10.31    6.19     .93    352.
 29.000   -5.65    9.04  -.0155    3.22    6.49   10.96    6.77    1.15    312.
 30.000   -6.06    9.58  -.1048    3.29    6.96   11.57    7.32    1.11    261.
 32.000   -8.33   10.12  -.1554    3.23    8.17   13.90    7.17     .62     30.
 34.000   -7.39   12.85   .0177    3.74    9.95   16.16    8.10     .38     31.
 36.000   -6.59   14.48  -.0942    3.19   11.95   17.66    9.09     .22     32.
 38.000   -6.03   15.65  -.1155    3.25   13.61   18.13   11.82     .28     32.
 40.000   -2.71   16.82  -.1745    2.50   14.78   19.29   11.52     .40     34.
 42.000    -.29   20.20  -.1078    1.09   13.74   21.24   11.67     .31     34.
 44.000     .94   23.21  -.0417     .06   17.95   24.94   15.03    1.11     35.
 46.000    4.56   24.18   .0481    -.15   19.97   27.00   15.96    1.01     34.
 48.000    4.12   28.52   .1434   -1.09   19.10   30.24   16.18     .39     34.
 50.000    6.67   25.77   .0965   -3.64   18.47   28.30   15.34     .44     33.
 52.000   10.89   27.87  -.0267   -4.93   18.47   30.71   16.98     .75     28.
 54.000   10.05   31.19   .0504   -7.63   19.37   34.37   16.44    -.25     19.
 56.000   11.45   33.08   .0124   -8.18   13.87   34.55   14.30    -.13     11.
 58.000     .00     .00  -.1339     .00     .00     .00     .00     .00      3.
 60.000     .00     .00   .0000     .00     .00     .00     .00     .00      0.
 62.000     .00     .00   .0000     .00     .00     .00     .00     .00      0.
 64.000     .00     .00   .0000     .00     .00     .00     .00     .00      0.
 66.000     .00     .00   .0000     .00     .00     .00     .00     .00      0.
 68.000     .00     .00   .0000     .00     .00     .00     .00     .00      0.
 70.000     .00     .00   .0000     .00     .00     .00     .00     .00      0.
     T A B L E  I -  4.  W I N D  S T A T I S T I C A L  P A R A M E T E R S
                                   APRIL     
 STATION =   704140     SHEMYA                        
    Z    MEAN U   SD  U  R(U,V)  MEAN V   SD  V MEAN WS  SD  WS SKEW WS    NOBS 
    KM     M/S     M/S             M/S     M/S     M/S     M/S
   .000     .00     .00   .0000     .00     .00     .00     .00     .00      0.
   .039    1.32    6.07   .1556     .47    7.04    8.23    4.52     .78    638.
  1.000    3.05    8.95   .0200     .78    8.51   11.15    6.16     .75    694.
  2.000    4.27    8.79   .0329     .65    8.62   11.55    6.05     .66    694.
  3.000    5.39    9.61   .0178     .64    9.16   12.69    6.67     .91    693.
  4.000    6.65   10.58   .0227     .69   10.18   14.34    7.36     .80    693.
  5.000    8.18   12.24   .0378     .60   11.82   16.63    8.94     .79    692.
  6.000    9.68   14.14   .0306     .46   13.08   18.81   10.50     .76    677.
  7.000   11.34   16.07   .0094     .49   14.83   21.41   12.17     .75    671.
  8.000   13.47   18.05  -.0204     .66   16.23   23.81   14.27     .80    667.
  9.000   15.37   18.62  -.0408     .93   16.65   24.91   15.49     .94    660.
 10.000   16.18   17.25  -.0626    1.23   16.26   24.30   15.32     .94    634.
 11.000   16.04   14.68  -.0459    1.39   14.15   22.22   13.44    1.06    611.
 12.000   15.23   13.11  -.0790    1.54   12.33   20.17   12.28    1.65    593.
 13.000   13.70   10.63  -.0447    1.80   10.68   17.70    9.17    1.00    588.
 14.000   12.51    9.88  -.0413    2.23    9.37   16.00    8.31    1.10    581.
 15.000   11.53    9.19  -.0128    2.49    8.54   14.55    7.90    1.17    578.
 16.000   10.09    8.56   .0096    2.45    8.10   13.04    7.20    1.16    533.
 17.000    8.50    8.05   .0352    2.51    7.56   11.37    6.65    1.50    509.
 18.000    6.93    7.52   .0831    2.67    6.84    9.54    5.89    1.55    508.
 19.000    5.64    6.85  -.0511    2.41    5.96    8.16    4.76     .99    501.
 20.000    4.01    6.37  -.0752    2.30    5.07    7.00    4.02    1.09    495.
 21.000    3.11    5.62  -.0573    2.18    4.59    6.31    3.76    1.05    486.
 22.000    1.85    5.53   .0056    2.00    3.88    5.64    3.21    1.08    474.
 23.000    1.35    5.48  -.0570    1.71    3.43    5.38    2.92     .79    464.
 24.000     .93    5.87  -.0286    1.46    3.44    5.50    3.23     .97    448.
 25.000     .50    6.25  -.1330    1.09    3.63    5.96    3.34    1.00    428.
 26.000     .04    6.52  -.1681     .78    4.02    6.29    3.58     .80    410.
 27.000     .01    7.06  -.1953     .61    3.92    6.50    3.82     .84    378.
 28.000    -.10    7.20  -.2555     .23    4.20    7.03    4.12    1.16    348.
 29.000    -.38    8.55  -.2435     .08    4.29    7.57    4.35    1.21    298.
 30.000    -.91    8.06  -.3427    -.07    4.44    7.87    4.82    1.48    250.
 32.000   -1.96    8.09  -.5004     .27    5.26    8.27    5.20    1.09     26.
 34.000   -2.30    9.03  -.3414    -.96    6.31    9.93    5.11     .44     27.
 36.000   -1.56    9.34  -.1446    -.19    6.03    9.85    5.19    1.28     27.
 38.000     .71   11.59  -.2891   -1.39    6.15   11.07    6.85    1.11     28.
 40.000     .30   11.46  -.2273     .07    6.98   11.53    6.60    1.19     30.
 42.000    2.91   12.98  -.0936    -.06    6.43   12.34    7.72     .69     32.
 44.000    3.91   14.92   .3629     .82    8.05   14.94    8.68     .75     33.
 46.000    3.75   15.12   .1966    3.25    9.15   16.72    6.98     .35     32.
 48.000    3.70   19.08   .0000    4.37    9.91   18.59   11.75     .88     27.
 50.000    2.68   20.19   .1519    3.04    8.86   17.88   12.99    1.02     25.
 52.000   -4.43   26.47  -.1269    2.05   11.38   20.57   20.16    2.11     21.
 54.000   -7.80   20.62   .5867    1.00   14.06   21.07   14.63    1.19     15.
 56.000   -9.17   20.03   .1553    2.17    8.82   19.00   12.25    1.65      6.
 58.000     .00     .00   .9563     .00     .00     .00     .00     .00      3.
 60.000     .00     .00  1.0000     .00     .00     .00     .00     .00      2.
 62.000     .00     .00   .0000     .00     .00     .00     .00     .00      0.
 64.000     .00     .00   .0000     .00     .00     .00     .00     .00      0.
 66.000     .00     .00   .0000     .00     .00     .00     .00     .00      0.
 68.000     .00     .00   .0000     .00     .00     .00     .00     .00      0.
 70.000     .00     .00   .0000     .00     .00     .00     .00     .00      0.
     T A B L E  I -  5.  W I N D  S T A T I S T I C A L  P A R A M E T E R S
                                   MAY       
 STATION =   704140     SHEMYA                        
    Z    MEAN U   SD  U  R(U,V)  MEAN V   SD  V MEAN WS  SD  WS SKEW WS    NOBS 
    KM     M/S     M/S             M/S     M/S     M/S     M/S
   .000     .00     .00   .0000     .00     .00     .00     .00     .00      0.
   .039    1.02    4.94   .0456    -.84    6.04    7.00    3.69     .61    701.
  1.000    2.15    7.15  -.0096    -.92    7.89    9.49    5.35     .90    761.
  2.000    2.86    7.63   .0091   -1.30    8.04   10.14    5.47     .73    760.
  3.000    4.20    8.55  -.0174   -1.40    8.66   11.34    6.26     .87    759.
  4.000    5.76    9.50  -.0331   -1.48    9.35   12.71    7.17     .99    759.
  5.000    7.27   10.64  -.0496   -1.67   10.51   14.24    8.21     .90    758.
  6.000    8.48   11.96  -.1006   -1.69   11.42   16.01    9.58     .99    749.
  7.000   10.24   13.77  -.1132   -1.82   13.02   18.43   11.29     .95    748.
  8.000   12.00   15.62  -.0960   -1.80   14.66   20.75   13.25    1.09    739.
  9.000   13.70   16.31  -.0472   -1.75   14.88   21.86   14.13    1.13    734.
 10.000   14.79   15.48  -.0532   -1.38   14.00   21.31   14.20    1.16    719.
 11.000   15.21   14.51  -.0830   -1.36   12.50   19.79   13.31    1.16    693.
 12.000   13.52   11.44  -.1079   -1.24   10.73   17.28   11.46    1.39    687.
 13.000   12.06    9.48  -.0969    -.86    9.02   14.90    9.32    1.25    685.
 14.000   10.41    8.86  -.0257    -.64    7.99   12.93    8.03    1.21    678.
 15.000    8.80    7.44  -.0557    -.48    6.83   10.86    6.82    1.21    675.
 16.000    7.24    6.42  -.0324    -.23    5.83    9.21    6.19    1.47    660.
 17.000    6.03    5.73  -.0176    -.12    5.15    8.04    5.57    1.95    603.
 18.000    4.50    4.95   .0765     .22    4.60    6.61    4.72    1.90    602.
 19.000    2.97    5.37   .0376     .42    4.34    5.25    3.52    1.81    586.
 20.000    1.59    3.85   .1145     .50    3.47    4.30    2.56    1.32    582.
 21.000     .19    3.79   .0579     .62    3.20    3.83    2.44    2.21    571.
 22.000    -.59    3.93   .1025     .70    2.97    3.91    2.35    1.75    563.
 23.000   -1.45    3.84   .1099     .83    2.74    4.04    2.24    1.28    556.
 24.000   -1.94    4.03   .0605     .89    2.61    4.18    2.31    1.19    536.
 25.000   -2.45    3.86   .1564     .86    2.76    4.54    2.39     .69    520.
 26.000   -2.68    3.89   .0548     .70    2.78    4.90    2.55     .82    490.
 27.000   -2.74    4.27   .0620     .74    2.94    5.17    2.84     .77    439.
 28.000   -2.72    4.80   .1264     .56    3.46    5.63    3.32    1.66    406.
 29.000   -3.03    5.02   .0293     .43    3.36    6.01    3.11    1.34    350.
 30.000   -3.14    5.24  -.0269     .43    3.67    6.34    3.26    1.10    303.
 32.000   -4.76    5.98   .4540    2.38    3.28    7.43    4.03     .28     21.
 34.000   -5.29    6.84   .1584    1.58    3.17    8.04    4.59     .62     24.
 36.000   -5.42    6.76  -.1216    2.33    3.42    8.38    4.54     .47     24.
 38.000   -5.58    6.41   .2754    2.67    3.66    8.50    4.32     .73     24.
 40.000   -5.50    7.06  -.0287    2.17    3.00    8.17    4.99     .75     24.
 42.000   -5.25    7.51  -.2111    2.33    4.03    9.00    4.94     .67     24.
 44.000   -6.00    5.95   .1944     .71    5.79    9.29    4.18     .07     24.
 46.000   -6.96    8.51   .2149    1.96    4.27   10.35    5.54     .70     26.
 48.000  -10.96   15.96  -.7294    7.26   11.21   15.83   17.23    3.38     23.
 50.000   -8.71    9.24   .1113    5.52    8.16   14.14    7.22     .83     21.
 52.000  -13.00   10.49   .3871   -1.00    7.57   16.53    7.78     .58     17.
 54.000  -18.33   15.84  -.5409    3.89   25.43   27.22   21.60    2.45      9.
 56.000     .00     .00   .0000     .00     .00     .00     .00     .00      2.
 58.000     .00     .00   .0000     .00     .00     .00     .00     .00      0.
 60.000     .00     .00   .0000     .00     .00     .00     .00     .00      0.
 62.000     .00     .00   .0000     .00     .00     .00     .00     .00      1.
 64.000     .00     .00   .0000     .00     .00     .00     .00     .00      1.
 66.000     .00     .00   .0000     .00     .00     .00     .00     .00      1.
 68.000     .00     .00   .0000     .00     .00     .00     .00     .00      1.
 70.000     .00     .00   .0000     .00     .00     .00     .00     .00      0.
     T A B L E  I -  6.  W I N D  S T A T I S T I C A L  P A R A M E T E R S
                                   JUNE      
 STATION =   704140     SHEMYA                        
    Z    MEAN U   SD  U  R(U,V)  MEAN V   SD  V MEAN WS  SD  WS SKEW WS    NOBS 
    KM     M/S     M/S             M/S     M/S     M/S     M/S
   .000     .00     .00   .0000     .00     .00     .00     .00     .00      0.
   .039     .93    4.38   .1239     .02    5.31    6.18    3.18     .63    628.
  1.000    1.57    7.02   .0669    -.30    7.40    9.06    4.94     .99    675.
  2.000    1.98    7.91   .0604    -.68    8.11   10.05    5.63    1.28    675.
  3.000    2.66    8.63   .0948   -1.19    8.67   11.05    5.99    1.15    674.
  4.000    3.52    9.22   .0632   -1.68    9.26   12.02    6.42    1.02    672.
  5.000    4.55   10.59   .0124   -2.08   10.11   13.28    7.02     .93    669.
  6.000    5.38   11.95   .0193   -2.58   11.24   14.89    8.11     .97    663.
  7.000    6.02   12.90   .0521   -2.82   12.91   16.59    9.12    1.04    661.
  8.000    6.65   14.17   .0903   -3.36   13.45   18.28   10.13     .98    648.
  9.000    7.40   15.40   .1444   -3.11   14.57   19.68   11.24     .85    642.
 10.000    8.64   15.65   .1577   -2.87   14.47   19.77   12.07    1.07    638.
 11.000    9.14   14.34   .1659   -2.54   13.30   17.96   12.23    1.63    623.
 12.000    8.84   11.50   .1360   -1.81   10.19   14.84    9.86    1.62    614.
 13.000    7.60    8.83   .1555   -1.61    8.42   12.19    7.78    1.42    611.
 14.000    6.40    7.21   .1268   -1.18    6.86    9.91    6.56    1.65    608.
 15.000    5.20    5.85   .1605    -.77    5.66    8.14    5.25    1.59    605.
 16.000    3.65    4.72   .1444    -.56    4.73    6.14    3.78    1.17    601.
 17.000    2.51    4.32   .1462    -.43    4.24    5.14    3.09    1.21    538.
 18.000     .93    3.82   .1519    -.18    3.75    4.07    2.66    1.56    536.
 19.000    -.67    2.99   .0824     .22    2.79    3.31    2.09    1.47    530.
 20.000   -1.99    2.93  -.0399     .36    2.53    3.39    2.01    1.18    528.
 21.000   -3.19    2.87  -.0151     .53    2.30    3.97    2.19    1.06    519.
 22.000   -4.26    2.65   .0565     .69    2.16    4.76    2.09     .69    508.
 23.000   -5.22    2.52   .0039     .68    2.02    5.65    2.14     .36    502.
 24.000   -5.94    2.65  -.0981     .64    1.98    6.37    2.44     .87    491.
 25.000   -6.54    2.71  -.0624     .71    2.30    6.86    2.29     .29    471.
 26.000   -7.10    2.71  -.0091     .76    1.84    7.48    2.41     .31    453.
 27.000   -7.63    2.76   .0660     .84    1.98    7.99    2.58     .09    420.
 28.000   -8.24    2.94   .0741     .78    1.98    8.60    2.68     .13    399.
 29.000   -8.73    2.93   .1363     .87    2.23    9.12    2.68     .11    354.
 30.000   -9.32    3.32   .1327     .83    2.23    9.69    3.12     .11    300.
 32.000  -12.68    2.60   .3099    1.95    3.26   13.16    2.59    -.19     19.
 34.000  -13.29    3.39  -.1850    2.05    2.77   13.71    3.65    -.35     21.
 36.000  -13.83    4.01  -.0601    1.30    2.49   14.00    3.93    -.30     23.
 38.000  -16.00    3.34   .0147     .91    2.78   16.26    3.52    -.22     23.
 40.000  -17.43    3.70  -.2355    1.14    4.46   17.95    3.96     .20     21.
 42.000  -18.24    5.99   .3234    4.48    7.00   20.05    5.74    -.60     21.
 44.000  -21.52    7.33  -.5243    3.14    4.60   22.10    7.67     .56     21.
 46.000  -24.18    7.88   .1420    2.14    7.13   25.27    7.72     .53     22.
 48.000  -26.40    6.08   .1368    2.95   10.35   28.15    7.85    1.18     20.
 50.000  -33.40   15.00   .6418    -.85   29.41   38.05   27.33    3.50     20.
 52.000  -27.94    9.45  -.0257    4.69    7.04   29.38    9.03    -.20     16.
 54.000  -30.42    7.56  -.0564   12.83   13.60   35.17    9.21    -.80     12.
 56.000     .00     .00   .1438     .00     .00     .00     .00     .00      5.
 58.000     .00     .00  1.0000     .00     .00     .00     .00     .00      2.
 60.000     .00     .00  1.0000     .00     .00     .00     .00     .00      2.
 62.000     .00     .00   .0000     .00     .00     .00     .00     .00      2.
 64.000     .00     .00   .0000     .00     .00     .00     .00     .00      2.
 66.000     .00     .00   .0000     .00     .00     .00     .00     .00      1.
 68.000     .00     .00   .0000     .00     .00     .00     .00     .00      1.
 70.000     .00     .00   .0000     .00     .00     .00     .00     .00      0.
     T A B L E  I -  7.  W I N D  S T A T I S T I C A L  P A R A M E T E R S
                                   JULY      
 STATION =   704140     SHEMYA                        
    Z    MEAN U   SD  U  R(U,V)  MEAN V   SD  V MEAN WS  SD  WS SKEW WS    NOBS 
    KM     M/S     M/S             M/S     M/S     M/S     M/S
   .000     .00     .00   .0000     .00     .00     .00     .00     .00      0.
   .039    1.01    3.83   .2026    1.09    4.83    5.50    3.16     .51    709.
  1.000    2.62    6.85   .1358     .85    6.58    8.44    5.14    1.11    766.
  2.000    3.43    7.30   .1299     .21    7.04    9.26    5.37    1.17    763.
  3.000    4.45    7.83   .1631    -.23    7.76   10.33    5.88    1.24    763.
  4.000    5.77    8.41   .1452    -.39    8.08   11.46    6.16    1.03    760.
  5.000    6.95    9.14   .1593    -.76    8.98   12.74    6.84     .77    759.
  6.000    8.18   10.20   .1520   -1.11   10.01   14.42    8.02     .99    743.
  7.000    9.48   11.04   .1468   -1.37   11.17   16.00    9.06     .88    738.
  8.000   11.10   12.41   .1580   -1.59   12.61   18.04   10.63     .95    733.
  9.000   12.38   13.66   .1338   -2.15   13.71   19.95   11.58     .85    728.
 10.000   13.76   14.61   .1510   -2.36   14.92   21.68   12.68     .79    716.
 11.000   14.42   15.04   .1862   -2.33   15.74   21.78   13.15     .88    696.
 12.000   13.97   14.39   .2154   -2.08   13.90   19.66   12.80    1.16    678.
 13.000   11.76   11.16   .1473   -1.75   11.06   16.34   10.49    1.26    675.
 14.000    9.57    8.58   .1432   -1.45    8.94   13.26    8.45    1.27    666.
 15.000    7.29    6.99   .1170   -1.36    7.22   10.53    6.71    1.41    661.
 16.000    5.24    6.04   .2147   -1.08    6.40    8.09    5.03    1.14    653.
 17.000    3.34    4.59   .1988    -.64    5.41    6.20    3.89    1.32    583.
 18.000    1.47    4.00   .3212    -.29    4.67    4.60    2.86    1.50    582.
 19.000    -.41    3.26   .2740    -.20    3.74    3.64    2.46    1.79    565.
 20.000   -1.93    2.77   .2268     .06    3.16    3.69    2.28    1.43    563.
 21.000   -3.24    2.50   .1914     .12    2.68    4.20    2.11    1.35    559.
 22.000   -4.58    2.41   .1949     .11    2.15    5.13    2.09    1.56    545.
 23.000   -5.66    2.28   .4073     .28    2.41    6.13    1.87    1.17    536.
 24.000   -6.67    2.71   .3818     .33    2.41    7.00    2.00     .67    526.
 25.000   -7.15    2.37   .2240     .41    2.05    7.59    1.88     .72    501.
 26.000   -8.04    2.40   .2991     .39    2.11    8.36    2.00     .39    483.
 27.000   -8.81    2.39   .1189     .48    2.05    9.10    2.22     .18    456.
 28.000   -9.20    2.46   .0163     .52    2.02    9.50    2.18    -.10    405.
 29.000   -9.87    2.24   .0387     .50    1.88   10.07    2.20     .07    367.
 30.000  -10.55    2.39   .1555     .31    2.04   10.75    2.37     .44    332.
 32.000  -12.54    3.55   .0918    1.15    2.58   12.77    3.61     .12     13.
 34.000  -14.36    2.44  -.5103    2.79    3.47   14.86    3.01     .52     14.
 36.000  -14.93    3.20   .0785    1.64    2.56   15.29    3.17     .25     14.
 38.000  -18.06    3.82   .1260    1.94    3.45   18.44    3.98    -.80     16.
 40.000  -20.15    2.96  -.4247    4.05    5.23   21.00    3.21    -.75     20.
 42.000  -23.67    6.57  -.2905    4.00    4.22   24.29    6.81    1.10     21.
 44.000  -25.59    8.72  -.3897    4.14    4.03   26.23    8.83    2.16     22.
 46.000  -28.76    6.83  -.0588    1.14   12.03   30.67    8.88     .95     21.
 48.000  -32.67    7.42  -.4665    6.11    6.59   33.72    8.35     .75     18.
 50.000  -36.29   10.48  -.1999    5.00    9.22   37.53   10.92    -.15     17.
 52.000  -40.50    9.10   .0293    4.42   10.07   41.67    9.32    -.60     12.
 54.000  -41.43    9.78  -.4923   13.71    8.20   44.43   10.53    -.66      7.
 56.000  -43.67   13.68  -.6740    9.50    8.53   45.17   14.80     .03      6.
 58.000     .00     .00   .7633     .00     .00     .00     .00     .00      3.
 60.000     .00     .00   .3945     .00     .00     .00     .00     .00      3.
 62.000     .00     .00   .0000     .00     .00     .00     .00     .00      2.
 64.000     .00     .00   .0000     .00     .00     .00     .00     .00      2.
 66.000     .00     .00   .0000     .00     .00     .00     .00     .00      2.
 68.000     .00     .00   .0000     .00     .00     .00     .00     .00      1.
 70.000     .00     .00   .0000     .00     .00     .00     .00     .00      0.
     T A B L E  I -  8.  W I N D  S T A T I S T I C A L  P A R A M E T E R S
                                   AUGUST    
 STATION =   704140     SHEMYA                        
    Z    MEAN U   SD  U  R(U,V)  MEAN V   SD  V MEAN WS  SD  WS SKEW WS    NOBS 
    KM     M/S     M/S             M/S     M/S     M/S     M/S
   .000     .00     .00   .0000     .00     .00     .00     .00     .00      0.
   .039    1.40    4.09   .1444    1.26    5.44    6.22    3.35     .77    693.
  1.000    3.58    7.27   .1012    1.12    7.43    9.64    5.39     .83    750.
  2.000    4.40    7.79   .0976     .99    7.66   10.35    5.70     .86    750.
  3.000    5.58    8.18   .1180     .87    8.08   11.28    6.06     .73    749.
  4.000    7.05    8.94   .1231     .86    8.49   12.61    6.59     .52    746.
  5.000    8.33   10.08   .1150     .84    9.33   14.27    7.41     .54    746.
  6.000    9.72   11.27   .1278     .75   10.44   16.19    8.30     .68    728.
  7.000   11.20   12.93   .1317     .76   11.90   18.33    9.51     .72    723.
  8.000   12.93   14.75   .1029     .68   13.54   20.98   11.30     .86    714.
  9.000   14.90   16.90   .1037     .26   15.33   23.87   13.13     .99    707.
 10.000   16.37   17.74   .0590     .43   16.67   25.63   14.26     .78    703.
 11.000   17.50   17.51  -.0035     .48   17.05   26.07   14.94     .93    685.
 12.000   17.19   16.00  -.0092     .05   15.01   24.09   14.00    1.00    669.
 13.000   14.97   13.32  -.0562     .11   13.02   20.78   11.78     .93    661.
 14.000   12.91   11.01  -.0464    -.05   11.13   17.78    9.75     .98    655.
 15.000   10.66    9.19   .0180     .08    9.39   14.81    8.17    1.05    649.
 16.000    8.29    7.40  -.0258    -.17    7.31   11.59    6.50    1.04    638.
 17.000    6.32    5.99   .0617     .06    6.43    9.23    5.10    1.14    583.
 18.000    4.43    5.44   .1269     .15    5.16    7.23    4.25    1.99    583.
 19.000    2.78    4.61   .1619     .35    4.56    5.54    3.73    2.07    572.
 20.000    1.40    4.15   .2050     .47    3.61    4.50    2.88    1.65    569.
 21.000    -.21    3.93   .3378     .47    3.04    3.85    2.45    1.42    556.
 22.000   -1.18    3.37   .3622     .51    2.62    3.93    2.10     .80    545.
 23.000   -2.04    3.63   .3952     .63    2.54    4.22    2.06     .77    534.
 24.000   -2.82    4.04   .5344     .63    3.63    4.45    2.20     .67    518.
 25.000   -3.41    3.61   .2524     .44    2.26    4.77    2.29     .56    495.
 26.000   -3.95    3.63   .3701     .43    2.24    5.24    2.37     .51    474.
 27.000   -4.17    3.87   .3211     .45    2.61    5.63    2.76     .69    447.
 28.000   -4.28    3.87   .2336     .36    2.55    5.60    2.68     .70    412.
 29.000   -4.55    3.82   .2506     .42    2.73    5.71    2.42     .25    362.
 30.000   -4.75    4.19   .3500     .29    3.24    5.95    2.89    1.10    323.
 32.000   -6.26    4.46  -.4846    1.83    2.25    7.00    4.27     .31     23.
 34.000   -6.58    4.16  -.4095     .96    2.44    7.21    3.73    -.41     24.
 36.000   -8.33    4.33  -.2525    1.75    2.86    9.00    4.08    -.59     24.
 38.000   -7.58    5.27  -.2374    2.50    2.81    8.71    5.03    -.09     24.
 40.000  -10.52    6.24  -.2720     .64    3.65   11.24    5.76    -.06     25.
 42.000  -12.84    7.52   .0859    1.84    4.04   14.28    6.23    -.57     25.
 44.000  -14.76    7.28  -.2219    4.76    4.53   16.48    6.58    -.18     25.
 46.000  -15.61    9.44   .0834    3.57    6.18   17.39    8.59     .12     23.
 48.000  -17.21    8.68   .2044    7.32   10.90   21.00   10.08     .82     19.
 50.000  -18.31   10.57   .0885    5.31    4.81   20.44    9.08    -.55     16.
 52.000  -24.25   10.96  -.6148    4.92    7.49   25.92   10.82     .17     12.
 54.000  -20.67   22.25  -.8897    5.22   20.52   34.11   11.48    1.27      9.
 56.000  -36.17    6.74   .0568   19.67   12.89   42.17    9.91     .81      6.
 58.000     .00     .00   .4472     .00     .00     .00     .00     .00      4.
 60.000     .00     .00  -.0639     .00     .00     .00     .00     .00      4.
 62.000     .00     .00   .0000     .00     .00     .00     .00     .00      1.
 64.000     .00     .00   .0000     .00     .00     .00     .00     .00      0.
 66.000     .00     .00   .0000     .00     .00     .00     .00     .00      0.
 68.000     .00     .00   .0000     .00     .00     .00     .00     .00      0.
 70.000     .00     .00   .0000     .00     .00     .00     .00     .00      0.
     T A B L E  I -  9.  W I N D  S T A T I S T I C A L  P A R A M E T E R S
                                   SEPTEMBER 
 STATION =   704140     SHEMYA                        
    Z    MEAN U   SD  U  R(U,V)  MEAN V   SD  V MEAN WS  SD  WS SKEW WS    NOBS 
    KM     M/S     M/S             M/S     M/S     M/S     M/S
   .000     .00     .00   .0000     .00     .00     .00     .00     .00      0.
   .039    1.50    4.70   .0913    -.18    5.99    6.76    3.81     .87    632.
  1.000    3.12    7.77  -.0111   -1.23    8.21   10.13    5.72     .85    704.
  2.000    3.69    7.72   .0504   -1.71    8.12   10.52    5.60     .88    702.
  3.000    4.70    8.05   .0459   -1.74    8.51   11.38    5.72     .75    702.
  4.000    6.09    8.78   .0525   -1.83    9.05   12.60    6.36     .83    702.
  5.000    7.41    9.38   .0416   -1.82    9.98   13.88    7.28     .81    700.
  6.000    8.84   10.65   .0243   -1.71   11.28   15.68    8.69     .92    685.
  7.000   10.39   12.42  -.0237   -1.88   12.95   17.96   10.51    1.06    682.
  8.000   12.35   14.64  -.0389   -1.83   14.60   20.57   12.63    1.15    676.
  9.000   14.74   16.52  -.0621   -1.68   16.71   23.54   14.75    1.00    669.
 10.000   16.91   17.33  -.0759   -1.27   17.29   25.25   15.77    1.05    662.
 11.000   18.28   16.48  -.0812    -.92   16.37   25.08   15.65    1.12    644.
 12.000   18.56   14.80  -.0339    -.44   15.11   23.87   14.91    1.29    637.
 13.000   17.24   12.07  -.0629    -.51   12.76   21.42   12.13    1.22    629.
 14.000   15.83    9.98  -.1070    -.66   10.94   19.20   10.09    1.15    617.
 15.000   14.18    8.57  -.0573    -.40    9.84   17.09    8.93    1.42    612.
 16.000   12.21    7.50  -.0199    -.02    8.41   14.61    7.51    1.20    604.
 17.000   10.29    6.21  -.0275     .07    6.97   12.25    6.10    1.44    553.
 18.000    8.70    5.52  -.0269     .16    6.00   10.33    5.22    1.57    552.
 19.000    7.48    5.49  -.0796     .50    5.09    8.56    4.20    1.26    547.
 20.000    6.08    4.74  -.1425     .77    4.24    7.19    3.61    1.21    543.
 21.000    5.09    4.70  -.0897     .98    3.83    6.28    3.51    1.15    530.
 22.000    4.57    4.38  -.1789    1.18    3.64    5.98    3.22    1.10    520.
 23.000    3.99    4.38  -.1912    1.13    3.50    5.68    3.22    1.54    509.
 24.000    3.38    4.66  -.1186     .93    3.38    5.33    3.43    1.72    494.
 25.000    3.40    4.85   .0048     .86    3.23    5.51    3.68    1.99    475.
 26.000    3.50    5.03   .0262     .56    3.12    5.55    3.51    1.40    454.
 27.000    3.41    5.16   .1220     .31    3.03    5.51    3.41     .93    408.
 28.000    3.03    5.30   .1166     .06    2.97    5.68    3.71    1.50    378.
 29.000    3.17    5.14   .0923    -.01    2.91    5.73    3.48     .91    336.
 30.000    2.96    5.62   .0098     .01    3.13    5.76    3.71    1.04    299.
 32.000    3.83    4.94   .4280     .83    2.37    5.58    3.36     .51     24.
 34.000    4.32    5.28   .1994     .64    3.16    6.32    3.89    1.05     25.
 36.000    5.32    6.51   .3383     .16    3.89    7.80    4.99     .29     25.
 38.000    4.56    7.01  -.0192     .40    3.59    7.36    5.25    1.12     25.
 40.000    7.58    8.56  -.0060     .31    4.36   10.19    6.84     .94     26.
 42.000    9.35    8.83  -.0599    1.00    5.37   11.85    7.11     .39     26.
 44.000    9.88    9.47  -.1016    -.52    5.57   12.48    7.82     .24     25.
 46.000   11.26   11.60  -.1402    1.33    6.66   14.70    9.33     .19     27.
 48.000   12.15   15.15  -.2709     .38    8.26   18.23   10.37     .34     26.
 50.000   11.45   14.43  -.4800     .05    6.85   16.00   10.85     .68     22.
 52.000    7.47   14.33   .0201    5.35    8.92   16.35    9.80     .40     17.
 54.000   10.60   13.58   .8223    5.90    8.45   16.40   10.71     .30     10.
 56.000     .00     .00  -.8401     .00     .00     .00     .00     .00      5.
 58.000     .00     .00  -.0823     .00     .00     .00     .00     .00      3.
 60.000     .00     .00   .0000     .00     .00     .00     .00     .00      1.
 62.000     .00     .00   .0000     .00     .00     .00     .00     .00      1.
 64.000     .00     .00   .0000     .00     .00     .00     .00     .00      1.
 66.000     .00     .00   .0000     .00     .00     .00     .00     .00      0.
 68.000     .00     .00   .0000     .00     .00     .00     .00     .00      0.
 70.000     .00     .00   .0000     .00     .00     .00     .00     .00      0.
     T A B L E  I - 10.  W I N D  S T A T I S T I C A L  P A R A M E T E R S
                                   OCTOBER   
 STATION =   704140     SHEMYA                        
    Z    MEAN U   SD  U  R(U,V)  MEAN V   SD  V MEAN WS  SD  WS SKEW WS    NOBS 
    KM     M/S     M/S             M/S     M/S     M/S     M/S
   .000     .00     .00   .0000     .00     .00     .00     .00     .00      0.
   .039    1.18    5.57   .1189     .49    6.43    7.45    4.29     .74    674.
  1.000    3.35    8.89   .0140     .28    8.66   11.26    6.19     .85    739.
  2.000    4.59    8.82   .0429     .09    8.64   11.53    6.37     .93    737.
  3.000    5.98    8.94   .0621     .11    8.91   12.28    6.64     .92    737.
  4.000    7.64    9.68   .0945     .14    9.78   13.90    7.36     .91    737.
  5.000    9.49   11.20   .0955     .00   11.51   16.14    8.75     .86    733.
  6.000   11.66   13.04   .1133     .16   13.20   18.82   10.30     .66    709.
  7.000   13.94   15.04   .0980     .60   14.85   21.85   12.78     .89    705.
  8.000   16.74   16.48   .0455    1.02   16.31   24.65   14.53     .82    692.
  9.000   19.29   17.41   .0250    1.30   17.18   26.83   15.86     .82    685.
 10.000   22.04   17.87   .0405    1.43   17.45   28.47   17.34    1.01    666.
 11.000   23.20   16.64   .0759    1.73   16.49   28.38   16.85    1.13    643.
 12.000   22.64   14.59   .0943    1.59   14.55   26.74   14.97    1.33    631.
 13.000   21.90   12.84   .1413    1.77   13.26   25.21   12.95    1.24    625.
 14.000   20.55   10.70   .1192    1.74   11.39   23.33   11.19    1.10    609.
 15.000   18.94    9.52   .1142    1.83    9.60   21.18    9.79    1.09    597.
 16.000   16.87    8.32   .1432    2.13    8.40   18.88    8.49    1.11    565.
 17.000   15.12    8.59   .2476    2.12    7.57   17.18    8.30    1.69    504.
 18.000   13.48    8.40   .2344    2.10    6.98   15.55    7.97    1.53    503.
 19.000   12.35    8.07   .2225    2.09    6.33   14.19    7.79    1.73    495.
 20.000   11.11    7.47   .2635    2.22    6.04   12.85    7.44    1.85    491.
 21.000   10.37    7.61   .3044    2.28    5.69   12.13    7.47    1.76    485.
 22.000    9.23    7.77   .2601    2.08    4.94   10.92    7.41    1.76    477.
 23.000    8.26    7.79   .3284    1.93    4.73   10.02    6.96    1.64    461.
 24.000    7.85    9.12   .3072    1.65    5.22   10.01    8.00    1.72    436.
 25.000    7.17    9.07   .3159    1.15    4.63    9.74    7.84    1.53    419.
 26.000    6.29    9.64   .2278     .52    4.59    9.52    7.95    1.71    408.
 27.000    6.34   10.08   .1948     .27    4.72    9.77    8.28    1.78    377.
 28.000    6.37   10.94   .2397     .24    5.19   10.24    9.07    1.84    365.
 29.000    6.26   10.18   .0679    -.44    5.04   10.09    8.15    1.69    325.
 30.000    6.70   10.78   .0560    -.98    5.25   10.66    8.70    1.67    281.
 32.000    5.67   12.11  -.5253    -.86    5.93   11.05    9.49    1.71     21.
 34.000    7.50   15.37  -.4213   -2.55    8.45   13.73   13.19    1.22     22.
 36.000    8.48   17.62  -.4824   -3.43    8.59   16.39   13.90    1.08     23.
 38.000   11.59   18.46  -.3667   -4.14    8.60   17.50   15.96    1.46     22.
 40.000   13.95   18.39  -.3051   -4.09    7.69   19.32   14.99    1.27     22.
 42.000   17.42   19.54  -.4229   -6.58    8.32   21.83   17.56    1.18     24.
 44.000   19.71   18.11  -.3162   -5.63   10.93   24.21   16.67     .90     24.
 46.000   20.23   17.39   .0970   -3.32    9.16   22.77   16.84    1.19     22.
 48.000   20.23   12.25   .1083   -3.09    8.45   22.32   11.63     .45     22.
 50.000   21.29   13.84   .5369  -11.47   11.71   28.00   10.63     .49     17.
 52.000   18.50   12.63  -.0081  -12.42   13.80   25.92   12.75    -.11     12.
 54.000   22.13   17.44  -.3734   -7.25   11.42   27.50   14.56     .51      8.
 56.000     .00     .00   .0000     .00     .00     .00     .00     .00      1.
 58.000     .00     .00   .0000     .00     .00     .00     .00     .00      1.
 60.000     .00     .00   .0000     .00     .00     .00     .00     .00      1.
 62.000     .00     .00   .0000     .00     .00     .00     .00     .00      1.
 64.000     .00     .00   .0000     .00     .00     .00     .00     .00      1.
 66.000     .00     .00   .0000     .00     .00     .00     .00     .00      1.
 68.000     .00     .00   .0000     .00     .00     .00     .00     .00      1.
 70.000     .00     .00   .0000     .00     .00     .00     .00     .00      0.
     T A B L E  I - 11.  W I N D  S T A T I S T I C A L  P A R A M E T E R S
                                   NOVEMBER  
 STATION =   704140     SHEMYA                        
    Z    MEAN U   SD  U  R(U,V)  MEAN V   SD  V MEAN WS  SD  WS SKEW WS    NOBS 
    KM     M/S     M/S             M/S     M/S     M/S     M/S
   .000     .00     .00   .0000     .00     .00     .00     .00     .00      0.
   .039    2.89    6.38   .0424     .69    7.29    8.95    4.74     .52    623.
  1.000    5.29   10.13  -.0008     .86    9.93   13.36    7.16     .98    704.
  2.000    6.35   10.27   .0156     .92    9.95   13.81    7.40    1.19    703.
  3.000    7.23   10.50   .0158    1.26   10.19   14.57    7.45     .92    702.
  4.000    8.59   11.39  -.0047    1.75   11.21   16.11    8.52     .87    701.
  5.000    9.99   12.82  -.0367    2.34   12.32   17.83    9.59     .64    697.
  6.000   11.12   14.27  -.0353    2.87   13.54   19.82   11.20     .69    686.
  7.000   12.60   16.14  -.0553    3.46   15.02   22.13   12.89     .72    681.
  8.000   14.04   17.95  -.0686    4.19   16.37   24.32   14.61     .84    670.
  9.000   15.65   18.28  -.1144    4.73   16.60   25.22   15.52     .88    660.
 10.000   17.25   17.67  -.1116    4.62   15.95   25.13   15.93    1.19    632.
 11.000   17.74   15.45  -.1016    4.76   14.12   23.95   14.19    1.20    617.
 12.000   17.37   13.27  -.1546    4.56   12.12   22.29   12.18    1.21    605.
 13.000   17.50   12.06  -.0982    4.74   10.66   21.55   11.10    1.11    592.
 14.000   16.87   11.37  -.1344    4.85    9.66   20.72   10.07    1.12    582.
 15.000   16.28   10.62  -.1693    4.88    8.99   19.64    8.88     .92    565.
 16.000   15.94   10.43  -.2385    5.39    8.40   19.26    8.82    1.03    510.
 17.000   14.99    9.68  -.1864    5.14    7.30   17.94    8.20    1.01    493.
 18.000   13.99    9.75  -.1501    5.02    7.07   17.03    8.71    1.56    489.
 19.000   13.48   10.15  -.0371    5.10    6.82   16.53    9.16    1.43    480.
 20.000   12.16    9.88  -.0944    4.98    6.37   15.22    8.89    1.23    474.
 21.000   11.94    9.96  -.0919    4.73    6.23   14.64    9.41    1.27    468.
 22.000   10.93   10.30   .0402    4.77    6.20   14.06    9.42    1.29    453.
 23.000   10.59   10.60   .0892    4.10    6.19   13.86    9.35    1.39    442.
 24.000    9.79   11.33   .0943    3.70    6.58   13.67    9.71    1.57    424.
 25.000    9.31   12.18   .0717    3.28    6.96   13.92   10.01    1.80    406.
 26.000    8.54   13.53   .0930    2.49    7.44   14.25   10.69    1.88    383.
 27.000    8.84   13.54   .1338    2.07    8.50   15.17   10.37    1.61    329.
 28.000    8.51   14.19   .1382    1.66    9.15   15.71   10.62    1.64    302.
 29.000    9.11   16.20   .0586    1.49    9.64   16.35   10.28    1.58    256.
 30.000    8.87   16.04   .2069     .87    9.54   17.47   11.02    1.36    223.
 32.000    4.05   16.10  -.0586    2.18    7.27   14.27   10.91    2.21     22.
 34.000    3.59   16.19   .0298    1.27    8.94   16.18    9.01    1.49     22.
 36.000    5.83   16.59  -.0912     .00    8.65   16.04   10.76    1.38     23.
 38.000    9.17   19.06  -.0092    -.63    9.84   19.50   12.24    1.45     24.
 40.000   11.04   19.26  -.1240   -1.46   11.53   20.67   13.86     .87     24.
 42.000    9.56   21.78  -.0619   -1.33   12.76   22.11   14.89     .99     27.
 44.000   11.69   24.31   .1712    1.08   15.22   25.08   17.66    1.11     26.
 46.000   13.09   23.02   .3842    2.14   16.08   25.45   16.88    1.05     22.
 48.000   16.84   27.66   .2408    2.68   17.71   30.84   19.51    1.09     19.
 50.000   17.13   30.66   .6040     .40   25.90   37.73   20.20     .24     15.
 52.000   19.92   30.78   .6007    3.38   24.89   37.38   22.39     .00     13.
 54.000   20.00   32.77   .7674     .23   23.58   37.46   23.33     .71     13.
 56.000   21.00   29.50   .5820    -.50   29.86   37.10   26.69     .96     10.
 58.000     .00     .00   .8418     .00     .00     .00     .00     .00      5.
 60.000     .00     .00   .0000     .00     .00     .00     .00     .00      2.
 62.000     .00     .00   .0000     .00     .00     .00     .00     .00      2.
 64.000     .00     .00   .0000     .00     .00     .00     .00     .00      2.
 66.000     .00     .00  1.0000     .00     .00     .00     .00     .00      2.
 68.000     .00     .00   .0000     .00     .00     .00     .00     .00      1.
 70.000     .00     .00   .0000     .00     .00     .00     .00     .00      0.
     T A B L E  I - 12.  W I N D  S T A T I S T I C A L  P A R A M E T E R S
                                   DECEMBER  
 STATION =   704140     SHEMYA                        
    Z    MEAN U   SD  U  R(U,V)  MEAN V   SD  V MEAN WS  SD  WS SKEW WS    NOBS 
    KM     M/S     M/S             M/S     M/S     M/S     M/S
   .000     .00     .00   .0000     .00     .00     .00     .00     .00      0.
   .039    1.08    6.80   .2105    -.83    7.27    8.80    4.85     .58    673.
  1.000    1.86   10.78   .0695    -.24    9.12   12.48    6.56     .70    737.
  2.000    2.56   10.50   .0836     .38    9.16   12.55    6.56     .74    737.
  3.000    3.58   11.19   .1456    1.23    9.44   13.17    6.74     .62    735.
  4.000    4.57   12.38   .1230    1.82    9.95   14.43    8.25    1.18    734.
  5.000    5.43   14.15   .1144    2.56   10.97   16.14    9.79    1.24    731.
  6.000    6.37   15.93   .0725    3.28   12.36   18.09   11.41    1.22    710.
  7.000    8.15   18.28   .0882    4.02   14.26   20.38   13.21    1.36    701.
  8.000    9.61   19.64   .0881    4.94   15.03   21.68   14.62    1.40    693.
  9.000   10.82   18.26   .0119    5.27   14.51   21.73   14.70    1.23    686.
 10.000   11.83   16.56   .0320    5.74   12.94   20.58   13.82    1.33    669.
 11.000   12.16   14.14   .0635    5.95   11.00   18.94   12.05    1.45    662.
 12.000   12.62   12.38   .0604    6.26    9.45   18.17   10.52    1.25    654.
 13.000   13.19   11.64   .0696    6.84    9.00   18.14   10.39    1.40    649.
 14.000   13.88   11.17   .1186    7.19    8.46   18.17    9.58    1.24    637.
 15.000   14.06   10.73   .1381    7.38    7.88   17.92    9.06    1.06    629.
 16.000   14.00   10.64   .1748    7.60    7.52   18.00    9.18    1.28    573.
 17.000   13.73   10.29   .1926    7.71    7.15   17.63    8.98    1.31    565.
 18.000   13.65   10.32   .1833    8.11    7.13   17.57    8.79    1.08    563.
 19.000   13.56   10.35   .2460    8.36    6.81   17.65    9.28    1.19    553.
 20.000   13.10   10.84   .2316    8.28    6.79   17.51    9.85    1.40    549.
 21.000   12.71   11.48   .1987    8.24    7.24   17.57   10.24    1.38    535.
 22.000   12.37   12.46   .2418    8.26    7.32   17.61   10.94    1.52    528.
 23.000   12.03   13.31   .1970    8.20    7.64   17.57   11.09    1.49    510.
 24.000   11.85   14.07   .1906    8.34    8.34   17.95   11.47    1.46    492.
 25.000   11.85   14.74   .1012    8.24    8.81   18.63   11.40    1.32    467.
 26.000   11.98   15.74   .0250    7.72    9.58   19.58   12.62    1.40    441.
 27.000   12.55   17.29   .0128    6.63   10.14   20.43   13.62    1.52    397.
 28.000   12.13   17.75  -.0114    5.80   11.25   20.80   13.76    1.32    362.
 29.000   12.83   19.97   .0161    5.12   12.36   22.42   15.45    1.41    309.
 30.000   12.05   21.13   .0189    4.40   12.73   22.81   15.87    1.75    268.
 32.000   12.48   26.32  -.0244    5.60   15.37   27.48   18.26     .98     25.
 34.000   13.15   27.73  -.1603    2.54   15.15   28.50   18.48    1.02     26.
 36.000   13.23   28.86  -.3767     .46   16.65   29.73   19.24     .57     26.
 38.000   13.58   28.98  -.4156   -3.19   18.44   32.38   17.09     .39     26.
 40.000   15.71   29.36  -.3018   -4.29   21.50   34.50   18.93     .20     24.
 42.000   19.91   30.59  -.0972   -8.13   25.81   38.96   22.14     .04     23.
 44.000   25.68   36.50  -.1438  -14.64   26.01   46.32   25.91     .46     25.
 46.000   27.27   34.66   .0793  -14.35   27.94   45.77   28.02     .51     26.
 48.000   25.48   36.34   .0583  -15.96   26.16   46.40   26.42     .44     25.
 50.000   22.39   41.43  -.0088  -12.17   31.47   50.91   26.27     .53     23.
 52.000   22.56   33.17   .2693   -5.78   30.34   44.22   22.92     .12     18.
 54.000   16.18   32.71  -.0431   -2.73   28.85   40.27   20.09     .25     11.
 56.000     .00     .00   .4100     .00     .00     .00     .00     .00      4.
 58.000     .00     .00   .0000     .00     .00     .00     .00     .00      1.
 60.000     .00     .00   .0000     .00     .00     .00     .00     .00      0.
 62.000     .00     .00   .0000     .00     .00     .00     .00     .00      0.
 64.000     .00     .00   .0000     .00     .00     .00     .00     .00      0.
 66.000     .00     .00   .0000     .00     .00     .00     .00     .00      0.
 68.000     .00     .00   .0000     .00     .00     .00     .00     .00      0.
 70.000     .00     .00   .0000     .00     .00     .00     .00     .00      0.
