      72293      34.73N  120.57W
     T A B L E  I -   1.  W I N D  S T A T I S T I C A L  P A R A M E T E R S
                                   January
 Station =   72293      Vandenberg AFB, CA
    Z    MEAN U   SD  U  R(U,V)  MEAN V   SD  V MEAN WS  SD  WS SKEW WS    NOBS
    KM     M/S     M/S             M/S     M/S     M/S     M/S                 
  0.000    0.00    0.00  0.0000    0.00    0.00    0.00    0.00    0.00       0
  0.100    0.33    2.57 -0.5347   -0.63    3.25    3.53    2.28    1.01     822
  0.500    0.71    4.18 -0.1982   -1.28    6.82    7.07    4.27    0.99     824
  1.000    1.26    4.76 -0.0935   -1.07    7.87    8.19    4.64    0.80     824
  1.500    2.43    5.24 -0.0643   -1.26    8.29    8.95    4.90    0.68     824
  2.000    3.74    6.07 -0.0001   -1.64    8.49   10.04    5.14    0.52     824
  2.500    5.09    7.11  0.0362   -2.04    8.87   11.32    5.67    0.50     824
  3.000    6.50    8.08  0.0611   -2.39    9.31   12.67    6.32    0.53     824
  3.500    7.79    8.86  0.1036   -2.58    9.93   14.07    6.93    0.56     824
  4.000    8.94    9.46  0.1038   -2.75   10.67   15.40    7.45    0.51     824
  4.500   10.18   10.36  0.1043   -2.96   11.23   16.75    8.21    0.48     824
  5.000   11.45   11.34  0.1191   -3.07   12.00   18.23    9.09    0.48     824
  5.500   12.58   12.09  0.1285   -3.10   12.84   19.55    9.88    0.52     824
  6.000   13.74   12.64  0.1421   -3.30   13.63   20.89   10.47    0.54     823
  6.500   14.76   13.31  0.1520   -3.48   14.45   22.29   11.03    0.51     822
  7.000   15.76   14.01  0.1599   -3.64   15.35   23.67   11.62    0.50     821
  7.500   16.88   14.80  0.1541   -3.90   16.09   25.06   12.28    0.51     819
  8.000   17.81   15.56  0.1620   -4.18   16.75   26.41   12.76    0.54     815
  8.500   18.83   16.27  0.1827   -4.43   17.37   27.74   13.24    0.54     815
  9.000   20.01   16.78  0.1859   -4.74   18.17   29.11   13.75    0.49     814
  9.500   21.19   17.31  0.1911   -5.19   18.77   30.42   14.29    0.49     809
 10.000   22.14   17.63  0.1887   -5.34   19.05   31.40   14.49    0.50     807
 10.500   23.16   17.96  0.1996   -5.33   18.79   32.02   14.72    0.46     801
 11.000   24.18   18.11  0.1999   -5.48   18.52   32.62   15.02    0.43     801
 11.500   24.73   17.74  0.2006   -5.13   17.82   32.57   14.69    0.45     798
 12.000   25.45   16.97  0.1850   -4.79   16.80   32.15   14.49    0.46     797
 12.500   25.75   15.78  0.1865   -4.95   16.00   31.76   13.75    0.43     797
 13.000   25.39   14.37  0.1975   -4.64   15.25   30.74   12.93    0.35     794
 13.500   24.60   13.25  0.2134   -4.28   14.33   29.36   12.09    0.34     793
 14.000   23.69   12.20  0.2088   -3.84   13.55   28.01   11.23    0.25     788
 14.500   22.53   11.34  0.2453   -3.57   12.85   26.65   10.46    0.26     785
 15.000   21.14   10.60  0.2826   -3.30   12.10   25.02    9.68    0.35     779
 15.500   19.65    9.92  0.2851   -2.86   10.89   23.11    9.01    0.47     778
 16.000   17.89    8.97  0.2395   -2.75    9.78   21.01    8.16    0.42     775
 16.500   16.33    8.28  0.2114   -2.60    8.95   19.18    7.45    0.35     736
 17.000   14.59    7.41  0.2219   -2.54    8.05   17.33    6.67    0.41     721
 17.500   13.01    6.57  0.1902   -2.55    7.34   15.48    6.08    0.46     709
 18.000   11.05    6.15  0.1921   -2.37    6.47   13.41    5.59    0.65     706
 18.500    9.06    5.86  0.2054   -2.15    5.91   11.34    5.36    0.73     695
 19.000    7.82    5.87  0.2143   -2.37    5.41   10.45    4.95    0.92     686
 19.500    6.30    5.84  0.2209   -2.44    4.70    9.35    4.45    1.27     682
 20.000    5.07    5.79  0.2052   -2.49    4.51    8.47    4.30    1.54     678
 20.500    3.71    5.86  0.1969   -2.64    4.37    7.53    4.31    1.42     674
 21.000    2.55    5.98  0.1762   -2.80    4.13    7.35    4.02    1.56     663
 21.500    1.53    6.17  0.1472   -2.93    3.96    7.13    3.98    1.52     657
 22.000    0.69    6.34  0.1198   -3.03    3.79    7.33    3.68    2.02     655
 22.500   -0.14    6.62  0.1175   -3.08    3.64    7.54    3.74    2.05     648
 23.000   -0.71    7.01  0.0863   -3.07    3.75    7.75    4.00    1.84     643
 23.500   -1.21    7.33  0.1187   -2.86    3.73    7.82    4.27    1.50     640
 24.000   -1.52    7.74  0.1015   -2.68    3.63    7.93    4.68    1.52     626
 24.500   -1.81    8.16  0.1749   -2.94    3.80    8.29    5.01    1.56     608
 25.000   -2.01    8.57  0.1815   -2.92    3.78    8.78    5.15    1.78     601
 25.500   -2.20    9.12  0.2114   -2.99    4.06    9.28    5.55    1.67     587
 26.000   -2.36    9.82  0.2341   -2.89    4.20    9.68    6.05    1.54     586
 26.500   -2.25   10.50  0.3305   -2.71    4.55   10.07    6.60    1.51     561
 27.000   -2.12   10.97  0.3332   -2.79    4.79   10.63    6.71    1.65     554
 27.500   -1.91   11.84  0.3776   -2.70    4.89   11.12    7.37    1.57     548
 28.000   -1.65   12.56  0.4071   -2.78    5.16   11.91    7.63    1.63     529
 28.500   -1.28   13.53  0.4289   -2.72    5.75   12.72    8.20    1.50     518
 29.000   -1.01   14.37  0.3914   -3.06    5.78   13.44    8.72    1.42     501
 29.500   -0.52   15.08  0.3807   -3.11    6.04   14.01    9.18    1.38     476
 30.000    0.32   15.76  0.3948   -3.04    6.27   14.57    9.42    1.11     452
     T A B L E  I -   2.  W I N D  S T A T I S T I C A L  P A R A M E T E R S
                                  February
 Station =   72293      Vandenberg AFB, CA
    Z    MEAN U   SD  U  R(U,V)  MEAN V   SD  V MEAN WS  SD  WS SKEW WS    NOBS
    KM     M/S     M/S             M/S     M/S     M/S     M/S                 
  0.000    0.00    0.00  0.0000    0.00    0.00    0.00    0.00    0.00       0
  0.100    0.57    2.99 -0.5931   -0.53    3.54    3.95    2.55    0.99     813
  0.500    0.82    4.61 -0.4224   -1.24    6.90    7.43    4.27    1.06     817
  1.000    0.77    4.87 -0.2559   -0.63    7.84    8.15    4.58    1.07     819
  1.500    1.59    5.32 -0.1459   -0.55    8.22    8.72    4.80    1.00     819
  2.000    3.26    5.88 -0.1072   -0.79    8.45    9.68    5.02    0.78     819
  2.500    4.78    6.60 -0.0484   -1.10    8.83   10.75    5.58    0.61     819
  3.000    6.18    7.32 -0.0174   -1.25    9.28   11.87    6.28    0.53     819
  3.500    7.52    8.04  0.0155   -1.19    9.98   13.26    6.95    0.56     819
  4.000    8.81    8.72  0.0449   -1.02   10.72   14.62    7.63    0.66     819
  4.500   10.24    9.54  0.0491   -1.10   11.35   16.07    8.39    0.59     819
  5.000   11.65   10.43  0.0607   -1.11   12.03   17.51    9.29    0.58     819
  5.500   12.84   11.33  0.0775   -1.02   12.85   18.89   10.18    0.62     819
  6.000   13.81   11.97  0.0875   -1.06   13.48   20.07   10.73    0.58     817
  6.500   14.79   12.56  0.0908   -1.16   14.16   21.30   11.29    0.56     817
  7.000   15.81   13.31  0.1109   -1.22   14.91   22.58   11.95    0.55     816
  7.500   17.15   14.05  0.1311   -1.23   15.91   24.14   12.82    0.54     815
  8.000   18.37   14.81  0.1427   -1.33   16.77   25.66   13.56    0.55     813
  8.500   19.61   15.39  0.1509   -1.34   17.47   27.04   14.16    0.52     812
  9.000   20.83   15.98  0.1464   -1.19   18.13   28.38   14.67    0.50     812
  9.500   22.24   16.54  0.1553   -1.11   18.64   29.82   15.14    0.52     808
 10.000   23.60   16.98  0.1684   -1.11   19.05   31.15   15.58    0.57     804
 10.500   25.13   17.38  0.1766   -0.93   19.17   32.31   16.11    0.61     802
 11.000   26.47   17.48  0.1740   -1.14   18.94   33.29   16.17    0.66     801
 11.500   27.25   16.85  0.1651   -1.16   18.13   33.46   15.57    0.69     799
 12.000   27.82   15.52  0.1554   -0.92   17.15   33.09   14.74    0.65     798
 12.500   27.75   14.10  0.1482   -0.74   15.97   32.38   13.48    0.67     794
 13.000   27.65   12.68  0.1466   -0.48   14.35   31.35   12.46    0.57     792
 13.500   26.78   11.73  0.1443   -0.60   13.10   29.94   11.58    0.51     792
 14.000   25.56   10.74  0.1528   -0.41   12.42   28.48   10.72    0.50     789
 14.500   24.28    9.81  0.1605   -0.35   11.63   27.02    9.85    0.40     788
 15.000   22.75    9.02  0.1713   -0.30   10.78   25.20    9.11    0.35     787
 15.500   20.98    8.35  0.2072   -0.14   10.00   23.30    8.43    0.41     786
 16.000   19.43    7.91  0.2048   -0.21    8.85   21.49    7.84    0.38     784
 16.500   17.39    7.53  0.1886   -0.44    7.84   19.17    7.43    0.51     736
 17.000   15.53    6.68  0.1758   -0.50    7.13   17.28    6.56    0.49     721
 17.500   13.81    6.25  0.1998   -0.69    6.60   15.50    6.14    0.54     715
 18.000   11.82    6.06  0.2473   -0.76    5.84   13.44    5.81    0.74     713
 18.500    9.66    5.86  0.1886   -0.97    5.26   11.32    5.44    0.67     701
 19.000    8.29    5.62  0.2214   -1.21    5.19   10.37    4.93    0.75     692
 19.500    6.73    5.58  0.2728   -1.40    4.57    9.28    4.31    0.98     690
 20.000    5.22    5.79  0.2231   -1.65    4.26    8.35    4.13    1.24     680
 20.500    3.96    5.79  0.1955   -1.91    3.99    7.36    3.97    1.05     675
 21.000    2.75    5.71  0.1489   -2.03    3.41    6.84    3.53    1.06     667
 21.500    1.70    6.12  0.0992   -2.35    3.40    6.74    3.81    1.13     656
 22.000    0.64    6.30  0.0994   -2.45    3.32    7.07    3.30    1.38     651
 22.500   -0.06    6.69  0.1347   -2.38    3.13    7.37    3.25    1.20     643
 23.000   -0.68    6.93  0.1057   -2.37    3.37    7.55    3.39    1.14     637
 23.500   -1.11    7.23  0.1021   -2.42    3.18    7.65    3.69    1.02     632
 24.000   -1.60    7.82  0.1015   -2.52    3.27    8.05    4.24    0.96     622
 24.500   -1.92    8.35  0.1466   -2.52    3.49    8.49    4.53    0.80     618
 25.000   -1.95    8.71  0.1500   -2.55    3.32    8.91    4.59    1.01     610
 25.500   -2.05    9.26  0.1612   -2.60    3.36    9.38    4.79    0.95     605
 26.000   -1.90    9.70  0.1636   -2.28    3.46    9.55    5.07    0.88     602
 26.500   -1.42   10.40  0.2119   -2.29    3.80    9.99    5.64    0.86     573
 27.000   -1.22   11.00  0.1431   -2.54    4.04   10.66    5.79    0.91     563
 27.500   -1.12   11.55  0.1970   -2.42    4.08   10.99    6.17    0.75     554
 28.000   -0.59   12.04  0.2072   -2.36    4.21   11.58    6.16    0.87     535
 28.500    0.14   12.81  0.2367   -2.28    4.84   12.28    6.65    0.86     527
 29.000    0.43   13.39  0.2534   -2.39    5.03   12.98    6.84    0.86     510
 29.500    0.95   14.30  0.2357   -2.02    4.97   13.66    7.20    0.92     487
 30.000    1.48   14.78  0.2304   -2.01    5.32   14.15    7.50    0.94     468
     T A B L E  I -   3.  W I N D  S T A T I S T I C A L  P A R A M E T E R S
                                     March
 Station =   72293      Vandenberg AFB, CA
    Z    MEAN U   SD  U  R(U,V)  MEAN V   SD  V MEAN WS  SD  WS SKEW WS    NOBS
    KM     M/S     M/S             M/S     M/S     M/S     M/S                 
  0.000    0.00    0.00  0.0000    0.00    0.00    0.00    0.00    0.00       0
  0.100    1.53    2.69 -0.5826   -1.71    3.28    4.02    2.66    0.92     854
  0.500    1.75    4.22 -0.2210   -3.66    5.87    7.47    3.93    0.69     857
  1.000    1.27    4.18 -0.0327   -3.35    6.74    7.75    4.15    0.87     858
  1.500    1.77    4.55 -0.0694   -3.03    7.22    8.10    4.48    0.74     858
  2.000    3.10    5.17 -0.0450   -3.19    7.58    9.10    4.77    0.67     858
  2.500    4.40    5.96 -0.0070   -3.25    7.95   10.15    5.16    0.68     858
  3.000    5.62    6.86  0.0341   -3.32    8.41   11.33    5.70    0.63     858
  3.500    6.78    7.51  0.0700   -3.47    9.18   12.66    6.32    0.68     858
  4.000    7.92    8.41  0.0713   -3.52    9.93   13.98    7.10    0.76     857
  4.500    9.02    9.21  0.0842   -3.37   10.61   15.21    7.78    0.77     857
  5.000   10.12   10.08  0.1134   -3.28   11.19   16.41    8.49    0.77     857
  5.500   11.17   10.89  0.1192   -3.25   11.82   17.57    9.25    0.81     857
  6.000   12.16   11.45  0.1431   -3.36   12.63   18.89    9.68    0.78     857
  6.500   13.09   12.11  0.1496   -3.45   13.43   20.23   10.18    0.75     857
  7.000   14.08   12.87  0.1529   -3.60   14.27   21.56   10.85    0.72     857
  7.500   15.02   13.52  0.1685   -3.78   15.19   22.90   11.39    0.62     857
  8.000   15.91   14.22  0.1854   -4.11   16.03   24.30   11.90    0.61     857
  8.500   16.76   14.91  0.2105   -4.33   16.78   25.48   12.56    0.58     857
  9.000   17.86   15.42  0.2374   -4.59   17.55   26.78   13.06    0.52     856
  9.500   18.84   15.91  0.2505   -4.73   18.04   27.87   13.44    0.44     856
 10.000   19.78   16.10  0.2586   -4.88   18.11   28.67   13.56    0.43     856
 10.500   20.86   16.38  0.2704   -4.74   18.22   29.52   13.73    0.45     856
 11.000   22.19   16.47  0.2603   -4.92   18.06   30.45   13.77    0.47     856
 11.500   23.50   15.99  0.2513   -4.48   17.11   30.72   13.52    0.51     852
 12.000   24.29   15.24  0.2445   -4.05   16.00   30.33   13.31    0.57     851
 12.500   24.69   14.30  0.2329   -3.42   14.85   29.86   12.65    0.57     851
 13.000   24.37   13.08  0.2608   -2.72   13.57   28.76   11.68    0.61     849
 13.500   24.00   12.24  0.2686   -2.12   12.66   27.76   11.15    0.60     845
 14.000   23.30   11.58  0.2502   -1.73   11.67   26.57   10.63    0.51     841
 14.500   22.24   10.48  0.2074   -1.56   11.05   25.31    9.70    0.40     839
 15.000   21.02    9.56  0.2230   -1.33   10.40   23.83    8.84    0.28     838
 15.500   19.68    8.67  0.2307   -1.15    9.42   22.19    8.02    0.17     837
 16.000   18.06    7.87  0.2380   -1.15    8.62   20.38    7.26    0.15     835
 16.500   16.27    7.26  0.2476   -1.31    7.99   18.42    6.73    0.23     775
 17.000   14.59    6.76  0.2156   -1.06    7.26   16.65    6.35    0.29     759
 17.500   12.85    6.51  0.2176   -0.98    6.90   14.91    6.13    0.39     753
 18.000   11.26    6.13  0.2160   -0.88    5.98   13.11    5.69    0.48     752
 18.500    9.36    5.55  0.2327   -0.64    5.25   11.02    5.12    0.48     743
 19.000    7.96    5.65  0.2538   -0.97    5.15   10.13    4.83    0.72     733
 19.500    6.53    5.66  0.3225   -1.20    4.82    9.19    4.48    1.24     730
 20.000    5.22    5.76  0.3279   -1.21    4.45    8.26    4.29    1.40     725
 20.500    3.73    5.85  0.2305   -1.24    4.23    7.22    4.09    1.12     720
 21.000    2.66    5.97  0.2837   -1.23    3.93    6.94    3.83    1.31     710
 21.500    1.97    6.42  0.2434   -1.18    3.75    6.81    4.06    1.36     700
 22.000    1.29    6.64  0.2710   -1.37    3.82    7.14    3.80    1.73     693
 22.500    0.68    6.85  0.2582   -1.54    3.61    7.33    3.69    1.32     686
 23.000    0.05    7.12  0.1971   -1.42    3.40    7.33    3.68    1.15     681
 23.500   -0.21    7.18  0.1954   -1.17    3.44    7.26    3.84    1.05     678
 24.000   -0.22    7.49  0.2372   -1.25    3.08    7.22    4.15    1.17     669
 24.500   -0.23    8.02  0.2218   -1.17    3.27    7.53    4.55    1.03     662
 25.000    0.02    8.34  0.3039   -1.23    3.31    8.14    4.39    1.08     655
 25.500    0.26    8.88  0.2819   -1.33    3.30    8.53    4.72    1.14     644
 26.000    0.56    9.31  0.2250   -1.40    3.41    8.80    5.03    1.14     636
 26.500    1.02    9.97  0.3437   -1.19    3.55    9.11    5.72    1.04     613
 27.000    1.60   10.57  0.3315   -1.21    3.81    9.87    5.95    1.27     603
 27.500    2.45   11.02  0.3647   -1.30    3.71   10.31    6.25    1.03     600
 28.000    3.25   11.78  0.3275   -1.21    3.78   11.18    6.67    1.11     585
 28.500    4.41   12.58  0.3302   -1.29    4.48   12.24    7.27    1.07     567
 29.000    5.18   12.87  0.3244   -1.27    4.42   12.78    7.53    1.15     552
 29.500    6.13   13.54  0.3920   -1.05    4.60   13.63    7.99    1.03     534
 30.000    7.01   14.30  0.3661   -1.20    5.02   14.46    8.66    1.18     512
     T A B L E  I -   4.  W I N D  S T A T I S T I C A L  P A R A M E T E R S
                                     April
 Station =   72293      Vandenberg AFB, CA
    Z    MEAN U   SD  U  R(U,V)  MEAN V   SD  V MEAN WS  SD  WS SKEW WS    NOBS
    KM     M/S     M/S             M/S     M/S     M/S     M/S                 
  0.000    0.00    0.00  0.0000    0.00    0.00    0.00    0.00    0.00       0
  0.100    2.14    2.65 -0.5539   -2.25    3.28    4.40    2.84    0.84     781
  0.500    2.88    4.28 -0.2617   -5.09    5.48    8.23    4.07    0.60     782
  1.000    1.80    3.96 -0.0630   -4.36    5.90    7.78    3.68    0.62     785
  1.500    1.80    4.20 -0.1065   -3.78    6.34    7.73    3.98    0.60     785
  2.000    2.92    4.76 -0.1049   -3.51    6.92    8.65    4.27    0.49     785
  2.500    4.43    5.55 -0.0846   -3.26    7.59    9.82    4.83    0.54     785
  3.000    5.91    6.28 -0.0649   -3.10    8.25   11.00    5.62    0.63     785
  3.500    7.43    7.02 -0.0422   -2.91    8.96   12.44    6.32    0.66     785
  4.000    8.73    7.75  0.0118   -2.71    9.68   13.80    6.96    0.60     785
  4.500   10.10    8.44  0.0574   -2.50   10.44   15.21    7.66    0.60     785
  5.000   11.51    9.12  0.0898   -2.35   11.11   16.67    8.27    0.58     785
  5.500   12.73    9.88  0.1080   -2.07   11.92   18.10    8.90    0.61     785
  6.000   14.01   10.49  0.1179   -2.08   12.70   19.53    9.56    0.57     785
  6.500   15.17   10.98  0.1293   -2.08   13.58   20.92   10.18    0.57     784
  7.000   16.21   11.51  0.1352   -2.07   14.49   22.17   10.92    0.56     784
  7.500   17.38   12.16  0.1507   -2.20   15.49   23.65   11.68    0.49     784
  8.000   18.40   12.75  0.1744   -2.29   16.34   24.98   12.30    0.49     784
  8.500   19.38   13.22  0.1929   -2.20   16.95   26.18   12.66    0.43     784
  9.000   20.55   13.62  0.2265   -2.03   17.57   27.48   12.92    0.37     784
  9.500   21.68   14.02  0.2481   -1.68   17.98   28.65   13.16    0.36     782
 10.000   22.91   14.34  0.2664   -1.57   18.24   29.80   13.43    0.37     782
 10.500   23.75   14.57  0.2846   -1.38   18.13   30.41   13.54    0.38     781
 11.000   24.64   14.62  0.2796   -1.27   17.86   31.08   13.36    0.31     780
 11.500   25.04   14.17  0.3002   -1.01   17.22   31.00   13.00    0.28     780
 12.000   25.26   13.55  0.3088   -0.56   16.22   30.54   12.41    0.29     780
 12.500   25.43   12.76  0.2966    0.07   15.07   30.08   11.70    0.35     779
 13.000   25.13   11.87  0.2787    0.56   13.84   29.13   11.03    0.42     776
 13.500   24.46   10.76  0.2460    0.86   12.64   27.84   10.12    0.45     773
 14.000   23.09    9.64  0.2620    1.20   11.50   26.05    9.13    0.43     769
 14.500   22.07    9.03  0.2559    1.56   10.65   24.79    8.61    0.48     767
 15.000   20.96    8.47  0.2302    1.85   10.05   23.48    8.16    0.52     765
 15.500   19.58    7.61  0.2092    1.71    9.30   21.91    7.36    0.45     764
 16.000   17.85    6.89  0.2183    1.64    8.44   20.00    6.60    0.46     762
 16.500   16.21    6.49  0.2121    1.53    7.67   18.12    6.20    0.44     717
 17.000   14.55    5.78  0.2122    1.40    6.94   16.37    5.61    0.43     701
 17.500   12.94    5.54  0.1972    1.24    6.25   14.63    5.33    0.46     698
 18.000   11.20    5.22  0.1965    1.21    5.87   12.88    5.07    0.56     698
 18.500    9.31    5.14  0.1585    1.07    5.05   10.90    4.77    0.60     696
 19.000    8.11    4.74  0.1518    0.95    4.95    9.88    4.30    0.69     693
 19.500    7.03    4.41  0.2255    0.66    4.45    8.80    3.99    1.26     693
 20.000    5.82    4.37  0.2201    0.31    3.93    7.71    3.70    1.45     690
 20.500    4.57    4.63  0.2078    0.16    3.77    6.67    3.69    1.41     690
 21.000    3.57    4.44  0.2339   -0.11    3.39    5.92    3.47    1.54     685
 21.500    2.91    4.57  0.1925   -0.30    3.34    5.53    3.48    1.38     683
 22.000    2.54    4.66  0.2405   -0.61    3.42    5.82    3.16    1.66     681
 22.500    2.19    4.73  0.2365   -0.58    3.28    5.84    2.99    1.63     677
 23.000    1.80    4.82  0.2767   -0.53    3.25    5.71    2.91    1.72     672
 23.500    1.62    4.89  0.2187   -0.62    3.07    5.54    3.01    1.56     671
 24.000    1.52    4.95  0.2430   -0.36    3.16    5.26    3.25    1.42     662
 24.500    2.03    5.35  0.2555   -0.29    3.35    5.79    3.46    1.36     656
 25.000    2.62    5.54  0.2636   -0.26    3.19    6.46    3.24    1.45     652
 25.500    3.18    5.96  0.1984   -0.36    3.25    6.97    3.45    1.48     647
 26.000    3.86    6.30  0.1919   -0.31    3.43    7.41    3.81    1.24     641
 26.500    4.33    6.54  0.1857   -0.29    3.29    7.49    4.18    1.03     626
 27.000    5.24    7.07  0.2492   -0.17    3.72    8.54    4.51    1.01     608
 27.500    5.87    7.55  0.2080   -0.05    3.80    9.17    4.86    0.84     605
 28.000    6.65    7.89  0.2470    0.05    3.82   10.07    4.95    0.89     588
 28.500    7.62    8.45  0.2477    0.17    4.27   10.94    5.55    1.04     578
 29.000    8.39    8.62  0.2092    0.21    4.22   11.70    5.54    0.88     564
 29.500    9.27    9.12  0.1733    0.24    4.43   12.57    5.98    0.79     536
 30.000   10.14    9.57  0.1604    0.57    4.91   13.51    6.30    0.58     519
     T A B L E  I -   5.  W I N D  S T A T I S T I C A L  P A R A M E T E R S
                                       May
 Station =   72293      Vandenberg AFB, CA
    Z    MEAN U   SD  U  R(U,V)  MEAN V   SD  V MEAN WS  SD  WS SKEW WS    NOBS
    KM     M/S     M/S             M/S     M/S     M/S     M/S                 
  0.000    0.00    0.00  0.0000    0.00    0.00    0.00    0.00    0.00       0
  0.100    2.30    2.38 -0.6186   -2.71    3.13    4.43    2.91    0.83     798
  0.500    2.77    4.23 -0.2883   -5.70    4.92    8.31    3.94    0.55     807
  1.000    1.24    3.64 -0.0496   -4.90    5.10    7.51    3.24    0.48     808
  1.500    1.09    3.56 -0.1790   -4.06    5.47    6.91    3.58    0.70     808
  2.000    2.23    4.24 -0.2482   -3.59    6.18    7.65    4.09    0.65     808
  2.500    3.65    4.93 -0.2422   -2.97    6.74    8.45    4.62    0.66     807
  3.000    4.83    5.77 -0.2205   -2.31    7.17    9.25    5.33    0.78     807
  3.500    6.10    6.30 -0.1600   -1.86    7.55   10.12    6.03    0.82     807
  4.000    7.18    6.95 -0.1136   -1.55    7.99   11.10    6.65    0.81     807
  4.500    8.23    7.61 -0.0820   -1.29    8.43   12.12    7.27    0.80     807
  5.000    9.21    8.24 -0.0344   -0.95    8.82   13.14    7.75    0.76     807
  5.500   10.17    8.75 -0.0158   -0.61    9.33   14.19    8.18    0.77     806
  6.000   11.26    9.41  0.0209   -0.44    9.95   15.37    8.88    0.84     795
  6.500   12.26   10.16  0.0526   -0.26   10.63   16.69    9.48    0.93     779
  7.000   13.10   10.85  0.0828   -0.21   11.33   17.83   10.05    0.94     779
  7.500   14.04   11.51  0.0946   -0.06   11.95   18.93   10.71    0.88     778
  8.000   14.95   12.08  0.1273    0.06   12.43   20.09   11.05    0.90     778
  8.500   15.92   12.59  0.1522    0.16   13.03   21.23   11.55    0.90     778
  9.000   16.73   13.15  0.1683    0.34   13.73   22.30   12.08    0.87     778
  9.500   17.33   13.75  0.1836    0.45   14.47   23.24   12.62    0.84     778
 10.000   18.05   14.10  0.1997    0.35   15.05   24.24   12.89    0.80     778
 10.500   18.76   14.48  0.2145    0.36   15.39   25.08   13.09    0.72     778
 11.000   19.44   14.69  0.2264    0.38   15.50   25.82   13.01    0.67     778
 11.500   19.95   14.64  0.2162    0.41   15.09   26.13   12.69    0.57     775
 12.000   20.33   14.26  0.2050    0.73   14.75   26.22   12.21    0.44     775
 12.500   20.54   13.52  0.1999    0.81   14.16   26.03   11.46    0.37     775
 13.000   20.34   12.63  0.2007    1.12   13.18   25.37   10.52    0.37     773
 13.500   19.88   11.59  0.2056    1.50   12.09   24.22    9.76    0.32     771
 14.000   18.84   10.38  0.2034    1.86   10.65   22.43    8.83    0.29     770
 14.500   17.91    9.42  0.1960    2.02    9.81   21.20    8.05    0.35     769
 15.000   16.70    8.87  0.2311    1.98    9.11   19.77    7.46    0.35     767
 15.500   15.49    8.14  0.2115    2.15    8.02   18.21    6.84    0.37     767
 16.000   14.02    7.63  0.1829    2.01    7.25   16.58    6.32    0.42     767
 16.500   12.31    7.00  0.1405    2.03    6.41   14.55    5.91    0.40     732
 17.000   10.80    6.41  0.1411    1.65    5.78   13.05    5.24    0.53     703
 17.500    9.11    5.82  0.0931    1.47    5.27   11.31    4.71    0.76     697
 18.000    7.45    5.46  0.0889    1.40    4.75    9.71    4.32    1.04     697
 18.500    5.72    4.97  0.0561    1.19    4.26    8.13    3.72    0.73     692
 19.000    4.34    4.74  0.0957    0.80    4.13    7.16    3.16    0.74     689
 19.500    3.13    4.49  0.0829    0.45    3.77    6.51    2.63    1.02     686
 20.000    1.80    4.32  0.0655    0.07    3.63    5.95    2.45    1.07     677
 20.500    0.59    4.25  0.0287   -0.14    3.54    5.24    2.51    1.02     675
 21.000   -0.36    3.93  0.0479   -0.36    3.12    4.75    2.50    0.85     674
 21.500   -1.12    4.03  0.0381   -0.54    3.10    4.74    2.76    0.86     670
 22.000   -1.74    3.91  0.0395   -0.74    2.97    5.12    2.33    0.57     670
 22.500   -2.06    3.86  0.0081   -0.61    2.95    5.30    2.26    0.36     663
 23.000   -2.28    4.11  0.0369   -0.64    2.91    5.41    2.44    0.65     661
 23.500   -2.37    4.14  0.0520   -0.67    2.85    5.39    2.55    0.54     661
 24.000   -2.13    4.20  0.0779   -0.65    2.80    4.88    2.81    0.81     654
 24.500   -2.11    4.77  0.0617   -0.64    3.15    5.39    3.05    0.76     645
 25.000   -1.80    4.91  0.0585   -0.71    3.01    5.86    2.67    0.73     643
 25.500   -1.37    5.26  0.0393   -0.69    3.20    6.09    2.74    0.95     641
 26.000   -1.12    5.47  0.1282   -0.72    3.37    6.22    2.86    0.97     640
 26.500   -0.80    5.74  0.0677   -0.53    3.01    6.01    3.07    0.85     637
 27.000   -0.32    6.14  0.1309   -0.41    3.24    6.33    3.19    0.93     612
 27.500    0.01    6.47  0.1012   -0.36    3.40    6.62    3.43    0.89     610
 28.000    0.43    6.92 -0.0137   -0.37    3.51    7.32    3.32    1.18     594
 28.500    0.73    7.16  0.0349   -0.13    3.84    7.63    3.33    1.22     582
 29.000    1.19    7.31  0.0487   -0.18    3.85    8.07    3.30    1.07     562
 29.500    1.36    7.67  0.0141   -0.08    4.01    8.32    3.50    1.10     542
 30.000    1.61    7.99 -0.0227   -0.20    4.27    8.54    3.91    1.22     519
     T A B L E  I -   6.  W I N D  S T A T I S T I C A L  P A R A M E T E R S
                                      June
 Station =   72293      Vandenberg AFB, CA
    Z    MEAN U   SD  U  R(U,V)  MEAN V   SD  V MEAN WS  SD  WS SKEW WS    NOBS
    KM     M/S     M/S             M/S     M/S     M/S     M/S                 
  0.000    0.00    0.00  0.0000    0.00    0.00    0.00    0.00    0.00       0
  0.100    2.52    2.15 -0.6016   -2.64    2.68    4.22    2.70    0.71     711
  0.500    2.94    3.79 -0.3932   -5.20    4.37    7.52    3.88    0.68     720
  1.000    1.11    3.59 -0.1636   -4.49    4.51    6.89    3.09    0.38     721
  1.500    0.51    3.42 -0.1801   -3.62    4.58    6.04    3.14    0.63     721
  2.000    1.31    3.83 -0.2787   -3.03    5.11    6.43    3.41    0.79     721
  2.500    2.47    4.38 -0.2999   -2.27    5.52    6.89    3.77    0.89     721
  3.000    3.36    4.92 -0.2426   -1.57    5.78    7.40    4.16    1.16     721
  3.500    4.24    5.50 -0.1707   -1.11    6.18    8.21    4.62    1.19     720
  4.000    5.07    6.11 -0.1417   -0.76    6.65    9.07    5.20    1.18     720
  4.500    5.74    6.45 -0.0987   -0.42    7.13    9.71    5.71    1.17     720
  5.000    6.55    6.83 -0.0858   -0.21    7.67   10.50    6.28    1.16     719
  5.500    7.30    7.34 -0.0462   -0.03    8.20   11.35    6.82    1.15     719
  6.000    8.08    7.73 -0.0243    0.13    8.55   12.08    7.25    0.96     719
  6.500    8.78    8.07 -0.0179    0.27    8.92   12.99    7.40    0.92     719
  7.000    9.40    8.32 -0.0195    0.34    9.38   13.72    7.70    0.90     719
  7.500   10.02    8.56  0.0044    0.51    9.95   14.35    8.22    0.94     719
  8.000   10.68    8.82  0.0329    0.33   10.54   15.24    8.52    0.96     719
  8.500   11.31    9.30  0.0573    0.23   11.13   16.15    8.94    0.92     719
  9.000   12.04    9.71  0.0756    0.27   11.71   17.04    9.34    0.84     719
  9.500   12.64   10.06  0.1097    0.39   12.37   17.87    9.76    0.77     719
 10.000   13.39   10.56  0.1216    0.59   12.80   18.83   10.11    0.73     719
 10.500   14.25   10.97  0.1333    0.71   13.23   19.79   10.44    0.70     719
 11.000   15.08   11.20  0.1657    0.81   13.44   20.49   10.73    0.66     719
 11.500   15.82   11.36  0.1848    1.15   13.46   21.22   10.71    0.56     719
 12.000   16.42   11.24  0.2261    1.62   13.38   21.67   10.49    0.49     719
 12.500   16.94   11.04  0.2432    2.11   13.16   21.98   10.24    0.40     719
 13.000   17.36   10.44  0.2703    2.62   12.55   22.02    9.71    0.37     718
 13.500   17.42    9.96  0.2628    2.90   11.77   21.67    9.16    0.32     717
 14.000   16.73    9.08  0.2423    3.23   10.65   20.47    8.32    0.27     714
 14.500   15.69    8.23  0.2261    3.54    9.79   19.19    7.63    0.17     712
 15.000   14.16    7.50  0.2261    3.53    8.92   17.34    7.11    0.25     712
 15.500   12.43    6.60  0.1732    3.22    7.94   15.40    6.15    0.28     712
 16.000   10.28    5.92  0.1468    3.00    6.98   13.18    5.37    0.50     712
 16.500    8.37    5.48  0.1124    2.53    6.15   11.03    4.91    0.61     711
 17.000    6.39    4.85  0.0783    2.14    5.28    9.24    3.91    0.89     670
 17.500    4.58    4.57  0.0443    1.69    4.97    8.03    3.09    1.01     669
 18.000    2.68    4.26  0.0659    1.43    4.39    6.78    2.41    0.98     668
 18.500    0.84    4.04  0.0346    1.04    3.87    5.76    2.28    0.48     654
 19.000   -0.77    3.83  0.0035    0.89    3.85    5.30    2.37    0.74     647
 19.500   -2.20    3.90  0.0582    0.69    3.54    5.93    2.13    0.70     643
 20.000   -3.48    3.57  0.0708    0.51    3.31    6.23    2.16    0.73     640
 20.500   -4.48    3.37  0.0159    0.22    3.42    6.35    2.44    0.83     639
 21.000   -5.24    3.25 -0.0534    0.04    3.05    6.41    2.79    0.54     633
 21.500   -6.05    3.16  0.0192   -0.10    2.88    7.09    2.73    0.20     632
 22.000   -6.67    3.09 -0.0342   -0.22    2.96    7.68    2.58    0.59     631
 22.500   -7.36    2.93 -0.0198   -0.26    2.62    8.21    2.56    0.46     630
 23.000   -7.95    3.20 -0.0883   -0.34    2.87    8.73    2.85    0.39     626
 23.500   -8.31    3.36 -0.0362   -0.36    2.61    9.04    2.94    0.30     625
 24.000   -8.45    3.40 -0.0258   -0.28    2.58    9.08    3.18    0.06     622
 24.500   -8.93    3.82  0.0387   -0.20    2.82    9.48    3.60    0.14     616
 25.000   -8.98    3.70  0.0489   -0.23    2.47    9.60    3.40    0.46     608
 25.500   -9.16    3.86  0.0336   -0.27    2.58    9.82    3.52    0.33     605
 26.000   -9.43    4.27 -0.0274   -0.25    2.60   10.05    3.97    0.54     603
 26.500   -9.52    4.45 -0.0443   -0.20    2.68   10.18    4.16    0.49     602
 27.000   -9.77    4.74 -0.0072   -0.01    2.97   10.41    4.45    0.30     585
 27.500   -9.83    4.70 -0.0008    0.21    2.83   10.47    4.37    0.23     581
 28.000   -9.88    4.67  0.0338    0.10    2.79   10.60    4.31    0.36     567
 28.500  -10.05    4.88 -0.0083    0.04    3.42   10.87    4.48    0.47     560
 29.000  -10.35    4.74  0.0638    0.08    2.99   11.13    4.34    0.36     542
 29.500  -10.28    5.10  0.1196   -0.05    3.31   11.22    4.55    0.40     520
 30.000  -10.62    5.33  0.0462   -0.27    3.58   11.56    4.86    0.35     490
     T A B L E  I -   7.  W I N D  S T A T I S T I C A L  P A R A M E T E R S
                                      July
 Station =   72293      Vandenberg AFB, CA
    Z    MEAN U   SD  U  R(U,V)  MEAN V   SD  V MEAN WS  SD  WS SKEW WS    NOBS
    KM     M/S     M/S             M/S     M/S     M/S     M/S                 
  0.000    0.00    0.00  0.0000    0.00    0.00    0.00    0.00    0.00       0
  0.100    2.28    1.83 -0.6317   -2.13    2.13    3.53    2.28    0.73     666
  0.500    1.92    2.98 -0.5203   -3.13    4.07    5.65    3.17    0.85     673
  1.000    0.42    3.15 -0.4501   -2.07    4.62    5.49    2.67    0.53     678
  1.500   -0.23    2.94 -0.2652   -1.30    4.23    4.68    2.58    0.90     678
  2.000    0.13    3.49 -0.3048   -0.43    4.24    4.97    2.61    1.27     678
  2.500    0.80    3.88 -0.2518    0.67    4.44    5.38    2.80    1.03     678
  3.000    1.31    4.21 -0.1842    1.61    4.59    5.89    3.03    0.95     678
  3.500    1.67    4.60 -0.1088    2.43    4.76    6.54    3.26    0.85     678
  4.000    1.94    5.07 -0.0480    3.04    4.98    7.20    3.58    0.89     678
  4.500    2.19    5.39  0.0038    3.41    5.15    7.67    3.80    0.59     678
  5.000    2.60    5.72  0.0533    3.61    5.39    8.10    4.13    0.54     678
  5.500    2.98    6.14  0.0745    3.75    5.55    8.58    4.37    0.67     678
  6.000    3.36    6.51  0.0862    3.97    5.77    8.98    4.73    0.58     677
  6.500    3.86    6.80  0.0927    4.21    6.05    9.68    4.81    0.73     677
  7.000    4.41    7.14  0.1310    4.43    6.52   10.43    5.04    0.79     677
  7.500    4.92    7.61  0.1540    4.75    6.93   11.11    5.47    0.73     677
  8.000    5.48    8.05  0.1678    5.16    7.36   12.04    5.65    0.79     677
  8.500    6.04    8.51  0.1640    5.62    7.85   12.93    6.06    0.80     677
  9.000    6.74    8.82  0.1673    6.14    8.27   13.73    6.51    0.77     677
  9.500    7.40    9.23  0.1652    6.86    8.69   14.63    7.01    0.72     677
 10.000    8.15    9.65  0.1831    7.38    9.10   15.57    7.46    0.62     676
 10.500    8.89   10.07  0.1893    8.14    9.56   16.61    7.98    0.57     676
 11.000    9.57   10.50  0.1845    8.80    9.87   17.48    8.44    0.54     676
 11.500   10.11   10.80  0.1774    9.32    9.96   18.20    8.71    0.54     675
 12.000   10.65   11.02  0.1785    9.64   10.11   18.70    9.07    0.52     675
 12.500   11.07   11.07  0.1928    9.73    9.92   18.75    9.34    0.51     674
 13.000   11.09   10.61  0.2025    9.48    9.49   18.39    8.96    0.56     673
 13.500   10.69   10.04  0.2283    9.18    9.06   17.65    8.52    0.61     672
 14.000   10.02    9.40  0.2073    8.80    8.34   16.56    7.97    0.64     671
 14.500    9.11    8.77  0.2045    8.00    7.69   15.20    7.40    0.69     669
 15.000    7.80    7.89  0.1806    7.05    7.07   13.45    6.70    0.77     666
 15.500    6.14    6.95  0.1376    6.15    6.13   11.50    5.74    0.84     666
 16.000    4.18    6.01  0.0610    5.28    5.48    9.84    4.51    0.95     666
 16.500    2.17    5.50  0.0152    4.39    5.13    8.28    3.84    0.92     666
 17.000    0.41    4.66  0.0606    3.69    4.56    7.22    3.10    0.90     630
 17.500   -1.10    4.35  0.0698    3.01    4.01    6.84    2.32    1.09     626
 18.000   -2.72    4.04  0.0640    2.40    3.65    6.66    2.14    1.16     626
 18.500   -4.06    3.66  0.0473    1.81    3.31    6.58    2.48    0.80     623
 19.000   -5.13    3.56  0.0483    1.31    3.14    6.61    2.88    0.67     619
 19.500   -6.44    3.16 -0.0018    1.07    2.84    7.59    2.72    0.80     618
 20.000   -7.38    2.86  0.0335    0.91    2.55    8.22    2.59    0.73     617
 20.500   -8.22    2.97  0.0422    0.80    2.78    8.87    2.81    0.61     615
 21.000   -8.75    2.75  0.0006    0.41    2.49    9.16    2.70    0.12     613
 21.500   -9.71    2.68 -0.0208    0.32    2.38   10.09    2.64    0.17     611
 22.000  -10.49    2.62 -0.1045    0.07    2.44   10.88    2.56    0.18     611
 22.500  -11.25    2.46 -0.0021    0.01    2.22   11.62    2.42    0.16     611
 23.000  -11.92    2.77 -0.0577   -0.11    2.48   12.28    2.73    0.14     609
 23.500  -12.66    2.64 -0.0388   -0.14    2.28   12.97    2.62    0.11     608
 24.000  -13.38    2.79 -0.0618   -0.18    2.23   13.68    2.73    0.11     602
 24.500  -14.03    2.94 -0.0067   -0.04    2.80   14.32    2.93    0.13     590
 25.000  -14.24    2.78 -0.0542   -0.10    2.37   14.55    2.75   -0.09     582
 25.500  -14.78    3.07  0.0166   -0.02    2.47   15.09    3.03    0.07     580
 26.000  -15.13    3.07  0.0193   -0.26    2.61   15.44    3.01    0.15     577
 26.500  -15.61    3.00  0.0082   -0.00    2.54   15.92    2.97   -0.04     573
 27.000  -15.96    3.27 -0.0217    0.13    2.82   16.24    3.26   -0.01     561
 27.500  -16.55    3.30  0.0009    0.06    2.58   16.80    3.26    0.03     535
 28.000  -16.59    3.23 -0.0340    0.08    2.53   16.90    3.20   -0.05     525
 28.500  -16.98    3.42 -0.0268    0.22    2.99   17.31    3.38    0.16     517
 29.000  -17.29    3.51 -0.0409   -0.05    2.75   17.63    3.52    0.35     511
 29.500  -17.80    3.67  0.0462   -0.00    2.95   18.17    3.67    0.28     490
 30.000  -18.05    4.18  0.0746    0.15    3.54   18.49    4.13    0.50     471
     T A B L E  I -   8.  W I N D  S T A T I S T I C A L  P A R A M E T E R S
                                    August
 Station =   72293      Vandenberg AFB, CA
    Z    MEAN U   SD  U  R(U,V)  MEAN V   SD  V MEAN WS  SD  WS SKEW WS    NOBS
    KM     M/S     M/S             M/S     M/S     M/S     M/S                 
  0.000    0.00    0.00  0.0000    0.00    0.00    0.00    0.00    0.00       0
  0.100    2.04    1.89 -0.6255   -2.03    2.04    3.35    2.18    0.65     691
  0.500    1.91    2.92 -0.4825   -2.85    3.80    5.37    2.89    0.70     700
  1.000    0.36    3.03 -0.4579   -1.48    4.26    4.94    2.57    0.62     706
  1.500   -0.40    2.93 -0.3033   -0.44    4.07    4.44    2.46    1.02     706
  2.000   -0.03    3.55 -0.2334    0.61    4.04    4.86    2.57    0.97     706
  2.500    0.62    4.11 -0.1728    1.57    3.99    5.32    2.84    0.87     706
  3.000    1.33    4.25 -0.1477    2.34    4.01    5.80    2.93    0.72     706
  3.500    1.95    4.32 -0.1179    2.87    4.10    6.23    3.08    0.67     704
  4.000    2.40    4.46 -0.0527    3.34    4.20    6.72    3.21    0.67     704
  4.500    2.76    4.67 -0.0212    3.58    4.48    7.18    3.47    0.63     704
  5.000    3.13    5.03  0.0254    3.75    4.79    7.65    3.84    0.72     704
  5.500    3.51    5.28  0.0678    3.79    5.08    8.09    4.01    0.90     704
  6.000    4.03    5.51  0.1185    3.93    5.42    8.51    4.41    0.77     703
  6.500    4.72    5.83  0.1428    4.16    5.85    9.41    4.56    0.81     698
  7.000    5.45    6.13  0.1454    4.35    6.28   10.15    4.92    0.82     698
  7.500    6.21    6.55  0.1526    4.74    6.78   10.95    5.53    0.77     696
  8.000    7.09    7.07  0.1587    5.08    7.28   12.06    5.93    0.78     695
  8.500    7.91    7.59  0.1335    5.49    7.94   13.19    6.44    0.75     695
  9.000    8.86    7.98  0.1196    5.92    8.48   14.24    6.92    0.59     695
  9.500    9.69    8.31  0.1031    6.36    8.93   15.15    7.39    0.55     695
 10.000   10.52    8.73  0.0905    6.91    9.33   16.22    7.77    0.51     692
 10.500   11.48    9.20  0.0815    7.35    9.79   17.38    8.14    0.51     690
 11.000   12.34    9.47  0.0614    7.96   10.28   18.38    8.60    0.46     690
 11.500   13.22    9.61  0.0373    8.41   10.42   19.30    8.78    0.48     690
 12.000   13.76    9.61  0.0299    8.74   10.50   19.85    8.80    0.44     688
 12.500   13.93    9.44  0.0442    9.09   10.45   20.02    8.68    0.37     688
 13.000   13.72    9.06  0.0599    9.21   10.09   19.77    8.36    0.39     688
 13.500   13.21    8.82  0.0619    9.07    9.65   19.08    8.18    0.33     687
 14.000   12.33    8.30  0.0722    8.66    8.80   17.80    7.71    0.28     687
 14.500   10.92    7.66  0.0519    7.86    7.97   16.01    7.04    0.36     685
 15.000    9.40    6.95  0.0764    6.79    7.07   14.01    6.23    0.48     680
 15.500    7.43    6.14  0.0477    5.96    6.14   11.98    5.20    0.43     679
 16.000    5.37    5.49 -0.0292    5.04    5.22   10.04    4.07    0.54     678
 16.500    3.34    4.80 -0.1247    4.20    5.09    8.28    3.44    0.75     678
 17.000    1.46    4.42 -0.0035    3.40    4.27    7.09    2.63    0.84     615
 17.500   -0.20    4.41  0.0045    2.72    3.87    6.66    2.01    0.91     614
 18.000   -1.69    4.19 -0.0419    2.17    3.70    6.47    2.10    0.96     614
 18.500   -3.11    3.68  0.0204    1.59    3.30    6.10    2.34    0.74     606
 19.000   -4.39    3.60  0.0402    1.13    3.30    6.18    2.84    0.52     602
 19.500   -5.62    3.23  0.0353    1.05    3.03    7.11    2.57    0.69     601
 20.000   -6.53    2.82 -0.0009    0.82    2.76    7.63    2.39    0.67     599
 20.500   -7.31    3.04  0.0432    0.46    2.97    8.17    2.64    0.65     599
 21.000   -8.09    3.01 -0.0398    0.15    2.59    8.58    2.89    0.09     598
 21.500   -9.15    2.92 -0.0447    0.23    2.46    9.63    2.83    0.22     593
 22.000   -9.74    2.76 -0.0474    0.03    2.48   10.17    2.68    0.37     592
 22.500  -10.49    2.72 -0.0060   -0.07    2.37   10.93    2.67    0.37     591
 23.000  -11.26    2.78 -0.0484   -0.20    2.51   11.64    2.73    0.28     588
 23.500  -12.17    2.82 -0.0597   -0.19    2.44   12.54    2.79    0.18     587
 24.000  -12.82    2.84 -0.0458   -0.08    2.42   13.17    2.83    0.30     587
 24.500  -13.37    2.97  0.0042   -0.10    2.88   13.69    2.98    0.19     584
 25.000  -13.91    2.91 -0.0142   -0.06    2.44   14.24    2.93    0.05     580
 25.500  -14.22    3.04 -0.0591    0.00    2.37   14.55    3.00    0.11     579
 26.000  -14.66    3.04  0.0172   -0.04    2.73   15.00    3.00    0.11     578
 26.500  -15.06    3.02 -0.0525    0.07    2.51   15.38    2.98    0.03     575
 27.000  -15.38    3.21 -0.0233    0.07    2.77   15.66    3.18    0.05     562
 27.500  -15.83    3.18  0.0427    0.18    2.79   16.14    3.17   -0.08     554
 28.000  -16.13    3.38  0.0080    0.05    2.63   16.47    3.36    0.24     543
 28.500  -16.44    3.57 -0.0723    0.05    3.07   16.78    3.55    0.14     539
 29.000  -16.67    3.53 -0.0371   -0.19    2.87   17.04    3.53    0.20     522
 29.500  -17.02    3.70 -0.0782   -0.12    3.20   17.44    3.71    0.15     504
 30.000  -17.49    4.00 -0.0719   -0.37    3.47   17.93    4.04    0.33     481
     T A B L E  I -   9.  W I N D  S T A T I S T I C A L  P A R A M E T E R S
                                 September
 Station =   72293      Vandenberg AFB, CA
    Z    MEAN U   SD  U  R(U,V)  MEAN V   SD  V MEAN WS  SD  WS SKEW WS    NOBS
    KM     M/S     M/S             M/S     M/S     M/S     M/S                 
  0.000    0.00    0.00  0.0000    0.00    0.00    0.00    0.00    0.00       0
  0.100    1.77    1.95 -0.6712   -1.96    2.21    3.26    2.24    0.95     663
  0.500    1.83    3.27 -0.5076   -3.13    4.06    5.64    3.28    0.90     673
  1.000    0.14    3.26 -0.3746   -1.39    4.65    5.35    2.67    0.70     681
  1.500   -0.71    3.61 -0.3173   -0.31    4.69    5.22    2.94    1.01     681
  2.000   -0.35    4.30 -0.2920    0.41    4.99    5.93    3.11    0.89     681
  2.500    0.33    5.08 -0.2272    1.02    5.44    6.75    3.43    0.70     681
  3.000    1.13    5.55 -0.1737    1.43    5.76    7.39    3.65    0.53     681
  3.500    2.15    5.83 -0.1623    1.59    5.96    7.87    4.02    0.78     681
  4.000    3.07    6.08 -0.1001    1.64    6.35    8.41    4.46    0.91     681
  4.500    3.93    6.36 -0.0485    1.60    6.60    8.91    4.91    1.00     681
  5.000    4.65    6.90  0.0144    1.52    6.74    9.43    5.41    1.12     681
  5.500    5.33    7.31  0.0844    1.51    7.15   10.09    5.88    1.24     681
  6.000    6.14    7.59  0.1366    1.64    7.54   10.70    6.39    1.13     681
  6.500    7.06    8.01  0.1590    1.82    8.11   11.78    6.79    1.19     681
  7.000    8.01    8.33  0.1792    2.10    8.64   12.79    7.13    1.13     681
  7.500    9.07    8.76  0.2154    2.44    9.03   13.68    7.75    1.01     681
  8.000   10.20    9.34  0.2437    2.79    9.70   15.06    8.29    0.96     681
  8.500   11.26    9.84  0.2596    3.03   10.31   16.25    8.81    0.89     680
  9.000   12.41   10.19  0.2902    3.29   10.78   17.38    9.21    0.78     680
  9.500   13.62   10.53  0.2930    3.63   11.25   18.56    9.61    0.73     680
 10.000   14.86   10.90  0.2939    3.97   11.52   19.77    9.95    0.68     676
 10.500   16.32   11.35  0.3118    4.55   11.71   21.11   10.46    0.67     675
 11.000   17.98   11.43  0.3043    5.05   11.90   22.53   10.69    0.57     674
 11.500   19.11   11.41  0.2957    5.42   11.95   23.55   10.78    0.50     674
 12.000   19.86   11.39  0.2913    5.87   11.75   24.09   10.91    0.41     674
 12.500   20.38   11.11  0.2882    6.19   11.37   24.29   10.83    0.33     672
 13.000   20.44   10.65  0.3051    6.20   10.84   24.08   10.50    0.36     671
 13.500   19.92   10.17  0.2863    6.19   10.20   23.32   10.08    0.39     671
 14.000   18.72    9.48  0.2729    6.00    9.61   21.93    9.48    0.34     671
 14.500   17.50    8.52  0.2704    5.56    8.75   20.38    8.62    0.31     666
 15.000   15.87    7.73  0.2832    5.11    8.19   18.67    7.66    0.28     661
 15.500   13.79    6.87  0.2585    4.30    7.42   16.47    6.56    0.38     658
 16.000   11.44    6.10  0.1951    3.51    6.40   13.94    5.64    0.51     654
 16.500    9.17    5.67  0.1374    2.65    5.87   11.55    5.09    0.50     654
 17.000    7.01    5.13  0.1593    1.88    5.20    9.60    4.32    0.72     619
 17.500    5.10    4.87  0.1660    1.45    4.87    8.30    3.61    1.01     614
 18.000    3.17    4.51  0.1221    0.95    4.37    6.96    2.80    1.13     614
 18.500    1.56    4.31  0.0780    0.47    3.91    5.92    2.55    0.79     602
 19.000    0.01    4.44 -0.0229    0.17    3.82    5.52    2.45    0.68     599
 19.500   -1.11    4.23  0.0081   -0.11    3.66    5.84    2.03    0.74     599
 20.000   -2.12    4.01 -0.0202   -0.42    3.48    5.95    1.95    0.44     595
 20.500   -2.95    3.85  0.0443   -0.39    3.48    5.84    2.20    0.87     594
 21.000   -3.54    3.68  0.0419   -0.35    3.01    5.47    2.58    0.57     588
 21.500   -4.20    3.82 -0.0215   -0.29    2.94    5.98    2.75    0.53     583
 22.000   -5.01    3.66 -0.0104   -0.36    2.95    6.66    2.59    0.72     582
 22.500   -5.48    3.57 -0.0174   -0.37    2.73    6.97    2.52    0.71     581
 23.000   -6.02    3.70 -0.0168   -0.35    2.80    7.30    2.78    0.59     580
 23.500   -6.28    3.68  0.0077   -0.28    2.70    7.42    2.89    0.45     578
 24.000   -6.51    3.84  0.0127   -0.26    2.51    7.49    3.15    0.29     574
 24.500   -6.90    4.17  0.0254   -0.17    2.84    7.81    3.53    0.33     566
 25.000   -7.18    4.09  0.0356   -0.20    2.61    8.17    3.36    0.42     562
 25.500   -7.46    4.20  0.0838   -0.24    2.59    8.41    3.46    0.44     558
 26.000   -7.62    4.30  0.1112   -0.10    2.73    8.58    3.60    0.36     557
 26.500   -7.70    4.49  0.0343   -0.05    2.46    8.63    3.79    0.22     552
 27.000   -7.82    4.68  0.0254    0.06    2.82    8.69    4.08    0.20     530
 27.500   -7.89    4.82  0.0281    0.19    2.85    8.80    4.24    0.17     527
 28.000   -8.03    4.76  0.0759    0.17    2.92    9.12    4.02    0.45     510
 28.500   -7.95    4.94  0.1147   -0.02    3.29    9.19    4.03    0.54     508
 29.000   -7.92    5.00  0.0874    0.15    3.09    9.29    3.97    0.66     498
 29.500   -8.10    5.18  0.0787    0.12    3.41    9.55    4.23    0.75     475
 30.000   -8.10    5.79  0.0316   -0.04    3.61    9.65    4.74    1.15     460
     T A B L E  I -  10.  W I N D  S T A T I S T I C A L  P A R A M E T E R S
                                   October
 Station =   72293      Vandenberg AFB, CA
    Z    MEAN U   SD  U  R(U,V)  MEAN V   SD  V MEAN WS  SD  WS SKEW WS    NOBS
    KM     M/S     M/S             M/S     M/S     M/S     M/S                 
  0.000    0.00    0.00  0.0000    0.00    0.00    0.00    0.00    0.00       0
  0.100    1.48    2.32 -0.5779   -1.65    2.66    3.42    2.37    1.13     749
  0.500    1.94    3.47 -0.2604   -3.31    4.78    6.25    3.59    0.98     762
  1.000    0.60    3.37 -0.1240   -2.34    5.36    6.02    3.32    0.86     767
  1.500    0.25    3.89 -0.1588   -1.95    5.84    6.28    3.73    0.82     767
  2.000    0.81    4.72 -0.2095   -1.97    6.13    7.03    4.04    0.88     767
  2.500    1.57    5.69 -0.1927   -2.10    6.57    7.86    4.64    0.90     767
  3.000    2.41    6.38 -0.1609   -2.13    6.88    8.52    5.14    0.94     767
  3.500    3.47    7.06 -0.1073   -2.34    7.53    9.52    5.92    1.17     767
  4.000    4.45    7.86 -0.0554   -2.37    8.13   10.56    6.58    1.18     767
  4.500    5.46    8.74 -0.0296   -2.41    8.81   11.72    7.33    1.19     767
  5.000    6.32    9.39  0.0069   -2.47    9.59   12.84    7.92    1.14     767
  5.500    7.14    9.95  0.0420   -2.52   10.35   13.84    8.55    1.20     767
  6.000    8.11   10.54  0.0762   -2.76   11.00   14.84    9.27    1.15     766
  6.500    8.91   11.10  0.1120   -2.93   11.74   15.98    9.77    1.15     765
  7.000    9.65   11.76  0.1425   -3.10   12.57   17.13   10.37    1.13     765
  7.500   10.45   12.38  0.1611   -3.16   13.42   18.27   10.90    1.08     765
  8.000   11.19   13.01  0.1916   -3.39   14.19   19.50   11.37    1.07     765
  8.500   11.92   13.54  0.2119   -3.58   14.77   20.51   11.77    1.04     764
  9.000   12.69   14.23  0.2299   -3.53   15.37   21.57   12.17    0.94     763
  9.500   13.47   14.90  0.2510   -3.53   16.08   22.68   12.68    0.82     763
 10.000   14.38   15.31  0.2770   -3.46   16.61   23.76   12.93    0.74     762
 10.500   15.52   15.54  0.2845   -3.45   16.66   24.60   12.98    0.69     762
 11.000   16.48   15.72  0.2905   -3.26   16.48   25.13   13.10    0.63     762
 11.500   17.36   15.60  0.2917   -3.04   15.98   25.46   12.87    0.62     761
 12.000   18.24   15.24  0.2693   -2.67   15.43   25.51   12.72    0.61     759
 12.500   18.73   14.75  0.2701   -2.17   14.55   25.20   12.36    0.55     756
 13.000   18.86   13.68  0.2841   -1.50   13.27   24.44   11.40    0.55     755
 13.500   18.96   12.66  0.2777   -1.05   12.16   23.65   10.68    0.46     751
 14.000   18.37   11.46  0.2898   -0.79   11.11   22.40    9.62    0.34     750
 14.500   17.59   10.45  0.2920   -0.47   10.09   21.18    8.75    0.38     749
 15.000   16.48    9.70  0.2923   -0.39    9.27   19.69    8.15    0.40     744
 15.500   15.37    8.49  0.2726   -0.45    8.25   18.11    7.24    0.37     744
 16.000   13.89    7.63  0.2669   -0.40    7.13   16.26    6.48    0.46     741
 16.500   12.12    7.08  0.2261   -0.35    6.59   14.30    6.09    0.56     733
 17.000   10.75    6.26  0.2012   -0.47    5.70   12.77    5.40    0.67     704
 17.500    9.46    5.79  0.1839   -0.51    5.19   11.40    4.93    0.83     702
 18.000    7.93    5.26  0.1707   -0.81    4.62    9.90    4.24    0.87     698
 18.500    6.32    4.73  0.1910   -1.01    4.22    8.38    3.77    0.73     689
 19.000    5.22    4.73  0.2220   -1.14    4.14    7.66    3.38    0.90     684
 19.500    4.38    4.44  0.2504   -1.13    3.65    7.08    2.76    1.10     683
 20.000    3.67    4.40  0.1888   -1.38    3.57    6.71    2.60    1.08     675
 20.500    3.03    4.39  0.1459   -1.31    3.57    6.14    2.69    1.13     674
 21.000    2.58    4.41  0.1287   -1.21    3.20    5.73    2.76    0.90     669
 21.500    2.29    4.54  0.0883   -1.06    3.38    5.67    2.92    1.00     666
 22.000    2.32    4.48  0.0938   -1.06    3.50    6.04    2.48    0.86     664
 22.500    2.30    4.50  0.1128   -1.02    3.34    6.11    2.40    1.09     663
 23.000    2.38    4.72  0.1372   -0.92    3.23    6.10    2.48    1.11     661
 23.500    2.49    4.82  0.1053   -0.69    3.22    6.10    2.68    0.88     660
 24.000    2.55    5.00  0.0404   -0.39    2.95    5.61    3.18    0.91     652
 24.500    2.80    5.51  0.0424   -0.13    3.30    6.07    3.61    1.01     649
 25.000    3.20    5.84  0.0261   -0.07    3.20    6.82    3.46    1.19     645
 25.500    3.50    6.08  0.0584    0.13    3.33    7.18    3.64    1.18     642
 26.000    3.88    6.52  0.1054    0.19    3.57    7.53    4.08    1.19     640
 26.500    4.22    6.86  0.1923    0.37    3.40    7.57    4.61    1.11     637
 27.000    4.59    7.38  0.1355    0.51    3.57    8.12    5.01    1.11     619
 27.500    5.18    7.86  0.2070    0.62    3.58    8.54    5.55    1.00     618
 28.000    5.83    8.31  0.2357    0.69    3.68    9.35    5.82    1.13     597
 28.500    6.39    8.91  0.2225    0.62    4.05   10.13    6.14    1.06     588
 29.000    7.09    9.21  0.1767    0.84    3.76   10.75    6.35    1.03     577
 29.500    7.77    9.52  0.1756    0.60    4.02   11.21    6.84    1.03     547
 30.000    8.50   10.02  0.1855    0.79    4.47   11.84    7.54    1.01     525
     T A B L E  I -  11.  W I N D  S T A T I S T I C A L  P A R A M E T E R S
                                  November
 Station =   72293      Vandenberg AFB, CA
    Z    MEAN U   SD  U  R(U,V)  MEAN V   SD  V MEAN WS  SD  WS SKEW WS    NOBS
    KM     M/S     M/S             M/S     M/S     M/S     M/S                 
  0.000    0.00    0.00  0.0000    0.00    0.00    0.00    0.00    0.00       0
  0.100    0.90    2.55 -0.6086   -1.58    2.93    3.57    2.38    0.98     778
  0.500    0.80    3.83 -0.1868   -3.42    5.54    6.80    3.74    0.54     780
  1.000    0.22    4.11 -0.1444   -2.84    6.49    7.24    3.99    0.66     780
  1.500    0.96    4.52 -0.1779   -2.64    6.91    7.66    4.22    0.63     780
  2.000    2.44    5.23 -0.1436   -2.91    7.39    8.74    4.64    0.60     781
  2.500    3.85    6.14 -0.1126   -3.27    7.94    9.98    5.23    0.56     781
  3.000    5.22    7.04 -0.0900   -3.39    8.52   11.24    5.95    0.69     781
  3.500    6.60    7.77 -0.0814   -3.53    9.19   12.58    6.63    0.71     781
  4.000    7.88    8.62 -0.0749   -3.45    9.94   13.91    7.42    0.76     781
  4.500    9.12    9.38 -0.0656   -3.53   10.69   15.27    8.15    0.70     781
  5.000   10.26    9.96 -0.0389   -3.53   11.43   16.53    8.71    0.65     781
  5.500   11.35   10.67 -0.0134   -3.53   12.31   17.91    9.35    0.69     781
  6.000   12.42   11.43  0.0272   -3.53   13.06   19.23    9.94    0.65     779
  6.500   13.40   11.98  0.0567   -3.49   13.88   20.50   10.49    0.63     779
  7.000   14.30   12.52  0.0837   -3.59   14.74   21.72   11.02    0.56     779
  7.500   15.18   13.16  0.1110   -3.82   15.48   22.93   11.51    0.50     779
  8.000   16.00   13.77  0.1396   -4.15   16.29   24.20   12.05    0.53     778
  8.500   16.84   14.40  0.1627   -4.29   16.95   25.36   12.54    0.51     778
  9.000   17.58   15.03  0.1810   -4.32   17.66   26.47   12.93    0.48     778
  9.500   18.49   15.65  0.1973   -4.39   18.29   27.59   13.43    0.45     778
 10.000   19.54   16.14  0.2144   -4.43   18.68   28.64   13.95    0.48     777
 10.500   20.61   16.37  0.2378   -4.20   18.89   29.44   14.23    0.49     777
 11.000   21.70   16.61  0.2333   -4.13   18.89   30.27   14.43    0.48     776
 11.500   22.69   16.60  0.2519   -4.16   18.51   30.80   14.40    0.47     775
 12.000   23.29   16.27  0.2590   -3.52   17.82   30.66   14.13    0.35     772
 12.500   23.84   15.69  0.2488   -3.04   16.66   30.26   13.82    0.28     768
 13.000   23.92   14.75  0.2312   -2.59   15.44   29.51   13.09    0.32     768
 13.500   23.51   13.55  0.2240   -2.01   14.19   28.21   12.28    0.30     766
 14.000   22.77   12.45  0.2315   -1.40   13.17   26.88   11.35    0.23     766
 14.500   21.75   11.73  0.2383   -1.34   11.94   25.46   10.64    0.19     765
 15.000   20.71   11.06  0.2204   -1.10   10.81   23.93   10.00    0.21     763
 15.500   19.32    9.90  0.2273   -0.98    9.74   22.18    8.92    0.27     763
 16.000   17.79    8.89  0.2280   -1.01    8.74   20.32    8.05    0.27     761
 16.500   16.31    8.01  0.2305   -0.93    8.10   18.54    7.34    0.19     737
 17.000   14.92    7.30  0.2544   -0.89    7.21   17.05    6.59    0.25     721
 17.500   13.32    6.78  0.2646   -1.10    6.62   15.44    5.88    0.27     713
 18.000   11.75    6.44  0.2718   -1.06    5.92   13.78    5.44    0.34     712
 18.500   10.38    5.97  0.2954   -0.97    5.15   12.10    5.15    0.44     706
 19.000    9.27    5.94  0.2805   -1.41    4.82   11.21    4.84    0.72     698
 19.500    8.24    5.57  0.2598   -1.17    4.47   10.28    4.39    0.84     697
 20.000    7.44    5.66  0.3504   -1.38    4.39    9.76    4.25    0.85     697
 20.500    6.56    5.78  0.3166   -1.29    4.28    8.94    4.23    0.75     690
 21.000    6.09    5.96  0.3068   -1.28    3.95    8.70    4.23    0.88     685
 21.500    5.81    6.15  0.2745   -1.36    4.05    8.58    4.28    0.81     684
 22.000    5.49    6.31  0.3229   -1.37    4.00    8.61    4.11    1.07     680
 22.500    5.41    6.41  0.3688   -1.21    3.95    8.66    4.11    1.00     677
 23.000    5.59    6.66  0.3618   -1.01    4.11    8.80    4.38    1.08     675
 23.500    5.79    6.98  0.4096   -0.87    3.79    8.82    4.77    1.12     675
 24.000    6.03    7.15  0.3557   -0.66    3.79    8.88    5.08    0.94     668
 24.500    6.52    7.53  0.3759   -0.56    4.21    9.39    5.50    1.03     665
 25.000    6.76    7.64  0.4748   -0.40    4.03    9.85    5.30    1.14     661
 25.500    7.39    7.94  0.4973   -0.12    4.21   10.35    5.68    1.10     655
 26.000    7.99    8.55  0.4442    0.06    4.28   10.86    6.35    1.09     651
 26.500    8.77    8.86  0.4508    0.35    4.49   11.37    6.89    0.94     634
 27.000    9.48    8.98  0.4459    0.27    4.76   12.08    7.04    0.93     618
 27.500   10.27    9.54  0.5059    0.32    4.92   12.89    7.55    0.74     614
 28.000   11.22    9.91  0.5122    0.29    4.96   13.92    7.76    0.79     589
 28.500   11.95   10.89  0.4696    0.33    5.36   14.86    8.50    0.84     585
 29.000   13.10   11.11  0.5136    0.33    5.24   15.86    8.79    0.81     575
 29.500   14.09   11.30  0.4712    0.49    5.79   16.69    9.32    0.88     553
 30.000   14.80   12.04  0.4550    0.50    6.10   17.58    9.83    0.83     526
     T A B L E  I -  12.  W I N D  S T A T I S T I C A L  P A R A M E T E R S
                                  December
 Station =   72293      Vandenberg AFB, CA
    Z    MEAN U   SD  U  R(U,V)  MEAN V   SD  V MEAN WS  SD  WS SKEW WS    NOBS
    KM     M/S     M/S             M/S     M/S     M/S     M/S                 
  0.000    0.00    0.00  0.0000    0.00    0.00    0.00    0.00    0.00       0
  0.100    0.50    2.58 -0.5555   -1.04    3.10    3.52    2.28    1.15     788
  0.500    0.69    4.01 -0.2662   -2.30    6.44    6.98    4.08    0.79     792
  1.000    0.84    4.37 -0.0804   -2.14    7.45    7.88    4.39    0.78     792
  1.500    2.11    5.02  0.0028   -2.36    7.86    8.62    4.80    0.74     792
  2.000    3.61    5.79  0.1020   -2.80    8.10    9.76    5.14    0.71     792
  2.500    5.13    6.56  0.1436   -3.17    8.58   11.02    5.73    0.70     791
  3.000    6.53    7.32  0.1488   -3.29    9.02   12.26    6.23    0.73     791
  3.500    7.76    7.97  0.1620   -3.59    9.83   13.70    6.89    0.70     791
  4.000    8.97    8.76  0.1383   -3.75   10.66   15.03    7.78    0.82     791
  4.500   10.23    9.70  0.1422   -3.75   11.20   16.34    8.56    0.89     790
  5.000   11.48   10.61  0.1624   -3.70   11.90   17.74    9.30    0.88     790
  5.500   12.59   11.28  0.1826   -3.65   12.64   19.03    9.89    0.83     789
  6.000   13.55   11.91  0.1876   -3.80   13.40   20.29   10.43    0.76     788
  6.500   14.51   12.52  0.1963   -4.09   14.36   21.64   11.16    0.80     787
  7.000   15.52   13.12  0.2179   -4.19   15.39   22.98   11.90    0.80     787
  7.500   16.64   13.72  0.2297   -4.30   16.18   24.33   12.42    0.72     786
  8.000   17.70   14.32  0.2557   -4.47   17.04   25.78   12.94    0.75     785
  8.500   18.52   14.82  0.2704   -4.55   17.93   27.05   13.30    0.68     784
  9.000   19.42   15.27  0.2937   -4.68   18.63   28.23   13.59    0.60     780
  9.500   20.51   15.87  0.2953   -4.84   19.18   29.45   14.07    0.57     777
 10.000   21.76   16.17  0.2909   -5.26   19.62   30.72   14.44    0.55     774
 10.500   22.84   16.23  0.2883   -5.42   19.66   31.48   14.55    0.50     769
 11.000   23.75   16.13  0.2960   -5.41   19.31   32.01   14.33    0.42     767
 11.500   24.58   15.54  0.2877   -5.23   18.48   32.09   13.79    0.43     766
 12.000   25.01   15.07  0.3084   -4.85   17.03   31.47   13.36    0.47     764
 12.500   24.96   14.16  0.2987   -4.50   15.80   30.69   12.53    0.49     764
 13.000   24.66   13.08  0.2681   -3.87   14.34   29.49   11.71    0.54     764
 13.500   24.33   11.82  0.2501   -3.55   13.55   28.53   10.89    0.56     762
 14.000   23.41   11.05  0.3176   -3.32   12.66   27.25   10.09    0.40     759
 14.500   22.23   10.28  0.3326   -3.05   11.54   25.74    9.23    0.36     759
 15.000   21.11    9.70  0.3247   -2.66   10.56   24.18    8.77    0.44     753
 15.500   19.60    8.98  0.2846   -2.79    9.90   22.54    8.19    0.38     752
 16.000   18.08    8.14  0.2776   -2.68    9.03   20.82    7.31    0.29     750
 16.500   16.29    7.80  0.3146   -2.63    8.24   18.84    6.91    0.23     684
 17.000   14.59    7.16  0.3035   -2.57    7.20   17.02    6.23    0.41     674
 17.500   12.77    6.73  0.2871   -2.51    6.41   15.06    5.78    0.62     668
 18.000   10.93    6.32  0.3020   -2.49    5.87   13.29    5.24    0.63     668
 18.500    9.07    6.10  0.2509   -2.53    5.18   11.34    5.09    0.75     664
 19.000    8.02    6.02  0.2813   -2.47    4.84   10.57    4.66    0.93     657
 19.500    6.66    5.94  0.2796   -2.69    4.48    9.65    4.33    1.18     655
 20.000    5.21    5.88  0.3093   -2.73    4.24    8.77    3.90    1.23     652
 20.500    3.76    6.06  0.2586   -2.58    4.12    7.83    3.82    1.14     650
 21.000    2.67    6.21  0.1873   -2.83    3.89    7.59    3.77    1.30     645
 21.500    1.75    6.43  0.2095   -2.89    3.90    7.45    3.80    1.05     637
 22.000    0.93    6.73  0.2265   -2.88    3.91    7.78    3.52    1.34     635
 22.500    0.24    7.02  0.1930   -2.93    3.74    8.00    3.53    1.32     627
 23.000   -0.37    7.63  0.2235   -3.01    3.78    8.31    3.97    1.32     625
 23.500   -0.91    7.98  0.2001   -3.00    3.74    8.39    4.47    1.22     624
 24.000   -1.28    8.49  0.2152   -2.87    3.74    8.66    4.82    1.02     619
 24.500   -1.72    9.17  0.2120   -3.04    4.06    9.26    5.28    0.97     614
 25.000   -1.80    9.58  0.2054   -3.31    3.90    9.85    5.27    1.18     601
 25.500   -1.79   10.22  0.2204   -3.29    4.20   10.41    5.62    1.19     595
 26.000   -1.85   10.79  0.2482   -3.29    4.71   10.85    6.10    1.22     589
 26.500   -1.80   11.42  0.2937   -3.14    4.76   11.21    6.50    1.20     575
 27.000   -1.35   12.20  0.2650   -3.32    5.03   12.02    6.70    1.01     566
 27.500   -0.79   13.04  0.3105   -3.47    5.30   12.73    7.12    0.88     563
 28.000   -0.55   13.54  0.3016   -3.54    5.62   13.35    7.33    0.96     541
 28.500   -0.02   14.26  0.2594   -3.62    5.94   13.96    7.69    0.96     535
 29.000    0.76   14.96  0.2974   -3.62    5.90   14.56    8.13    0.97     522
 29.500    1.20   15.55  0.3499   -3.79    6.23   15.03    8.70    1.10     497
 30.000    2.20   16.31  0.3837   -3.82    6.30   15.69    9.11    1.11     470
     T A B L E  I -  13.  W I N D  S T A T I S T I C A L  P A R A M E T E R S
                                    Annual
 Station =   72293      Vandenberg AFB, CA
    Z    MEAN U   SD  U  R(U,V)  MEAN V   SD  V MEAN WS  SD  WS SKEW WS    NOBS
    KM     M/S     M/S             M/S     M/S     M/S     M/S                 
  0.000    0.00    0.00  0.0000    0.00    0.00    0.00    0.00    0.00       0
  0.100    1.50    2.54 -0.6102   -1.71    3.01    3.78    2.52    0.98    9114
  0.500    1.73    3.97 -0.3341   -3.35    5.59    6.95    3.92    0.84    9187
  1.000    0.86    3.96 -0.1664   -2.60    6.26    7.00    3.86    0.97    9219
  1.500    1.00    4.34 -0.1389   -2.14    6.53    7.05    4.22    1.00    9219
  2.000    2.02    5.07 -0.1361   -1.97    6.88    7.85    4.57    0.93    9220
  2.500    3.21    5.90 -0.1214   -1.78    7.35    8.77    5.12    0.89    9218
  3.000    4.33    6.66 -0.1047   -1.57    7.80    9.70    5.74    0.93    9218
  3.500    5.44    7.31 -0.0781   -1.44    8.41   10.78    6.42    0.96    9215
  4.000    6.45    8.02 -0.0605   -1.30    9.05   11.85    7.11    0.99    9214
  4.500    7.46    8.77 -0.0446   -1.21    9.60   12.90    7.84    0.98    9213
  5.000    8.46    9.53 -0.0175   -1.14   10.17   13.97    8.57    0.96    9212
  5.500    9.37   10.22  0.0057   -1.05   10.82   15.03    9.25    0.99    9210
  6.000   10.30   10.81  0.0260   -1.05   11.46   16.07    9.89    0.94    9190
  6.500   11.19   11.37  0.0418   -1.04   12.18   17.26   10.41    0.95    9165
  7.000   12.06   11.94  0.0599   -1.05   12.95   18.38   11.01    0.94    9163
  7.500   13.01   12.57  0.0740   -1.03   13.72   19.53   11.66    0.89    9156
  8.000   13.92   13.17  0.0948   -1.09   14.46   20.79   12.16    0.90    9147
  8.500   14.80   13.73  0.1123   -1.07   15.14   21.94   12.63    0.87    9143
  9.000   15.76   14.23  0.1273   -0.99   15.81   23.08   13.07    0.82    9136
  9.500   16.70   14.75  0.1365   -0.90   16.40   24.18   13.52    0.78    9122
 10.000   17.70   15.14  0.1424   -0.83   16.80   25.25   13.82    0.77    9103
 10.500   18.74   15.45  0.1494   -0.63   16.96   26.15   14.01    0.75    9086
 11.000   19.77   15.61  0.1435   -0.51   16.96   26.96   14.07    0.71    9080
 11.500   20.56   15.39  0.1360   -0.25   16.51   27.35   13.75    0.69    9064
 12.000   21.14   14.93  0.1273    0.15   15.84   27.30   13.34    0.64    9052
 12.500   21.44   14.24  0.1146    0.48   15.04   27.04   12.73    0.58    9037
 13.000   21.34   13.31  0.1068    0.84   14.00   26.32   11.92    0.56    9021
 13.500   20.90   12.43  0.0919    1.08   13.04   25.32   11.20    0.53    9000
 14.000   19.99   11.54  0.0841    1.29   12.07   23.95   10.44    0.48    8975
 14.500   18.91   10.76  0.0735    1.30   11.15   22.56    9.74    0.46    8953
 15.000   17.60   10.15  0.0723    1.24   10.27   20.94    9.18    0.47    8915
 15.500   16.07    9.44  0.0474    1.10    9.28   19.15    8.48    0.50    8906
 16.000   14.31    8.88  0.0127    0.88    8.29   17.23    7.81    0.54    8885
 16.500   12.36    8.51 -0.0137    0.69    7.51   15.15    7.34    0.57    8559
 17.000   10.74    8.02 -0.0188    0.42    6.69   13.60    6.69    0.64    8238
 17.500    9.07    7.70 -0.0279    0.19    6.12   12.14    6.03    0.80    8178
 18.000    7.34    7.41 -0.0241    0.04    5.49   10.68    5.40    0.97    8166
 18.500    5.61    7.07 -0.0233   -0.14    4.87    9.19    4.86    1.01    8071
 19.000    4.32    7.03 -0.0192   -0.40    4.68    8.52    4.49    1.07    7999
 19.500    3.06    6.90 -0.0139   -0.55    4.27    8.10    3.86    1.41    7977
 20.000    1.91    6.82 -0.0172   -0.75    4.01    7.69    3.58    1.49    7925
 20.500    0.81    6.75 -0.0224   -0.85    3.92    7.18    3.58    1.18    7895
 21.000   -0.05    6.68 -0.0258   -0.99    3.57    6.94    3.58    1.05    7830
 21.500   -0.81    6.90 -0.0399   -1.06    3.53    7.09    3.74    0.87    7772
 22.000   -1.44    7.02 -0.0197   -1.19    3.51    7.48    3.52    1.05    7745
 22.500   -1.96    7.22 -0.0059   -1.19    3.36    7.77    3.57    0.94    7697
 23.000   -2.40    7.55  0.0106   -1.18    3.41    8.02    3.84    0.89    7658
 23.500   -2.72    7.84  0.0246   -1.11    3.29    8.17    4.15    0.79    7639
 24.000   -2.93    8.18  0.0373   -1.02    3.22    8.25    4.59    0.70    7557
 24.500   -3.06    8.73  0.0642   -0.98    3.55    8.71    4.89    0.70    7473
 25.000   -3.00    9.05  0.0872   -1.00    3.40    9.19    4.76    0.84    7400
 25.500   -2.95    9.55  0.1021   -0.97    3.52    9.60    4.98    0.87    7338
 26.000   -2.87   10.06  0.1224   -0.93    3.68    9.92    5.30    0.88    7300
 26.500   -2.74   10.59  0.1541   -0.77    3.70   10.17    5.71    0.81    7158
 27.000   -2.50   11.17  0.1403   -0.76    3.99   10.72    5.88    0.83    6981
 27.500   -2.18   11.78  0.1656   -0.70    4.06   11.14    6.21    0.77    6909
 28.000   -1.86   12.33  0.1739   -0.71    4.14   11.75    6.28    0.92    6703
 28.500   -1.49   13.06  0.1733   -0.69    4.58   12.36    6.65    0.98    6604
 29.000   -1.10   13.63  0.1870   -0.72    4.51   12.90    6.84    1.04    6436
 29.500   -0.76   14.28  0.1914   -0.69    4.75   13.43    7.23    1.07    6161
 30.000   -0.35   14.96  0.1941   -0.70    5.04   13.97    7.66    1.04    5893
