                 19.28N  166.65E                                                
     T A B L E  I - 13.  W I N D  S T A T I S T I C A L  P A R A M E T E R S
                                   ANNUAL    
 STATION =   912450     WAKE ISLAND                   
    Z    MEAN U   SD  U  R(U,V)  MEAN V   SD  V MEAN WS  SD  WS SKEW WS    NOBS 
    KM     M/S     M/S             M/S     M/S     M/S     M/S
   .000     .00     .00   .0000     .00     .00     .00     .00     .00      0.
   .005   -5.23    3.38  -.4145    -.78    2.93    6.42    2.59     .42  10244.
  1.000   -6.43    4.68   .0669     .16    3.23    7.88    3.42     .35  10093.
  2.000   -4.94    5.15   .0877     .28    3.09    7.03    3.34     .55  10054.
  3.000   -3.46    5.80  -.0250    -.14    3.30    6.73    3.36     .67  10027.
  4.000   -2.11    6.44  -.0430    -.47    3.59    6.73    3.69     .90  10011.
  5.000    -.93    7.19  -.0255    -.81    4.14    7.27    4.17    1.00   9994.
  6.000     .23    8.01   .0074   -1.30    4.96    8.16    4.87    1.07   9966.
  7.000    1.41    8.79   .0540   -1.88    5.60    9.12    5.54    1.11   9924.
  8.000    2.77    9.64   .1107   -2.44    6.33   10.30    6.33    1.08   9886.
  9.000    4.35   10.76   .1696   -3.02    7.21   11.92    7.25     .98   9862.
 10.000    5.97   11.67   .2206   -3.42    7.93   13.48    8.01     .96   9814.
 11.000    7.52   12.75   .2465   -3.65    8.74   15.19    8.77     .88   9793.
 12.000    8.93   13.59   .2611   -3.73    9.40   16.66    9.36     .80   9770.
 13.000    9.44   13.91   .2738   -3.72    9.24   17.04    9.50     .76   9730.
 14.000    8.75   13.37   .2733   -3.56    8.52   16.09    9.00     .75   9684.
 15.000    6.11   11.80   .2290   -3.09    6.98   13.26    7.62     .80   9609.
 16.000    2.52   10.08   .1098   -2.40    5.46   10.30    6.06     .83   9445.
 17.000    -.45    8.81  -.0207   -1.76    4.37    8.90    4.55     .92   8947.
 18.000   -4.04    7.47  -.1573    -.95    3.27    8.24    3.94     .47   8959.
 19.000   -6.27    6.86  -.1805    -.50    2.54    8.44    4.61     .42   8809.
 20.000   -7.78    6.84  -.1040    -.21    2.29    9.12    5.40     .46   8738.
 21.000   -9.08    7.27  -.0425    -.08    2.45   10.10    6.22     .43   8617.
 22.000  -10.04    7.36   .0315     .05    2.24   10.82    6.53     .39   8495.
 23.000  -10.85    7.80   .0990     .17    2.43   11.67    6.92     .33   8351.
 24.000  -11.48    8.40   .0928     .18    2.71   12.46    7.35     .30   8188.
 25.000  -11.88    9.09   .1215     .25    2.74   13.09    7.72     .29   7966.
 26.000  -12.11    9.92   .1035     .26    3.08   13.72    8.12     .27   7773.
 27.000  -12.13   11.18   .0807     .25    3.30   14.41    8.66     .29   7366.
 28.000  -11.79   11.96   .0855     .27    3.09   14.61    8.82     .34   6931.
 29.000  -11.44   12.86   .0682     .25    3.22   14.99    9.03     .38   6454.
 30.000  -11.17   13.77   .0442     .20    3.62   15.52    9.32     .35   5851.
     T A B L E  I -  1.  W I N D  S T A T I S T I C A L  P A R A M E T E R S
                                   JANUARY   
 STATION =   912450     WAKE ISLAND                   
    Z    MEAN U   SD  U  R(U,V)  MEAN V   SD  V MEAN WS  SD  WS SKEW WS    NOBS 
    KM     M/S     M/S             M/S     M/S     M/S     M/S
   .000     .00     .00   .0000     .00     .00     .00     .00     .00      0.
   .005   -3.49    4.17   .2936   -1.05    3.77    6.08    2.81     .55    886.
  1.000   -3.27    5.72   .1186    -.45    4.39    7.02    3.69     .83    869.
  2.000    -.54    6.33   .1305     .02    4.22    6.65    3.74    1.18    859.
  3.000    2.77    6.97   .1446    -.56    4.42    7.62    4.24     .77    850.
  4.000    5.22    7.40   .1788    -.93    4.60    8.95    4.88     .67    846.
  5.000    7.14    7.61   .1628    -.89    5.00   10.35    5.26     .67    844.
  6.000    8.81    7.75   .1242   -1.33    6.04   11.85    5.95     .69    843.
  7.000   10.47    8.05   .0282   -2.01    6.72   13.52    6.38     .71    839.
  8.000   11.83    8.48   .0381   -2.62    6.95   14.82    6.88     .78    837.
  9.000   13.18    9.24   .0672   -3.25    7.40   15.97    7.61     .85    837.
 10.000   14.10    8.86   .0447   -3.71    7.55   16.81    8.09     .98    836.
 11.000   14.89    8.89  -.0305   -3.82    7.68   17.41    8.11     .92    834.
 12.000   15.32    8.88  -.0999   -3.53    7.45   17.66    7.99     .85    833.
 13.000   15.12    8.77  -.0871   -2.81    7.21   17.35    8.02     .84    830.
 14.000   14.59    8.69  -.0263   -1.88    7.13   16.79    7.80     .88    824.
 15.000   13.03    8.20  -.0223    -.97    6.55   15.16    7.15     .63    822.
 16.000    9.70    7.59  -.1004     .05    5.72   12.13    6.10     .68    804.
 17.000    6.40    7.02  -.1744     .53    5.07    9.59    4.93     .86    760.
 18.000    1.75    6.05  -.1751     .62    3.85    6.60    3.35    1.08    760.
 19.000    -.75    5.02  -.1233     .35    2.93    5.22    2.57     .50    742.
 20.000   -1.84    4.25  -.0644     .12    2.41    4.60    2.47     .99    731.
 21.000   -2.52    3.80  -.0295     .06    2.50    4.55    2.52     .64    713.
 22.000   -3.34    3.83   .0048     .07    2.31    4.87    2.72     .82    704.
 23.000   -3.84    4.54  -.0393     .03    2.48    5.49    3.38    1.24    692.
 24.000   -3.96    5.15  -.0486     .03    2.85    6.05    3.70    1.30    674.
 25.000   -3.81    5.89   .0256     .22    3.14    6.63    3.89    1.39    658.
 26.000   -3.45    6.57   .0600     .32    3.66    7.12    4.22    1.21    645.
 27.000   -2.46    7.22   .0501     .29    3.88    7.33    4.41    1.02    615.
 28.000   -1.56    7.57   .0600     .11    3.62    7.39    4.26    1.10    579.
 29.000    -.73    8.05   .0720     .00    3.65    7.81    4.18     .83    541.
 30.000     .20    8.97   .0290    -.22    4.09    8.65    4.72     .77    489.
     T A B L E  I -  2.  W I N D  S T A T I S T I C A L  P A R A M E T E R S
                                   FEBRUARY  
 STATION =   912450     WAKE ISLAND                   
    Z    MEAN U   SD  U  R(U,V)  MEAN V   SD  V MEAN WS  SD  WS SKEW WS    NOBS 
    KM     M/S     M/S             M/S     M/S     M/S     M/S
   .000     .00     .00   .0000     .00     .00     .00     .00     .00      0.
   .005   -3.91    3.62   .3216   -1.12    3.62    5.93    2.74     .64    812.
  1.000   -3.68    4.80   .1133    -.23    3.87    6.34    3.37     .88    796.
  2.000   -1.10    5.21   .0320     .18    3.48    5.55    3.11    1.02    785.
  3.000    1.80    5.82  -.0424    -.19    3.59    6.18    3.43     .92    780.
  4.000    4.86    6.21   .0299    -.58    4.10    7.80    4.29     .70    775.
  5.000    7.43    6.41   .0779    -.85    5.01    9.88    4.94     .56    773.
  6.000    9.70    6.54   .0341   -1.56    5.81   12.00    5.39     .37    771.
  7.000   11.82    6.95   .0122   -2.39    6.41   13.99    6.25     .44    769.
  8.000   13.93    7.42   .0194   -3.04    7.01   16.12    6.90     .31    765.
  9.000   15.89    8.00   .0008   -3.78    7.78   18.21    7.72     .28    764.
 10.000   17.49    8.35  -.0281   -4.17    8.42   19.77    8.56     .47    762.
 11.000   18.77    8.81   .0091   -4.00    8.79   20.97    9.12     .51    761.
 12.000   19.19    9.13   .0102   -3.27    8.73   21.31    9.19     .37    760.
 13.000   19.21    9.29   .0173   -2.33    8.25   21.11    9.12     .32    757.
 14.000   18.21    8.57  -.0369   -1.28    8.15   20.12    8.25     .18    756.
 15.000   15.76    8.00  -.0723    -.34    7.49   17.77    7.27     .20    755.
 16.000   11.72    7.21  -.1799     .17    6.58   13.91    6.25     .43    741.
 17.000    8.01    6.45  -.2152     .23    5.71   10.61    5.06     .55    708.
 18.000    3.32    5.51  -.1318     .32    3.93    6.72    3.43     .93    708.
 19.000     .77    4.73  -.0454     .15    2.87    5.01    2.48     .61    697.
 20.000    -.77    4.57   .0699     .10    2.71    4.72    2.55     .68    693.
 21.000   -1.92    4.65   .1818    -.04    2.74    4.92    2.92    1.04    685.
 22.000   -2.92    4.63   .1232    -.14    2.42    5.20    2.95     .93    677.
 23.000   -3.56    5.10   .0283    -.17    2.43    5.80    3.30    1.01    670.
 24.000   -3.74    5.52  -.0521    -.20    2.73    6.27    3.55     .98    660.
 25.000   -3.47    6.05  -.0701    -.04    2.98    6.64    3.65    1.20    647.
 26.000   -2.74    6.71   .0071     .14    3.46    6.95    4.04    1.27    634.
 27.000   -1.02    7.70   .0845     .25    3.65    7.48    4.20     .97    614.
 28.000    -.12    8.28   .1243     .32    3.63    7.91    4.38    1.06    579.
 29.000     .59    9.07   .2041     .34    3.77    8.42    5.09    1.33    552.
 30.000    1.04    9.99   .1810     .31    3.97    9.05    5.90    1.46    492.
     T A B L E  I -  3.  W I N D  S T A T I S T I C A L  P A R A M E T E R S
                                   MARCH     
 STATION =   912450     WAKE ISLAND                   
    Z    MEAN U   SD  U  R(U,V)  MEAN V   SD  V MEAN WS  SD  WS SKEW WS    NOBS 
    KM     M/S     M/S             M/S     M/S     M/S     M/S
   .000     .00     .00   .0000     .00     .00     .00     .00     .00      0.
   .005   -5.00    3.75   .3213   -1.36    3.54    6.76    2.76     .26    898.
  1.000   -5.85    5.17   .1931    -.14    3.51    7.74    3.67     .35    877.
  2.000   -3.58    5.68   .0420     .17    3.08    6.49    3.53     .73    868.
  3.000   -1.16    6.15   .1229    -.18    3.22    6.18    3.37     .95    862.
  4.000    1.38    6.34   .1564    -.42    3.50    6.37    3.74    1.01    861.
  5.000    4.07    6.81   .2367   -1.10    4.28    7.90    4.46     .80    860.
  6.000    6.80    7.22   .2813   -1.88    5.43   10.30    5.04     .42    857.
  7.000    9.48    7.57   .2906   -2.84    6.32   12.75    5.69     .37    847.
  8.000   12.08    8.08   .2230   -3.74    7.48   15.37    6.69     .33    842.
  9.000   14.97    8.96   .2097   -4.49    8.16   18.20    7.74     .27    840.
 10.000   17.11    9.27   .1989   -5.08    8.54   20.18    8.38     .22    835.
 11.000   18.81    9.84   .1989   -5.08    9.04   21.78    9.15     .28    833.
 12.000   19.66   10.17   .1642   -4.57    9.14   22.38    9.66     .36    831.
 13.000   19.64   10.23   .1519   -3.69    8.76   22.04    9.71     .37    829.
 14.000   18.58    9.74   .1018   -2.92    8.13   20.74    9.20     .29    828.
 15.000   15.87    8.83   .0464   -2.32    7.00   17.92    7.94     .27    821.
 16.000   11.95    7.93   .0221   -1.87    6.02   14.19    6.62     .28    807.
 17.000    8.28    7.26   .0345   -1.21    4.93   10.81    5.48     .75    768.
 18.000    3.70    6.45   .0433    -.52    3.62    7.09    4.09    1.23    771.
 19.000     .87    5.78  -.0464    -.30    2.97    5.52    3.30    1.33    755.
 20.000    -.95    5.06  -.0405    -.23    2.71    5.00    2.79     .95    744.
 21.000   -2.54    4.61  -.0387    -.20    2.88    5.15    2.80     .68    734.
 22.000   -3.35    4.32  -.0004    -.15    2.46    5.28    2.73     .54    718.
 23.000   -3.95    4.74   .0117     .04    2.34    5.67    3.18     .77    707.
 24.000   -4.05    5.16   .0061     .12    2.60    5.95    3.54    1.02    690.
 25.000   -3.84    5.38  -.0512     .25    2.90    6.21    3.68    1.16    677.
 26.000   -3.49    5.96  -.0057     .40    3.43    6.64    3.93     .99    666.
 27.000   -2.65    6.75   .1310     .55    3.78    7.14    4.02     .85    629.
 28.000   -1.88    7.47   .1808     .75    3.68    7.58    3.98     .84    598.
 29.000    -.94    8.21   .1700     .85    3.77    8.09    4.19     .82    562.
 30.000    -.16    8.77   .2097     .83    4.06    8.49    4.68     .81    511.
     T A B L E  I -  4.  W I N D  S T A T I S T I C A L  P A R A M E T E R S
                                   APRIL     
 STATION =   912450     WAKE ISLAND                   
    Z    MEAN U   SD  U  R(U,V)  MEAN V   SD  V MEAN WS  SD  WS SKEW WS    NOBS 
    KM     M/S     M/S             M/S     M/S     M/S     M/S
   .000     .00     .00   .0000     .00     .00     .00     .00     .00      0.
   .005   -6.62    2.94   .3613   -1.59    2.89    7.52    2.60     .26    876.
  1.000   -8.07    3.86   .1785    -.25    2.92    8.82    3.30    -.04    853.
  2.000   -5.95    4.28   .0196     .15    2.82    7.20    3.14     .18    838.
  3.000   -4.22    4.72  -.0189    -.50    3.02    6.38    2.96     .26    838.
  4.000   -2.51    4.92   .0580   -1.07    3.09    5.63    3.09     .94    836.
  5.000    -.68    5.44   .1297   -1.52    3.42    5.69    3.26    1.14    832.
  6.000    1.35    6.31   .1289   -2.32    4.02    6.65    3.93    1.04    828.
  7.000    3.69    7.14   .1440   -2.93    4.73    8.35    4.77     .86    827.
  8.000    6.25    8.04   .1833   -3.44    5.66   10.60    5.55     .76    826.
  9.000    9.72    9.43   .1985   -4.11    7.05   14.03    6.92     .63    824.
 10.000   13.58   10.59   .3047   -4.21    8.30   17.70    7.98     .39    817.
 11.000   17.52   11.76   .3803   -4.18    9.47   21.48    9.14     .37    814.
 12.000   20.90   12.37   .4214   -3.98   10.80   24.74   10.00     .28    813.
 13.000   21.93   12.36   .3856   -3.85   10.27   25.32   10.04     .28    809.
 14.000   20.50   11.37   .3534   -3.94    8.54   23.30    9.17     .42    805.
 15.000   16.68    9.60   .2754   -4.15    6.46   19.01    7.67     .70    792.
 16.000   11.58    8.10   .2106   -4.04    5.60   14.23    6.15     .56    781.
 17.000    7.27    6.87   .1909   -3.34    4.66   10.52    4.72     .83    736.
 18.000    2.29    5.64   .0952   -2.24    3.60    6.61    3.36    1.01    738.
 19.000    -.74    4.50   .0324   -1.37    2.86    4.96    2.49     .73    731.
 20.000   -2.50    3.84   .0619    -.63    2.46    4.71    2.29     .49    729.
 21.000   -4.00    3.79   .0347    -.09    2.50    5.41    2.70     .32    721.
 22.000   -5.19    3.90   .0371     .15    2.24    6.18    3.01     .38    707.
 23.000   -6.14    4.54   .0244     .23    2.45    7.15    3.64     .39    693.
 24.000   -6.76    5.19   .0662     .20    2.64    7.91    4.13     .29    679.
 25.000   -7.03    5.86   .0400     .32    2.77    8.47    4.44     .30    661.
 26.000   -7.10    6.53   .0846     .29    3.17    8.94    4.82     .15    647.
 27.000   -7.25    7.22   .1110     .06    3.36    9.42    5.22     .31    608.
 28.000   -7.14    7.37   .0831     .00    3.15    9.44    5.11     .47    572.
 29.000   -7.21    7.71   .0000     .06    3.34    9.80    5.15     .55    529.
 30.000   -7.23    8.12  -.0046     .11    3.62   10.13    5.35     .52    482.
     T A B L E  I -  5.  W I N D  S T A T I S T I C A L  P A R A M E T E R S
                                   MAY       
 STATION =   912450     WAKE ISLAND                   
    Z    MEAN U   SD  U  R(U,V)  MEAN V   SD  V MEAN WS  SD  WS SKEW WS    NOBS 
    KM     M/S     M/S             M/S     M/S     M/S     M/S
   .000     .00     .00   .0000     .00     .00     .00     .00     .00      0.
   .005   -5.69    2.83   .4489    -.59    2.32    6.41    2.25     .20    895.
  1.000   -6.97    3.77   .1995     .39    2.42    7.75    2.96    -.20    871.
  2.000   -5.70    4.18   .0500     .35    2.54    6.93    2.92     .09    867.
  3.000   -4.59    4.53   .0134    -.14    2.68    6.33    2.97     .22    863.
  4.000   -3.43    4.54   .0682    -.54    2.73    5.62    2.92     .50    863.
  5.000   -2.48    4.90   .0846    -.83    3.13    5.63    2.99     .55    862.
  6.000   -1.45    5.56   .1412   -1.17    3.96    6.17    3.46     .83    861.
  7.000    -.31    6.51   .1629   -1.60    4.60    7.15    3.88     .88    858.
  8.000    1.18    7.74   .2055   -1.98    5.39    8.53    4.62     .96    855.
  9.000    3.01    9.39   .2533   -2.38    6.40   10.44    5.91     .95    852.
 10.000    5.66   11.18   .3525   -2.48    7.16   12.67    7.32     .90    848.
 11.000    8.31   13.32   .4156   -2.75    8.20   15.39    9.17     .84    846.
 12.000   11.32   14.88   .4335   -2.80    9.13   18.19   10.48     .75    845.
 13.000   13.05   15.26   .4206   -3.01    9.31   19.53   10.83     .64    842.
 14.000   13.28   14.44   .3699   -3.38    8.70   19.05   10.44     .58    837.
 15.000   10.14   11.41   .3424   -3.48    6.91   15.17    7.91     .74    830.
 16.000    5.89    8.65   .2716   -3.19    5.37   10.88    5.47     .71    816.
 17.000    2.53    7.00   .2096   -2.81    4.06    8.10    3.77     .66    779.
 18.000   -1.42    5.20   .0977   -1.91    3.00    5.85    2.72     .46    783.
 19.000   -4.33    4.15  -.0093    -.97    2.37    5.80    2.80     .41    769.
 20.000   -6.73    3.32  -.0461    -.30    2.12    7.19    3.02     .06    761.
 21.000   -8.72    3.44   .0622    -.06    2.28    9.06    3.31     .18    750.
 22.000  -10.08    3.27   .0009     .06    2.00   10.30    3.20     .09    742.
 23.000  -11.35    3.76   .0396     .04    2.36   11.63    3.64     .09    734.
 24.000  -12.36    4.31   .0455     .15    2.57   12.67    4.18     .07    725.
 25.000  -13.15    4.43   .0509     .36    2.50   13.43    4.30     .04    706.
 26.000  -13.77    4.82   .0967     .28    2.77   14.11    4.62    -.03    684.
 27.000  -14.43    5.40   .1122     .27    2.82   14.77    5.21    -.03    638.
 28.000  -14.67    5.56   .0530     .20    2.63   14.99    5.33    -.01    605.
 29.000  -14.92    5.87  -.0028     .23    2.57   15.24    5.60     .04    573.
 30.000  -15.44    6.28  -.0178     .19    2.89   15.84    5.95     .11    529.
     T A B L E  I -  6.  W I N D  S T A T I S T I C A L  P A R A M E T E R S
                                   JUNE      
 STATION =   912450     WAKE ISLAND                   
    Z    MEAN U   SD  U  R(U,V)  MEAN V   SD  V MEAN WS  SD  WS SKEW WS    NOBS 
    KM     M/S     M/S             M/S     M/S     M/S     M/S
   .000     .00     .00   .0000     .00     .00     .00     .00     .00      0.
   .005   -5.38    2.83   .4799    -.40    2.10    6.08    2.11     .07    830.
  1.000   -6.88    3.47   .2424     .61    2.16    7.56    2.72    -.25    811.
  2.000   -6.12    3.48   .1030     .40    2.30    6.87    2.79     .02    806.
  3.000   -5.52    3.79   .1128    -.08    2.71    6.59    2.97     .33    803.
  4.000   -4.91    3.86   .0720    -.34    2.95    6.30    2.85     .40    802.
  5.000   -4.65    4.14  -.0077    -.59    3.53    6.56    2.93     .42    800.
  6.000   -4.19    4.48   .0174    -.80    4.34    6.89    3.09     .48    799.
  7.000   -3.90    4.88   .0557   -1.20    5.20    7.45    3.48     .48    792.
  8.000   -3.29    5.78   .0862   -1.54    6.29    8.23    4.28     .67    788.
  9.000   -2.37    7.31   .1343   -1.92    7.44    9.46    5.34     .92    785.
 10.000   -1.15    8.67   .2419   -2.18    8.40   10.71    6.09     .88    782.
 11.000     .38   10.14   .3219   -2.46    9.57   12.40    6.83     .90    781.
 12.000    2.32   11.92   .4112   -2.70   10.66   14.44    7.72     .85    779.
 13.000    3.60   13.18   .4313   -2.72   10.50   15.37    8.24     .78    775.
 14.000    3.50   12.95   .4378   -2.85    9.32   14.40    8.20     .95    773.
 15.000    1.22   10.20   .3409   -2.75    7.36   11.18    6.50    1.01    768.
 16.000   -2.06    6.98   .2809   -2.37    5.29    8.03    4.70     .91    763.
 17.000   -4.72    5.11   .1806   -1.91    3.54    7.16    3.64     .79    732.
 18.000   -7.78    3.69   .0184   -1.12    2.37    8.39    3.25     .35    733.
 19.000  -10.06    3.27  -.0191    -.66    1.94   10.30    3.17     .37    727.
 20.000  -12.54    3.04  -.0463    -.27    1.93   12.70    2.99     .10    721.
 21.000  -14.65    3.29   .0078    -.16    2.07   14.80    3.25     .02    710.
 22.000  -15.95    3.13  -.0794     .04    2.03   16.09    3.10     .10    707.
 23.000  -17.18    3.31  -.0262     .18    2.36   17.35    3.28    -.09    690.
 24.000  -18.32    3.60   .0164     .17    2.68   18.52    3.56    -.19    677.
 25.000  -19.44    3.71   .0616     .13    2.47   19.60    3.69     .01    662.
 26.000  -20.23    3.98   .0679     .21    2.75   20.42    3.94    -.09    645.
 27.000  -21.03    4.41   .0607     .21    2.92   21.24    4.38    -.40    607.
 28.000  -21.45    4.24   .0836     .08    2.61   21.61    4.21    -.36    570.
 29.000  -21.97    4.32   .0641     .07    2.77   22.15    4.29    -.23    528.
 30.000  -22.46    4.71  -.0165     .04    3.18   22.70    4.63    -.24    474.
     T A B L E  I -  7.  W I N D  S T A T I S T I C A L  P A R A M E T E R S
                                   JULY      
 STATION =   912450     WAKE ISLAND                   
    Z    MEAN U   SD  U  R(U,V)  MEAN V   SD  V MEAN WS  SD  WS SKEW WS    NOBS 
    KM     M/S     M/S             M/S     M/S     M/S     M/S
   .000     .00     .00   .0000     .00     .00     .00     .00     .00      0.
   .005   -4.96    2.85   .3984     .42    2.22    5.80    2.05     .48    854.
  1.000   -6.69    3.78   .2115    1.30    2.49    7.72    2.70     .39    847.
  2.000   -5.88    3.84   .2144     .93    2.58    7.04    2.59     .09    851.
  3.000   -5.03    3.94   .1972     .48    2.81    6.46    2.68     .20    851.
  4.000   -4.10    4.16   .2325     .08    3.12    5.96    2.88     .44    851.
  5.000   -3.36    4.35   .2423    -.25    3.49    5.74    3.08     .56    850.
  6.000   -2.64    4.66   .2377    -.74    3.96    5.87    3.22     .73    850.
  7.000   -2.15    4.90   .2296   -1.40    4.36    6.11    3.49     .81    850.
  8.000   -1.48    5.56   .1914   -2.00    4.93    6.82    3.86     .92    849.
  9.000    -.90    6.59   .1808   -2.79    6.14    8.28    4.60     .89    846.
 10.000    -.20    7.96   .2393   -3.34    7.08    9.83    5.28     .90    845.
 11.000     .49    9.63   .2846   -3.77    8.48   11.80    6.30     .82    841.
 12.000    1.29   11.76   .3299   -4.38    9.75   14.06    7.51     .69    840.
 13.000    1.75   12.83   .3514   -4.92   10.20   15.20    8.05     .57    834.
 14.000    1.46   12.24   .3466   -4.96    9.37   14.41    7.53     .48    830.
 15.000   -1.05    9.34   .3057   -4.21    6.70   10.80    5.86     .75    819.
 16.000   -4.91    5.90   .2415   -2.91    3.89    7.84    4.58     .63    807.
 17.000   -7.98    3.94   .2164   -2.03    2.52    8.68    3.78     .37    773.
 18.000  -11.65    2.80   .0331    -.96    1.96   11.86    2.76     .15    773.
 19.000  -14.35    2.43  -.0292    -.54    1.86   14.48    2.43    -.01    765.
 20.000  -16.70    2.47  -.0626    -.20    1.86   16.80    2.47     .19    760.
 21.000  -18.73    2.98   .0682    -.16    2.22   18.87    2.96    -.12    754.
 22.000  -19.86    3.00  -.0602     .06    2.04   19.97    2.95    -.21    749.
 23.000  -20.94    3.24  -.0588     .36    2.18   21.06    3.22    -.22    735.
 24.000  -22.03    3.54  -.0621     .39    2.57   22.19    3.51     .06    722.
 25.000  -23.21    3.61  -.0760     .41    2.53   23.36    3.58     .07    689.
 26.000  -24.17    3.94  -.0350     .26    2.86   24.34    3.90     .07    673.
 27.000  -25.55    4.17  -.0194     .19    3.13   25.75    4.16     .24    636.
 28.000  -26.17    4.25  -.0241     .15    2.64   26.31    4.23     .11    591.
 29.000  -26.74    4.50   .0207     .19    2.79   26.89    4.47     .19    542.
 30.000  -27.29    4.50   .0239     .25    2.91   27.45    4.47    -.13    495.
     T A B L E  I -  8.  W I N D  S T A T I S T I C A L  P A R A M E T E R S
                                   AUGUST    
 STATION =   912450     WAKE ISLAND                   
    Z    MEAN U   SD  U  R(U,V)  MEAN V   SD  V MEAN WS  SD  WS SKEW WS    NOBS 
    KM     M/S     M/S             M/S     M/S     M/S     M/S
   .000     .00     .00   .0000     .00     .00     .00     .00     .00      0.
   .005   -4.43    3.20   .4426     .56    2.62    5.65    2.29     .85    852.
  1.000   -5.57    4.69   .3521    1.55    3.00    7.39    3.12     .96    845.
  2.000   -4.74    4.67   .3135    1.20    2.86    6.68    3.05    1.02    847.
  3.000   -3.90    4.57   .2995     .80    3.16    6.11    2.96     .95    848.
  4.000   -2.79    4.56   .3382     .45    3.36    5.54    3.06    1.11    847.
  5.000   -1.94    4.70   .3091     .15    3.65    5.43    3.12    1.09    846.
  6.000   -1.10    4.81   .3226    -.18    4.02    5.46    3.16    1.01    842.
  7.000    -.38    4.77   .3018    -.72    4.39    5.74    3.12     .84    839.
  8.000     .43    5.34   .2830   -1.14    4.95    6.47    3.55     .74    835.
  9.000    1.43    6.49   .2838   -1.63    5.97    7.93    4.42     .76    832.
 10.000    2.50    7.71   .2923   -2.20    6.90    9.52    5.23     .72    831.
 11.000    3.60    9.17   .2753   -2.81    8.19   11.46    6.36     .73    830.
 12.000    5.01   10.81   .2734   -3.47    9.58   13.76    7.51     .81    827.
 13.000    6.04   11.96   .2713   -4.01   10.02   15.11    8.22     .81    826.
 14.000    5.23   11.81   .2379   -4.46    9.77   14.59    8.31     .86    820.
 15.000    1.08    9.08   .2518   -3.69    7.65   10.60    6.58    1.24    814.
 16.000   -3.85    5.93   .2265   -2.26    4.59    7.34    4.71    1.23    798.
 17.000   -7.63    4.01   .2126   -1.47    2.63    8.34    3.72     .49    754.
 18.000  -11.72    3.09   .0528    -.90    1.81   11.91    3.01    -.15    755.
 19.000  -14.51    3.01  -.0251    -.49    1.71   14.64    2.89    -.18    741.
 20.000  -16.68    2.83   .0166    -.35    1.89   16.80    2.82     .04    735.
 21.000  -18.62    3.19   .0154     .03    2.26   18.76    3.19    -.07    725.
 22.000  -19.77    3.16  -.0638     .17    2.05   19.89    3.12    -.05    716.
 23.000  -20.95    3.33  -.0059     .26    2.29   21.09    3.29     .02    705.
 24.000  -22.01    3.74   .0707     .35    2.64   22.18    3.66    -.08    695.
 25.000  -23.20    3.63  -.0426     .31    2.36   23.32    3.60    -.12    668.
 26.000  -24.31    3.75   .0234     .24    2.59   24.45    3.73    -.07    647.
 27.000  -25.75    4.08   .0992     .26    2.78   25.91    4.04    -.15    618.
 28.000  -26.49    3.97   .0066     .26    2.49   26.61    3.96    -.04    569.
 29.000  -27.40    4.32  -.0475     .14    2.59   27.52    4.31     .05    522.
 30.000  -28.10    4.59  -.0801     .22    3.26   28.29    4.56    -.11    469.
     T A B L E  I -  9.  W I N D  S T A T I S T I C A L  P A R A M E T E R S
                                   SEPTEMBER 
 STATION =   912450     WAKE ISLAND                   
    Z    MEAN U   SD  U  R(U,V)  MEAN V   SD  V MEAN WS  SD  WS SKEW WS    NOBS 
    KM     M/S     M/S             M/S     M/S     M/S     M/S
   .000     .00     .00   .0000     .00     .00     .00     .00     .00      0.
   .005   -4.60    2.90   .2287    -.25    2.44    5.54    2.10     .15    810.
  1.000   -6.43    4.09  -.0087     .44    2.70    7.48    3.09     .20    807.
  2.000   -5.79    4.00  -.0187     .42    2.70    6.91    3.03     .25    809.
  3.000   -5.21    4.03   .0373     .28    2.90    6.50    3.11     .37    809.
  4.000   -4.79    4.00   .1115     .13    3.19    6.27    3.12     .33    808.
  5.000   -4.30    4.14   .1584    -.04    3.49    6.16    3.14     .49    808.
  6.000   -3.94    4.52   .1722    -.34    3.98    6.38    3.34     .71    806.
  7.000   -3.45    4.91   .2013    -.73    4.34    6.52    3.43     .74    800.
  8.000   -2.48    5.59   .2350   -1.11    4.88    6.88    3.69     .88    797.
  9.000   -1.10    6.94   .2808   -1.42    5.77    7.92    4.68     .95    796.
 10.000     .42    8.10   .3170   -1.69    6.73    9.21    5.38     .71    787.
 11.000    1.77    9.61   .2863   -1.99    7.89   10.97    6.41     .60    783.
 12.000    3.15   10.75   .2396   -2.39    8.97   12.64    7.19     .62    780.
 13.000    3.41   11.07   .2009   -3.00    8.95   13.01    7.35     .66    776.
 14.000    2.03    9.95   .1845   -3.22    8.29   11.69    6.72     .84    772.
 15.000   -1.59    7.30   .2196   -2.83    6.35    8.81    5.16    1.34    766.
 16.000   -5.02    5.22   .1770   -2.48    4.42    7.54    4.43    1.06    755.
 17.000   -7.45    3.80   .0732   -1.78    2.90    8.23    3.51     .77    715.
 18.000  -10.03    3.11  -.0855    -.95    2.35   10.33    2.82     .18    715.
 19.000  -12.07    3.18  -.1300    -.46    1.93   12.18    2.90    -.09    703.
 20.000  -13.93    3.48  -.1250    -.08    2.04   14.02    3.15    -.05    698.
 21.000  -15.66    3.88  -.1570     .02    2.41   15.79    3.54    -.08    686.
 22.000  -16.70    3.83  -.1865     .20    2.29   16.80    3.52    -.12    677.
 23.000  -17.73    4.01  -.1589     .36    2.32   17.82    3.70    -.24    667.
 24.000  -18.79    4.21  -.1296     .28    2.67   18.92    3.94    -.17    651.
 25.000  -19.87    4.24  -.1196     .14    2.36   19.95    3.99    -.17    630.
 26.000  -21.01    4.42  -.1024     .27    2.62   21.12    4.17    -.10    614.
 27.000  -22.29    4.77  -.0758     .20    2.89   22.42    4.54    -.29    580.
 28.000  -22.84    4.83  -.1111     .22    2.74   22.94    4.59    -.32    540.
 29.000  -23.25    5.23  -.0997     .31    2.88   23.37    5.00    -.26    497.
 30.000  -23.67    5.63  -.1032     .43    3.43   23.92    5.63     .07    445.
     T A B L E  I - 10.  W I N D  S T A T I S T I C A L  P A R A M E T E R S
                                   OCTOBER   
 STATION =   912450     WAKE ISLAND                   
    Z    MEAN U   SD  U  R(U,V)  MEAN V   SD  V MEAN WS  SD  WS SKEW WS    NOBS 
    KM     M/S     M/S             M/S     M/S     M/S     M/S
   .000     .00     .00   .0000     .00     .00     .00     .00     .00      0.
   .005   -6.01    3.05   .3075    -.83    2.19    6.69    2.48     .19    839.
  1.000   -7.84    4.25   .0775     .14    2.87    8.69    3.51    -.08    834.
  2.000   -6.89    4.50   .0912     .32    2.91    8.01    3.50     .10    836.
  3.000   -6.47    4.64   .0927    -.05    3.12    7.81    3.51     .29    836.
  4.000   -6.15    4.95   .0963    -.30    3.48    7.82    3.65     .37    835.
  5.000   -6.19    5.40   .0500    -.58    4.22    8.40    3.89     .33    834.
  6.000   -6.36    6.03  -.0064    -.85    4.98    9.13    4.35     .47    829.
  7.000   -6.10    6.67   .0233   -1.30    5.61    9.53    4.89     .73    827.
  8.000   -5.31    7.51   .0776   -1.77    6.29    9.85    5.51     .78    823.
  9.000   -4.05    8.52   .1300   -2.27    7.11   10.49    5.88     .86    821.
 10.000   -2.78    9.58   .2184   -2.61    7.88   11.34    6.29     .88    817.
 11.000   -1.54   10.80   .2423   -3.13    8.91   12.63    6.96     .74    817.
 12.000    -.31   11.54   .2402   -3.59    9.66   13.50    7.56     .68    814.
 13.000    -.32   11.79   .2231   -4.30    9.43   13.59    7.85     .93    812.
 14.000   -1.42   11.09   .1647   -4.67    8.47   12.80    7.38    1.01    808.
 15.000   -3.69    9.11   .0863   -4.44    6.86   10.99    6.51    1.00    805.
 16.000   -5.76    7.37  -.0037   -3.74    5.05    9.70    5.73    1.01    785.
 17.000   -6.69    5.93  -.0281   -2.90    3.87    8.84    5.00    1.07    719.
 18.000   -7.73    4.22   .0448   -1.51    2.88    8.55    3.86     .81    718.
 19.000   -8.54    3.51   .0161    -.76    2.37    8.95    3.36     .47    702.
 20.000   -9.62    3.36  -.0033    -.31    2.26    9.93    3.23     .56    697.
 21.000  -10.93    3.72   .0020    -.12    2.34   11.20    3.65     .22    690.
 22.000  -11.75    3.74   .0240     .05    2.10   11.96    3.68     .30    679.
 23.000  -12.67    4.07  -.0187     .23    2.41   12.93    3.97     .12    671.
 24.000  -13.54    4.44  -.0443     .20    2.43   13.80    4.31     .04    661.
 25.000  -14.40    4.48  -.0408     .30    2.56   14.66    4.37     .07    644.
 26.000  -14.96    4.94   .0130     .19    2.72   15.26    4.76     .10    626.
 27.000  -15.39    5.68   .0144     .17    2.82   15.72    5.47    -.13    596.
 28.000  -15.00    5.98   .0229     .31    2.63   15.38    5.58    -.03    561.
 29.000  -14.20    6.60  -.0204     .19    2.74   14.67    6.12     .01    514.
 30.000  -13.25    7.68  -.1088     .01    3.27   14.18    6.65     .00    461.
     T A B L E  I - 11.  W I N D  S T A T I S T I C A L  P A R A M E T E R S
                                   NOVEMBER  
 STATION =   912450     WAKE ISLAND                   
    Z    MEAN U   SD  U  R(U,V)  MEAN V   SD  V MEAN WS  SD  WS SKEW WS    NOBS 
    KM     M/S     M/S             M/S     M/S     M/S     M/S
   .000     .00     .00   .0000     .00     .00     .00     .00     .00      0.
   .005   -6.91    2.69   .1998   -1.74    2.68    7.64    2.60     .12    833.
  1.000   -8.87    3.74   .0306    -.96    3.27    9.63    3.39     .25    830.
  2.000   -7.69    4.09  -.0274    -.68    3.26    8.66    3.48     .46    832.
  3.000   -6.56    4.40  -.0510   -1.05    3.50    7.97    3.49     .42    831.
  4.000   -6.00    4.83  -.0148   -1.30    3.96    7.92    3.61     .52    831.
  5.000   -5.61    5.32  -.0054   -1.74    4.66    8.30    3.95     .67    831.
  6.000   -5.00    6.11  -.0071   -2.44    5.65    8.90    4.58     .79    828.
  7.000   -4.21    6.71   .0680   -2.97    6.19    9.24    4.94    1.01    825.
  8.000   -3.30    7.39   .0827   -3.61    7.03    9.90    5.46    1.03    822.
  9.000   -2.29    8.47   .1200   -4.39    8.07   11.13    6.13     .95    821.
 10.000    -.98    9.47   .1622   -5.02    8.80   12.22    6.62    1.04    815.
 11.000     .17   10.48   .2103   -5.24    9.29   13.16    7.10     .94    814.
 12.000    1.20   10.98   .2363   -5.43    9.43   13.57    7.49     .81    810.
 13.000    1.57   11.09   .2345   -5.72    9.09   13.50    7.63     .93    807.
 14.000     .82   10.32   .1730   -5.53    7.98   12.35    6.99     .84    803.
 15.000    -.82    9.24   .0782   -4.92    6.59   10.68    6.29     .76    796.
 16.000   -2.89    7.53   .0095   -4.22    5.26    9.18    5.14     .89    779.
 17.000   -4.53    6.32  -.0800   -3.43    4.36    8.52    4.31     .81    733.
 18.000   -6.51    5.06  -.0887   -2.10    3.50    8.34    3.88     .62    734.
 19.000   -7.13    4.22  -.0585   -1.09    2.64    7.99    3.60     .47    719.
 20.000   -6.66    3.56   .0270    -.52    2.25    7.27    3.09     .44    716.
 21.000   -6.48    4.06   .0654    -.28    2.51    7.26    3.48     .54    709.
 22.000   -6.84    3.71   .0195     .01    2.30    7.41    3.29     .48    693.
 23.000   -7.11    4.04   .1057     .31    2.59    7.83    3.51     .52    682.
 24.000   -7.29    4.82   .1187     .38    2.84    8.28    3.98     .56    670.
 25.000   -7.04    5.54   .1077     .34    2.77    8.40    4.18     .66    656.
 26.000   -6.56    6.44   .0822     .09    3.01    8.57    4.47     .74    639.
 27.000   -5.27    7.45   .0932     .13    3.37    8.51    4.70     .75    609.
 28.000   -3.52    8.20   .2286     .34    3.41    8.18    4.93    1.37    576.
 29.000   -1.87    9.30   .2864     .21    3.61    8.57    5.44    1.57    542.
 30.000    -.29   10.39   .2701     .05    3.98    9.14    6.35    1.54    498.
     T A B L E  I - 12.  W I N D  S T A T I S T I C A L  P A R A M E T E R S
                                   DECEMBER  
 STATION =   912450     WAKE ISLAND                   
    Z    MEAN U   SD  U  R(U,V)  MEAN V   SD  V MEAN WS  SD  WS SKEW WS    NOBS 
    KM     M/S     M/S             M/S     M/S     M/S     M/S
   .000     .00     .00   .0000     .00     .00     .00     .00     .00      0.
   .005   -5.74    3.56   .3485   -1.41    2.99    6.88    3.02     .36    859.
  1.000   -7.02    4.88   .1865    -.49    3.42    8.31    4.00     .37    853.
  2.000   -5.31    5.38   .0108    -.08    3.39    7.28    3.97     .52    856.
  3.000   -3.38    5.65  -.0179    -.48    3.67    6.63    3.61     .87    856.
  4.000   -1.88    6.12   .0580    -.84    4.12    6.66    3.78     .98    856.
  5.000    -.46    6.89   .0819   -1.45    4.77    7.38    4.24    1.10    854.
  6.000     .91    7.79   .0548   -1.95    5.94    8.45    5.39    1.52    852.
  7.000    2.13    8.07   .0431   -2.49    6.74    9.30    5.90    1.50    851.
  8.000    3.53    8.46   .0543   -3.25    7.44   10.24    6.70    1.57    847.
  9.000    4.91    8.82   .0363   -3.77    7.85   11.17    7.26    1.33    844.
 10.000    5.99    9.33   .0405   -4.25    8.19   12.02    7.97    1.72    839.
 11.000    7.16    9.75   .0486   -4.52    8.61   13.03    8.44    1.55    839.
 12.000    8.07   10.24   .0557   -4.57    8.62   13.74    8.74    1.41    838.
 13.000    8.28   10.14   .0686   -4.16    7.72   13.41    8.26    1.24    833.
 14.000    8.09    9.83   .0679   -3.42    7.02   12.71    7.83    1.23    828.
 15.000    6.52    8.83   .0136   -2.77    6.24   11.04    6.71    1.01    821.
 16.000    3.71    7.82  -.0285   -1.81    5.26    8.70    5.48    1.19    809.
 17.000     .73    7.04  -.0506   -1.02    4.74    7.41    4.32    1.35    770.
 18.000   -2.93    5.93  -.0935    -.14    3.89    6.69    3.77     .92    771.
 19.000   -4.41    4.74  -.0384     .11    2.97    6.25    3.42     .68    758.
 20.000   -4.33    3.96   .1064     .17    2.49    5.60    3.04     .63    753.
 21.000   -3.92    3.98   .0386     .01    2.55    5.25    3.07     .83    740.
 22.000   -4.19    3.81   .0277     .10    2.54    5.41    3.05    1.07    726.
 23.000   -4.26    4.36   .0537     .22    2.86    5.78    3.47    1.47    705.
 24.000   -4.15    4.86   .0151     .12    3.24    6.09    3.77    1.44    684.
 25.000   -3.91    5.61   .1157     .29    3.36    6.28    4.32    1.80    668.
 26.000   -3.54    6.63   .1609     .42    3.60    6.74    4.92    1.93    653.
 27.000   -2.71    8.05   .1593     .36    3.89    7.40    5.71    2.06    616.
 28.000   -1.89    9.37   .1419     .46    3.39    7.90    6.37    2.14    591.
 29.000   -1.14   10.81   .1334     .33    3.66    9.01    7.10    1.86    552.
 30.000    -.25   12.15   .1427     .14    4.29   10.22    7.84    1.52    506.
