 0 1WAL 724020   37.85N   75.48W   3 1641279   11080   0  30                                        
1    T A B L E  I - 13.  W I N D  S T A T I S T I C A L  P A R A M E T E R S                        
                                   ANNUAL                                                           
 STATION =   724020     WALLOP ISLAND, MD                                                           
    Z    MEAN U   SD  U  R(U,V)  MEAN V   SD  V MEAN WS  SD  WS SKEW WS    NOBS                     
    KM     M/S     M/S             M/S     M/S     M/S     M/S                                      
  0.003    0.69    3.32  -.0032   -0.51    3.82    4.34    2.74    1.12   6306.                     
  1.000    4.62    6.87  0.1429   -0.97    7.10    9.33    5.73    1.05   6248.                     
  2.000    7.69    6.92  0.1116   -0.30    7.15   11.03    6.05    0.74   6273.                     
  3.000   10.74    8.23  0.1329    0.19    8.02   13.81    7.54    0.57   6269.                     
  4.000   13.50    9.80  0.1400    0.43    9.07   16.57    9.29    0.61   6286.                     
  5.000   15.77   11.42  0.1384    0.64   10.23   19.02   11.06    0.74   6277.                     
  6.000   17.96   13.05  0.1379    0.80   11.48   21.48   12.81    0.80   6262.                     
  7.000   20.01   14.61  0.1438    0.90   12.85   23.93   14.38    0.81   6197.                     
  8.000   21.77   15.85  0.1273    0.89   14.20   26.20   15.55    0.76   6083.                     
  9.000   23.57   17.09  0.1269    0.92   15.36   28.44   16.61    0.74   5974.                     
 10.000   24.97   17.68  0.1168    0.66   16.13   30.20   16.88    0.66   5827.                     
 11.000   25.74   17.55  0.1138    0.03   16.27   31.12   16.37    0.58   5651.                     
 12.000   26.16   17.03  0.1228   -0.78   15.65   31.22   15.68    0.53   5589.                     
 13.000   24.71   15.26  0.1669   -1.05   13.63   28.98   13.80    0.47   5506.                     
 14.000   22.02   13.52  0.1935   -0.76   11.06   25.33   12.20    0.51   5461.                     
 15.000   19.02   11.98  0.2074   -0.51    9.08   21.67   10.89    0.55   5416.                     
 16.000   15.90   10.84  0.2006   -0.51    7.48   18.11    9.93    0.59   5391.                     
 17.000   12.43    9.99  0.1916   -0.59    6.07   14.50    9.02    0.74   5322.                     
 18.000    8.94    9.38  0.1699   -0.57    5.06   11.39    8.01    1.00   5314.                     
 19.000    6.08    8.76  0.1751   -0.41    4.15    9.21    6.80    1.29   5295.                     
 20.000    4.01    8.44  0.1764   -0.35    3.54    8.11    5.86    1.56   5258.                     
 21.000    2.43    8.47  0.1704   -0.30    3.23    7.70    5.38    1.60   5214.                     
 22.000    1.43    8.77  0.1697   -0.27    3.16    7.74    5.40    1.65   5172.                     
 23.000    0.89    9.18  0.1987   -0.26    3.00    7.95    5.58    1.65   5059.                     
 24.000    0.46    9.90  0.2033   -0.26    3.24    8.54    5.99    1.71   5028.                     
 25.000    0.24   10.61  0.2414   -0.23    3.40    9.09    6.46    1.86   4898.                     
 26.000    0.57   11.61  0.2872   -0.15    3.57    9.88    7.10    1.87   4646.                     
 27.000    0.67   12.72  0.2987   -0.06    3.89   10.90    7.65    1.69   4187.                     
 28.000    1.54   13.90  0.2907    0.10    4.20   11.85    8.54    1.66   4039.                     
 29.000    1.58   15.59  0.3059    0.29    4.42   13.25    9.48    1.63   2973.                     
 30.000    3.81   17.00  0.3300    0.46    4.71   14.44   10.85    1.61   2633.                     
 32.000    7.03   21.13  0.3767    2.11    5.94   18.53   13.89    1.37   1524.                     
 34.000    9.67   24.67  0.3691    1.98    6.64   21.92   16.45    1.24   1512.                     
 36.000   11.53   28.14  0.3007    1.42    6.83   25.02   18.66    1.12   1513.                     
 38.000   12.32   31.00  0.2905    1.49    7.81   27.66   20.29    1.05   1517.                     
 40.000   12.94   34.03  0.3563    2.89    9.16   30.70   21.83    0.91   1519.                     
 42.000   13.81   37.42  0.4049    4.56   10.65   34.31   23.44    0.79   1526.                     
 44.000   14.91   40.97  0.4189    6.64   11.50   37.99   25.20    0.73   1529.                     
 46.000   16.41   44.16  0.4000    8.26   11.75   41.12   27.11    0.72   1531.                     
 48.000   17.30   46.31  0.3695    8.99   12.05   43.10   28.51    0.71   1525.                     
 50.000   18.08   48.48  0.3751    9.11   11.82   44.85   29.82    0.72   1510.                     
 52.000   17.76   50.33  0.3552    8.87   12.21   46.56   30.16    0.73   1467.                     
 54.000   17.28   51.94  0.3399    9.03   12.62   48.11   30.39    0.71   1409.                     
 56.000   17.75   53.83  0.3260    8.49   13.12   50.11   30.76    0.63   1303.                     
 58.000   15.90   55.02  0.3102    7.58   13.28   51.00   30.24    0.61   1150.                     
 60.000   14.09   56.33  0.2881    6.90   13.48   52.00   29.96    0.50    924.                     
 62.000   11.68   56.35  0.2465    6.13   13.95   51.53   29.85    0.48    696.                     
 64.000   11.15   56.39  0.1163    5.60   14.32   51.52   29.81    0.42    585.                     
 66.000    9.25   55.53  -.0080    4.38   15.75   50.87   29.18    0.46    501.                     
 68.000    9.68   54.11  -.0420    2.33   16.17   49.38   29.25    0.59    421.                     
 70.000   10.48   51.17  -.0698   -0.15   18.25   47.00   29.40    0.67    300.                     
1    T A B L E  I -  1.  W I N D  S T A T I S T I C A L  P A R A M E T E R S                        
                                   JANUARY                                                          
 STATION =   724020     WALLOP ISLAND, MD                                                           
    Z    MEAN U   SD  U  R(U,V)  MEAN V   SD  V MEAN WS  SD  WS SKEW WS    NOBS                     
    KM     M/S     M/S             M/S     M/S     M/S     M/S                                      
  0.003    1.63    3.38  -.0212   -1.10    3.90    4.69    2.91    0.85    499.                     
  1.000    7.71    7.10  0.1503   -0.98    8.61   12.07    6.24    0.69    492.                     
  2.000   12.43    6.50  0.1781    0.25    8.38   15.20    5.96    0.41    495.                     
  3.000   17.37    7.42  0.1850    1.03    9.76   20.10    6.99    0.19    494.                     
  4.000   21.74    9.09  0.1670    1.73   11.14   24.63    8.67    0.11    498.                     
  5.000   25.73   11.05  0.1649    2.12   12.39   28.78   10.66    0.21    494.                     
  6.000   29.51   12.60  0.1576    2.73   14.07   32.93   12.27    0.20    490.                     
  7.000   33.25   14.19  0.1800    2.81   15.43   36.90   13.83    0.24    484.                     
  8.000   36.25   15.26  0.1411    2.80   16.89   40.24   14.84    0.22    462.                     
  9.000   38.89   16.25  0.1487    2.76   17.84   43.00   15.90    0.40    433.                     
 10.000   40.11   16.10  0.1041    2.18   18.18   44.26   15.58    0.37    392.                     
 11.000   40.70   15.42  0.1291    1.19   17.32   44.42   14.90    0.37    354.                     
 12.000   40.70   14.37  0.1183    0.55   16.21   43.89   14.10    0.30    345.                     
 13.000   38.17   12.25  0.1309    1.11   13.22   40.51   11.89    0.30    336.                     
 14.000   35.02   10.95  0.1358    1.20   11.19   36.91   10.49    0.16    326.                     
 15.000   31.46    9.86  0.1955    1.33    9.64   33.00    9.62    0.14    316.                     
 16.000   28.07    8.38  0.1455    1.41    8.61   29.41    8.32    0.04    316.                     
 17.000   24.23    7.52  0.1552    1.07    7.31   25.33    7.52    0.16    304.                     
 18.000   19.97    7.21  0.1642    0.83    6.47   20.99    7.25    0.42    302.                     
 19.000   16.62    7.10  0.2990    0.42    5.79   17.57    7.17    0.58    299.                     
 20.000   14.07    7.31  0.3469    0.04    5.15   15.03    7.20    0.68    299.                     
 21.000   12.09    7.71  0.3745   -0.16    4.85   13.20    7.41    0.55    302.                     
 22.000   10.60    8.52  0.3776   -0.30    5.12   12.43    7.53    0.62    308.                     
 23.000   10.02    9.21  0.3870   -0.54    5.17   12.35    7.72    0.74    308.                     
 24.000    9.85   10.23  0.3760   -0.70    5.58   12.91    8.15    0.82    307.                     
 25.000    9.60   11.12  0.3996   -0.62    6.03   13.46    8.44    0.89    296.                     
 26.000   10.41   12.20  0.4167   -0.42    6.38   14.77    8.93    0.88    294.                     
 27.000   11.12   13.45  0.3993   -0.18    7.18   16.15    9.74    0.72    250.                     
 28.000   11.73   14.45  0.3480   -0.03    8.03   17.29   10.55    0.61    243.                     
 29.000   13.82   16.56  0.3758   -0.33    8.64   19.67   12.33    0.58    174.                     
 30.000   15.57   17.61  0.3960   -0.56    9.09   21.07   13.81    0.64    163.                     
 32.000   19.16   21.28  0.4849    2.27   10.00   24.61   17.84    0.61    159.                     
 34.000   22.86   23.18  0.5337    2.02   11.06   28.20   19.73    0.69    159.                     
 36.000   25.88   24.24  0.5279    1.84   11.00   30.97   20.52    0.74    160.                     
 38.000   29.67   25.30  0.5457    3.37   13.28   34.73   22.37    0.83    161.                     
 40.000   32.84   25.12  0.5169    5.79   16.11   38.44   22.87    0.65    161.                     
 42.000   37.59   26.18  0.4794    9.14   17.94   43.75   24.23    0.35    161.                     
 44.000   43.18   27.31  0.3700   13.25   18.94   50.07   25.20    0.19    162.                     
 46.000   49.12   28.46  0.3247   14.32   19.33   55.73   26.32    0.19    163.                     
 48.000   53.19   29.35  0.2462   14.40   20.20   59.66   27.28    0.03    164.                     
 50.000   55.89   30.04  0.2259   14.57   19.98   62.31   27.41   -0.14    162.                     
 52.000   56.77   28.46  0.2382   14.96   19.43   62.92   25.91   -0.18    154.                     
 54.000   58.01   28.10  0.3092   14.69   19.19   63.80   25.81   -0.15    147.                     
 56.000   58.99   28.48  0.3403   13.15   19.84   64.33   26.75   -0.12    139.                     
 58.000   59.95   28.59  0.3035   13.16   18.32   65.08   26.12   -0.08    127.                     
 60.000   62.91   31.77  0.4275   12.81   16.45   67.89   28.05    0.21     98.                     
 62.000   63.47   33.66  0.4134    8.34   16.11   67.62   30.20   -0.19     77.                     
 64.000   64.06   36.58  0.1248    4.45   14.09   67.78   32.53   -0.25     65.                     
 66.000   64.64   36.19  -.0928   -0.42   17.53   68.92   32.16   -0.28     50.                     
 68.000   62.14   35.20  0.0143   -2.52   18.46   66.08   32.69   -0.16     39.                     
 70.000   57.50   33.50  0.0259   -3.48   19.90   61.69   31.83    0.22     29.                     
1    T A B L E  I -  2.  W I N D  S T A T I S T I C A L  P A R A M E T E R S                        
                                   FEBRUARY                                                         
 STATION =   724020     WALLOP ISLAND, MD                                                           
    Z    MEAN U   SD  U  R(U,V)  MEAN V   SD  V MEAN WS  SD  WS SKEW WS    NOBS                     
    KM     M/S     M/S             M/S     M/S     M/S     M/S                                      
  0.003    1.74    3.97  -.0346   -1.44    4.10    5.25    3.16    0.90    470.                     
  1.000    7.05    7.58  0.0470   -2.12    8.04   11.82    6.02    0.64    473.                     
  2.000   11.63    6.89  0.0378   -0.82    8.47   14.73    6.16    0.47    476.                     
  3.000   16.62    8.06  0.0692    0.52    9.44   19.35    7.46    0.36    476.                     
  4.000   21.20    9.92  0.0266    1.20   10.70   23.99    9.37    0.18    475.                     
  5.000   25.00   11.83  0.0457    1.64   12.13   28.04   11.31    0.30    475.                     
  6.000   28.87   13.67  0.0701    1.81   13.73   32.24   13.12    0.33    470.                     
  7.000   32.58   15.51  0.1296    2.80   15.13   36.28   14.89    0.33    454.                     
  8.000   35.45   17.00  0.1055    3.30   17.06   39.80   16.21    0.30    427.                     
  9.000   38.39   18.28  0.0874    3.73   18.38   43.04   17.49    0.34    411.                     
 10.000   40.77   17.88  0.0689    3.53   18.21   44.92   17.52    0.39    390.                     
 11.000   40.53   16.58  0.0080    2.36   17.20   44.12   16.47    0.66    354.                     
 12.000   40.27   14.82  0.0132    1.68   15.39   43.15   14.78    0.41    338.                     
 13.000   38.01   13.22  0.0444    1.65   13.04   40.23   13.18    0.33    331.                     
 14.000   35.00   11.54  0.0548    1.53   10.55   36.62   11.42    0.42    320.                     
 15.000   31.49   10.35  0.0230    1.50    9.00   32.83   10.22    0.56    320.                     
 16.000   27.98    8.98  0.0197    1.47    7.87   29.15    8.83    0.27    318.                     
 17.000   24.23    7.92  -.0253    1.10    6.27   25.09    7.79    0.40    315.                     
 18.000   20.57    7.46  -.0091    0.64    5.24   21.25    7.40    0.29    315.                     
 19.000   17.36    7.27  0.0160    0.52    4.71   18.04    7.14    0.23    313.                     
 20.000   14.73    7.44  0.0610    0.30    4.24   15.45    7.18    0.44    315.                     
 21.000   12.44    7.44  0.1634    0.09    4.01   13.30    7.03    0.54    311.                     
 22.000   11.15    8.06  0.2069    0.04    4.09   12.44    7.16    0.56    304.                     
 23.000   10.14    8.82  0.2808   -0.03    3.95   11.97    7.26    0.74    304.                     
 24.000    9.51    9.80  0.2808   -0.03    4.27   12.07    7.68    0.80    306.                     
 25.000    9.35   10.66  0.3326    0.34    4.60   12.54    8.06    0.79    299.                     
 26.000    9.84   11.56  0.3872    0.61    4.81   13.40    8.61    0.79    294.                     
 27.000   10.93   12.43  0.4331    0.78    5.41   14.79    9.20    0.72    259.                     
 28.000   12.63   13.34  0.4297    1.06    6.25   16.66    9.99    0.72    257.                     
 29.000   14.63   14.84  0.4817    1.82    5.97   18.84   10.83    0.65    180.                     
 30.000   17.18   15.93  0.5639    1.79    6.14   21.28   11.66    0.53    167.                     
 32.000   24.19   17.17  0.5819    3.30    9.10   28.09   13.52    0.23    109.                     
 34.000   30.21   19.77  0.5529    3.24   10.15   34.44   15.10    0.18    109.                     
 36.000   34.88   22.45  0.5154    1.59   11.42   39.41   17.25    0.11    108.                     
 38.000   38.07   25.29  0.4543    0.60   13.45   43.22   19.96   -0.05    108.                     
 40.000   40.30   27.92  0.4414    3.27   15.51   46.44   22.20   -0.18    108.                     
 42.000   43.72   29.44  0.3930    6.61   18.13   51.07   23.15   -0.26    108.                     
 44.000   47.10   29.08  0.3964    9.86   18.65   54.63   22.78   -0.36    107.                     
 46.000   51.77   28.34  0.3970   13.61   17.33   58.72   22.70   -0.31    106.                     
 48.000   55.84   27.93  0.3388   15.76   16.84   62.05   24.00   -0.42    106.                     
 50.000   58.21   28.30  0.2588   14.85   16.38   64.08   23.82   -0.42    105.                     
 52.000   59.62   27.52  0.2913   13.64   17.13   65.07   23.53   -0.40    104.                     
 54.000   60.68   26.03  0.3062   13.67   18.04   65.75   23.33   -0.45     99.                     
 56.000   62.89   24.41  0.3634   13.53   17.08   67.13   22.73   -0.21     95.                     
 58.000   63.56   23.64  0.4360   13.06   19.56   68.47   21.41   -0.27     86.                     
 60.000   66.39   24.98  0.4910   13.35   20.87   72.13   20.81   -0.31     68.                     
 62.000   69.01   28.47  0.4267   10.62   20.40   74.17   24.27    0.11     53.                     
 64.000   69.69   27.23  0.3349    3.72   18.79   73.49   23.49   -0.20     43.                     
 66.000   72.30   22.47  0.0353   -2.62   20.53   75.28   21.95   -0.34     36.                     
 68.000   71.01   21.70  -.4021   -8.46   18.19   73.69   21.83   -0.21     32.                     
 70.000   62.96   27.88  -.6340  -10.28   20.45   66.61   28.49    0.01     23.                     
1    T A B L E  I -  3.  W I N D  S T A T I S T I C A L  P A R A M E T E R S                        
                                   MARCH                                                            
 STATION =   724020     WALLOP ISLAND, MD                                                           
    Z    MEAN U   SD  U  R(U,V)  MEAN V   SD  V MEAN WS  SD  WS SKEW WS    NOBS                     
    KM     M/S     M/S             M/S     M/S     M/S     M/S                                      
  0.003    0.83    4.07  -.0779   -0.77    4.41    5.19    3.22    1.05    512.                     
  1.000    6.52    7.58  0.0957   -1.31    8.92   11.82    6.45    0.77    510.                     
  2.000   10.33    6.31  0.0995   -0.58    8.97   13.87    5.90    0.41    513.                     
  3.000   14.06    7.31  0.0878   -0.42    9.77   17.38    6.68    0.07    512.                     
  4.000   17.85    8.80  0.0946   -0.49   10.69   21.09    8.12    0.00    515.                     
  5.000   21.15   10.47  0.1162   -0.60   12.11   24.64    9.83    0.29    516.                     
  6.000   24.24   12.29  0.1490   -0.79   13.58   28.02   11.75    0.56    517.                     
  7.000   26.73   13.62  0.1505   -1.52   14.61   30.79   12.95    0.55    505.                     
  8.000   29.27   14.85  0.1384   -1.65   16.11   33.78   14.07    0.50    495.                     
  9.000   32.42   15.91  0.1407   -2.03   17.13   37.05   15.11    0.53    488.                     
 10.000   34.35   15.96  0.0848   -2.74   17.55   38.99   15.16    0.51    468.                     
 11.000   35.67   15.67  0.1010   -3.13   17.34   40.06   14.93    0.62    452.                     
 12.000   35.83   15.24  0.1088   -3.68   15.72   39.55   14.55    0.80    442.                     
 13.000   32.98   12.94  0.1087   -3.39   12.78   35.70   12.45    0.61    429.                     
 14.000   30.10   10.82  0.1157   -2.28   10.40   32.06   10.42    0.53    427.                     
 15.000   27.15    9.38  0.1399   -1.85    9.03   28.75    9.13    0.52    426.                     
 16.000   23.75    8.14  0.1208   -1.63    7.61   25.06    7.92    0.33    425.                     
 17.000   20.13    7.63  0.1238   -1.39    6.37   21.22    7.44    0.55    420.                     
 18.000   16.16    7.68  0.0393   -1.35    5.35   17.17    7.48    1.04    419.                     
 19.000   12.52    6.65  0.0153   -1.25    4.59   13.49    6.44    0.94    419.                     
 20.000    9.62    5.63  0.0190   -1.13    4.02   10.61    5.40    0.77    416.                     
 21.000    7.75    5.81  0.0124   -1.07    3.58    8.89    5.37    1.26    416.                     
 22.000    6.54    6.73  0.0131   -1.23    3.61    8.42    5.63    1.70    412.                     
 23.000    5.85    6.79  0.0330   -1.21    3.25    7.76    5.66    1.94    407.                     
 24.000    5.41    7.73  0.0914   -1.05    3.49    8.06    6.10    1.91    404.                     
 25.000    5.37    8.45  0.1727   -0.78    3.52    8.57    6.29    1.65    393.                     
 26.000    5.82    9.06  0.2968   -0.48    3.60    9.22    6.63    1.72    373.                     
 27.000    6.65    9.96  0.3735   -0.20    3.75   10.39    7.03    1.54    319.                     
 28.000    7.46   11.01  0.3656   -0.33    4.00   11.65    7.55    1.21    315.                     
 29.000    8.72   12.26  0.4610   -0.19    4.27   13.36    8.11    0.91    228.                     
 30.000   10.79   13.82  0.4999   -0.03    4.85   15.66    9.22    1.04    220.                     
 32.000   17.55   15.99  0.5552    1.44    5.82   20.74   12.99    0.62    135.                     
 34.000   23.53   18.92  0.5077    1.18    6.26   26.43   15.88    0.48    134.                     
 36.000   28.19   21.60  0.2693    0.60    6.65   31.01   18.53    0.38    134.                     
 38.000   31.34   23.25  0.0687    1.07    8.03   34.22   20.38    0.37    134.                     
 40.000   35.41   24.34  0.1865    3.45    9.61   38.25   22.04    0.20    134.                     
 42.000   38.28   24.59  0.2356    5.62   11.03   41.32   22.68   -0.01    134.                     
 44.000   40.43   24.30  0.2623    7.34   11.76   43.25   23.35   -0.10    134.                     
 46.000   40.64   23.92  0.2088    8.55   12.92   44.23   22.49   -0.13    131.                     
 48.000   40.44   23.70  0.1462   10.01   12.46   44.37   21.95   -0.24    129.                     
 50.000   40.58   23.66  0.1323   10.62   11.08   44.36   21.73   -0.23    125.                     
 52.000   39.82   22.57  0.0481   10.82   13.16   44.40   20.29   -0.24    123.                     
 54.000   37.94   21.35  0.1048   12.18   14.56   43.13   19.82    0.01    119.                     
 56.000   38.67   22.63  0.1482   13.30   14.51   44.33   20.67   -0.05    106.                     
 58.000   37.72   23.63  0.1717   11.19   12.03   43.05   19.85    0.21     92.                     
 60.000   37.41   26.46  0.3007    9.09   11.02   42.79   21.64    0.51     76.                     
 62.000   33.82   26.65  0.4202    7.02   10.42   39.36   21.36    0.17     53.                     
 64.000   29.29   27.95  0.4167    3.64   12.51   36.42   21.76    0.59     48.                     
 66.000   26.24   29.46  0.1908    3.66   14.94   35.40   22.95    0.51     43.                     
 68.000   22.44   31.26  0.0187   -0.65   14.40   33.00   24.12    0.90     33.                     
 70.000   17.96   34.65  -.0435   -2.03   17.41   34.09   25.11    1.11     23.                     
1    T A B L E  I -  4.  W I N D  S T A T I S T I C A L  P A R A M E T E R S                        
                                   APRIL                                                            
 STATION =   724020     WALLOP ISLAND, MD                                                           
    Z    MEAN U   SD  U  R(U,V)  MEAN V   SD  V MEAN WS  SD  WS SKEW WS    NOBS                     
    KM     M/S     M/S             M/S     M/S     M/S     M/S                                      
  0.003    0.65    3.78  -.0136   -0.52    4.08    4.82    2.89    1.08    510.                     
  1.000    5.84    7.02  0.2329   -1.90    7.43   10.39    5.84    0.92    512.                     
  2.000    9.01    6.56  0.1348   -2.03    7.78   12.45    5.81    0.71    515.                     
  3.000   12.17    7.24  0.1323   -1.94    8.87   15.44    6.66    0.43    515.                     
  4.000   15.14    8.36  0.1686   -2.23    9.74   18.40    7.77    0.42    515.                     
  5.000   17.98    9.81  0.1717   -2.84   10.83   21.43    9.24    0.39    514.                     
  6.000   20.74   11.35  0.1578   -3.33   12.36   24.59   10.85    0.48    513.                     
  7.000   23.26   12.87  0.1454   -3.71   14.29   27.69   12.54    0.57    512.                     
  8.000   25.69   13.98  0.1255   -4.07   15.93   30.72   13.47    0.42    506.                     
  9.000   28.16   15.31  0.1450   -4.40   17.37   33.63   14.71    0.45    500.                     
 10.000   29.96   15.73  0.1448   -5.26   17.78   35.63   14.79    0.34    486.                     
 11.000   30.46   14.98  0.1295   -6.52   17.64   36.15   14.08    0.33    471.                     
 12.000   30.14   14.02  0.1134   -7.09   16.48   35.28   13.47    0.57    465.                     
 13.000   27.73   11.89  0.1514   -6.15   13.63   31.65   11.48    0.72    462.                     
 14.000   24.80    9.85  0.2132   -4.35   10.92   27.59    9.42    0.76    460.                     
 15.000   21.83    8.70  0.2301   -3.27    9.18   24.01    8.41    0.54    458.                     
 16.000   18.64    7.63  0.2254   -3.19    7.71   20.52    7.34    0.45    455.                     
 17.000   14.89    6.92  0.2246   -2.73    6.49   16.58    6.64    0.50    450.                     
 18.000   11.08    6.23  0.1999   -2.39    5.57   12.81    5.85    0.46    450.                     
 19.000    7.89    5.73  0.2003   -2.00    4.74    9.72    5.19    0.87    453.                     
 20.000    5.43    5.37  0.2426   -1.65    3.88    7.48    4.49    1.10    440.                     
 21.000    3.47    5.02  0.2713   -1.36    3.34    5.99    3.79    1.26    430.                     
 22.000    2.27    5.11  0.2362   -1.13    3.13    5.46    3.52    1.27    428.                     
 23.000    1.87    5.25  0.3469   -0.92    2.87    5.29    3.47    0.98    414.                     
 24.000    1.68    5.92  0.3944   -0.68    3.15    5.82    3.78    1.00    410.                     
 25.000    1.73    6.30  0.3260   -0.48    3.16    6.11    3.93    1.11    404.                     
 26.000    2.54    6.40  0.3517   -0.42    3.33    6.42    4.16    1.00    382.                     
 27.000    3.85    6.89  0.3806   -0.22    3.58    7.26    4.72    1.11    328.                     
 28.000    5.35    7.40  0.3549    0.04    3.74    8.17    5.53    0.92    325.                     
 29.000    6.89    7.61  0.3128    0.26    4.03    9.17    6.12    0.79    223.                     
 30.000    8.72    8.00  0.2731    0.37    4.46   10.50    7.05    0.71    213.                     
 32.000   12.13    8.10  0.2427    1.51    4.61   13.21    7.84    0.73    132.                     
 34.000   14.82   10.47  0.1537    1.12    4.62   16.06    9.67    0.67    132.                     
 36.000   16.39   13.07  -.0791    0.47    5.25   18.11   11.78    0.94    131.                     
 38.000   16.46   14.40  0.0016    1.00    5.91   18.69   12.82    1.20    131.                     
 40.000   15.82   14.73  0.1482    2.18    6.57   18.39   13.28    1.16    132.                     
 42.000   16.12   15.54  0.2129    2.77    7.05   19.02   14.01    1.07    132.                     
 44.000   14.31   16.21  0.2969    3.83    8.13   18.67   14.09    0.90    132.                     
 46.000   13.83   16.63  0.2566    4.01    7.14   18.42   13.96    0.95    132.                     
 48.000   12.22   16.90  0.1380    4.35    7.36   18.39   12.98    0.88    132.                     
 50.000   10.15   16.62  0.3243    4.65    6.26   16.80   12.52    1.02    131.                     
 52.000    7.06   15.74  0.1654    6.67    7.59   16.52   11.21    1.19    128.                     
 54.000    5.16   14.65  0.2768    8.23    7.47   15.88   10.53    0.98    121.                     
 56.000    3.85   14.82  0.3223    9.25    8.05   16.39   10.71    1.11    110.                     
 58.000    4.93   15.07  0.4462    7.88    9.15   16.60   10.93    1.40     99.                     
 60.000    3.17   16.92  0.3880    7.11    8.97   16.57   12.24    1.51     72.                     
 62.000   -0.29   15.47  0.4081    7.52    8.40   16.20   10.00    1.32     51.                     
 64.000    0.62   16.25  0.1312    5.79    8.59   16.33    9.95    1.24     39.                     
 66.000   -4.37   13.28  -.4252    2.68   11.36   15.13    9.79    0.66     31.                     
 68.000   -9.39   14.28  -.4415    2.54   10.77   18.00    9.02    0.33     26.                     
 70.000  -11.31   14.04  -.2173    0.97   13.51   18.79   11.96    0.43     19.                     
1    T A B L E  I -  5.  W I N D  S T A T I S T I C A L  P A R A M E T E R S                        
                                   MAY                                                              
 STATION =   724020     WALLOP ISLAND, MD                                                           
    Z    MEAN U   SD  U  R(U,V)  MEAN V   SD  V MEAN WS  SD  WS SKEW WS    NOBS                     
    KM     M/S     M/S             M/S     M/S     M/S     M/S                                      
  0.003   -0.02    3.28  0.1541   -0.11    3.85    4.37    2.54    0.76    539.                     
  1.000    3.59    6.53  0.2335   -0.87    6.67    8.68    5.03    0.77    529.                     
  2.000    6.46    6.51  0.1449   -0.44    6.50   10.01    5.12    0.70    533.                     
  3.000    8.84    7.39  0.1664   -0.04    7.22   12.18    6.05    0.50    533.                     
  4.000   10.89    8.37  0.2249   -0.07    8.31   14.33    7.23    0.53    534.                     
  5.000   12.61    9.35  0.2086    0.20    9.34   16.22    8.40    0.69    534.                     
  6.000   14.22   10.10  0.2066    0.41   10.29   18.05    9.17    0.76    535.                     
  7.000   15.62   10.93  0.1860    0.58   11.78   19.97   10.17    0.72    535.                     
  8.000   17.12   12.19  0.1388    0.60   13.44   22.18   11.42    0.58    533.                     
  9.000   18.77   13.35  0.1287    0.79   14.82   24.44   12.37    0.45    528.                     
 10.000   20.41   14.07  0.1013    0.36   15.65   26.42   12.69    0.24    523.                     
 11.000   22.05   14.59  0.0863   -0.20   16.36   28.18   13.12    0.17    519.                     
 12.000   23.10   14.65  0.0783   -1.28   16.32   28.92   13.39    0.27    519.                     
 13.000   21.16   12.43  0.1239   -1.48   13.93   25.82   11.48    0.43    515.                     
 14.000   18.67   10.48  0.1875   -0.68   10.65   21.89    9.63    0.49    510.                     
 15.000   15.97    8.64  0.2157   -0.92    8.54   18.53    7.74    0.26    510.                     
 16.000   13.01    7.65  0.2346   -1.10    7.04   15.32    6.61    0.42    508.                     
 17.000    9.96    6.63  0.2007   -1.31    5.87   12.12    5.67    0.55    504.                     
 18.000    6.73    5.72  0.1799   -1.54    5.04    9.11    4.78    0.78    500.                     
 19.000    3.61    4.84  0.1968   -1.17    4.03    6.39    3.64    1.01    497.                     
 20.000    1.55    4.30  0.2103   -0.81    3.30    4.95    2.81    1.00    494.                     
 21.000    0.04    4.06  0.1674   -0.53    2.72    4.23    2.50    1.01    481.                     
 22.000   -0.97    3.81  0.2018   -0.28    2.40    4.00    2.30    0.80    480.                     
 23.000   -1.56    3.59  0.1854   -0.27    2.11    3.86    2.22    0.93    464.                     
 24.000   -2.12    3.85  0.1211   -0.32    2.33    4.30    2.52    1.16    459.                     
 25.000   -2.26    4.07  0.1941   -0.40    2.16    4.36    2.73    1.47    448.                     
 26.000   -2.09    4.44  0.2248   -0.33    2.15    4.47    2.97    2.01    418.                     
 27.000   -1.58    5.19  0.1559   -0.19    2.57    4.98    3.34    2.06    360.                     
 28.000   -1.05    5.73  0.1615   -0.18    2.51    5.17    3.67    2.02    357.                     
 29.000   -0.71    6.55  0.1596    0.24    2.72    5.73    4.23    1.94    247.                     
 30.000   -0.18    6.77  0.1877    0.47    2.54    5.83    4.28    1.69    235.                     
 32.000    0.10    6.62  0.1303    1.48    2.40    6.26    3.52    1.20    164.                     
 34.000    0.19    7.11  0.0280    1.01    3.00    6.71    3.92    1.02    162.                     
 36.000   -1.09    7.69  0.0329    0.82    2.76    7.04    4.33    0.60    162.                     
 38.000   -3.34    7.02  -.0608    0.49    3.16    7.15    4.41    0.94    163.                     
 40.000   -5.45    7.13  0.0290    0.59    3.51    8.06    5.29    0.99    162.                     
 42.000   -7.96    7.21  0.0308    1.03    4.47   10.12    5.81    0.47    164.                     
 44.000  -10.20    7.98  0.0397    3.01    4.71   12.40    6.70    0.50    165.                     
 46.000  -11.93    9.06  0.1403    4.10    4.14   14.46    7.00    0.32    167.                     
 48.000  -13.52    8.09  0.0228    4.35    4.89   15.52    7.07    0.20    166.                     
 50.000  -15.56    8.05  0.1169    4.65    5.76   17.49    7.46    0.41    162.                     
 52.000  -17.26    8.85  -.0058    4.55    5.71   18.94    8.40    0.21    159.                     
 54.000  -19.35    8.33  0.1386    4.77    6.46   21.11    7.89    0.22    154.                     
 56.000  -22.08    9.88  0.0362    4.51    7.23   23.86    9.39    0.42    142.                     
 58.000  -24.35   10.36  -.1872    3.95    8.05   25.90   10.45    0.40    133.                     
 60.000  -24.86   10.83  -.0612    4.71    8.54   26.83   10.47    0.15    118.                     
 62.000  -27.44   10.74  0.0660    4.81    9.29   29.42   10.54   -0.17     91.                     
 64.000  -30.15   11.23  0.0030    4.26    8.34   31.81   10.50   -0.06     77.                     
 66.000  -33.32   12.34  -.2361    2.72    8.43   34.69   11.69   -0.43     67.                     
 68.000  -34.93   12.22  -.0800    0.72   11.21   36.78   11.87   -0.31     58.                     
 70.000  -35.36   15.70  -.1660   -0.30   11.37   37.71   14.17    0.26     45.                     
1    T A B L E  I -  6.  W I N D  S T A T I S T I C A L  P A R A M E T E R S                        
                                   JUNE                                                             
 STATION =   724020     WALLOP ISLAND, MD                                                           
    Z    MEAN U   SD  U  R(U,V)  MEAN V   SD  V MEAN WS  SD  WS SKEW WS    NOBS                     
    KM     M/S     M/S             M/S     M/S     M/S     M/S                                      
  0.003    0.17    2.76  0.1887    0.50    3.57    3.91    2.32    1.20    513.                     
  1.000    3.12    5.83  0.3169   -0.36    5.07    7.20    4.19    0.96    506.                     
  2.000    4.30    5.86  0.2334   -0.31    5.21    7.93    4.13    0.63    506.                     
  3.000    5.94    6.28  0.2377   -0.25    5.83    9.22    4.85    0.52    506.                     
  4.000    7.49    6.93  0.2463   -0.16    6.48   10.55    5.88    0.47    505.                     
  5.000    8.60    7.58  0.2344   -0.13    7.36   11.82    6.75    0.56    505.                     
  6.000    9.63    8.17  0.2453    0.08    7.93   12.92    7.44    0.67    505.                     
  7.000   10.56    8.92  0.2662    0.22    9.15   14.29    8.39    0.91    505.                     
  8.000   11.46   10.01  0.2600    0.41   10.36   15.78    9.48    0.94    503.                     
  9.000   12.64   11.41  0.2821    0.58   11.71   17.57   10.88    0.94    500.                     
 10.000   13.70   12.78  0.2879    0.43   13.22   19.44   12.14    0.92    498.                     
 11.000   14.58   13.67  0.2787   -0.05   14.32   21.04   12.71    0.78    494.                     
 12.000   15.35   14.06  0.2464   -1.21   14.55   22.02   12.69    0.58    493.                     
 13.000   14.85   13.13  0.2219   -2.24   13.56   21.17   11.55    0.49    489.                     
 14.000   13.02   10.74  0.1979   -2.42   10.32   17.68    9.18    0.43    488.                     
 15.000   10.53    8.35  0.2331   -2.17    8.42   14.36    7.06    0.51    486.                     
 16.000    7.51    6.58  0.2427   -2.22    6.70   10.94    5.46    0.69    485.                     
 17.000    4.27    5.36  0.2464   -1.99    5.09    7.70    4.17    0.98    484.                     
 18.000    1.17    4.43  0.2095   -1.57    4.09    5.49    3.17    0.88    483.                     
 19.000   -1.37    3.61  0.2043   -1.05    3.03    4.42    2.38    0.73    478.                     
 20.000   -3.30    3.04  0.1348   -0.81    2.34    4.59    2.28    0.51    474.                     
 21.000   -5.00    3.06  0.1081   -0.47    2.14    5.69    2.59    0.44    470.                     
 22.000   -6.11    2.91  0.0283   -0.27    1.89    6.52    2.64    0.38    469.                     
 23.000   -6.81    2.89  0.0517   -0.20    1.73    7.11    2.65    0.23    456.                     
 24.000   -7.27    3.07  0.0839   -0.16    1.87    7.63    2.76    0.02    455.                     
 25.000   -7.77    3.24  0.0965   -0.23    1.87    8.08    3.03    0.01    444.                     
 26.000   -8.34    3.34  0.0853   -0.26    1.78    8.58    3.19   -0.02    431.                     
 27.000   -8.94    3.73  0.0680   -0.20    1.94    9.22    3.56    0.21    399.                     
 28.000   -9.43    3.72  0.0601    0.00    1.68    9.63    3.57    0.07    383.                     
 29.000  -10.05    3.92  -.0148    0.22    2.19   10.35    3.76   -0.01    287.                     
 30.000  -10.38    3.87  0.0495    0.33    1.99   10.62    3.75   -0.20    251.                     
 32.000  -12.62    4.61  -.0345    0.64    2.68   13.03    4.29   -0.22    126.                     
 34.000  -15.04    4.65  0.0474    0.62    3.03   15.37    4.61   -0.58    125.                     
 36.000  -17.38    5.17  0.2089    0.87    3.33   17.77    4.97   -0.55    125.                     
 38.000  -20.12    6.26  0.1294    0.59    3.31   20.44    6.14   -0.38    124.                     
 40.000  -23.85    6.51  -.2767    1.04    3.93   24.20    6.46   -0.36    124.                     
 42.000  -27.18    5.97  -.1706    2.08    4.16   27.57    5.97   -0.05    125.                     
 44.000  -29.52    5.76  0.1690    3.29    4.46   30.06    5.67   -0.08    127.                     
 46.000  -31.68    7.21  0.2668    5.02    5.04   32.59    6.62   -0.03    127.                     
 48.000  -33.97    8.04  0.1009    5.01    4.81   34.70    7.92   -0.57    128.                     
 50.000  -35.61    7.51  -.1069    4.85    5.46   36.34    7.53   -0.19    127.                     
 52.000  -39.39    8.16  -.0887    4.76    6.24   40.17    8.11    0.13    125.                     
 54.000  -43.12    9.26  -.0889    5.10    7.00   43.97    9.31   -0.05    119.                     
 56.000  -46.26    9.57  -.0020    4.27    7.26   47.03    9.49    0.27    112.                     
 58.000  -50.06   12.84  -.0500    4.10    8.13   50.90   12.75    0.49    100.                     
 60.000  -54.29   13.34  -.0611    3.64    7.91   55.02   13.15    0.29     85.                     
 62.000  -56.39   13.44  0.0268    2.50    8.19   57.08   13.21    0.09     61.                     
 64.000  -58.19   14.92  -.0669    6.14   11.28   59.56   14.96    0.28     43.                     
 66.000  -61.30   15.77  -.2989    7.94   11.53   62.83   15.82    0.71     36.                     
 68.000  -59.98   15.17  -.3222    3.89   15.18   62.04   14.70    0.44     27.                     
 70.000  -54.57   17.35  -.2968    1.60   17.04   57.20   16.88    1.18     20.                     
1    T A B L E  I -  7.  W I N D  S T A T I S T I C A L  P A R A M E T E R S                        
                                   JULY                                                             
 STATION =   724020     WALLOP ISLAND, MD                                                           
    Z    MEAN U   SD  U  R(U,V)  MEAN V   SD  V MEAN WS  SD  WS SKEW WS    NOBS                     
    KM     M/S     M/S             M/S     M/S     M/S     M/S                                      
  0.003    0.23    2.34  0.1429    0.47    3.14    3.44    1.94    0.51    556.                     
  1.000    2.81    4.76  0.2767   -0.34    4.48    6.25    3.41    0.91    548.                     
  2.000    4.63    4.56  0.2313   -0.26    4.84    7.18    3.76    0.66    549.                     
  3.000    6.67    5.13  0.2654   -0.09    5.15    8.75    4.56    0.59    550.                     
  4.000    8.07    5.56  0.2404    0.25    5.61   10.03    5.19    0.58    552.                     
  5.000    8.82    5.82  0.2890    0.69    6.24   10.99    5.52    0.58    552.                     
  6.000    9.50    6.45  0.3055    0.89    6.95   12.03    6.00    0.53    553.                     
  7.000   10.22    7.22  0.2867    1.05    7.89   13.20    6.74    0.67    552.                     
  8.000   11.01    8.19  0.2961    1.02    9.11   14.62    7.64    0.63    552.                     
  9.000   11.84    9.37  0.3212    0.87   10.71   16.39    8.64    0.63    550.                     
 10.000   12.69   10.62  0.3666    0.59   12.50   18.28    9.80    0.64    549.                     
 11.000   13.46   11.84  0.3791   -0.05   13.84   20.11   10.39    0.55    545.                     
 12.000   14.04   12.38  0.3861   -1.31   14.20   21.10   10.39    0.46    545.                     
 13.000   13.69   11.76  0.3677   -2.19   13.45   20.38    9.78    0.46    540.                     
 14.000   11.20    9.97  0.3645   -2.29   10.91   16.93    7.88    0.43    540.                     
 15.000    8.30    8.23  0.3456   -1.64    8.40   13.13    6.10    0.37    538.                     
 16.000    5.49    6.35  0.3344   -1.49    6.02    9.49    4.33    0.44    536.                     
 17.000    2.21    4.80  0.2870   -1.58    4.31    6.27    3.10    0.74    529.                     
 18.000   -1.17    3.68  0.2369   -1.16    3.42    4.63    2.54    0.68    528.                     
 19.000   -3.84    3.21  0.1787   -0.67    2.59    5.04    2.60    0.68    519.                     
 20.000   -5.83    2.83  0.2183   -0.42    2.16    6.36    2.53    0.40    514.                     
 21.000   -7.62    2.92  0.2693   -0.13    2.06    7.98    2.67    0.17    513.                     
 22.000   -8.98    2.75  0.2474    0.02    1.74    9.18    2.64    0.13    500.                     
 23.000  -10.18    2.65  0.2273   -0.01    1.66   10.32    2.60    0.07    485.                     
 24.000  -11.25    2.75  0.1018   -0.07    1.67   11.38    2.72    0.05    485.                     
 25.000  -12.15    2.64  0.0277   -0.20    1.61   12.26    2.62   -0.06    477.                     
 26.000  -13.00    2.67  -.0335   -0.30    1.59   13.10    2.66    0.15    443.                     
 27.000  -13.81    2.97  -.0012   -0.36    1.91   13.94    2.97    0.23    437.                     
 28.000  -14.78    2.86  -.0371   -0.13    1.66   14.87    2.87    0.13    386.                     
 29.000  -15.65    3.26  -.0849    0.05    2.15   15.79    3.26   -0.07    336.                     
 30.000  -16.66    3.06  -.1483    0.21    1.66   16.74    3.03   -0.11    230.                     
 32.000  -19.78    3.11  0.0288    1.13    2.25   19.94    3.07   -0.77    119.                     
 34.000  -21.65    3.34  0.0163    1.17    2.48   21.82    3.33   -0.20    118.                     
 36.000  -24.45    3.71  0.0853    0.42    2.88   24.63    3.68   -0.20    119.                     
 38.000  -27.80    4.21  0.2056    0.09    3.62   28.03    4.19    0.14    119.                     
 40.000  -30.97    4.76  0.2650    0.80    3.58   31.19    4.68   -0.03    120.                     
 42.000  -34.83    5.35  0.0447    1.49    3.97   35.09    5.29    0.01    120.                     
 44.000  -38.99    4.88  -.0104    3.03    4.67   39.40    4.74   -0.14    120.                     
 46.000  -41.71    5.92  0.0973    5.17    4.74   42.32    5.76    0.02    120.                     
 48.000  -43.33    7.45  -.2197    6.26    5.25   44.07    7.53   -0.05    121.                     
 50.000  -45.57    7.88  -.1171    6.28    6.05   46.38    7.96   -0.08    121.                     
 52.000  -48.74    7.46  -.2025    5.12    6.65   49.45    7.45   -0.13    117.                     
 54.000  -51.97    8.25  -.0695    4.18    7.30   52.64    8.28   -0.24    113.                     
 56.000  -55.01    9.34  -.1328    4.57    7.31   55.67    9.37    0.37    107.                     
 58.000  -58.07    9.95  -.0697    2.60    9.05   58.84    9.84    0.05    100.                     
 60.000  -61.73   11.80  0.1024    1.32   11.59   62.85   11.63   -0.03     84.                     
 62.000  -66.68   15.98  0.0640    2.45   14.69   68.40   15.52   -0.45     60.                     
 64.000  -70.65   19.46  0.2995    6.77   14.99   72.78   18.39   -0.15     51.                     
 66.000  -70.13   22.60  0.2676    8.25   15.23   72.60   21.26   -0.05     45.                     
 68.000  -64.95   24.78  0.1805    6.96   14.29   67.26   23.55    0.06     38.                     
 70.000  -56.19   19.99  -.0679    3.35   15.69   58.67   19.00    0.01     24.                     
1    T A B L E  I -  8.  W I N D  S T A T I S T I C A L  P A R A M E T E R S                        
                                   AUGUST                                                           
 STATION =   724020     WALLOP ISLAND, MD                                                           
    Z    MEAN U   SD  U  R(U,V)  MEAN V   SD  V MEAN WS  SD  WS SKEW WS    NOBS                     
    KM     M/S     M/S             M/S     M/S     M/S     M/S                                      
  0.003    0.27    2.37  0.1481    0.27    3.23    3.33    2.26    1.54    574.                     
  1.000    2.58    4.97  0.4184   -0.52    4.55    6.30    3.55    0.82    562.                     
  2.000    4.61    5.15  0.3132    0.04    4.64    7.29    4.00    0.68    564.                     
  3.000    6.43    5.63  0.3319    0.40    5.07    8.75    4.71    0.60    564.                     
  4.000    7.74    5.81  0.3064    0.46    5.70   10.08    4.98    0.57    566.                     
  5.000    8.45    6.02  0.2900    0.84    6.09   10.83    5.30    0.55    565.                     
  6.000    8.90    6.31  0.2832    1.35    6.47   11.47    5.57    0.63    562.                     
  7.000    9.73    7.05  0.3335    1.63    7.31   12.72    6.19    0.66    549.                     
  8.000   10.71    7.68  0.3498    2.00    8.49   14.17    6.98    0.55    545.                     
  9.000   11.76    8.59  0.3775    2.28   10.23   15.91    8.28    0.57    546.                     
 10.000   12.70    9.68  0.3698    2.22   12.18   17.75    9.64    0.63    544.                     
 11.000   13.75   10.62  0.3334    2.00   13.60   19.43   10.62    0.61    540.                     
 12.000   14.73   10.99  0.3815    1.24   13.49   20.32   10.39    0.45    539.                     
 13.000   14.47   10.59  0.3829    0.31   12.29   19.61    9.38    0.33    532.                     
 14.000   12.31    8.85  0.3387   -0.14    9.87   16.41    7.60    0.35    533.                     
 15.000    9.90    7.26  0.3176   -0.11    7.47   12.96    6.19    0.42    528.                     
 16.000    7.03    5.83  0.3205   -0.19    5.54    9.41    5.04    0.63    523.                     
 17.000    3.85    5.00  0.2685   -0.51    4.32    6.60    3.90    0.99    520.                     
 18.000    0.54    3.93  0.1079   -0.52    3.37    4.59    2.50    0.99    521.                     
 19.000   -2.04    3.39  0.1333   -0.39    2.53    4.25    2.04    0.62    521.                     
 20.000   -4.14    3.14  0.0739   -0.24    2.14    5.15    2.26    0.37    517.                     
 21.000   -5.91    2.97  0.0501   -0.28    2.06    6.44    2.57    0.26    514.                     
 22.000   -7.23    2.77  0.2255   -0.17    1.71    7.50    2.61   -0.23    506.                     
 23.000   -8.39    2.84  0.2443   -0.09    1.61    8.58    2.73   -0.26    496.                     
 24.000   -9.47    2.98  0.1010    0.02    1.73    9.65    2.89   -0.17    493.                     
 25.000  -10.35    2.91  0.0438    0.02    1.68   10.50    2.86   -0.15    484.                     
 26.000  -11.08    2.91  0.0525   -0.05    1.71   11.22    2.88   -0.15    453.                     
 27.000  -11.94    3.18  0.0098   -0.26    2.04   12.13    3.13   -0.05    441.                     
 28.000  -12.73    3.13  -.0071   -0.16    1.72   12.85    3.10   -0.25    401.                     
 29.000  -13.58    3.60  -.0153   -0.10    2.10   13.75    3.57   -0.22    342.                     
 30.000  -13.94    3.66  -.0494    0.00    1.69   14.04    3.64   -0.09    254.                     
 32.000  -16.83    3.89  0.0037    1.48    2.27   17.05    3.87    0.19    138.                     
 34.000  -18.21    4.64  0.0805    0.80    2.63   18.43    4.61    0.24    134.                     
 36.000  -19.44    5.44  0.0121    0.84    3.26   19.73    5.42    0.23    132.                     
 38.000  -21.48    5.32  -.0117    0.93    3.59   21.81    5.25   -0.16    134.                     
 40.000  -24.52    5.99  0.0143    1.10    3.62   24.84    5.85   -0.47    135.                     
 42.000  -27.52    7.12  0.0093    0.84    4.18   27.89    6.95    0.11    138.                     
 44.000  -30.74    8.01  -.1400    2.96    5.00   31.29    8.00    0.11    139.                     
 46.000  -32.84    9.29  0.0123    5.79    5.32   33.85    8.98    0.31    138.                     
 48.000  -33.47    9.43  0.0351    7.51    5.44   34.82    9.06    0.32    136.                     
 50.000  -33.01   10.38  -.1281    7.68    5.95   34.45   10.25    0.06    134.                     
 52.000  -34.53   11.15  -.1781    5.77    6.90   35.69   11.11    0.25    130.                     
 54.000  -36.22   11.69  -.1206    5.24    7.96   37.45   11.69    0.21    127.                     
 56.000  -36.69   14.92  -.1012    2.65   10.26   38.60   13.79   -0.15    112.                     
 58.000  -39.60   17.22  0.1400    3.53   10.94   41.61   16.26   -0.05     94.                     
 60.000  -39.46   19.30  -.0227    4.91   12.11   42.24   17.70    0.05     70.                     
 62.000  -36.63   19.21  -.1396    4.75   13.55   39.53   18.73    0.21     62.                     
 64.000  -35.90   20.33  -.2311    2.54   12.94   38.68   19.39    0.59     56.                     
 66.000  -30.90   19.08  -.1119    1.66   16.33   36.29   16.24    1.76     48.                     
 68.000  -23.85   20.62  -.0345    1.47   11.88   28.31   18.17    1.89     42.                     
 70.000  -13.40   21.66  -.3491   -3.95   15.29   23.44   18.30    1.25     27.                     
1    T A B L E  I -  9.  W I N D  S T A T I S T I C A L  P A R A M E T E R S                        
                                   SEPTEMBER                                                        
 STATION =   724020     WALLOP ISLAND, MD                                                           
    Z    MEAN U   SD  U  R(U,V)  MEAN V   SD  V MEAN WS  SD  WS SKEW WS    NOBS                     
    KM     M/S     M/S             M/S     M/S     M/S     M/S                                      
  0.003   -0.19    2.98  0.0897   -0.75    3.56    3.96    2.54    1.20    529.                     
  1.000    1.53    6.21  0.2654   -0.93    5.92    7.42    4.64    1.24    526.                     
  2.000    3.97    6.28  0.1833   -0.36    5.71    8.07    4.75    0.97    528.                     
  3.000    5.87    6.92  0.2393    0.07    5.96    9.43    5.37    0.81    527.                     
  4.000    7.54    7.50  0.2723    0.39    6.65   10.91    6.20    0.92    528.                     
  5.000    9.02    8.00  0.2826    0.69    7.02   12.20    6.79    1.10    528.                     
  6.000   10.36    8.57  0.2920    0.90    7.46   13.52    7.38    1.08    528.                     
  7.000   11.74    9.10  0.3334    1.15    8.60   15.15    8.13    0.98    528.                     
  8.000   13.09    9.72  0.3482    1.42    9.81   16.88    8.89    0.87    523.                     
  9.000   14.53   10.66  0.3346    1.90   11.07   18.84    9.78    0.75    520.                     
 10.000   16.02   11.53  0.2921    2.05   12.14   20.99   10.00    0.44    516.                     
 11.000   17.54   12.41  0.2461    1.69   13.44   23.10   10.54    0.24    513.                     
 12.000   18.78   12.84  0.2451    0.79   13.53   24.01   11.15    0.26    513.                     
 13.000   18.72   12.15  0.2778   -0.09   12.55   23.25   10.69    0.16    511.                     
 14.000   16.42   10.51  0.3244   -0.26   10.42   20.16    9.05    0.22    513.                     
 15.000   14.03    9.03  0.3547   -0.43    8.20   16.82    7.91    0.40    509.                     
 16.000   11.12    7.38  0.3597   -0.33    6.31   13.28    6.45    0.41    509.                     
 17.000    7.89    5.96  0.3271   -0.42    5.01    9.80    5.18    0.68    507.                     
 18.000    4.70    5.08  0.3331   -0.44    4.11    6.91    4.13    1.11    508.                     
 19.000    2.48    4.44  0.4261   -0.23    3.23    5.03    3.31    1.30    502.                     
 20.000    0.89    3.97  0.4076   -0.21    2.68    4.16    2.54    1.38    495.                     
 21.000   -0.46    3.78  0.3541   -0.09    2.53    3.98    2.24    1.03    488.                     
 22.000   -1.47    3.70  0.2465   -0.15    2.20    4.02    2.14    0.81    487.                     
 23.000   -2.16    3.78  0.2171   -0.11    2.06    4.20    2.36    1.07    471.                     
 24.000   -2.76    3.99  0.1831   -0.08    2.12    4.59    2.64    1.32    469.                     
 25.000   -3.17    4.24  0.2334   -0.20    1.94    4.87    2.85    1.70    452.                     
 26.000   -3.59    4.36  0.2072   -0.20    1.83    5.14    2.97    0.97    411.                     
 27.000   -3.84    4.52  0.2130   -0.08    2.03    5.41    3.15    0.48    369.                     
 28.000   -3.89    4.42  0.1496   -0.02    1.78    5.32    3.09    0.55    356.                     
 29.000   -3.80    4.55  0.1054    0.02    2.29    5.53    3.12    0.58    260.                     
 30.000   -3.63    4.60  0.1616    0.11    2.10    5.41    3.06    0.61    238.                     
 32.000   -5.01    4.97  0.0676    1.38    2.82    6.85    3.54    0.41    119.                     
 34.000   -4.42    5.17  -.0676    1.26    2.80    6.56    3.53    0.49    117.                     
 36.000   -5.10    5.46  0.0622    0.68    2.97    7.05    3.89    0.48    117.                     
 38.000   -6.16    6.14  0.0570    0.02    3.65    8.25    4.53    0.54    117.                     
 40.000   -7.41    7.36  -.0124    1.06    3.66    9.79    5.25    0.54    117.                     
 42.000   -8.61    7.62  -.0878    1.86    4.34   10.95    5.85    0.44    116.                     
 44.000   -8.83    9.02  0.0292    3.12    4.98   12.21    6.64    0.48    117.                     
 46.000   -7.78    9.96  -.1524    4.61    5.24   12.45    7.26    0.98    119.                     
 48.000   -5.55   10.73  -.0589    4.91    5.35   12.28    6.86    0.90    119.                     
 50.000   -5.04   11.03  -.1977    4.88    6.20   12.43    7.35    0.99    119.                     
 52.000   -4.21   11.27  -.1824    5.65    7.45   13.47    7.04    1.18    113.                     
 54.000   -2.75   12.23  -.0823    6.98    7.37   14.11    7.72    1.24    106.                     
 56.000   -0.02   12.32  -.0077    5.45    8.38   13.47    8.28    1.15     91.                     
 58.000    1.02   14.28  0.0580    4.40    8.03   15.32    7.15    0.39     74.                     
 60.000    3.86   16.93  0.2952    2.43    8.03   17.07    8.72    0.32     60.                     
 62.000    3.70   18.83  0.1962    0.00    7.58   18.76    8.18    1.08     49.                     
 64.000    7.53   18.61  -.1857    0.46   10.19   20.00    9.94   -0.05     42.                     
 66.000   10.06   19.47  -.2537    0.01   10.39   21.83   10.12    0.08     41.                     
 68.000   12.76   19.38  -.3744   -1.80   10.04   22.86   10.47    0.07     36.                     
 70.000   14.04   19.80  -.5767   -5.51    9.37   20.84   16.26    0.97     25.                     
1    T A B L E  I - 10.  W I N D  S T A T I S T I C A L  P A R A M E T E R S                        
                                   OCTOBER                                                          
 STATION =   724020     WALLOP ISLAND, MD                                                           
    Z    MEAN U   SD  U  R(U,V)  MEAN V   SD  V MEAN WS  SD  WS SKEW WS    NOBS                     
    KM     M/S     M/S             M/S     M/S     M/S     M/S                                      
  0.003    0.34    3.15  0.0559   -1.10    3.72    4.27    2.61    0.96    558.                     
  1.000    2.69    6.54  0.1126   -0.81    6.81    8.55    4.89    0.96    553.                     
  2.000    5.76    6.69  0.0746    0.24    6.65    9.67    5.35    0.73    552.                     
  3.000    8.29    8.12  0.1140    0.86    7.48   12.00    6.89    0.54    551.                     
  4.000   10.66    9.44  0.1606    1.41    8.63   14.45    8.37    0.56    552.                     
  5.000   12.60   10.41  0.2034    2.05   10.01   16.65    9.71    0.65    552.                     
  6.000   14.81   11.33  0.2348    2.45   11.32   18.99   10.99    0.70    552.                     
  7.000   16.56   12.12  0.2309    2.60   12.71   21.12   11.97    0.67    546.                     
  8.000   18.28   13.00  0.2160    2.62   13.68   23.19   12.60    0.52    539.                     
  9.000   19.96   13.93  0.2518    3.29   14.88   25.33   13.51    0.53    534.                     
 10.000   21.79   14.76  0.2459    3.69   15.68   27.52   13.95    0.34    527.                     
 11.000   23.64   15.27  0.2525    3.76   16.14   29.40   14.20    0.20    524.                     
 12.000   24.85   15.45  0.2340    3.29   15.80   30.19   14.32    0.22    523.                     
 13.000   24.45   14.11  0.2668    2.52   13.87   28.77   12.94    0.16    513.                     
 14.000   22.18   12.06  0.2921    2.28   11.16   25.34   11.19    0.19    509.                     
 15.000   19.17    9.89  0.2996    2.00    8.98   21.56    9.20    0.08    505.                     
 16.000   16.04    8.37  0.2448    1.56    7.48   17.96    7.94    0.36    502.                     
 17.000   12.71    6.90  0.2207    1.19    6.07   14.28    6.60    0.51    496.                     
 18.000    9.59    5.97  0.2632    0.90    4.88   10.99    5.60    0.78    492.                     
 19.000    7.09    5.08  0.3041    0.55    3.69    8.36    4.48    0.98    492.                     
 20.000    5.42    4.67  0.3168    0.36    3.33    6.89    3.86    1.08    486.                     
 21.000    4.46    4.62  0.3479    0.05    3.15    6.15    3.66    1.13    477.                     
 22.000    3.92    4.84  0.3849   -0.10    2.99    5.84    3.69    1.29    478.                     
 23.000    3.71    4.81  0.3463   -0.25    2.73    5.62    3.58    0.98    468.                     
 24.000    3.54    5.41  0.2568   -0.38    2.92    5.99    3.80    1.02    467.                     
 25.000    3.67    5.73  0.2028   -0.37    2.87    6.28    3.90    1.00    460.                     
 26.000    4.13    6.33  0.2059   -0.28    2.99    6.85    4.36    1.21    429.                     
 27.000    4.76    7.08  0.2672   -0.17    3.32    7.65    5.02    1.32    376.                     
 28.000    5.82    7.72  0.3559    0.10    3.34    8.48    5.72    1.38    375.                     
 29.000    6.40    8.21  0.3379   -0.01    3.44    8.99    6.26    1.50    255.                     
 30.000    7.56    8.66  0.3055    0.24    3.30    9.92    6.68    1.20    242.                     
 32.000   12.74   12.49  0.2142    3.90    5.26   15.51   10.95    0.73    122.                     
 34.000   17.59   14.37  0.2508    4.14    6.00   19.48   13.76    0.58    121.                     
 36.000   21.10   16.17  0.1524    2.43    5.75   22.54   15.40    0.63    121.                     
 38.000   23.30   16.30  0.1397    2.66    5.67   24.69   15.41    0.72    121.                     
 40.000   26.41   17.66  0.2597    3.40    6.02   27.69   17.03    0.75    121.                     
 42.000   29.80   18.19  0.3011    5.77    7.16   31.76   17.15    0.38    123.                     
 44.000   35.20   18.74  0.3932    6.14    7.03   36.88   17.79    0.19    121.                     
 46.000   40.09   20.99  0.4510    7.72    7.41   41.65   20.66    0.01    121.                     
 48.000   43.47   22.05  0.3818    8.28    7.88   45.13   21.65    0.06    120.                     
 50.000   47.35   23.22  0.3424    8.15    8.88   48.93   23.05    0.08    122.                     
 52.000   50.83   23.95  0.3028    7.27    8.66   52.24   23.55    0.11    117.                     
 54.000   54.13   23.28  0.1201    6.96    9.19   55.40   23.13   -0.10    113.                     
 56.000   55.14   22.29  0.2080    7.23    9.57   56.45   22.23   -0.18    103.                     
 58.000   55.30   24.66  0.1521    6.19   10.32   56.88   23.97   -0.22     91.                     
 60.000   52.71   22.92  0.0877    6.87   11.07   54.56   22.23   -0.19     66.                     
 62.000   50.51   21.38  0.0167    8.31    9.87   52.20   21.16   -0.12     49.                     
 64.000   47.05   21.06  0.1142   10.84   12.87   49.91   21.10   -0.19     43.                     
 66.000   44.39   19.68  -.0006   10.51   12.74   47.42   19.42   -0.24     38.                     
 68.000   45.67   20.34  -.2493    7.48   15.35   49.38   18.55   -0.07     32.                     
 70.000   48.62   20.98  -.1009   -0.53   21.02   52.71   21.22    0.19     24.                     
1    T A B L E  I - 11.  W I N D  S T A T I S T I C A L  P A R A M E T E R S                        
                                   NOVEMBER                                                         
 STATION =   724020     WALLOP ISLAND, MD                                                           
    Z    MEAN U   SD  U  R(U,V)  MEAN V   SD  V MEAN WS  SD  WS SKEW WS    NOBS                     
    KM     M/S     M/S             M/S     M/S     M/S     M/S                                      
  0.003    1.31    3.25  -.0557   -0.75    3.60    4.36    2.61    0.89    528.                     
  1.000    5.72    6.83  0.1117   -1.00    7.70   10.31    5.75    0.89    527.                     
  2.000    8.90    6.79  0.0850    0.30    7.92   12.44    5.75    0.71    529.                     
  3.000   12.41    8.09  0.1013    1.12    9.22   15.85    7.37    0.46    528.                     
  4.000   15.77    9.60  0.1009    1.63   10.53   19.32    8.99    0.37    530.                     
  5.000   18.66   11.41  0.1131    1.68   12.16   22.62   10.82    0.55    529.                     
  6.000   21.37   12.97  0.1257    1.68   13.94   25.82   12.44    0.56    525.                     
  7.000   23.98   14.44  0.1435    1.59   15.37   28.83   13.81    0.47    520.                     
  8.000   26.20   15.37  0.1308    1.37   16.79   31.51   14.61    0.41    506.                     
  9.000   28.32   16.59  0.1343    1.06   17.79   33.90   15.66    0.42    492.                     
 10.000   30.44   17.07  0.1184    0.52   18.64   36.16   16.04    0.44    482.                     
 11.000   31.46   16.36  0.1136   -0.42   17.52   36.47   15.28    0.42    458.                     
 12.000   31.73   15.26  0.1337   -0.89   16.77   36.13   14.69    0.52    451.                     
 13.000   30.09   13.43  0.1642   -0.39   14.60   33.58   13.08    0.60    444.                     
 14.000   27.58   11.51  0.1905    0.20   12.22   30.27   11.20    0.49    438.                     
 15.000   24.45    9.85  0.1883    0.70   10.42   26.66    9.64    0.32    434.                     
 16.000   21.11    8.54  0.1449    0.77    8.88   22.97    8.39    0.30    432.                     
 17.000   17.60    7.71  0.0925    0.66    7.38   19.14    7.60    0.35    430.                     
 18.000   13.98    7.21  0.0769    0.59    5.97   15.38    6.83    0.40    431.                     
 19.000   11.29    6.79  0.1387    0.75    4.82   12.52    6.37    0.54    430.                     
 20.000    9.96    6.64  0.2549    0.71    4.09   11.08    6.13    0.76    430.                     
 21.000    9.14    6.85  0.3494    0.49    3.75   10.31    6.20    0.90    439.                     
 22.000    8.83    7.46  0.4000    0.34    3.95   10.26    6.62    1.03    433.                     
 23.000    9.34    8.08  0.5423    0.51    3.75   10.67    7.29    1.10    426.                     
 24.000    9.90    9.06  0.5539    0.58    4.20   11.52    8.09    1.16    415.                     
 25.000   10.90   10.34  0.5816    0.51    4.80   12.71    9.34    1.36    401.                     
 26.000   12.29   11.46  0.6004    0.58    5.02   14.26   10.21    1.27    382.                     
 27.000   13.68   12.22  0.5523    0.55    5.19   15.59   10.98    1.20    347.                     
 28.000   15.73   13.34  0.4828    0.74    5.66   17.70   12.02    1.04    345.                     
 29.000   18.97   14.76  0.5244    1.13    6.10   20.81   13.53    0.92    233.                     
 30.000   21.97   15.77  0.5581    1.40    6.51   23.54   14.87    0.75    226.                     
 32.000   27.97   17.26  0.5204    2.16    6.62   28.99   16.97    1.07    119.                     
 34.000   33.55   17.52  0.3593    1.79    6.84   34.39   17.31    0.78    119.                     
 36.000   40.17   18.12  0.3359    1.51    7.52   40.93   18.03    0.79    120.                     
 38.000   44.83   17.53  0.4220    1.95    7.82   45.60   17.39    0.56    121.                     
 40.000   50.19   16.90  0.5776    5.44    8.78   51.21   17.00    0.26    121.                     
 42.000   57.32   17.71  0.5561    8.53   10.36   58.76   18.06   -0.07    121.                     
 44.000   65.69   18.24  0.6417   12.08   11.03   67.45   19.13   -0.03    121.                     
 46.000   73.69   19.90  0.6227   12.99   12.93   75.63   21.01   -0.02    123.                     
 48.000   80.12   21.47  0.5653   13.23   12.93   81.98   22.40   -0.12    122.                     
 50.000   85.57   22.29  0.6080   14.07   11.86   87.29   23.19   -0.08    121.                     
 52.000   89.24   23.03  0.5737   14.23   12.57   91.04   23.77   -0.18    120.                     
 54.000   90.95   24.76  0.4899   14.07   13.19   92.84   25.22   -0.26    115.                     
 56.000   91.69   25.57  0.3622   13.24   13.45   93.55   25.76   -0.26    112.                     
 58.000   89.99   26.90  0.3509   11.88   13.74   91.70   27.22    0.19     93.                     
 60.000   83.83   26.35  0.1644    7.85   14.49   85.49   26.11    0.17     75.                     
 62.000   77.21   27.22  -.0272    4.78   18.07   79.41   27.19    0.35     51.                     
 64.000   69.82   22.71  -.0905    7.29   19.98   72.93   22.70    0.03     43.                     
 66.000   66.97   20.24  -.1624    8.94   21.09   70.89   19.52   -0.38     36.                     
 68.000   68.09   25.67  -.2417   12.00   21.79   73.15   23.33   -0.16     33.                     
 70.000   59.76   34.22  -.3273   16.41   24.91   67.96   31.30    0.19     24.                     
1    T A B L E  I - 12.  W I N D  S T A T I S T I C A L  P A R A M E T E R S                        
                                   DECEMBER                                                         
 STATION =   724020     WALLOP ISLAND, MD                                                           
    Z    MEAN U   SD  U  R(U,V)  MEAN V   SD  V MEAN WS  SD  WS SKEW WS    NOBS                     
    KM     M/S     M/S             M/S     M/S     M/S     M/S                                      
  0.003    1.55    3.46  -.1500   -1.05    4.05    4.79    2.99    1.08    518.                     
  1.000    7.21    7.29  0.0682   -0.68    9.22   12.06    6.71    0.71    510.                     
  2.000   11.50    6.33  0.0544    0.24    9.02   14.71    6.10    0.48    513.                     
  3.000   15.88    7.19  0.0609    0.97   10.08   18.91    6.96    0.23    513.                     
  4.000   20.00    8.55  0.0816    1.11   11.62   23.17    8.48    0.46    516.                     
  5.000   23.25   10.06  0.0793    1.36   13.19   26.76   10.08    0.61    513.                     
  6.000   26.73   11.78  0.0736    1.47   14.79   30.62   11.67    0.53    512.                     
  7.000   30.21   13.40  0.0555    1.70   16.77   34.64   13.27    0.44    507.                     
  8.000   33.16   14.50  0.0635    1.19   18.29   37.98   14.26    0.44    492.                     
  9.000   36.03   15.27  0.0554    0.52   19.02   40.87   14.90    0.39    472.                     
 10.000   38.59   15.84  0.0756    0.54   19.58   43.40   15.49    0.39    452.                     
 11.000   39.92   15.60  0.1033   -0.38   18.95   44.31   15.25    0.34    427.                     
 12.000   39.97   14.52  0.0406   -1.46   17.36   43.61   14.48    0.37    416.                     
 13.000   36.98   12.44  0.0497   -1.48   14.40   39.75   12.32    0.35    404.                     
 14.000   33.00   11.12  0.0847   -0.93   12.59   35.35   11.06    0.45    397.                     
 15.000   28.65    9.43  0.1365   -0.04   10.77   30.62    9.36    0.20    386.                     
 16.000   25.33    8.76  0.1782    0.13    9.03   26.93    8.62    0.20    382.                     
 17.000   21.72    8.23  0.1639    0.16    7.35   22.98    8.10    0.13    363.                     
 18.000   17.87    8.04  0.1695    0.30    6.31   19.00    7.92    0.33    365.                     
 19.000   14.19    7.28  0.2400    0.29    5.37   15.23    7.16    0.79    372.                     
 20.000   11.77    7.12  0.2807    0.06    4.64   12.82    6.79    1.02    378.                     
 21.000   10.22    7.13  0.3281   -0.02    4.35   11.40    6.64    0.93    373.                     
 22.000    9.71    7.80  0.4049    0.05    4.44   11.09    7.19    1.12    367.                     
 23.000    9.49    8.41  0.5183   -0.17    4.29   11.04    7.57    1.24    360.                     
 24.000    9.58    9.85  0.5424   -0.41    4.67   11.75    8.53    1.43    358.                     
 25.000    9.96   11.25  0.4867   -0.33    5.17   12.67    9.59    1.70    340.                     
 26.000   11.38   12.52  0.4942   -0.10    5.58   14.17   10.79    1.52    336.                     
 27.000   13.59   13.00  0.5076    0.19    6.20   16.19   11.39    1.08    302.                     
 28.000   15.54   14.63  0.4923    0.36    6.78   18.35   12.83    0.97    296.                     
 29.000   19.43   15.48  0.5574    0.97    7.29   21.76   14.04    0.79    208.                     
 30.000   23.09   16.44  0.5176    1.55    7.65   25.25   15.05    0.73    194.                     
 32.000   36.80   16.95  0.3753    6.61    8.71   38.68   16.23    0.05     82.                     
 34.000   46.56   18.46  0.3578    8.20   10.15   48.44   18.19    0.06     82.                     
 36.000   55.38   18.10  0.4482    6.89    9.81   56.68   18.02   -0.18     84.                     
 38.000   61.22   17.81  0.4237    6.36   10.51   62.40   17.89   -0.23     84.                     
 40.000   67.28   17.12  0.2901    8.30   12.32   68.76   17.64   -0.33     84.                     
 42.000   72.90   17.27  0.1470   11.60   13.63   74.92   17.86   -0.38     84.                     
 44.000   79.27   18.30  0.1324   14.31   14.92   81.80   18.79   -0.27     84.                     
 46.000   83.82   19.82  0.1454   16.67   15.56   86.89   19.63   -0.46     84.                     
 48.000   84.88   22.47  0.0928   17.95   16.65   88.46   21.88   -0.73     82.                     
 50.000   88.70   24.70  0.1553   18.13   15.54   92.12   23.63   -0.63     81.                     
 52.000   90.83   27.55  0.0497   16.12   16.58   94.18   25.84   -0.46     77.                     
 54.000   91.75   27.79  -.0661   15.05   17.17   95.01   26.07   -0.34     76.                     
 56.000   91.91   28.59  -.0641   12.12   18.34   94.93   27.03   -0.38     74.                     
 58.000   90.93   30.05  -.0422    9.74   19.43   93.77   29.03   -0.48     61.                     
 60.000   91.60   26.67  -.0588    9.73   20.98   94.83   25.18   -0.32     52.                     
 62.000   87.67   25.50  0.0252   16.03   20.42   91.64   24.50   -0.42     39.                     
 64.000   86.51   25.87  0.1109   15.72   21.61   90.86   24.43   -0.39     35.                     
 66.000   79.23   29.80  0.3469   14.36   20.65   83.13   29.52   -0.02     30.                     
 68.000   73.25   33.42  0.3546   10.48   22.61   77.16   33.62    0.34     25.                     
 70.000   74.71   32.94  0.3352    4.94   23.19   78.71   31.58    0.16     17.                     
