      91245      19.28N  166.65E
     T A B L E  I -   1.  W I N D  S T A T I S T I C A L  P A R A M E T E R S
                                   January
 STATION =   912450     WAKE ISLAND
    Z    MEAN U   SD  U  R(U,V)  MEAN V   SD  V MEAN WS  SD  WS SKEW WS    NOBS
    KM     M/S     M/S             M/S     M/S     M/S     M/S                 
  0.005   -3.85    3.80  0.2640   -1.60    3.53    6.01    2.84    0.42     730
  0.500   -4.25    4.78  0.1688   -1.15    3.64    6.91    3.17    0.42     733
  1.000   -3.63    5.26  0.0825   -0.73    3.52    6.84    3.19    0.57     733
  1.500   -2.70    5.86  0.0081   -0.30    3.69    6.65    3.38    0.68     733
  2.000   -1.17    6.07  0.0188   -0.43    3.43    6.73    3.13    0.65     733
  2.500    0.30    6.40  0.0305   -0.64    3.45    6.95    3.30    0.71     733
  3.000    1.79    6.87  0.0470   -0.88    3.66    7.20    3.91    0.73     733
  3.500    3.00    7.01  0.0857   -1.08    3.69    7.71    4.18    0.75     733
  4.000    4.03    7.02  0.0984   -1.20    3.75    8.37    4.26    0.77     733
  4.500    5.04    7.12  0.1000   -1.30    3.99    9.06    4.45    0.79     733
  5.000    6.02    7.27  0.1123   -1.32    4.36    9.73    4.75    0.79     733
  5.500    6.98    7.54  0.1166   -1.36    4.82   10.41    5.15    0.78     733
  6.000    7.91    7.86  0.0903   -1.44    5.29   11.18    5.54    0.74     733
  6.500    8.66    8.07  0.0529   -1.83    5.53   12.07    5.73    0.86     733
  7.000    9.44    8.30  0.0425   -2.25    6.08   12.93    6.11    0.82     733
  7.500   10.22    8.59  0.0335   -2.61    6.82   13.76    6.61    0.76     733
  8.000   10.86    8.60  0.0349   -2.91    6.81   14.35    6.68    0.73     733
  8.500   11.46    8.60  0.0486   -3.22    6.67   14.85    6.77    0.73     733
  9.000   12.05    8.68  0.0705   -3.48    6.71   15.32    7.01    0.73     733
  9.500   12.59    8.85  0.0887   -3.74    7.00   15.75    7.41    0.78     731
 10.000   13.07    8.85  0.0879   -3.92    7.01   16.12    7.55    0.80     731
 10.500   13.51    8.79  0.0874   -4.01    6.97   16.46    7.60    0.82     731
 11.000   13.92    8.88  0.0716   -4.10    7.30   16.78    7.88    0.80     731
 11.500   14.16    8.81  0.0551   -3.84    7.04   16.88    7.84    0.75     731
 12.000   14.35    8.80  0.0276   -3.54    7.11   16.96    7.92    0.70     731
 12.500   14.48    8.83  0.0055   -3.21    7.47   17.00    8.09    0.65     725
 13.000   14.33    8.68  0.0184   -2.84    7.11   16.78    7.86    0.61     724
 13.500   14.11    8.63  0.0338   -2.44    6.84   16.48    7.73    0.59     724
 14.000   13.87    8.66  0.0450   -2.00    6.71   16.12    7.70    0.59     724
 14.500   13.36    8.43  0.0488   -1.63    6.48   15.52    7.44    0.53     704
 15.000   12.23    8.03  0.0274   -1.28    5.95   14.45    6.95    0.58     701
 15.500   11.03    7.69 -0.0019   -0.96    5.57   13.31    6.52    0.63     699
 16.000    9.65    7.40 -0.0341   -0.64    5.33   12.03    6.10    0.70     693
 16.500    8.14    7.08 -0.0715   -0.37    5.15   10.60    5.73    0.82     691
 17.000    6.44    6.70 -0.0820   -0.03    4.65    9.24    5.05    0.90     615
 17.500    4.46    6.23 -0.0883    0.17    4.15    7.95    4.19    0.95     612
 18.000    2.55    5.71 -0.0892    0.20    3.54    6.74    3.42    0.92     611
 18.500    0.61    5.27 -0.1050    0.20    3.11    5.64    2.98    1.08     610
 19.000   -0.55    4.91 -0.1168    0.14    2.77    5.14    2.74    1.03     585
 19.500   -1.03    4.45 -0.1131    0.11    2.30    4.89    2.41    1.04     582
 20.000   -1.43    4.11 -0.0800    0.05    2.06    4.66    2.26    1.05     582
 20.500   -1.79    4.01 -0.0242   -0.01    2.10    4.48    2.36    0.93     580
 21.000   -2.20    3.91 -0.0248   -0.05    2.09    4.51    2.45    0.86     556
 21.500   -2.45    3.81 -0.0252   -0.02    1.98    4.72    2.42    0.84     552
 22.000   -2.62    3.80  0.0126    0.03    1.92    4.87    2.47    0.91     552
 22.500   -2.81    3.96  0.0386    0.09    1.91    5.05    2.59    0.92     551
 23.000   -3.00    4.21 -0.0023    0.16    2.05    5.25    2.75    0.88     548
 23.500   -3.15    4.49 -0.0417    0.19    2.31    5.41    2.96    0.93     545
 24.000   -3.40    4.86 -0.0504    0.27    2.64    5.67    3.26    0.95     517
 24.500   -3.32    4.89 -0.0275    0.27    2.56    5.87    3.15    0.94     504
 25.000   -3.16    5.20  0.0096    0.30    2.51    6.08    3.24    1.10     501
 25.500   -2.99    5.67  0.0311    0.30    2.64    6.32    3.49    1.21     500
 26.000   -2.81    6.15  0.0379    0.29    2.93    6.54    3.80    1.26     497
 26.500   -2.93    6.53  0.0750    0.40    3.34    6.79    4.14    1.20     463
 27.000   -2.56    6.92  0.1197    0.20    3.11    7.07    4.18    1.29     340
 27.500   -2.15    7.03  0.1601    0.25    2.94    7.25    4.09    1.37     329
 28.000   -1.97    7.12  0.1836    0.24    2.93    7.51    3.95    1.16     312
 28.500   -1.75    7.33  0.1633    0.29    2.94    7.77    3.92    1.11     298
 29.000   -1.52    7.42  0.1673    0.25    2.99    7.86    3.91    0.92     286
 29.500   -1.26    7.46  0.1749    0.03    3.02    7.87    3.87    0.84     270
 30.000   -1.15    7.71  0.2010    0.00    3.24    8.07    3.96    0.80     252
     T A B L E  I -   2.  W I N D  S T A T I S T I C A L  P A R A M E T E R S
                                  February
 STATION =   912450     WAKE ISLAND
    Z    MEAN U   SD  U  R(U,V)  MEAN V   SD  V MEAN WS  SD  WS SKEW WS    NOBS
    KM     M/S     M/S             M/S     M/S     M/S     M/S                 
  0.005   -3.54    3.27  0.3633   -2.01    3.96    5.95    2.74    0.59     638
  0.500   -3.60    4.14  0.2953   -1.51    3.83    6.43    2.93    0.62     639
  1.000   -2.66    4.44  0.1874   -0.85    3.52    5.98    2.79    0.75     639
  1.500   -1.60    4.79  0.0733   -0.21    3.46    5.45    2.91    0.81     639
  2.000    0.01    4.85  0.0642   -0.25    3.19    5.69    2.64    1.01     639
  2.500    1.66    5.05  0.0679   -0.40    3.19    6.08    2.87    0.92     639
  3.000    3.25    5.46  0.0693   -0.56    3.51    6.60    3.49    0.84     639
  3.500    4.63    5.61  0.0965   -0.82    3.70    7.50    3.81    0.74     640
  4.000    5.86    5.61  0.1135   -1.11    3.83    8.47    4.05    0.74     640
  4.500    7.05    5.68  0.1176   -1.36    4.20    9.46    4.39    0.63     640
  5.000    8.28    5.85  0.1120   -1.55    4.69   10.51    4.80    0.55     640
  5.500    9.45    6.04  0.1008   -1.79    5.29   11.54    5.24    0.50     640
  6.000   10.57    6.22  0.0929   -2.13    5.76   12.60    5.54    0.42     640
  6.500   11.57    6.14  0.0732   -2.40    5.75   13.58    5.58    0.36     640
  7.000   12.52    6.26  0.0477   -2.64    6.04   14.49    5.89    0.32     640
  7.500   13.46    6.58  0.0032   -2.91    6.71   15.43    6.47    0.34     640
  8.000   14.35    6.66 -0.0670   -3.07    6.70   16.26    6.73    0.35     640
  8.500   15.09    6.75 -0.1208   -3.13    6.53   16.90    6.92    0.36     640
  9.000   15.79    6.98 -0.1610   -3.16    6.51   17.49    7.18    0.35     640
  9.500   16.45    7.36 -0.1865   -3.26    6.74   18.07    7.61    0.39     640
 10.000   17.00    7.53 -0.1860   -3.24    6.75   18.55    7.81    0.38     639
 10.500   17.43    7.70 -0.1501   -3.05    6.53   18.90    7.89    0.38     637
 11.000   17.82    7.96 -0.1162   -2.87    6.72   19.20    8.12    0.40     637
 11.500   17.96    7.97 -0.1086   -2.70    6.57   19.36    8.11    0.38     635
 12.000   18.05    8.13 -0.0945   -2.50    6.74   19.48    8.25    0.40     635
 12.500   18.03    8.31 -0.0885   -2.25    7.11   19.47    8.43    0.38     631
 13.000   17.78    8.02 -0.0873   -1.77    6.95   19.29    8.03    0.35     629
 13.500   17.45    7.78 -0.0858   -1.24    7.05   19.04    7.70    0.31     628
 14.000   17.08    7.63 -0.0785   -0.71    7.38   18.77    7.51    0.26     628
 14.500   16.33    7.40 -0.0861   -0.17    7.37   18.10    7.20    0.22     609
 15.000   15.05    7.04 -0.1096    0.11    6.84   16.91    6.74    0.25     607
 15.500   13.71    6.78 -0.1466    0.34    6.34   15.61    6.36    0.30     605
 16.000   12.29    6.60 -0.1810    0.52    5.94   14.18    6.08    0.34     602
 16.500   10.78    6.50 -0.1935    0.65    5.65   12.67    5.88    0.42     598
 17.000    8.85    6.18 -0.1762    0.74    5.13   10.91    5.29    0.52     562
 17.500    6.68    5.78 -0.1510    0.68    4.43    9.12    4.48    0.71     555
 18.000    4.51    5.27 -0.1583    0.56    3.77    7.38    3.66    0.86     549
 18.500    2.61    4.90 -0.1405    0.45    3.33    5.92    3.11    1.02     545
 19.000    1.37    4.60 -0.0978    0.35    2.96    5.18    2.79    0.98     530
 19.500    0.54    4.36 -0.0374    0.28    2.59    4.99    2.43    0.87     527
 20.000   -0.20    4.24  0.0248    0.21    2.38    4.79    2.32    0.77     527
 20.500   -0.88    4.30  0.0838    0.17    2.48    4.63    2.49    0.77     526
 21.000   -1.41    4.25  0.1068    0.10    2.38    4.57    2.57    0.81     503
 21.500   -1.76    4.11  0.0793    0.07    2.09    4.70    2.48    0.85     502
 22.000   -2.17    4.07  0.0350    0.01    1.93    4.87    2.48    0.83     502
 22.500   -2.56    4.13 -0.0437   -0.07    1.93    5.08    2.57    0.76     502
 23.000   -2.98    4.30 -0.1189   -0.10    2.13    5.34    2.78    0.81     500
 23.500   -3.35    4.58 -0.1561   -0.10    2.41    5.56    3.10    0.91     499
 24.000   -3.58    4.92 -0.1915   -0.08    2.66    5.76    3.42    1.01     476
 24.500   -3.50    4.95 -0.2294   -0.11    2.49    5.96    3.30    1.10     468
 25.000   -3.37    5.12 -0.2385   -0.14    2.44    6.14    3.27    1.23     464
 25.500   -3.14    5.41 -0.2200   -0.18    2.62    6.32    3.31    1.34     460
 26.000   -2.89    5.81 -0.1746   -0.25    2.97    6.51    3.50    1.31     453
 26.500   -2.90    6.22 -0.1209   -0.14    3.46    6.72    3.85    1.28     414
 27.000   -2.10    6.41 -0.0423   -0.31    3.31    6.84    3.63    1.32     333
 27.500   -1.75    6.71  0.0115   -0.20    3.08    7.11    3.60    1.25     321
 28.000   -1.44    6.95  0.0531   -0.13    3.00    7.41    3.52    1.17     311
 28.500   -1.28    7.28  0.0485   -0.14    2.90    7.71    3.57    1.11     294
 29.000   -1.09    7.74  0.0224   -0.15    2.96    8.08    3.79    1.02     278
 29.500   -0.80    8.29  0.0025   -0.27    3.11    8.44    4.14    0.92     268
 30.000   -0.61    8.79 -0.0051   -0.32    3.34    8.72    4.53    0.90     262
     T A B L E  I -   3.  W I N D  S T A T I S T I C A L  P A R A M E T E R S
                                     March
 STATION =   912450     WAKE ISLAND
    Z    MEAN U   SD  U  R(U,V)  MEAN V   SD  V MEAN WS  SD  WS SKEW WS    NOBS
    KM     M/S     M/S             M/S     M/S     M/S     M/S                 
  0.005   -5.13    3.48  0.3800   -1.92    3.14    6.71    2.65    0.13     708
  0.500   -6.09    4.56  0.3143   -1.24    3.14    7.82    3.16    0.09     709
  1.000   -5.58    5.11  0.2372   -0.54    2.98    7.62    3.29    0.29     709
  1.500   -4.83    5.64  0.1664    0.11    3.01    7.24    3.51    0.45     709
  2.000   -3.63    5.82  0.1926    0.15    2.85    6.91    3.27    0.58     711
  2.500   -2.33    6.19  0.2125    0.01    2.95    6.70    3.35    0.89     711
  3.000   -1.02    6.65  0.1536   -0.16    3.15    6.55    3.74    1.09     711
  3.500    0.18    6.94  0.1465   -0.39    3.23    6.91    3.90    1.16     711
  4.000    1.33    7.08  0.2104   -0.70    3.40    7.47    3.99    1.11     711
  4.500    2.43    7.22  0.2322   -0.96    3.80    8.03    4.25    1.02     711
  5.000    3.55    7.53  0.2479   -1.22    4.18    8.65    4.62    0.87     711
  5.500    4.70    7.89  0.2627   -1.51    4.66    9.29    5.18    0.79     711
  6.000    5.90    8.18  0.2810   -1.78    5.12   10.03    5.67    0.68     711
  6.500    7.21    8.29  0.2955   -2.06    5.38   11.14    5.90    0.65     711
  7.000    8.45    8.49  0.2811   -2.39    5.92   12.23    6.32    0.52     711
  7.500    9.71    8.76  0.2602   -2.64    6.63   13.26    6.89    0.40     711
  8.000   10.97    8.79  0.2562   -2.91    6.76   14.34    7.11    0.32     710
  8.500   12.27    8.86  0.2534   -3.15    7.02   15.49    7.42    0.29     710
  9.000   13.58    9.11  0.2328   -3.34    7.58   16.72    7.92    0.28     710
  9.500   14.94    9.54  0.2076   -3.45    8.33   18.00    8.62    0.32     710
 10.000   16.19    9.79  0.1923   -3.62    8.64   19.17    9.02    0.29     709
 10.500   17.36   10.13  0.1862   -3.80    8.88   20.28    9.50    0.30     708
 11.000   18.41   10.54  0.1728   -4.00    9.45   21.30   10.11    0.32     707
 11.500   19.06   10.62  0.1751   -3.73    9.41   21.89   10.20    0.33     706
 12.000   19.58   10.82  0.1711   -3.39    9.52   22.33   10.42    0.36     705
 12.500   19.94   11.07  0.1625   -3.07    9.73   22.60   10.68    0.40     702
 13.000   19.68   10.91  0.1479   -2.69    9.13   22.23   10.43    0.38     702
 13.500   19.33   10.82  0.1273   -2.39    8.59   21.75   10.19    0.37     699
 14.000   18.85   10.77  0.1066   -2.09    8.25   21.15   10.04    0.37     698
 14.500   17.85   10.49  0.0843   -1.78    7.81   20.09    9.63    0.36     673
 15.000   16.26    9.97  0.0510   -1.57    7.14   18.62    8.86    0.40     666
 15.500   14.63    9.55 -0.0025   -1.40    6.61   17.11    8.19    0.43     659
 16.000   12.87    9.13 -0.0699   -1.23    6.26   15.51    7.51    0.44     653
 16.500   11.04    8.70 -0.1249   -1.21    6.14   13.84    6.96    0.45     651
 17.000    9.02    8.28 -0.1188   -1.01    5.54   12.11    6.18    0.56     611
 17.500    6.95    7.66 -0.0857   -0.87    4.80   10.43    5.22    0.76     606
 18.000    4.83    7.17 -0.0639   -0.70    4.00    8.78    4.43    0.93     604
 18.500    2.79    6.71 -0.0483   -0.49    3.45    7.24    3.97    1.01     600
 19.000    1.34    6.14 -0.0157   -0.34    3.01    6.29    3.57    1.06     579
 19.500    0.43    5.49  0.0066   -0.25    2.59    5.83    3.08    1.18     577
 20.000   -0.42    4.98  0.0161   -0.19    2.41    5.46    2.72    1.25     577
 20.500   -1.22    4.68  0.0125   -0.13    2.58    5.14    2.69    1.10     576
 21.000   -1.70    4.47  0.0157   -0.15    2.53    5.00    2.63    1.09     554
 21.500   -2.04    4.29  0.0202   -0.11    2.17    5.05    2.50    1.13     554
 22.000   -2.41    4.17  0.0077   -0.05    1.93    5.13    2.50    1.04     550
 22.500   -2.75    4.18 -0.0070   -0.01    1.93    5.25    2.58    0.91     549
 23.000   -3.07    4.30 -0.0277    0.02    2.01    5.39    2.78    0.92     548
 23.500   -3.33    4.55 -0.0387    0.08    2.19    5.49    3.10    0.96     543
 24.000   -3.52    4.88 -0.0381    0.11    2.42    5.63    3.40    0.93     517
 24.500   -3.49    4.82 -0.0738    0.10    2.21    5.81    3.23    1.03     504
 25.000   -3.42    4.92 -0.0717    0.13    2.19    5.98    3.20    1.08     502
 25.500   -3.38    5.15 -0.0917    0.17    2.36    6.16    3.30    1.12     500
 26.000   -3.27    5.50 -0.0888    0.26    2.76    6.32    3.54    1.08     498
 26.500   -3.21    5.97 -0.0320    0.48    3.34    6.58    3.88    0.95     467
 27.000   -2.29    6.09  0.0301    0.45    3.34    6.62    3.62    1.11     335
 27.500   -1.78    6.14  0.1035    0.42    3.15    6.72    3.38    1.16     322
 28.000   -1.42    6.31  0.1489    0.47    3.08    6.88    3.38    1.17     314
 28.500   -1.28    6.50  0.1807    0.52    3.11    7.08    3.51    1.16     300
 29.000   -0.88    6.80  0.2149    0.56    3.16    7.29    3.65    1.16     286
 29.500   -0.55    7.05  0.2411    0.58    3.32    7.45    3.81    1.07     276
 30.000   -0.45    7.39  0.2668    0.68    3.42    7.62    4.10    1.06     258
     T A B L E  I -   4.  W I N D  S T A T I S T I C A L  P A R A M E T E R S
                                     April
 STATION =   912450     WAKE ISLAND
    Z    MEAN U   SD  U  R(U,V)  MEAN V   SD  V MEAN WS  SD  WS SKEW WS    NOBS
    KM     M/S     M/S             M/S     M/S     M/S     M/S                 
  0.005   -5.81    2.45  0.4606   -1.64    2.63    6.62    2.35    0.27     716
  0.500   -6.86    3.11  0.2749   -0.77    2.67    7.68    2.68    0.09     717
  1.000   -6.47    3.48  0.1160   -0.07    2.62    7.41    2.84    0.17     717
  1.500   -5.92    3.87  0.0399    0.41    2.72    6.99    3.05    0.22     717
  2.000   -5.13    3.96  0.0156    0.24    2.58    6.60    2.80    0.25     717
  2.500   -4.33    4.22  0.0399    0.01    2.62    6.26    2.69    0.32     717
  3.000   -3.44    4.58  0.0591   -0.23    2.87    5.88    2.81    0.39     717
  3.500   -2.54    4.69  0.0498   -0.41    2.99    5.77    2.70    0.47     717
  4.000   -1.64    4.73  0.0537   -0.60    3.03    5.80    2.63    0.65     717
  4.500   -0.72    4.96  0.0511   -0.81    3.16    5.91    2.77    0.99     717
  5.000    0.16    5.24  0.0467   -1.02    3.44    6.09    3.04    1.13     717
  5.500    1.02    5.64  0.0357   -1.23    3.81    6.36    3.46    1.17     717
  6.000    1.92    6.12  0.0403   -1.43    4.18    6.76    3.98    1.06     717
  6.500    2.91    6.43  0.0586   -1.66    4.39    7.57    4.24    0.99     717
  7.000    3.92    6.87  0.0793   -1.93    4.82    8.40    4.74    0.86     717
  7.500    4.94    7.43  0.1010   -2.24    5.40    9.28    5.35    0.76     717
  8.000    6.23    7.79  0.1257   -2.65    5.70   10.53    5.67    0.75     716
  8.500    7.61    8.19  0.1738   -3.03    6.04   11.86    6.05    0.74     715
  9.000    9.00    8.76  0.2155   -3.37    6.59   13.19    6.66    0.69     715
  9.500   10.44    9.49  0.2473   -3.65    7.30   14.60    7.42    0.66     715
 10.000   12.05   10.01  0.3104   -3.68    7.74   16.16    7.83    0.62     715
 10.500   13.70   10.47  0.3789   -3.65    8.20   17.78    8.16    0.55     715
 11.000   15.32   11.02  0.4289   -3.69    8.90   19.34    8.69    0.47     713
 11.500   16.74   11.09  0.4505   -3.75    9.10   20.70    8.80    0.41     712
 12.000   18.01   11.42  0.4329   -3.71    9.59   21.90    9.31    0.44     712
 12.500   19.10   11.72  0.4040   -3.67   10.13   22.84    9.90    0.50     711
 13.000   19.04   11.25  0.4075   -3.59    9.41   22.53    9.41    0.29     710
 13.500   18.85   10.91  0.3961   -3.46    8.84   22.09    9.12    0.25     710
 14.000   18.59   10.80  0.3723   -3.32    8.49   21.60    9.10    0.33     709
 14.500   17.66   10.41  0.3467   -3.15    8.01   20.52    8.77    0.39     682
 15.000   16.03    9.71  0.3163   -3.04    7.25   18.84    8.09    0.46     682
 15.500   14.32    9.11  0.2717   -2.95    6.62   17.13    7.46    0.58     676
 16.000   12.46    8.53  0.2181   -2.79    6.10   15.25    6.86    0.65     672
 16.500   10.33    7.99  0.1687   -2.76    5.79   13.25    6.22    0.72     663
 17.000    8.01    7.36  0.1399   -2.41    5.32   11.31    5.34    0.87     619
 17.500    5.72    6.69  0.1182   -2.07    4.74    9.52    4.52    0.87     615
 18.000    3.48    6.07  0.0959   -1.66    4.10    7.84    3.77    0.88     612
 18.500    1.36    5.58  0.0763   -1.21    3.56    6.32    3.29    0.85     607
 19.000   -0.07    5.13  0.0593   -0.88    3.06    5.53    2.96    0.84     588
 19.500   -0.88    4.55  0.0484   -0.63    2.64    5.30    2.45    0.82     588
 20.000   -1.68    4.11  0.0665   -0.44    2.43    5.12    2.22    0.69     586
 20.500   -2.45    3.92  0.0576   -0.27    2.36    4.95    2.34    0.56     585
 21.000   -3.11    3.90  0.0388   -0.19    2.28    5.06    2.48    0.52     557
 21.500   -3.67    3.76  0.0176   -0.13    1.99    5.39    2.46    0.46     555
 22.000   -4.25    3.75  0.0102   -0.08    1.82    5.76    2.58    0.36     551
 22.500   -4.81    3.90  0.0075   -0.01    1.83    6.20    2.79    0.34     550
 23.000   -5.33    4.17  0.0051    0.06    1.91    6.62    3.11    0.35     548
 23.500   -5.82    4.48 -0.0087    0.13    2.14    6.99    3.48    0.40     548
 24.000   -6.31    4.83 -0.0257    0.19    2.43    7.36    3.93    0.42     538
 24.500   -6.31    4.87 -0.0119    0.16    2.20    7.45    3.95    0.45     513
 25.000   -6.39    5.02  0.0115    0.14    2.19    7.66    3.99    0.48     511
 25.500   -6.35    5.29  0.0485    0.17    2.36    7.81    4.10    0.53     505
 26.000   -6.33    5.70  0.0745    0.25    2.63    8.00    4.31    0.55     503
 26.500   -6.36    6.15  0.1007    0.29    3.04    8.20    4.63    0.58     496
 27.000   -5.65    6.09  0.1218    0.12    2.96    7.81    4.26    0.69     328
 27.500   -5.52    6.32  0.1323    0.12    2.80    7.93    4.22    0.64     320
 28.000   -5.38    6.59  0.1573    0.10    2.76    8.14    4.11    0.68     311
 28.500   -5.66    6.67  0.1003    0.01    2.81    8.43    4.14    0.68     287
 29.000   -5.97    6.80  0.0694   -0.05    2.85    8.72    4.26    0.56     268
 29.500   -6.27    7.00  0.0650   -0.14    2.88    9.04    4.37    0.54     254
 30.000   -6.27    7.19  0.0731   -0.16    3.02    9.21    4.44    0.52     242
     T A B L E  I -   5.  W I N D  S T A T I S T I C A L  P A R A M E T E R S
                                       May
 STATION =   912450     WAKE ISLAND
    Z    MEAN U   SD  U  R(U,V)  MEAN V   SD  V MEAN WS  SD  WS SKEW WS    NOBS
    KM     M/S     M/S             M/S     M/S     M/S     M/S                 
  0.005   -5.86    2.29  0.4071   -1.30    2.17    6.42    2.17    0.13     663
  0.500   -6.96    2.82  0.3216   -0.60    2.04    7.49    2.45    0.10     665
  1.000   -6.84    3.17  0.1421   -0.06    1.99    7.45    2.60    0.14     665
  1.500   -6.48    3.59  0.0356    0.30    2.22    7.22    2.84    0.08     665
  2.000   -5.90    3.68  0.0577    0.19    2.22    6.91    2.66    0.11     665
  2.500   -5.35    3.86  0.0531   -0.02    2.31    6.61    2.64    0.19     665
  3.000   -4.86    4.12  0.0056   -0.27    2.56    6.35    2.81    0.36     665
  3.500   -4.39    4.13  0.0053   -0.46    2.61    6.20    2.72    0.44     665
  4.000   -3.90    4.14  0.0051   -0.55    2.60    6.10    2.60    0.69     665
  4.500   -3.36    4.17 -0.0116   -0.67    2.68    5.94    2.51    0.93     665
  5.000   -2.81    4.41 -0.0480   -0.76    2.93    5.85    2.65    1.10     665
  5.500   -2.31    4.80 -0.0405   -0.81    3.24    5.82    2.95    1.17     665
  6.000   -1.80    5.19 -0.0324   -0.89    3.55    5.84    3.26    1.21     665
  6.500   -1.29    5.51 -0.0208   -1.11    3.68    6.29    3.31    1.29     665
  7.000   -0.72    6.05 -0.0019   -1.32    4.04    6.78    3.61    1.21     665
  7.500   -0.11    6.75  0.0188   -1.54    4.56    7.28    4.15    1.09     665
  8.000    0.73    7.30  0.0986   -1.68    4.70    8.01    4.30    1.10     665
  8.500    1.70    7.96  0.1934   -1.77    4.87    8.82    4.64    1.05     665
  9.000    2.72    8.76  0.2610   -1.87    5.22    9.66    5.23    1.04     665
  9.500    3.81    9.70  0.3170   -1.96    5.73   10.55    6.05    0.98     665
 10.000    5.06   10.52  0.3756   -2.03    6.15   11.68    6.70    0.90     664
 10.500    6.46   11.51  0.4394   -2.05    6.72   13.08    7.52    0.83     664
 11.000    7.84   12.69  0.4708   -2.05    7.54   14.46    8.65    0.77     664
 11.500    9.13   13.11  0.4985   -1.92    7.70   15.61    8.92    0.68     663
 12.000   10.39   13.70  0.5090   -1.83    8.10   16.71    9.49    0.60     663
 12.500   11.62   14.35  0.5015   -1.77    8.60   17.73   10.20    0.53     659
 13.000   12.13   13.96  0.5013   -1.97    8.18   17.92    9.88    0.53     658
 13.500   12.61   13.69  0.4783   -2.12    7.98   18.05    9.79    0.54     658
 14.000   12.93   13.40  0.4426   -2.31    7.94   17.99    9.75    0.51     658
 14.500   12.57   12.55  0.4408   -2.50    7.55   17.24    9.22    0.51     643
 15.000   11.10   11.29  0.4608   -2.63    6.57   15.58    8.04    0.61     642
 15.500    9.40   10.03  0.4370   -2.84    5.76   13.77    6.89    0.68     637
 16.000    7.57    8.77  0.3727   -2.90    5.14   11.86    5.80    0.69     635
 16.500    5.61    7.70  0.3040   -2.85    4.71    9.95    4.93    0.73     635
 17.000    3.64    6.76  0.2771   -2.67    4.21    8.48    4.14    0.79     595
 17.500    1.79    5.84  0.2457   -2.30    3.58    7.35    3.34    0.79     591
 18.000    0.03    4.98  0.1809   -1.91    3.10    6.39    2.73    0.81     589
 18.500   -1.63    4.35  0.1117   -1.54    2.79    5.55    2.56    0.94     588
 19.000   -2.92    3.94  0.0458   -1.13    2.52    5.33    2.51    0.86     566
 19.500   -3.91    3.58  0.0307   -0.84    2.08    5.76    2.34    0.71     564
 20.000   -4.90    3.41  0.0381   -0.52    1.82    6.20    2.54    0.46     563
 20.500   -5.88    3.46  0.0438   -0.20    1.92    6.73    2.90    0.34     562
 21.000   -6.75    3.55  0.0501   -0.09    2.00    7.33    3.17    0.28     541
 21.500   -7.55    3.46  0.0472   -0.13    1.80    8.07    3.15    0.15     541
 22.000   -8.37    3.55  0.0189   -0.17    1.71    8.86    3.26   -0.02     537
 22.500   -9.22    3.65 -0.0195   -0.21    1.78    9.67    3.42   -0.05     535
 23.000  -10.09    3.82 -0.0422   -0.24    1.97   10.51    3.61   -0.01     534
 23.500  -10.91    4.10 -0.0160   -0.25    2.19   11.31    3.91    0.05     530
 24.000  -11.76    4.50  0.0118   -0.23    2.50   12.13    4.30    0.04     526
 24.500  -12.11    4.57  0.0475   -0.17    2.27   12.48    4.34   -0.01     482
 25.000  -12.42    4.73  0.0711   -0.11    2.12   12.80    4.48   -0.08     478
 25.500  -12.75    4.98  0.0799   -0.05    2.14   13.15    4.71   -0.14     475
 26.000  -13.08    5.29  0.0846   -0.01    2.28   13.50    4.99   -0.16     471
 26.500  -13.46    5.71  0.0893    0.05    2.61   13.89    5.38   -0.18     471
 27.000  -13.25    5.96  0.0590   -0.12    2.69   13.76    5.53   -0.14     303
 27.500  -13.48    5.98  0.0585   -0.11    2.50   14.02    5.50   -0.23     295
 28.000  -13.69    5.94  0.0413   -0.05    2.34   14.21    5.49   -0.30     285
 28.500  -13.83    6.05  0.0687   -0.06    2.29   14.37    5.55   -0.31     270
 29.000  -14.03    6.14  0.0888   -0.11    2.34   14.62    5.55   -0.25     256
 29.500  -14.17    6.28  0.0951   -0.07    2.38   14.80    5.61   -0.25     247
 30.000  -14.27    6.54  0.1100   -0.02    2.47   14.92    5.83   -0.26     239
     T A B L E  I -   6.  W I N D  S T A T I S T I C A L  P A R A M E T E R S
                                      June
 STATION =   912450     WAKE ISLAND
    Z    MEAN U   SD  U  R(U,V)  MEAN V   SD  V MEAN WS  SD  WS SKEW WS    NOBS
    KM     M/S     M/S             M/S     M/S     M/S     M/S                 
  0.005   -5.14    2.22  0.4178   -0.45    2.09    5.67    1.96   -0.02     616
  0.500   -6.17    2.69  0.4266    0.19    2.05    6.75    2.22   -0.21     616
  1.000   -6.28    2.92  0.3420    0.59    2.01    6.89    2.42   -0.17     616
  1.500   -6.26    3.18  0.2213    0.81    2.12    6.89    2.67   -0.12     616
  2.000   -5.93    3.18  0.2150    0.63    2.08    6.67    2.57   -0.05     616
  2.500   -5.56    3.31  0.2054    0.37    2.22    6.45    2.60    0.12     616
  3.000   -5.19    3.60  0.2102    0.14    2.49    6.24    2.77    0.32     616
  3.500   -4.86    3.66  0.2388    0.00    2.50    6.14    2.69    0.36     616
  4.000   -4.54    3.68  0.2526   -0.07    2.46    6.10    2.52    0.39     616
  4.500   -4.22    3.82  0.2613   -0.11    2.61    6.08    2.47    0.47     616
  5.000   -3.92    3.99  0.2624   -0.14    2.87    6.06    2.49    0.40     616
  5.500   -3.67    4.26  0.2553   -0.19    3.21    6.08    2.64    0.44     616
  6.000   -3.40    4.58  0.2400   -0.27    3.58    6.15    2.86    0.53     616
  6.500   -3.08    4.80  0.2455   -0.47    3.82    6.45    2.89    0.62     616
  7.000   -2.81    5.16  0.2308   -0.60    4.30    6.76    3.21    0.67     616
  7.500   -2.57    5.65  0.1918   -0.76    4.90    7.07    3.72    0.75     616
  8.000   -2.18    6.05  0.1871   -1.00    5.24    7.59    3.90    0.82     616
  8.500   -1.69    6.54  0.1868   -1.27    5.64    8.19    4.13    0.87     615
  9.000   -1.20    7.22  0.1898   -1.60    6.19    8.84    4.61    0.92     614
  9.500   -0.73    8.03  0.1933   -1.92    6.83    9.48    5.27    0.96     614
 10.000   -0.20    8.73  0.2225   -2.17    7.40   10.27    5.71    0.94     614
 10.500    0.39    9.52  0.2623   -2.37    8.05   11.25    6.17    0.88     614
 11.000    1.02   10.49  0.2894   -2.54    8.84   12.19    6.90    0.88     612
 11.500    1.74   11.06  0.3465   -2.56    9.20   13.02    7.09    0.85     609
 12.000    2.42   11.82  0.3945   -2.61    9.66   13.83    7.60    0.80     609
 12.500    3.14   12.69  0.4316   -2.62   10.16   14.58    8.28    0.75     606
 13.000    3.39   12.58  0.4382   -2.60    9.55   14.52    7.82    0.77     605
 13.500    3.60   12.61  0.4433   -2.58    9.02   14.37    7.66    0.85     605
 14.000    3.81   12.77  0.4464   -2.54    8.59   14.15    7.78    0.94     605
 14.500    3.42   12.30  0.4278   -2.60    7.83   13.41    7.38    0.98     591
 15.000    2.48   11.08  0.4215   -2.55    6.85   12.17    6.41    1.10     589
 15.500    1.41    9.82  0.4060   -2.44    6.01   10.78    5.66    1.18     586
 16.000    0.15    8.51  0.4137   -2.26    5.17    9.28    4.99    1.27     585
 16.500   -1.35    7.19  0.3999   -2.00    4.31    7.76    4.42    1.18     582
 17.000   -2.64    6.19  0.3781   -1.77    3.66    7.30    3.85    1.09     549
 17.500   -4.01    5.26  0.3528   -1.40    2.94    7.42    3.30    0.92     549
 18.000   -5.36    4.54  0.2701   -1.03    2.39    7.60    3.15    0.65     549
 18.500   -6.77    4.11  0.1652   -0.76    2.19    7.95    3.35    0.51     549
 19.000   -8.13    3.84  0.1056   -0.58    2.09    8.61    3.53    0.44     536
 19.500   -9.33    3.44  0.0919   -0.46    1.71    9.70    3.24    0.38     536
 20.000  -10.50    3.23  0.0688   -0.36    1.53   10.79    3.10    0.27     535
 20.500  -11.63    3.27  0.0298   -0.28    1.70   11.86    3.18    0.05     534
 21.000  -12.61    3.42  0.0141   -0.20    1.91   12.79    3.36   -0.01     510
 21.500  -13.29    3.30 -0.0119   -0.14    1.68   13.48    3.23   -0.09     507
 22.000  -14.00    3.26 -0.0496   -0.09    1.61   14.20    3.19   -0.10     504
 22.500  -14.73    3.33 -0.0692   -0.05    1.66   14.93    3.26   -0.09     502
 23.000  -15.46    3.50 -0.0663   -0.02    1.87   15.67    3.45   -0.05     500
 23.500  -16.19    3.75 -0.0657   -0.02    2.13   16.39    3.71   -0.02     497
 24.000  -16.90    4.10 -0.0593    0.00    2.50   17.11    4.07    0.02     497
 24.500  -17.44    4.09 -0.0495   -0.08    2.35   17.65    4.05    0.05     458
 25.000  -17.99    4.04 -0.0342   -0.03    2.15   18.21    3.98    0.10     455
 25.500  -18.52    4.09 -0.0376    0.02    2.12   18.73    4.02    0.15     452
 26.000  -18.99    4.20 -0.0205    0.06    2.28   19.21    4.12    0.13     448
 26.500  -19.46    4.47 -0.0017    0.06    2.61   19.69    4.38    0.13     448
 27.000  -20.39    4.35 -0.0221   -0.02    2.71   20.59    4.31   -0.31     283
 27.500  -20.68    4.27 -0.0250   -0.13    2.47   20.88    4.22   -0.23     268
 28.000  -21.01    4.28 -0.0397   -0.10    2.28   21.20    4.23   -0.17     264
 28.500  -21.35    4.30 -0.0488   -0.08    2.15   21.55    4.25   -0.09     253
 29.000  -21.67    4.35 -0.1032   -0.06    2.03   21.85    4.30   -0.11     241
 29.500  -21.99    4.47 -0.0996   -0.00    2.08   22.18    4.42   -0.08     235
 30.000  -22.21    4.51 -0.1135    0.01    2.19   22.40    4.46   -0.23     230
     T A B L E  I -   7.  W I N D  S T A T I S T I C A L  P A R A M E T E R S
                                      July
 STATION =   912450     WAKE ISLAND
    Z    MEAN U   SD  U  R(U,V)  MEAN V   SD  V MEAN WS  SD  WS SKEW WS    NOBS
    KM     M/S     M/S             M/S     M/S     M/S     M/S                 
  0.005   -5.01    2.30  0.3901   -0.29    2.02    5.53    1.96    0.07     627
  0.500   -6.30    2.71  0.2856    0.40    2.01    6.85    2.19   -0.12     627
  1.000   -6.48    2.96  0.1863    0.73    2.12    7.13    2.35   -0.13     627
  1.500   -6.48    3.26  0.1402    0.87    2.30    7.23    2.56   -0.09     627
  2.000   -6.03    3.21  0.1320    0.70    2.22    6.86    2.42   -0.13     627
  2.500   -5.53    3.29  0.1277    0.54    2.28    6.48    2.45   -0.02     627
  3.000   -5.03    3.44  0.1224    0.37    2.51    6.11    2.58    0.12     627
  3.500   -4.66    3.53  0.1432    0.18    2.55    5.96    2.60    0.21     627
  4.000   -4.39    3.64  0.1959    0.02    2.57    5.97    2.58    0.30     627
  4.500   -4.08    3.82  0.2201   -0.11    2.74    5.96    2.65    0.47     627
  5.000   -3.80    4.06  0.2195   -0.26    2.98    5.94    2.82    0.59     627
  5.500   -3.53    4.33  0.2197   -0.46    3.32    5.94    3.04    0.70     627
  6.000   -3.28    4.59  0.2275   -0.62    3.69    6.00    3.25    0.76     627
  6.500   -3.01    4.62  0.2280   -0.88    3.81    6.15    3.20    0.84     627
  7.000   -2.68    4.78  0.2051   -1.20    4.11    6.31    3.32    0.88     627
  7.500   -2.33    5.08  0.1885   -1.44    4.57    6.48    3.62    0.90     627
  8.000   -1.96    5.41  0.1794   -1.75    4.95    6.97    3.77    0.93     627
  8.500   -1.58    5.82  0.1664   -2.06    5.35    7.53    3.99    0.95     627
  9.000   -1.19    6.37  0.1735   -2.35    5.86    8.11    4.40    0.94     627
  9.500   -0.83    7.07  0.1740   -2.64    6.48    8.74    4.97    0.88     627
 10.000   -0.38    7.70  0.1825   -2.90    7.03    9.56    5.30    0.83     627
 10.500    0.19    8.39  0.2042   -3.14    7.66   10.52    5.63    0.81     627
 11.000    0.76    9.32  0.2218   -3.41    8.47   11.50    6.24    0.79     626
 11.500    1.18    9.98  0.2407   -3.70    8.94   12.52    6.42    0.69     626
 12.000    1.60   10.79  0.2541   -4.02    9.61   13.56    6.86    0.58     626
 12.500    1.95   11.69  0.2642   -4.38   10.27   14.51    7.44    0.49     621
 13.000    2.01   11.37  0.2595   -4.55    9.73   14.35    6.89    0.45     621
 13.500    1.98   11.15  0.2486   -4.74    9.24   14.07    6.59    0.44     621
 14.000    1.80   10.97  0.2339   -4.85    8.86   13.61    6.58    0.48     621
 14.500    1.14   10.31  0.2295   -4.73    8.13   12.69    6.20    0.52     611
 15.000   -0.06    9.04  0.2175   -4.36    6.80   11.31    5.20    0.57     609
 15.500   -1.47    7.81  0.1994   -3.90    5.52   10.01    4.41    0.57     607
 16.000   -3.21    6.52  0.1675   -3.38    4.27    8.78    3.95    0.66     603
 16.500   -5.08    5.27  0.1335   -2.77    3.26    7.80    3.93    0.77     598
 17.000   -6.88    4.28  0.1381   -2.24    2.63    8.19    3.78    0.65     567
 17.500   -8.56    3.61  0.0877   -1.87    2.09    9.46    3.32    0.40     564
 18.000  -10.21    3.13  0.0072   -1.46    1.79   10.82    2.96    0.10     564
 18.500  -11.79    2.91 -0.0648   -1.03    1.80   12.15    2.79   -0.01     564
 19.000  -13.18    2.76 -0.0604   -0.70    1.75   13.36    2.73   -0.03     549
 19.500  -14.28    2.48 -0.0864   -0.60    1.47   14.44    2.45   -0.10     549
 20.000  -15.35    2.38 -0.0690   -0.47    1.47   15.50    2.36   -0.15     548
 20.500  -16.39    2.57 -0.0449   -0.35    1.66   16.53    2.54   -0.17     544
 21.000  -17.36    2.84 -0.0525   -0.18    1.92   17.49    2.81   -0.19     526
 21.500  -18.03    2.64 -0.0941   -0.11    1.74   18.16    2.61   -0.20     523
 22.000  -18.70    2.61 -0.0892   -0.08    1.65   18.84    2.58   -0.25     522
 22.500  -19.39    2.72 -0.1077   -0.04    1.63   19.53    2.69   -0.19     518
 23.000  -20.03    2.90 -0.1060    0.03    1.72   20.17    2.88   -0.17     514
 23.500  -20.66    3.14 -0.1025    0.10    1.94   20.80    3.12   -0.19     514
 24.000  -21.27    3.48 -0.0846    0.21    2.29   21.41    3.46   -0.21     514
 24.500  -21.85    3.50 -0.1262    0.16    2.16   21.99    3.47   -0.31     464
 25.000  -22.42    3.38 -0.1293    0.14    1.98   22.56    3.35   -0.21     460
 25.500  -22.93    3.38 -0.1050    0.12    1.96   23.08    3.35   -0.09     455
 26.000  -23.45    3.50 -0.0720    0.09    2.16   23.61    3.47   -0.00     454
 26.500  -23.92    3.76 -0.0265    0.06    2.56   24.09    3.74    0.05     451
 27.000  -24.36    3.86 -0.0380    0.03    2.76   24.53    3.83   -0.14     312
 27.500  -24.70    3.77 -0.0186   -0.04    2.59   24.88    3.75   -0.12     291
 28.000  -25.08    3.74 -0.0188   -0.06    2.44   25.27    3.72   -0.12     278
 28.500  -25.47    3.86 -0.0258   -0.03    2.30   25.66    3.84   -0.05     270
 29.000  -25.86    4.04 -0.0259    0.05    2.21   26.05    4.01    0.01     258
 29.500  -26.18    4.31 -0.0286    0.09    2.24   26.37    4.27   -0.06     247
 30.000  -26.65    4.49 -0.0993    0.10    2.36   26.84    4.46   -0.21     233
     T A B L E  I -   8.  W I N D  S T A T I S T I C A L  P A R A M E T E R S
                                    August
 STATION =   912450     WAKE ISLAND
    Z    MEAN U   SD  U  R(U,V)  MEAN V   SD  V MEAN WS  SD  WS SKEW WS    NOBS
    KM     M/S     M/S             M/S     M/S     M/S     M/S                 
  0.005   -3.78    2.79  0.3162    0.26    2.46    4.89    2.06    0.55     597
  0.500   -4.40    3.52  0.3370    0.83    2.53    5.82    2.38    0.60     603
  1.000   -4.41    3.99  0.2882    1.05    2.60    6.06    2.71    0.82     603
  1.500   -4.34    4.45  0.2608    1.16    2.74    6.19    3.03    1.04     603
  2.000   -3.97    4.28  0.2437    0.94    2.74    5.95    2.87    1.13     603
  2.500   -3.62    4.20  0.2267    0.72    2.86    5.73    2.78    1.16     603
  3.000   -3.27    4.21  0.2243    0.50    2.97    5.47    2.83    1.07     603
  3.500   -2.91    4.14  0.2379    0.33    2.95    5.31    2.79    1.12     603
  4.000   -2.50    4.12  0.2331    0.22    2.91    5.24    2.68    1.17     603
  4.500   -2.14    4.08  0.2327    0.11    2.98    5.16    2.64    1.24     603
  5.000   -1.70    4.12  0.2540   -0.01    3.12    5.07    2.65    1.28     603
  5.500   -1.28    4.21  0.2726   -0.08    3.27    4.93    2.75    1.21     603
  6.000   -0.93    4.31  0.2677   -0.20    3.39    4.87    2.81    1.09     603
  6.500   -0.71    4.21  0.3022   -0.41    3.41    4.99    2.66    0.94     603
  7.000   -0.47    4.25  0.3081   -0.65    3.60    5.14    2.70    0.84     603
  7.500   -0.30    4.47  0.2982   -0.90    3.94    5.34    2.93    0.80     603
  8.000   -0.03    4.63  0.3254   -1.12    4.16    5.72    3.02    0.90     603
  8.500    0.27    4.92  0.3303   -1.39    4.45    6.22    3.18    0.94     603
  9.000    0.56    5.37  0.3284   -1.64    4.83    6.74    3.53    0.98     603
  9.500    0.91    5.99  0.3045   -1.93    5.28    7.31    4.03    0.97     603
 10.000    1.24    6.55  0.3014   -2.29    5.74    8.05    4.39    0.90     601
 10.500    1.58    7.12  0.3157   -2.72    6.33    8.94    4.80    0.79     601
 11.000    1.89    7.86  0.3089   -3.12    7.12    9.80    5.47    0.70     601
 11.500    2.29    8.27  0.2962   -3.46    7.54   10.66    5.65    0.63     599
 12.000    2.72    8.84  0.2760   -3.84    8.16   11.55    6.05    0.61     599
 12.500    3.12    9.57  0.2549   -4.24    8.94   12.45    6.67    0.60     596
 13.000    3.13    9.50  0.2750   -4.27    8.70   12.56    6.39    0.54     594
 13.500    3.11    9.55  0.2890   -4.29    8.68   12.61    6.36    0.56     594
 14.000    3.02    9.65  0.2854   -4.36    8.81   12.60    6.60    0.65     594
 14.500    2.43    9.29  0.2874   -4.03    8.54   11.96    6.48    0.85     573
 15.000    1.08    8.06  0.3134   -3.57    7.43   10.59    5.54    1.01     570
 15.500   -0.47    6.95  0.3160   -3.07    6.26    9.23    4.83    1.19     569
 16.000   -2.33    5.77  0.2909   -2.50    4.97    8.01    4.28    1.14     567
 16.500   -4.34    4.73  0.2471   -1.91    3.92    7.19    3.96    1.02     565
 17.000   -6.30    3.89  0.2362   -1.48    2.95    7.66    3.54    0.65     531
 17.500   -8.22    3.39  0.2237   -1.26    2.23    9.14    3.14    0.37     529
 18.000  -10.11    3.06  0.1773   -1.01    1.78   10.72    2.87    0.10     526
 18.500  -11.90    2.93  0.0869   -0.79    1.63   12.24    2.84   -0.03     525
 19.000  -13.38    2.86  0.0511   -0.61    1.65   13.51    2.85   -0.12     516
 19.500  -14.39    2.68  0.1019   -0.51    1.37   14.52    2.68   -0.17     516
 20.000  -15.37    2.74  0.0942   -0.46    1.38   15.50    2.73   -0.27     513
 20.500  -16.39    2.90  0.0637   -0.39    1.65   16.52    2.89   -0.17     513
 21.000  -17.39    3.14  0.0552   -0.29    1.98   17.52    3.13   -0.09     495
 21.500  -18.18    2.97  0.0429   -0.19    1.69   18.30    2.96   -0.09     492
 22.000  -18.90    2.95  0.0204   -0.09    1.52   19.02    2.93   -0.09     490
 22.500  -19.60    2.98 -0.0033   -0.02    1.49   19.72    2.96   -0.15     488
 23.000  -20.30    3.11 -0.0137    0.02    1.65   20.43    3.07   -0.15     488
 23.500  -21.05    3.33  0.0075    0.07    1.91   21.18    3.29   -0.14     486
 24.000  -21.76    3.67  0.0282    0.14    2.31   21.90    3.63   -0.13     485
 24.500  -22.25    3.67  0.0703    0.17    2.18   22.39    3.64   -0.16     452
 25.000  -22.74    3.52  0.0450    0.21    1.94   22.89    3.49   -0.12     447
 25.500  -23.23    3.50  0.0115    0.19    1.90   23.39    3.45   -0.07     443
 26.000  -23.67    3.56 -0.0135    0.15    2.09   23.83    3.50   -0.06     441
 26.500  -24.10    3.76 -0.0209    0.14    2.42   24.26    3.68   -0.06     440
 27.000  -24.73    4.00 -0.0093    0.06    2.63   24.91    3.86   -0.07     292
 27.500  -25.17    3.89 -0.0316   -0.06    2.46   25.36    3.75   -0.13     269
 28.000  -25.42    3.90 -0.0510   -0.09    2.41   25.63    3.74   -0.15     253
 28.500  -25.83    3.99  0.0335   -0.10    2.27   26.03    3.88   -0.18     242
 29.000  -26.25    4.29  0.0227   -0.09    2.33   26.47    4.19   -0.13     228
 29.500  -26.61    4.61  0.0195   -0.13    2.49   26.84    4.52   -0.08     217
 30.000  -27.01    4.98  0.0051   -0.14    2.77   27.25    4.90   -0.05     213
     T A B L E  I -   9.  W I N D  S T A T I S T I C A L  P A R A M E T E R S
                                 September
 STATION =   912450     WAKE ISLAND
    Z    MEAN U   SD  U  R(U,V)  MEAN V   SD  V MEAN WS  SD  WS SKEW WS    NOBS
    KM     M/S     M/S             M/S     M/S     M/S     M/S                 
  0.005   -4.37    2.65  0.1822   -0.75    2.51    5.28    2.24    0.51     564
  0.500   -5.47    3.27  0.0304   -0.11    2.66    6.41    2.71    0.57     565
  1.000   -5.67    3.60 -0.0417    0.19    2.92    6.75    2.99    0.64     565
  1.500   -5.68    3.89 -0.1006    0.34    3.10    6.87    3.18    0.53     565
  2.000   -5.36    3.84 -0.0979    0.31    3.00    6.61    3.13    0.57     565
  2.500   -5.03    3.86 -0.0788    0.24    3.02    6.38    3.13    0.65     565
  3.000   -4.73    4.00 -0.0470    0.16    3.18    6.19    3.27    0.67     565
  3.500   -4.58    3.98 -0.0276    0.08    3.22    6.15    3.21    0.73     565
  4.000   -4.51    3.86  0.0003    0.00    3.26    6.19    3.09    0.85     565
  4.500   -4.45    3.83  0.0354   -0.10    3.39    6.24    3.07    0.98     565
  5.000   -4.33    3.87  0.0931   -0.23    3.59    6.27    3.07    1.04     565
  5.500   -4.24    4.00  0.1416   -0.34    3.79    6.32    3.12    1.03     565
  6.000   -4.15    4.19  0.1675   -0.45    3.98    6.38    3.24    1.01     565
  6.500   -3.99    4.24  0.2000   -0.62    4.04    6.48    3.20    1.13     565
  7.000   -3.86    4.43  0.2251   -0.75    4.28    6.63    3.34    1.13     565
  7.500   -3.71    4.78  0.2314   -0.86    4.66    6.80    3.65    1.00     565
  8.000   -3.21    5.10  0.2630   -0.96    4.77    7.07    3.67    1.00     564
  8.500   -2.63    5.57  0.3054   -1.07    4.86    7.39    3.75    0.96     564
  9.000   -2.03    6.24  0.3388   -1.15    5.12    7.75    4.03    0.90     564
  9.500   -1.41    7.05  0.3461   -1.19    5.51    8.13    4.48    0.88     564
 10.000   -0.65    7.75  0.3705   -1.18    5.82    8.65    4.76    0.85     564
 10.500    0.18    8.44  0.4020   -1.14    6.16    9.32    5.13    0.81     564
 11.000    0.97    9.26  0.3984   -1.13    6.66    9.96    5.77    0.68     562
 11.500    1.58    9.62  0.4031   -1.21    6.96   10.68    5.85    0.63     562
 12.000    2.14   10.19  0.3956   -1.32    7.49   11.42    6.26    0.64     562
 12.500    2.57   10.94  0.3733   -1.48    8.11   12.12    6.91    0.63     559
 13.000    2.21   10.63  0.3556   -1.80    7.80   12.01    6.52    0.59     557
 13.500    1.74   10.47  0.3344   -2.10    7.62   11.85    6.38    0.57     557
 14.000    1.17   10.44  0.3017   -2.42    7.56   11.64    6.43    0.64     556
 14.500    0.10   10.06  0.2765   -2.61    7.07   11.14    6.19    0.73     533
 15.000   -1.49    8.82  0.2756   -2.61    6.09   10.26    5.35    0.92     532
 15.500   -3.07    7.62  0.2666   -2.61    5.28    9.46    4.89    1.03     531
 16.000   -4.57    6.51  0.2698   -2.53    4.56    8.81    4.72    1.10     529
 16.500   -6.07    5.64  0.2529   -2.33    3.89    8.38    4.83    1.10     528
 17.000   -7.32    4.85  0.2211   -2.00    3.29    8.69    4.49    0.91     488
 17.500   -8.31    3.92  0.1822   -1.57    2.75    9.34    3.69    0.74     488
 18.000   -9.24    3.28  0.2009   -1.13    2.35    9.98    3.14    0.46     487
 18.500  -10.20    3.03  0.1856   -0.75    2.08   10.65    2.97    0.19     485
 19.000  -11.08    3.00  0.1137   -0.46    1.91   11.35    2.97    0.02     474
 19.500  -11.89    2.82  0.0740   -0.35    1.55   12.14    2.78   -0.02     473
 20.000  -12.70    2.86  0.0356   -0.29    1.48   12.94    2.82   -0.03     472
 20.500  -13.57    3.12  0.0089   -0.22    1.70   13.78    3.07   -0.05     472
 21.000  -14.43    3.40  0.0175   -0.12    1.99   14.63    3.34   -0.07     445
 21.500  -15.02    3.28  0.0139   -0.03    1.78   15.23    3.22   -0.08     443
 22.000  -15.60    3.27 -0.0253    0.12    1.73   15.81    3.21   -0.11     441
 22.500  -16.17    3.31 -0.0522    0.21    1.75   16.38    3.25   -0.14     441
 23.000  -16.77    3.41 -0.0819    0.27    1.85   16.97    3.35   -0.18     439
 23.500  -17.36    3.60 -0.0909    0.31    2.07   17.56    3.54   -0.25     437
 24.000  -17.94    3.90 -0.0827    0.37    2.38   18.12    3.84   -0.28     437
 24.500  -18.41    3.90 -0.0813    0.35    2.11   18.59    3.83   -0.28     396
 25.000  -18.91    3.80 -0.0900    0.28    1.84   19.10    3.75   -0.25     391
 25.500  -19.42    3.82 -0.0779    0.24    1.81   19.61    3.78   -0.23     390
 26.000  -19.89    3.99 -0.0497    0.17    1.97   20.08    3.95   -0.20     384
 26.500  -20.36    4.26 -0.0418    0.09    2.33   20.54    4.23   -0.20     383
 27.000  -20.92    4.45 -0.0274    0.08    2.32   21.07    4.43   -0.24     252
 27.500  -21.41    4.42 -0.0007    0.01    2.05   21.56    4.41   -0.28     236
 28.000  -21.64    4.47 -0.0295    0.00    1.97   21.81    4.45   -0.25     230
 28.500  -21.87    4.68 -0.0716   -0.06    1.98   22.04    4.65   -0.18     223
 29.000  -22.04    4.91 -0.0675   -0.02    2.07   22.23    4.88   -0.14     212
 29.500  -22.23    5.04 -0.0978    0.07    2.08   22.42    4.99   -0.20     204
 30.000  -22.44    5.32 -0.0861    0.15    2.26   22.64    5.26   -0.28     192
     T A B L E  I -  10.  W I N D  S T A T I S T I C A L  P A R A M E T E R S
                                   October
 STATION =   912450     WAKE ISLAND
    Z    MEAN U   SD  U  R(U,V)  MEAN V   SD  V MEAN WS  SD  WS SKEW WS    NOBS
    KM     M/S     M/S             M/S     M/S     M/S     M/S                 
  0.005   -5.47    3.08  0.3381   -1.51    2.38    6.42    2.47    0.23     614
  0.500   -6.83    3.88  0.2134   -0.88    2.60    7.77    3.12    0.33     615
  1.000   -6.88    4.20  0.1127   -0.44    2.76    7.92    3.33    0.37     615
  1.500   -6.61    4.48  0.0374   -0.04    2.99    7.77    3.53    0.35     615
  2.000   -6.18    4.44  0.0551    0.04    2.97    7.52    3.35    0.37     615
  2.500   -5.80    4.45  0.0481   -0.06    3.09    7.32    3.28    0.42     615
  3.000   -5.49    4.55  0.0400   -0.17    3.30    7.15    3.33    0.44     615
  3.500   -5.38    4.60  0.0680   -0.27    3.44    7.21    3.35    0.40     615
  4.000   -5.36    4.67  0.0920   -0.45    3.58    7.39    3.36    0.39     615
  4.500   -5.33    4.78  0.0905   -0.61    3.72    7.55    3.37    0.34     615
  5.000   -5.33    5.00  0.0713   -0.77    3.99    7.76    3.50    0.43     615
  5.500   -5.37    5.33  0.0705   -0.90    4.36    8.05    3.73    0.49     615
  6.000   -5.42    5.70  0.0811   -1.03    4.76    8.37    4.03    0.51     615
  6.500   -5.44    6.00  0.1121   -1.24    4.96    8.75    4.19    0.69     615
  7.000   -5.33    6.35  0.1025   -1.43    5.25    9.01    4.44    0.69     615
  7.500   -5.19    6.86  0.0931   -1.68    5.63    9.28    4.83    0.69     615
  8.000   -4.81    7.20  0.1210   -1.81    5.86    9.63    4.85    0.73     615
  8.500   -4.31    7.60  0.1629   -1.88    6.21   10.00    4.93    0.70     615
  9.000   -3.77    8.11  0.1868   -2.04    6.68   10.35    5.24    0.69     615
  9.500   -3.26    8.78  0.1989   -2.16    7.28   10.74    5.73    0.73     615
 10.000   -2.78    9.32  0.1964   -2.26    7.73   11.19    6.04    0.76     615
 10.500   -2.26    9.84  0.1969   -2.36    8.13   11.70    6.31    0.80     615
 11.000   -1.76   10.52  0.2021   -2.46    8.74   12.22    6.87    0.77     613
 11.500   -1.42   10.65  0.2082   -2.66    8.81   12.60    6.71    0.72     612
 12.000   -1.06   10.92  0.2043   -2.89    9.01   12.92    6.84    0.68     612
 12.500   -0.87   11.31  0.1969   -3.14    9.37   13.18    7.29    0.71     609
 13.000   -1.32   10.99  0.1881   -3.43    8.87   13.00    7.04    0.84     606
 13.500   -1.87   10.80  0.1809   -3.72    8.48   12.76    7.04    0.99     606
 14.000   -2.48   10.66  0.1625   -3.96    8.24   12.42    7.26    1.06     606
 14.500   -3.33   10.18  0.1487   -3.92    7.81   11.91    7.22    1.11     588
 15.000   -4.26    9.28  0.1011   -3.78    6.92   11.35    6.72    1.05     583
 15.500   -5.15    8.38  0.0388   -3.66    6.23   10.82    6.34    1.02     579
 16.000   -6.04    7.61  0.0056   -3.50    5.62   10.38    6.09    1.05     574
 16.500   -6.89    6.90 -0.0045   -3.20    5.07    9.92    5.95    1.05     571
 17.000   -7.59    6.07  0.0176   -2.87    4.46    9.80    5.46    0.96     515
 17.500   -7.86    5.22  0.0648   -2.43    3.73    9.57    4.75    0.87     509
 18.000   -8.10    4.42  0.0959   -1.87    3.05    9.30    4.12    0.68     507
 18.500   -8.29    3.88  0.1139   -1.28    2.70    9.06    3.72    0.49     504
 19.000   -8.55    3.52  0.1541   -0.96    2.43    9.05    3.45    0.36     484
 19.500   -8.83    3.22  0.1489   -0.79    2.00    9.28    3.14    0.22     481
 20.000   -9.13    3.13  0.0444   -0.57    1.84    9.54    3.02    0.20     479
 20.500   -9.45    3.28 -0.0057   -0.33    2.05    9.81    3.17    0.14     477
 21.000   -9.85    3.55 -0.0192   -0.17    2.24   10.17    3.45    0.05     452
 21.500  -10.28    3.55 -0.0757   -0.08    1.98   10.59    3.45    0.09     450
 22.000  -10.66    3.54 -0.1092   -0.00    1.86   10.97    3.43    0.06     448
 22.500  -11.02    3.63 -0.0678    0.08    1.77   11.31    3.51    0.05     446
 23.000  -11.35    3.82  0.0097    0.13    1.78   11.64    3.70    0.01     444
 23.500  -11.73    4.03  0.0384    0.19    1.97   12.01    3.91   -0.02     442
 24.000  -12.16    4.35  0.0318    0.28    2.34   12.44    4.24   -0.02     437
 24.500  -12.53    4.20  0.0222    0.32    2.12   12.81    4.10   -0.05     404
 25.000  -12.77    4.15  0.0093    0.31    1.94   13.07    4.03   -0.03     399
 25.500  -13.02    4.31  0.0111    0.30    1.90   13.33    4.16    0.06     392
 26.000  -13.22    4.58  0.0157    0.32    2.08   13.54    4.39    0.15     388
 26.500  -13.40    5.02  0.0379    0.32    2.44   13.73    4.84    0.34     385
 27.000  -13.15    5.22 -0.0068    0.22    2.46   13.48    5.10    0.60     275
 27.500  -12.74    5.38 -0.0241    0.13    2.36   13.18    5.16    0.41     265
 28.000  -12.41    5.61  0.0303    0.09    2.24   13.01    5.16    0.37     252
 28.500  -12.06    5.99  0.0565    0.08    2.26   12.88    5.18    0.37     242
 29.000  -11.78    6.38  0.0776    0.08    2.25   12.75    5.34    0.39     229
 29.500  -11.64    6.63  0.1266    0.12    2.31   12.68    5.53    0.42     222
 30.000  -11.60    6.96  0.1235    0.16    2.45   12.75    5.69    0.53     215
     T A B L E  I -  11.  W I N D  S T A T I S T I C A L  P A R A M E T E R S
                                  November
 STATION =   912450     WAKE ISLAND
    Z    MEAN U   SD  U  R(U,V)  MEAN V   SD  V MEAN WS  SD  WS SKEW WS    NOBS
    KM     M/S     M/S             M/S     M/S     M/S     M/S                 
  0.005   -6.33    2.72  0.3625   -2.13    2.91    7.27    2.76    0.10     634
  0.500   -7.70    3.54  0.3516   -1.68    3.13    8.64    3.31    0.26     634
  1.000   -7.74    3.90  0.2519   -1.21    3.17    8.72    3.48    0.21     634
  1.500   -7.52    4.40  0.1513   -0.79    3.46    8.65    3.74    0.29     634
  2.000   -6.85    4.39  0.1572   -0.80    3.35    8.24    3.46    0.50     634
  2.500   -6.26    4.43  0.1757   -0.92    3.36    7.83    3.42    0.61     634
  3.000   -5.71    4.60  0.1700   -1.09    3.56    7.48    3.56    0.60     634
  3.500   -5.36    4.83  0.1614   -1.28    3.72    7.53    3.55    0.68     634
  4.000   -5.14    5.02  0.1655   -1.51    3.87    7.72    3.57    0.79     634
  4.500   -4.86    5.29  0.1740   -1.70    4.15    7.86    3.76    0.88     634
  5.000   -4.63    5.63  0.1791   -1.82    4.55    8.06    4.00    0.79     634
  5.500   -4.42    6.02  0.1830   -1.99    5.01    8.27    4.34    0.82     634
  6.000   -4.18    6.50  0.1887   -2.23    5.50    8.58    4.75    0.89     634
  6.500   -3.63    6.72  0.1850   -2.45    5.69    8.92    4.68    0.94     634
  7.000   -3.07    7.10  0.1859   -2.62    6.05    9.24    4.77    0.88     634
  7.500   -2.41    7.59  0.1825   -2.74    6.55    9.49    5.08    0.88     634
  8.000   -1.77    7.98  0.1861   -2.97    6.69    9.90    5.11    0.89     633
  8.500   -1.11    8.47  0.1852   -3.35    6.89   10.52    5.22    0.92     633
  9.000   -0.44    9.12  0.1931   -3.69    7.21   11.13    5.58    0.88     633
  9.500    0.24    9.82  0.1973   -3.97    7.64   11.68    6.10    0.84     633
 10.000    0.94   10.36  0.2110   -4.10    7.88   12.22    6.33    0.79     633
 10.500    1.67   10.80  0.2213   -4.07    7.93   12.66    6.50    0.82     633
 11.000    2.39   11.38  0.2178   -3.98    8.31   13.06    7.06    0.86     632
 11.500    3.10   11.48  0.1992   -4.12    8.29   13.40    7.17    0.89     630
 12.000    3.69   11.73  0.1810   -4.28    8.54   13.76    7.57    0.86     630
 12.500    4.20   12.04  0.1671   -4.41    8.94   14.03    8.11    0.78     627
 13.000    3.94   11.52  0.1595   -4.57    8.27   13.63    7.53    0.76     624
 13.500    3.58   11.10  0.1528   -4.58    7.72   13.13    7.11    0.83     623
 14.000    3.10   10.82  0.1520   -4.58    7.33   12.56    6.89    0.89     622
 14.500    2.42   10.44  0.1385   -4.41    6.82   11.90    6.48    0.76     599
 15.000    1.50    9.65  0.0904   -4.16    6.09   11.15    5.70    0.71     596
 15.500    0.51    9.07  0.0414   -3.89    5.51   10.41    5.28    0.88     591
 16.000   -0.45    8.47  0.0072   -3.52    5.12    9.59    4.99    1.05     586
 16.500   -1.53    8.00 -0.0010   -3.18    4.95    8.86    5.00    1.21     579
 17.000   -2.59    7.33 -0.0164   -2.85    4.58    8.39    4.69    1.19     547
 17.500   -3.63    6.36 -0.0185   -2.42    3.97    7.98    4.13    1.11     540
 18.000   -4.59    5.59 -0.0182   -1.80    3.33    7.63    3.83    1.07     539
 18.500   -5.38    4.99 -0.0510   -1.22    2.98    7.32    3.74    0.94     535
 19.000   -5.85    4.52 -0.0391   -0.82    2.69    7.16    3.58    0.74     514
 19.500   -5.84    3.94 -0.0059   -0.62    2.26    6.95    3.12    0.54     514
 20.000   -5.77    3.60  0.0216   -0.40    1.99    6.74    2.85    0.42     511
 20.500   -5.72    3.52  0.0436   -0.21    2.14    6.58    2.84    0.32     511
 21.000   -5.65    3.62  0.0577   -0.12    2.18    6.50    2.93    0.37     489
 21.500   -5.80    3.57  0.0244   -0.04    1.90    6.66    2.89    0.39     487
 22.000   -5.94    3.54  0.0097    0.00    1.84    6.82    2.88    0.21     483
 22.500   -6.03    3.63 -0.0015    0.07    2.01    6.97    2.98    0.24     480
 23.000   -6.12    3.82 -0.0144    0.13    2.17    7.09    3.14    0.31     478
 23.500   -6.21    4.12 -0.0127    0.16    2.40    7.21    3.41    0.39     477
 24.000   -6.25    4.51  0.0030    0.20    2.70    7.30    3.71    0.44     470
 24.500   -6.17    4.66  0.0161    0.19    2.36    7.43    3.58    0.55     455
 25.000   -6.10    4.93  0.0377    0.17    2.17    7.57    3.59    0.61     452
 25.500   -6.00    5.38  0.0777    0.20    2.15    7.76    3.69    0.69     445
 26.000   -5.82    5.94  0.1131    0.24    2.31    7.93    3.89    0.73     438
 26.500   -5.67    6.58  0.1397    0.25    2.70    8.17    4.16    0.74     431
 27.000   -4.90    7.26  0.1711    0.24    2.68    8.38    4.06    0.75     325
 27.500   -4.25    7.70  0.1465    0.14    2.61    8.59    4.02    0.67     317
 28.000   -3.55    8.01  0.1393    0.06    2.57    8.66    4.04    0.68     309
 28.500   -3.17    8.00  0.1925    0.10    2.62    8.61    4.01    0.79     300
 29.000   -2.78    8.16  0.1986    0.00    2.78    8.67    4.11    0.89     285
 29.500   -2.71    8.23  0.2498   -0.06    2.96    8.66    4.35    1.01     270
 30.000   -2.13    8.73  0.2470   -0.09    3.17    8.72    4.86    1.20     265
     T A B L E  I -  12.  W I N D  S T A T I S T I C A L  P A R A M E T E R S
                                  December
 STATION =   912450     WAKE ISLAND
    Z    MEAN U   SD  U  R(U,V)  MEAN V   SD  V MEAN WS  SD  WS SKEW WS    NOBS
    KM     M/S     M/S             M/S     M/S     M/S     M/S                 
  0.005   -5.54    3.29  0.3424   -1.91    2.98    6.75    2.92    0.09     659
  0.500   -6.60    4.24  0.2703   -1.31    3.04    7.87    3.48    0.14     662
  1.000   -6.48    4.70  0.1711   -0.72    3.00    7.88    3.66    0.31     662
  1.500   -6.11    5.13  0.0839   -0.20    3.18    7.68    3.91    0.35     662
  2.000   -5.13    5.16  0.0250   -0.28    3.10    7.29    3.59    0.48     663
  2.500   -4.13    5.55  0.0073   -0.53    3.17    7.08    3.47    0.65     663
  3.000   -3.19    5.98  0.0165   -0.73    3.46    6.89    3.58    0.83     663
  3.500   -2.38    6.22  0.0096   -0.95    3.63    6.97    3.57    0.89     663
  4.000   -1.70    6.44 -0.0022   -1.05    3.77    7.23    3.54    0.98     663
  4.500   -0.99    6.71 -0.0185   -1.24    4.06    7.52    3.69    1.01     663
  5.000   -0.26    7.10  0.0046   -1.33    4.59    7.89    4.05    1.12     663
  5.500    0.35    7.46 -0.0005   -1.39    5.23    8.23    4.54    1.13     663
  6.000    0.96    7.79 -0.0207   -1.53    5.70    8.55    4.92    1.14     662
  6.500    1.49    7.85 -0.0238   -1.82    5.76    8.90    4.95    1.23     662
  7.000    1.95    8.08 -0.0236   -2.10    6.09    9.30    5.25    1.36     662
  7.500    2.43    8.35 -0.0281   -2.28    6.57    9.66    5.65    1.34     662
  8.000    2.95    8.43 -0.0344   -2.58    6.57    9.98    5.76    1.36     662
  8.500    3.49    8.49 -0.0389   -2.95    6.55   10.31    5.92    1.45     662
  9.000    4.05    8.59 -0.0399   -3.33    6.65   10.65    6.13    1.47     661
  9.500    4.60    8.82 -0.0364   -3.66    6.96   11.01    6.49    1.39     661
 10.000    5.11    8.92 -0.0352   -3.93    7.11   11.37    6.70    1.35     661
 10.500    5.62    8.95 -0.0331   -4.10    7.28   11.74    6.88    1.38     661
 11.000    6.08    9.12 -0.0261   -4.23    7.75   12.08    7.29    1.28     661
 11.500    6.31    9.12 -0.0095   -4.21    7.66   12.28    7.25    1.23     660
 12.000    6.48    9.25  0.0038   -4.12    7.74   12.43    7.36    1.16     660
 12.500    6.68    9.48  0.0200   -4.03    7.99   12.52    7.62    1.07     659
 13.000    6.63    9.25  0.0326   -3.73    7.27   12.19    7.18    1.11     656
 13.500    6.53    8.98  0.0287   -3.44    6.66   11.77    6.77    1.13     656
 14.000    6.39    8.82  0.0185   -3.14    6.33   11.35    6.54    1.20     656
 14.500    5.95    8.54  0.0316   -2.82    6.09   10.80    6.23    1.16     634
 15.000    5.18    8.08  0.0419   -2.48    5.53   10.10    5.66    1.16     631
 15.500    4.34    7.68  0.0389   -2.16    5.16    9.40    5.17    1.14     628
 16.000    3.44    7.41  0.0298   -1.81    4.97    8.74    4.82    1.10     625
 16.500    2.44    7.27  0.0030   -1.44    4.90    8.10    4.63    1.00     618
 17.000    1.11    6.92 -0.0119   -1.09    4.50    7.51    4.15    0.89     575
 17.500   -0.43    6.47 -0.0175   -0.78    3.93    7.01    3.79    0.88     571
 18.000   -1.98    5.94 -0.0189   -0.46    3.53    6.66    3.61    0.93     569
 18.500   -3.48    5.53 -0.0070   -0.22    3.28    6.52    3.74    0.99     564
 19.000   -4.29    5.12  0.0129   -0.07    2.90    6.37    3.77    0.88     551
 19.500   -4.41    4.63  0.0155   -0.01    2.40    6.14    3.47    0.84     551
 20.000   -4.40    4.23  0.0186    0.02    2.19    5.90    3.23    0.89     551
 20.500   -4.31    3.99  0.0321    0.03    2.25    5.61    3.13    0.87     551
 21.000   -4.14    3.78  0.0545   -0.01    2.22    5.39    2.97    0.82     527
 21.500   -3.99    3.57  0.1003   -0.02    2.01    5.35    2.74    0.86     525
 22.000   -3.83    3.53  0.1077    0.06    1.89    5.32    2.60    1.02     520
 22.500   -3.70    3.56  0.0620    0.18    1.94    5.31    2.56    1.20     515
 23.000   -3.57    3.69  0.0358    0.28    2.17    5.32    2.60    1.34     513
 23.500   -3.43    3.94  0.0336    0.38    2.51    5.38    2.70    1.23     512
 24.000   -3.29    4.32  0.0482    0.53    2.95    5.52    2.92    1.04     485
 24.500   -3.07    4.50  0.0626    0.50    2.73    5.73    2.78    1.06     472
 25.000   -2.87    4.87  0.0911    0.49    2.63    5.97    2.82    1.08     470
 25.500   -2.57    5.37  0.1177    0.52    2.69    6.21    3.00    1.03     468
 26.000   -2.32    5.94  0.1586    0.55    2.91    6.47    3.34    1.03     466
 26.500   -2.08    6.70  0.2218    0.64    3.27    6.88    3.79    1.01     446
 27.000   -1.38    7.31  0.2779    0.62    3.24    7.38    3.92    0.95     327
 27.500   -0.81    7.95  0.2953    0.53    3.10    7.88    4.26    1.16     320
 28.000   -0.14    8.72  0.3202    0.47    3.08    8.48    4.74    1.39     313
 28.500    0.35    9.24  0.3364    0.27    3.07    8.85    5.18    1.53     297
 29.000    0.31    9.61  0.3103    0.04    3.09    9.10    5.49    1.51     275
 29.500    0.47    9.96  0.3374    0.03    3.43    9.36    5.84    1.61     261
 30.000    0.67   10.55  0.3320   -0.07    3.81    9.70    6.40    1.72     255
     T A B L E  I -  13.  W I N D  S T A T I S T I C A L  P A R A M E T E R S
                                    Annual
 STATION =   912450     WAKE ISLAND
    Z    MEAN U   SD  U  R(U,V)  MEAN V   SD  V MEAN WS  SD  WS SKEW WS    NOBS
    KM     M/S     M/S             M/S     M/S     M/S     M/S                 
  0.005   -4.99    3.05  0.3409   -1.30    2.90    6.15    2.55    0.36    7766
  0.500   -5.94    3.88  0.2530   -0.68    2.95    7.23    2.96    0.37    7785
  1.000   -5.75    4.32  0.1490   -0.19    2.90    7.23    3.09    0.44    7785
  1.500   -5.34    4.79  0.0732    0.19    3.01    7.07    3.31    0.48    7785
  2.000   -4.55    4.97  0.0592    0.11    2.89    6.84    3.08    0.56    7788
  2.500   -3.75    5.31  0.0545   -0.07    2.95    6.66    3.07    0.68    7788
  3.000   -2.97    5.76  0.0448   -0.26    3.17    6.52    3.31    0.78    7788
  3.500   -2.31    6.07  0.0445   -0.44    3.26    6.63    3.40    0.89    7789
  4.000   -1.72    6.33  0.0478   -0.61    3.34    6.86    3.47    1.02    7789
  4.500   -1.13    6.64  0.0452   -0.76    3.56    7.10    3.68    1.11    7789
  5.000   -0.54    7.03  0.0492   -0.90    3.89    7.37    4.02    1.15    7789
  5.500    0.03    7.49  0.0499   -1.03    4.30    7.67    4.45    1.16    7789
  6.000    0.58    7.97  0.0448   -1.19    4.69    8.02    4.89    1.13    7788
  6.500    1.15    8.28  0.0383   -1.44    4.84    8.54    5.09    1.17    7788
  7.000    1.73    8.67  0.0304   -1.69    5.21    9.05    5.47    1.14    7788
  7.500    2.32    9.16  0.0237   -1.92    5.75    9.56    5.98    1.09    7788
  8.000    3.00    9.47  0.0263   -2.16    5.90   10.18    6.18    1.08    7784
  8.500    3.72    9.81  0.0411   -2.40    6.07   10.84    6.40    1.06    7782
  9.000    4.45   10.26  0.0615   -2.63    6.40   11.51    6.79    1.02    7780
  9.500    5.18   10.83  0.0793   -2.84    6.90   12.20    7.33    0.99    7778
 10.000    5.94   11.28  0.1030   -2.99    7.21   12.95    7.65    0.95    7773
 10.500    6.71   11.73  0.1373   -3.09    7.52   13.76    7.95    0.92    7770
 11.000    7.46   12.30  0.1618   -3.18    8.10   14.54    8.48    0.87    7759
 11.500    8.07   12.52  0.1877   -3.19    8.21   15.18    8.55    0.84    7745
 12.000    8.62   12.86  0.2083   -3.20    8.54   15.78    8.83    0.81    7744
 12.500    9.09   13.27  0.2220   -3.20    9.00   16.29    9.24    0.77    7705
 13.000    9.01   13.04  0.2339   -3.15    8.51   16.12    8.88    0.76    7686
 13.500    8.85   12.89  0.2418   -3.08    8.16   15.86    8.67    0.77    7681
 14.000    8.61   12.83  0.2440   -3.00    7.98   15.52    8.61    0.78    7677
 14.500    7.92   12.46  0.2421   -2.83    7.58   14.78    8.26    0.79    7440
 15.000    6.68   11.68  0.2327   -2.63    6.75   13.61    7.47    0.87    7408
 15.500    5.35   10.97  0.2079   -2.43    6.05   12.40    6.81    0.93    7367
 16.000    3.89   10.30  0.1768   -2.18    5.47   11.16    6.22    0.97    7324
 16.500    2.32    9.71  0.1344   -1.92    5.04    9.96    5.75    0.99    7279
 17.000    0.68    9.04  0.1241   -1.62    4.50    9.18    4.99    1.00    6774
 17.500   -0.95    8.28  0.1155   -1.33    3.87    8.68    4.19    0.89    6729
 18.000   -2.55    7.59  0.0935   -1.01    3.28    8.27    3.82    0.63    6706
 18.500   -4.08    7.07  0.0643   -0.71    2.90    7.95    4.02    0.50    6676
 19.000   -5.22    6.78  0.0531   -0.50    2.58    7.96    4.33    0.49    6472
 19.500   -5.94    6.59  0.0650   -0.39    2.17    8.20    4.47    0.52    6458
 20.000   -6.61    6.54  0.0701   -0.28    1.98    8.45    4.78    0.56    6444
 20.500   -7.26    6.66  0.0625   -0.18    2.09    8.73    5.26    0.55    6431
 21.000   -7.84    6.88  0.0400   -0.12    2.15    9.08    5.69    0.57    6155
 21.500   -8.29    6.96  0.0241   -0.08    1.91    9.46    5.83    0.56    6131
 22.000   -8.74    7.09  0.0086   -0.03    1.79    9.86    6.03    0.53    6100
 22.500   -9.18    7.29 -0.0036    0.01    1.81   10.27    6.25    0.51    6077
 23.000   -9.62    7.53 -0.0112    0.06    1.95   10.68    6.52    0.48    6054
 23.500  -10.04    7.85 -0.0135    0.10    2.19   11.09    6.83    0.45    6030
 24.000  -10.58    8.22 -0.0127    0.16    2.52   11.61    7.19    0.41    5899
 24.500  -10.58    8.46 -0.0104    0.15    2.33   11.76    7.27    0.46    5572
 25.000  -10.73    8.75 -0.0038    0.15    2.20   12.07    7.39    0.45    5530
 25.500  -10.85    9.14  0.0066    0.17    2.26   12.38    7.56    0.44    5485
 26.000  -10.97    9.57  0.0227    0.18    2.50   12.69    7.77    0.42    5441
 26.500  -11.33    9.99  0.0583    0.22    2.89   13.16    8.02    0.37    5295
 27.000  -10.72   10.62  0.0665    0.13    2.90   13.10    8.16    0.48    3705
 27.500  -10.45   10.99  0.0934    0.10    2.73   13.23    8.16    0.50    3553
 28.000  -10.28   11.36  0.1074    0.09    2.65   13.44    8.18    0.51    3432
 28.500  -10.32   11.69  0.1088    0.08    2.62   13.71    8.29    0.52    3276
 29.000  -10.36   12.01  0.0921    0.05    2.65   13.95    8.43    0.53    3102
 29.500  -10.41   12.30  0.0860    0.02    2.77   14.18    8.58    0.53    2971
 30.000  -10.42   12.70  0.0822    0.02    2.96   14.41    8.78    0.53    2856
