       72402     37.85N  75.48W
     T A B L E  I -   1.  W I N D  S T A T I S T I C A L  P A R A M E T E R S
                                   January
 STATION =   724020     WALLOP ISLAND, VA
    Z    MEAN U   SD  U  R(U,V)  MEAN V   SD  V MEAN WS  SD  WS SKEW WS    NOBS
    KM     M/S     M/S             M/S     M/S     M/S     M/S                 
  0.000    0.00    0.00  0.0000    0.00    0.00    0.00    0.00    0.00       0
  0.004    0.99    3.11  0.1486   -0.69    3.51    3.91    2.86    1.51    1220
  0.500    5.26    7.70  0.0580   -1.26    9.09   11.78    5.81    0.74    1225
  1.000    7.68    7.34  0.0618   -0.61    9.16   12.67    6.14    0.87    1225
  1.500    9.98    6.62  0.0716   -0.17    8.96   13.76    5.93    0.65    1225
  2.000   12.32    6.50  0.0389    0.22    9.06   15.52    6.02    0.50    1225
  2.500   14.75    6.86  0.0557    0.56    9.53   17.69    6.60    0.45    1224
  3.000   17.09    7.52  0.0717    0.98   10.10   19.98    7.27    0.38    1222
  3.500   19.24    8.32  0.0817    1.30   10.76   22.19    8.06    0.34    1222
  4.000   21.33    9.10  0.0867    1.57   11.53   24.39    8.91    0.35    1223
  4.500   23.31    9.90  0.0896    1.84   12.31   26.48    9.80    0.39    1223
  5.000   25.20   10.83  0.1015    2.06   13.27   28.60   10.76    0.43    1222
  5.500   27.19   11.74  0.1221    2.32   14.14   30.76   11.70    0.42    1221
  6.000   29.07   12.80  0.1301    2.65   15.10   32.90   12.73    0.39    1220
  6.500   30.84   13.66  0.1394    2.93   15.95   34.88   13.62    0.38    1216
  7.000   32.74   14.44  0.1464    3.21   16.88   36.99   14.42    0.33    1215
  7.500   34.64   15.14  0.1500    3.62   17.67   39.09   15.07    0.29    1214
  8.000   36.48   15.80  0.1383    3.74   18.31   41.10   15.56    0.23    1212
  8.500   38.35   16.33  0.1303    3.77   18.92   43.08   15.99    0.17    1209
  9.000   40.11   16.80  0.1215    3.74   19.62   44.94   16.48    0.14    1205
  9.500   41.71   17.01  0.1168    3.90   19.90   46.52   16.68    0.12    1203
 10.000   43.21   17.07  0.1026    3.82   19.84   47.86   16.69    0.10    1202
 10.500   44.34   16.95  0.1047    3.71   19.54   48.71   16.65    0.12    1199
 11.000   45.13   16.60  0.0975    3.39   18.79   49.10   16.38    0.14    1195
 11.500   45.59   15.94  0.0932    2.82   17.57   49.02   15.78    0.14    1188
 12.000   45.26   15.05  0.1042    2.53   16.38   48.25   14.93    0.11    1180
 12.500   44.01   13.90  0.1238    2.39   14.82   46.54   13.89    0.10    1179
 13.000   42.39   13.13  0.1528    2.33   13.58   44.62   13.11    0.13    1175
 13.500   40.78   12.51  0.1410    2.16   12.48   42.74   12.44    0.08    1172
 14.000   39.00   11.79  0.1486    2.32   11.66   40.82   11.70    0.10    1166
 14.500   37.33   11.22  0.1752    2.28   10.84   38.97   11.23    0.11    1162
 15.000   35.58   10.69  0.1946    2.15   10.16   37.09   10.69    0.12    1155
 15.500   33.40   10.32  0.1916    1.78    9.75   34.85   10.37    0.10    1151
 16.000   31.26    9.94  0.1978    1.42    9.20   32.59   10.08    0.15    1142
 16.500   29.04    9.22  0.1988    1.38    8.34   30.25    9.31    0.18    1112
 17.000   26.69    8.65  0.2211    1.34    7.55   27.80    8.69    0.21    1107
 17.500   24.57    8.37  0.2351    1.04    7.03   25.63    8.37    0.31    1091
 18.000   22.18    8.23  0.2213    0.68    6.78   23.25    8.22    0.31    1083
 18.500   19.90    8.00  0.2377    0.52    6.45   20.95    7.99    0.48    1069
 19.000   17.89    8.04  0.3022    0.45    6.08   18.98    7.99    0.69    1055
 19.500   16.16    7.99  0.3156    0.58    5.81   17.27    7.93    0.76    1050
 20.000   14.78    8.09  0.3485    0.55    5.66   15.92    8.03    0.95    1036
 20.500   13.64    8.18  0.3830    0.47    5.50   14.80    8.06    0.93    1025
 21.000   12.56    8.53  0.4101    0.30    5.40   13.93    8.18    1.04    1012
 21.500   11.70    8.87  0.3978    0.19    5.49   13.33    8.32    1.13    1006
 22.000   10.93    9.21  0.4356    0.11    5.62   12.90    8.46    1.22     991
 22.500   10.39    9.60  0.4852    0.11    5.73   12.72    8.55    1.33     983
 23.000    9.89   10.17  0.5141    0.12    5.94   12.71    8.74    1.38     978
 23.500    9.63   10.73  0.5153    0.22    6.24   12.90    9.01    1.35     975
 24.000    9.44   11.26  0.5684    0.32    6.33   13.08    9.28    1.43     957
 24.500    9.35   11.88  0.5971    0.27    6.47   13.46    9.52    1.47     937
 25.000    9.33   12.67  0.5965    0.31    6.82   14.03    9.94    1.42     927
 25.500    9.48   13.26  0.5946    0.18    7.11   14.61   10.21    1.36     915
 26.000    9.73   14.05  0.5798    0.17    7.51   15.32   10.70    1.33     906
 26.500    9.83   14.83  0.5835    0.25    7.73   15.95   11.06    1.33     872
 27.000   10.14   15.41  0.5882    0.33    8.02   16.58   11.42    1.26     844
 27.500   10.60   16.02  0.6037    0.53    8.36   17.25   11.91    1.16     826
 28.000   10.94   16.89  0.6015    0.69    8.82   18.13   12.48    1.25     799
 28.500   11.13   17.58  0.5778    0.58    9.31   18.79   12.98    1.28     746
 29.000   11.42   18.47  0.5831    0.24    9.48   19.63   13.35    1.18     682
 29.500   11.58   19.04  0.5741    0.11    9.68   20.11   13.69    1.25     632
 30.000   11.82   19.75  0.5542   -0.19   10.01   20.76   14.14    1.18     559
     T A B L E  I -   2.  W I N D  S T A T I S T I C A L  P A R A M E T E R S
                                  February
 STATION =   724020     WALLOP ISLAND, VA
    Z    MEAN U   SD  U  R(U,V)  MEAN V   SD  V MEAN WS  SD  WS SKEW WS    NOBS
    KM     M/S     M/S             M/S     M/S     M/S     M/S                 
  0.000    0.00    0.00  0.0000    0.00    0.00    0.00    0.00    0.00       0
  0.004    0.85    3.26  0.2656   -0.59    3.62    4.03    2.92    1.48    1160
  0.500    4.94    8.04  0.1230   -1.65    8.64   11.52    5.88    0.61    1161
  1.000    7.50    7.85  0.0931   -1.47    8.56   12.44    6.28    0.75    1160
  1.500    9.71    7.27  0.0652   -1.24    8.56   13.55    6.24    0.64    1160
  2.000   12.04    7.16  0.0851   -0.88    8.79   15.32    6.35    0.41    1160
  2.500   14.41    7.50  0.1068   -0.54    9.11   17.36    6.81    0.23    1159
  3.000   16.52    8.09  0.1218   -0.36    9.58   19.34    7.52    0.17    1156
  3.500   18.72    8.81  0.1105   -0.20   10.05   21.49    8.25    0.18    1153
  4.000   20.82    9.63  0.1006   -0.17   10.58   23.58    9.11    0.24    1151
  4.500   22.87   10.55  0.1164   -0.09   11.24   25.72    9.98    0.26    1151
  5.000   24.80   11.36  0.1386    0.04   12.09   27.78   10.90    0.29    1150
  5.500   26.58   12.23  0.1558    0.34   12.99   29.77   11.81    0.31    1147
  6.000   28.46   12.89  0.1606    0.52   13.84   31.81   12.50    0.31    1145
  6.500   30.34   13.84  0.1676    0.72   14.67   33.90   13.42    0.29    1145
  7.000   32.30   14.70  0.1636    1.03   15.55   36.03   14.30    0.28    1143
  7.500   34.25   15.52  0.1622    1.25   16.37   38.18   15.03    0.25    1141
  8.000   36.24   16.29  0.1533    1.46   17.07   40.33   15.72    0.20    1137
  8.500   38.16   17.01  0.1512    1.58   17.68   42.35   16.38    0.20    1133
  9.000   40.02   17.65  0.1493    1.59   18.12   44.24   16.94    0.19    1131
  9.500   41.91   18.05  0.1405    1.52   18.46   46.11   17.33    0.17    1130
 10.000   43.55   18.29  0.1363    1.24   18.62   47.63   17.64    0.14    1127
 10.500   44.85   18.17  0.1391    1.05   18.58   48.76   17.63    0.11    1120
 11.000   45.63   17.85  0.1373    0.67   17.88   49.17   17.47    0.08    1116
 11.500   45.58   17.05  0.1306    0.37   16.81   48.65   16.94    0.08    1114
 12.000   44.87   16.15  0.1474    0.24   15.64   47.53   16.16    0.17    1112
 12.500   43.56   15.20  0.1874    0.31   14.30   45.89   15.15    0.29    1104
 13.000   42.40   14.34  0.2082    0.27   13.02   44.37   14.35    0.31    1100
 13.500   40.85   13.61  0.1782    0.24   11.96   42.60   13.57    0.26    1097
 14.000   39.07   12.81  0.1730    0.24   11.09   40.66   12.72    0.24    1095
 14.500   37.31   12.31  0.1844    0.19   10.24   38.77   12.16    0.24    1090
 15.000   35.27   11.53  0.1556   -0.06    9.69   36.62   11.43    0.22    1088
 15.500   33.01   10.85  0.1629   -0.10    9.26   34.33   10.75    0.17    1088
 16.000   30.68   10.18  0.1757   -0.09    8.70   31.93   10.10    0.24    1083
 16.500   28.39    9.74  0.1921   -0.17    8.03   29.58    9.58    0.33    1066
 17.000   25.84    9.09  0.1834   -0.27    7.18   26.95    8.84    0.38    1056
 17.500   23.59    8.70  0.1537   -0.36    6.60   24.64    8.40    0.44    1055
 18.000   21.25    8.55  0.1270   -0.43    6.20   22.29    8.26    0.43    1051
 18.500   19.12    8.28  0.1380   -0.44    5.93   20.14    8.05    0.52    1038
 19.000   16.99    8.26  0.1953   -0.34    5.52   18.07    7.93    0.69    1034
 19.500   15.26    8.23  0.2098   -0.63    5.34   16.42    7.87    0.79    1025
 20.000   13.62    8.26  0.2193   -0.71    5.02   14.87    7.74    0.94    1015
 20.500   12.28    8.34  0.2101   -0.66    5.00   13.68    7.68    1.03    1010
 21.000   11.12    8.33  0.2656   -0.65    4.77   12.66    7.56    1.12    1001
 21.500   10.05    8.46  0.2609   -0.75    4.65   11.79    7.52    1.30     991
 22.000    9.40    8.89  0.2660   -0.93    4.60   11.52    7.62    1.45     985
 22.500    8.80    9.16  0.2924   -0.90    4.69   11.33    7.57    1.53     977
 23.000    8.37    9.49  0.3454   -0.77    4.95   11.31    7.66    1.60     966
 23.500    7.94    9.96  0.3631   -0.90    5.08   11.30    7.87    1.64     957
 24.000    7.63   10.41  0.4042   -0.98    5.13   11.49    7.91    1.64     944
 24.500    7.63   10.93  0.4323   -0.87    5.33   11.85    8.21    1.67     932
 25.000    7.76   11.44  0.4640   -0.86    5.37   12.23    8.51    1.66     919
 25.500    7.90   12.01  0.4625   -0.89    5.48   12.65    8.86    1.61     906
 26.000    7.98   12.62  0.4705   -0.86    5.66   13.04    9.29    1.51     893
 26.500    8.33   12.99  0.4928   -1.01    5.97   13.52    9.63    1.50     851
 27.000    8.65   13.44  0.5064   -1.04    6.12   14.03    9.89    1.48     819
 27.500    9.11   14.10  0.5138   -0.97    6.30   14.71   10.32    1.45     792
 28.000    9.77   14.60  0.5128   -0.93    6.55   15.51   10.63    1.45     760
 28.500   10.35   14.97  0.5233   -1.05    6.83   16.16   10.90    1.44     712
 29.000   10.96   15.42  0.5393   -1.03    7.06   16.92   11.10    1.37     659
 29.500   11.66   15.82  0.5324   -0.97    7.38   17.76   11.27    1.19     574
 30.000   12.37   16.30  0.4950   -0.92    7.57   18.41   11.77    1.03     502
     T A B L E  I -   3.  W I N D  S T A T I S T I C A L  P A R A M E T E R S
                                     March
 STATION =   724020     WALLOP ISLAND, VA
    Z    MEAN U   SD  U  R(U,V)  MEAN V   SD  V MEAN WS  SD  WS SKEW WS    NOBS
    KM     M/S     M/S             M/S     M/S     M/S     M/S                 
  0.000    0.00    0.00  0.0000    0.00    0.00    0.00    0.00    0.00       0
  0.004    0.26    3.42  0.1703   -0.01    3.90    4.32    2.89    1.13    1286
  0.500    3.71    7.70  0.0595   -0.74    9.04   11.04    5.86    0.73    1285
  1.000    6.32    7.26  0.0549   -0.91    8.90   11.68    6.10    0.83    1285
  1.500    8.43    6.81  0.0816   -0.96    8.78   12.67    5.94    0.63    1283
  2.000   10.22    6.95  0.0737   -1.17    8.82   13.99    6.09    0.36    1282
  2.500   12.00    7.42  0.0374   -1.12    9.19   15.52    6.64    0.23    1282
  3.000   13.73    8.11  0.0360   -0.96    9.77   17.30    7.17    0.18    1281
  3.500   15.29    8.69  0.0223   -0.89   10.34   18.94    7.68    0.17    1280
  4.000   16.83    9.47 -0.0027   -0.86   10.92   20.52    8.50    0.20    1278
  4.500   18.33   10.32 -0.0128   -0.87   11.49   22.15    9.23    0.26    1278
  5.000   19.80   11.23 -0.0174   -0.94   12.09   23.74   10.10    0.30    1276
  5.500   21.26   12.08  0.0020   -0.93   12.61   25.25   10.99    0.34    1276
  6.000   22.80   12.85  0.0353   -0.91   13.34   26.90   11.85    0.37    1275
  6.500   24.25   13.72  0.0399   -0.83   14.22   28.63   12.69    0.42    1275
  7.000   25.76   14.54  0.0459   -0.71   15.09   30.40   13.40    0.46    1275
  7.500   27.38   15.32  0.0628   -0.52   16.03   32.28   14.13    0.44    1273
  8.000   28.90   16.14  0.0780   -0.31   16.88   34.11   14.78    0.40    1268
  8.500   30.42   16.88  0.0795   -0.19   17.67   35.88   15.38    0.38    1268
  9.000   32.00   17.29  0.0814   -0.20   18.37   37.51   15.92    0.33    1263
  9.500   33.35   17.78  0.0867   -0.32   18.88   38.96   16.38    0.27    1261
 10.000   34.57   17.84  0.0857   -0.29   19.15   40.09   16.57    0.23    1258
 10.500   35.54   17.83  0.0755   -0.28   19.05   40.84   16.63    0.20    1256
 11.000   36.08   17.55  0.0820   -0.64   18.69   41.09   16.51    0.20    1254
 11.500   36.09   16.93  0.0872   -0.90   17.63   40.57   16.02    0.24    1249
 12.000   35.72   16.08  0.1093   -1.14   16.47   39.67   15.32    0.29    1245
 12.500   34.77   14.94  0.1189   -1.17   14.82   38.08   14.33    0.30    1243
 13.000   33.32   13.71  0.1323   -1.20   13.22   36.14   13.06    0.32    1238
 13.500   32.10   12.53  0.1234   -1.20   11.90   34.44   12.07    0.21    1232
 14.000   30.70   11.55  0.1135   -1.31   11.08   32.82   11.15    0.15    1228
 14.500   29.23   10.79  0.0864   -1.34   10.33   31.18   10.41    0.11    1221
 15.000   27.66   10.25  0.1102   -1.31    9.79   29.52    9.84    0.10    1215
 15.500   25.95    9.78  0.1063   -1.31    9.03   27.68    9.34    0.15    1212
 16.000   24.11    9.23  0.0785   -1.34    8.49   25.77    8.79    0.17    1209
 16.500   21.95    8.66  0.0892   -1.21    7.77   23.49    8.25    0.17    1196
 17.000   20.02    8.19  0.1084   -1.01    7.27   21.51    7.80    0.23    1194
 17.500   18.00    7.74  0.1143   -1.06    6.79   19.44    7.39    0.32    1190
 18.000   16.07    7.33  0.1234   -1.00    6.32   17.50    6.91    0.39    1185
 18.500   14.21    7.11  0.1314   -1.05    5.87   15.64    6.62    0.37    1176
 19.000   12.41    6.72  0.1132   -1.06    5.51   13.93    6.15    0.51    1165
 19.500   10.87    6.38  0.1064   -1.07    5.20   12.45    5.79    0.58    1161
 20.000    9.52    6.41  0.1476   -1.00    4.93   11.22    5.70    0.83    1153
 20.500    8.42    6.53  0.1552   -0.94    4.69   10.28    5.59    0.84    1151
 21.000    7.47    6.40  0.1845   -0.81    4.34    9.37    5.43    0.98    1137
 21.500    6.75    6.36  0.1915   -0.78    4.23    8.85    5.21    1.16    1130
 22.000    6.31    6.49  0.2114   -0.88    4.16    8.61    5.20    1.35    1122
 22.500    5.88    6.76  0.2432   -0.93    4.12    8.47    5.26    1.46    1114
 23.000    5.54    6.89  0.2353   -1.02    4.01    8.31    5.24    1.39    1103
 23.500    5.46    7.16  0.2752   -0.94    4.06    8.43    5.30    1.29    1098
 24.000    5.47    7.49  0.2913   -0.89    3.95    8.53    5.49    1.25    1080
 24.500    5.66    7.68  0.2743   -0.89    4.01    8.82    5.57    1.21    1070
 25.000    5.90    7.88  0.2721   -0.92    4.07    9.15    5.62    1.27    1056
 25.500    6.32    8.24  0.2786   -1.00    4.08    9.56    5.93    1.21    1043
 26.000    6.82    8.70  0.2808   -0.99    4.14   10.09    6.25    1.08    1032
 26.500    7.36    9.09  0.2892   -0.79    4.20   10.61    6.55    1.00    1006
 27.000    8.30    9.62  0.2952   -0.78    4.25   11.47    7.01    0.96     967
 27.500    9.41   10.23  0.2730   -0.80    4.41   12.48    7.62    0.92     937
 28.000   10.23   10.81  0.3094   -0.84    4.56   13.38    8.06    0.90     908
 28.500   11.11   10.89  0.3338   -0.66    4.56   13.93    8.39    0.83     856
 29.000   12.30   11.47  0.3159   -0.58    4.52   14.93    9.04    0.81     806
 29.500   13.49   11.95  0.2823   -0.58    4.64   16.03    9.53    0.75     727
 30.000   14.99   12.51  0.2821   -0.69    4.72   17.39   10.12    0.68     639
     T A B L E  I -   4.  W I N D  S T A T I S T I C A L  P A R A M E T E R S
                                     April
 STATION =   724020     WALLOP ISLAND, VA
    Z    MEAN U   SD  U  R(U,V)  MEAN V   SD  V MEAN WS  SD  WS SKEW WS    NOBS
    KM     M/S     M/S             M/S     M/S     M/S     M/S                 
  0.000    0.00    0.00  0.0000    0.00    0.00    0.00    0.00    0.00       0
  0.004    0.34    3.52  0.2717    0.60    4.21    4.66    2.99    1.16    1217
  0.500    3.68    7.54  0.2209    0.21    8.87   10.96    5.46    0.56    1217
  1.000    5.76    7.35  0.2361   -0.38    8.40   11.27    5.61    0.68    1216
  1.500    7.38    7.20  0.2017   -0.70    7.96   11.93    5.32    0.52    1216
  2.000    8.72    7.13  0.1555   -0.92    8.14   12.83    5.49    0.37    1215
  2.500   10.06    7.32  0.1242   -1.13    8.66   14.00    5.96    0.34    1214
  3.000   11.29    7.68  0.1097   -1.25    9.13   15.18    6.43    0.35    1213
  3.500   12.63    8.26  0.1015   -1.27    9.70   16.53    7.13    0.38    1210
  4.000   13.81    8.96  0.1015   -1.16   10.39   17.85    7.89    0.53    1210
  4.500   14.92    9.46  0.1029   -1.18   10.91   19.00    8.48    0.45    1210
  5.000   16.03    9.88  0.0950   -1.16   11.56   20.20    9.05    0.55    1210
  5.500   17.04   10.38  0.0917   -1.13   12.22   21.33    9.71    0.63    1210
  6.000   18.02   10.94  0.0854   -1.18   12.85   22.40   10.45    0.69    1207
  6.500   19.02   11.59  0.0636   -1.20   13.54   23.62   11.13    0.68    1207
  7.000   20.01   12.21  0.0635   -1.16   14.30   24.89   11.68    0.65    1206
  7.500   21.05   12.92  0.0521   -1.16   15.08   26.20   12.36    0.60    1200
  8.000   22.09   13.53  0.0470   -1.28   15.95   27.60   12.90    0.53    1196
  8.500   23.18   14.13  0.0396   -1.31   16.83   29.01   13.48    0.51    1194
  9.000   24.26   14.67  0.0287   -1.48   17.68   30.37   14.02    0.47    1193
  9.500   25.33   15.30  0.0259   -1.55   18.26   31.62   14.58    0.45    1192
 10.000   26.42   15.62  0.0347   -1.68   18.56   32.73   14.79    0.39    1190
 10.500   27.54   15.78  0.0442   -1.79   18.67   33.66   15.06    0.35    1190
 11.000   28.09   15.76  0.0565   -2.18   18.31   33.94   15.08    0.36    1183
 11.500   28.32   15.37  0.0573   -2.48   17.73   33.77   14.85    0.34    1180
 12.000   28.30   14.80  0.0581   -2.56   16.54   33.11   14.30    0.38    1180
 12.500   27.60   13.63  0.0663   -2.61   14.63   31.64   13.04    0.39    1178
 13.000   26.43   12.25  0.0663   -2.40   12.66   29.70   11.62    0.32    1178
 13.500   25.15   10.77  0.0490   -2.08   11.44   27.94   10.22    0.25    1171
 14.000   24.06    9.84  0.0443   -1.94   10.70   26.58    9.39    0.21    1167
 14.500   23.00    9.20  0.0443   -2.00    9.88   25.25    8.90    0.16    1166
 15.000   21.50    8.58  0.0528   -1.96    9.28   23.61    8.34    0.18    1163
 15.500   19.87    8.07  0.0669   -1.70    8.83   21.93    7.83    0.30    1160
 16.000   18.19    7.69  0.0631   -1.52    8.27   20.16    7.45    0.20    1156
 16.500   16.52    7.07  0.0709   -1.40    7.52   18.34    6.76    0.28    1144
 17.000   14.52    6.62  0.0495   -1.41    7.04   16.37    6.31    0.43    1141
 17.500   12.62    6.21  0.0514   -1.41    6.59   14.48    5.93    0.57    1135
 18.000   10.96    5.79  0.0729   -1.27    6.18   12.78    5.61    0.65    1128
 18.500    9.37    5.53  0.0759   -1.13    5.59   11.13    5.24    0.69    1125
 19.000    8.00    5.35  0.0619   -0.91    5.20    9.86    4.93    0.93    1117
 19.500    6.68    5.05  0.1028   -0.87    4.76    8.61    4.55    1.06    1112
 20.000    5.51    4.89  0.1221   -0.78    4.26    7.49    4.27    1.29    1107
 20.500    4.54    4.89  0.1783   -0.70    3.97    6.65    4.15    1.44    1105
 21.000    3.67    4.92  0.2011   -0.62    3.80    6.12    3.99    1.53    1093
 21.500    3.03    4.84  0.2254   -0.49    3.65    5.75    3.71    1.52    1084
 22.000    2.61    5.04  0.2023   -0.55    3.43    5.67    3.63    1.59    1074
 22.500    2.20    5.12  0.1926   -0.54    3.37    5.66    3.46    1.66    1071
 23.000    2.01    5.43  0.1740   -0.60    3.21    5.73    3.53    1.73    1062
 23.500    1.92    5.61  0.1524   -0.40    3.24    5.79    3.61    1.76    1056
 24.000    1.99    5.72  0.1608   -0.54    3.17    5.78    3.74    1.54    1042
 24.500    2.18    5.90  0.1615   -0.60    3.18    6.09    3.72    1.40    1033
 25.000    2.51    6.33  0.1881   -0.46    3.37    6.56    4.00    1.42    1018
 25.500    2.90    6.62  0.2185   -0.45    3.36    6.89    4.17    1.32    1001
 26.000    3.24    6.95  0.2328   -0.55    3.41    7.22    4.40    1.16     990
 26.500    3.70    7.34  0.1958   -0.58    3.49    7.66    4.66    1.07     978
 27.000    4.45    7.89  0.1969   -0.72    3.64    8.38    5.11    0.99     931
 27.500    5.17    8.32  0.1902   -0.66    3.90    9.08    5.44    1.09     912
 28.000    5.86    8.62  0.1636   -0.66    3.87    9.68    5.57    1.00     888
 28.500    6.54    8.98  0.1740   -0.49    4.04   10.24    5.99    0.89     842
 29.000    7.44    9.25  0.2331   -0.34    4.16   10.98    6.22    0.76     797
 29.500    8.43    9.52  0.2391   -0.20    4.43   11.80    6.57    0.68     728
 30.000    9.50    9.81  0.1884   -0.12    4.70   12.67    6.99    0.70     660
     T A B L E  I -   5.  W I N D  S T A T I S T I C A L  P A R A M E T E R S
                                       May
 STATION =   724020     WALLOP ISLAND, VA
    Z    MEAN U   SD  U  R(U,V)  MEAN V   SD  V MEAN WS  SD  WS SKEW WS    NOBS
    KM     M/S     M/S             M/S     M/S     M/S     M/S                 
  0.000    0.00    0.00  0.0000    0.00    0.00    0.00    0.00    0.00       0
  0.004   -0.09    3.34  0.3972    0.84    3.64    4.23    2.68    1.13    1316
  0.500    2.65    6.97  0.3046    0.12    6.79    8.95    4.73    0.75    1316
  1.000    4.14    7.22  0.2679   -0.55    6.45    9.34    4.97    0.81    1316
  1.500    5.30    7.05  0.2095   -0.82    6.26    9.69    4.91    0.64    1315
  2.000    6.46    7.14  0.1796   -1.02    6.47   10.51    5.08    0.50    1315
  2.500    7.55    7.47  0.1595   -1.27    6.80   11.45    5.48    0.49    1315
  3.000    8.60    7.87  0.1636   -1.50    7.24   12.49    5.91    0.46    1313
  3.500    9.61    8.38  0.1617   -1.42    7.62   13.48    6.43    0.42    1313
  4.000   10.53    8.94  0.1734   -1.39    8.09   14.48    7.05    0.45    1311
  4.500   11.41    9.46  0.1592   -1.38    8.50   15.40    7.59    0.48    1310
  5.000   12.24    9.93  0.1670   -1.41    8.97   16.32    8.09    0.51    1309
  5.500   13.08   10.50  0.1690   -1.46    9.47   17.30    8.64    0.54    1308
  6.000   13.83   11.05  0.1616   -1.55    9.98   18.22    9.15    0.58    1307
  6.500   14.70   11.67  0.1461   -1.54   10.59   19.30    9.77    0.63    1307
  7.000   15.55   12.37  0.1453   -1.58   11.23   20.36   10.48    0.66    1307
  7.500   16.45   12.98  0.1477   -1.55   12.00   21.47   11.16    0.65    1304
  8.000   17.28   13.64  0.1513   -1.54   12.77   22.61   11.82    0.63    1304
  8.500   18.11   14.28  0.1621   -1.58   13.49   23.74   12.40    0.61    1302
  9.000   18.84   14.94  0.1633   -1.61   14.32   24.87   12.96    0.59    1301
  9.500   19.64   15.57  0.1576   -1.81   15.09   25.98   13.57    0.53    1301
 10.000   20.54   16.04  0.1501   -2.07   15.74   27.17   13.95    0.49    1301
 10.500   21.33   16.46  0.1409   -2.11   16.34   28.21   14.23    0.42    1300
 11.000   21.92   16.72  0.1471   -2.53   16.47   28.88   14.35    0.32    1299
 11.500   22.55   16.73  0.1410   -2.92   16.23   29.29   14.31    0.28    1298
 12.000   22.78   16.33  0.1435   -3.34   15.68   29.08   14.05    0.26    1298
 12.500   22.43   15.44  0.1360   -3.43   14.51   28.05   13.40    0.29    1297
 13.000   21.44   14.06  0.1460   -3.38   13.11   26.39   12.13    0.25    1297
 13.500   20.32   12.58  0.1611   -3.21   11.31   24.43   10.73    0.25    1294
 14.000   19.08   11.22  0.1863   -3.11   10.03   22.57    9.57    0.21    1292
 14.500   17.66   10.15  0.1668   -2.98    9.36   20.89    8.78    0.12    1290
 15.000   16.33    9.40  0.1652   -2.89    8.56   19.23    8.26    0.16    1289
 15.500   14.80    8.68  0.1170   -3.00    7.93   17.59    7.64    0.23    1287
 16.000   13.16    7.70  0.1308   -2.77    7.48   15.91    6.68    0.24    1283
 16.500   11.50    7.05  0.1980   -2.61    6.98   14.20    6.02    0.19    1261
 17.000    9.88    6.37  0.1776   -2.53    6.26   12.51    5.39    0.38    1258
 17.500    8.22    5.89  0.1833   -2.41    5.85   10.96    4.88    0.44    1255
 18.000    6.61    5.49  0.1816   -1.98    5.32    9.44    4.31    0.57    1255
 18.500    5.29    4.95  0.1954   -1.81    4.89    8.08    3.89    0.59    1255
 19.000    3.98    4.46  0.2145   -1.59    4.52    6.98    3.34    0.54    1246
 19.500    2.91    4.25  0.2331   -1.43    4.12    6.16    3.04    0.64    1243
 20.000    1.93    3.98  0.2354   -1.19    3.76    5.41    2.73    0.76    1242
 20.500    1.24    3.89  0.2204   -1.06    3.44    4.93    2.51    0.75    1240
 21.000    0.60    3.88  0.1818   -1.06    3.23    4.65    2.46    0.89    1234
 21.500   -0.01    3.81  0.1625   -0.96    3.02    4.45    2.35    0.89    1228
 22.000   -0.37    3.88  0.1587   -0.97    3.04    4.60    2.38    0.85    1223
 22.500   -0.71    3.90  0.1552   -1.03    2.80    4.58    2.29    0.78    1215
 23.000   -0.92    4.08  0.0847   -1.02    2.86    4.69    2.48    0.96    1207
 23.500   -1.08    4.09  0.1161   -1.13    2.79    4.70    2.46    0.88    1201
 24.000   -1.37    4.30  0.1405   -1.21    2.82    4.83    2.62    1.02    1191
 24.500   -1.55    4.45  0.1133   -1.17    3.03    5.12    2.79    1.05    1172
 25.000   -1.55    4.57  0.1450   -1.00    3.00    5.24    2.72    0.89    1160
 25.500   -1.41    4.77  0.0879   -1.01    3.18    5.41    2.84    0.95    1148
 26.000   -1.28    4.95  0.0823   -1.03    3.30    5.55    2.95    0.90    1141
 26.500   -1.01    5.12  0.0512   -0.99    3.41    5.61    3.02    0.90    1132
 27.000   -0.89    5.26  0.1069   -0.99    3.34    5.66    3.04    0.81    1038
 27.500   -0.57    5.66  0.1120   -0.92    3.40    5.87    3.29    0.97    1021
 28.000   -0.32    5.88  0.1134   -0.78    3.48    6.15    3.25    0.83     997
 28.500    0.09    6.29  0.0730   -0.84    3.77    6.50    3.63    0.91     970
 29.000    0.13    6.34  0.0545   -0.83    4.02    6.59    3.87    1.05     926
 29.500    0.21    6.56  0.0752   -0.69    4.08    6.73    4.04    1.05     870
 30.000    0.50    6.83  0.0583   -0.48    4.32    7.01    4.21    1.09     801
     T A B L E  I -   6.  W I N D  S T A T I S T I C A L  P A R A M E T E R S
                                      June
 STATION =   724020     WALLOP ISLAND, VA
    Z    MEAN U   SD  U  R(U,V)  MEAN V   SD  V MEAN WS  SD  WS SKEW WS    NOBS
    KM     M/S     M/S             M/S     M/S     M/S     M/S                 
  0.000    0.00    0.00  0.0000    0.00    0.00    0.00    0.00    0.00       0
  0.004    0.35    2.86  0.2478    1.13    3.28    3.85    2.34    0.84    1227
  0.500    2.66    5.55  0.1335    0.38    5.74    7.53    3.85    0.68    1227
  1.000    3.64    5.43  0.1530   -0.44    5.10    7.40    3.80    0.71    1227
  1.500    4.45    5.49  0.1372   -0.77    4.94    7.75    3.89    0.48    1226
  2.000    5.32    5.73  0.0950   -1.00    5.28    8.47    4.30    0.43    1226
  2.500    6.09    6.01  0.0634   -1.09    5.56    9.07    4.82    0.58    1224
  3.000    6.62    6.32  0.0700   -1.10    5.82    9.60    5.20    0.64    1224
  3.500    7.12    6.66  0.0878   -1.16    6.08   10.18    5.49    0.69    1222
  4.000    7.73    6.96  0.0788   -1.23    6.43   10.87    5.77    0.65    1221
  4.500    8.26    7.26  0.0772   -1.31    6.81   11.52    6.07    0.63    1219
  5.000    8.80    7.66  0.0832   -1.34    7.12   12.15    6.41    0.71    1218
  5.500    9.47    8.01  0.0729   -1.26    7.36   12.82    6.75    0.80    1218
  6.000   10.03    8.37  0.0733   -1.29    7.63   13.43    7.08    0.78    1216
  6.500   10.63    8.78  0.0717   -1.40    8.02   14.20    7.46    0.81    1215
  7.000   11.32    9.25  0.0845   -1.45    8.43   15.04    7.84    0.79    1215
  7.500   12.01    9.86  0.0963   -1.40    9.02   15.93    8.44    0.80    1214
  8.000   12.62   10.38  0.1140   -1.26    9.73   16.85    8.95    0.80    1211
  8.500   13.41   10.96  0.1453   -1.18   10.52   17.94    9.54    0.74    1208
  9.000   14.15   11.64  0.1681   -1.22   11.30   18.98   10.26    0.71    1206
  9.500   14.83   12.36  0.1753   -1.34   12.15   20.03   10.99    0.66    1206
 10.000   15.52   13.10  0.1852   -1.38   13.09   21.17   11.78    0.62    1203
 10.500   16.25   13.71  0.1886   -1.51   14.04   22.25   12.52    0.62    1201
 11.000   16.91   14.21  0.2000   -1.72   14.91   23.33   13.00    0.58    1200
 11.500   17.43   14.61  0.2079   -1.90   15.54   24.18   13.38    0.53    1200
 12.000   17.76   14.73  0.2000   -2.19   15.64   24.61   13.32    0.46    1197
 12.500   17.73   14.57  0.2262   -2.38   15.11   24.38   12.93    0.40    1197
 13.000   17.17   13.91  0.2472   -2.70   13.86   23.40   11.95    0.39    1194
 13.500   16.24   12.81  0.2381   -2.95   12.35   21.82   10.73    0.43    1190
 14.000   15.06   11.53  0.2304   -3.23   11.02   20.08    9.48    0.43    1189
 14.500   13.45   10.40  0.2165   -3.46    9.79   18.15    8.35    0.43    1186
 15.000   11.80    9.38  0.1775   -3.59    8.51   16.12    7.35    0.57    1185
 15.500   10.13    8.41  0.1616   -3.34    7.74   14.19    6.68    0.64    1183
 16.000    8.46    7.53  0.1596   -3.16    6.93   12.37    5.93    0.66    1181
 16.500    6.70    6.82  0.1430   -3.00    6.23   10.52    5.38    0.67    1177
 17.000    5.11    6.03  0.1446   -2.58    5.65    9.01    4.63    0.63    1153
 17.500    3.56    5.48  0.1713   -2.32    4.86    7.60    3.94    0.81    1151
 18.000    2.05    4.98  0.1138   -2.09    4.30    6.45    3.46    0.98    1150
 18.500    0.74    4.66  0.1085   -1.72    3.95    5.65    3.16    1.13    1149
 19.000   -0.54    4.35  0.1200   -1.58    3.64    5.27    2.82    0.75    1144
 19.500   -1.59    4.13  0.0898   -1.37    3.16    5.15    2.53    0.48    1141
 20.000   -2.53    3.91  0.0470   -1.24    3.01    5.26    2.48    0.60    1139
 20.500   -3.43    3.68  0.1133   -1.07    2.71    5.31    2.59    0.55    1131
 21.000   -4.13    3.74  0.0472   -0.92    2.71    5.60    2.86    0.59    1125
 21.500   -4.88    3.52  0.0218   -0.89    2.62    6.04    2.82    0.38    1119
 22.000   -5.48    3.49  0.0799   -0.82    2.63    6.51    2.90    0.45    1116
 22.500   -6.12    3.59  0.0460   -0.93    2.51    7.03    3.06    0.51    1113
 23.000   -6.57    3.62  0.0311   -0.92    2.50    7.43    3.06    0.33    1109
 23.500   -6.98    3.51  0.0707   -0.91    2.47    7.69    3.14    0.25    1102
 24.000   -7.34    3.62  0.0338   -0.87    2.45    8.00    3.20    0.09    1095
 24.500   -7.67    3.66 -0.0021   -0.82    2.57    8.32    3.27    0.10    1084
 25.000   -7.88    3.74  0.0284   -0.83    2.63    8.57    3.33    0.28    1074
 25.500   -8.07    3.85  0.0285   -0.84    2.62    8.78    3.38    0.24    1060
 26.000   -8.33    3.83  0.0029   -0.81    2.52    8.97    3.40    0.07    1048
 26.500   -8.60    3.90  0.0232   -0.78    2.51    9.21    3.48    0.16    1040
 27.000   -8.90    3.95 -0.0362   -0.63    2.63    9.45    3.59    0.09    1012
 27.500   -9.21    4.06 -0.0247   -0.61    2.75    9.78    3.72    0.08     982
 28.000   -9.52    4.19 -0.0472   -0.38    2.78   10.09    3.88    0.18     963
 28.500   -9.83    4.27 -0.0465   -0.48    2.74   10.44    3.83    0.05     935
 29.000  -10.19    4.41 -0.0397   -0.31    2.97   10.82    4.01    0.07     906
 29.500  -10.35    4.43  0.0228   -0.12    3.04   10.98    4.05   -0.02     845
 30.000  -10.62    4.69  0.0340    0.06    3.05   11.23    4.34    0.06     801
     T A B L E  I -   7.  W I N D  S T A T I S T I C A L  P A R A M E T E R S
                                      July
 STATION =   724020     WALLOP ISLAND, VA
    Z    MEAN U   SD  U  R(U,V)  MEAN V   SD  V MEAN WS  SD  WS SKEW WS    NOBS
    KM     M/S     M/S             M/S     M/S     M/S     M/S                 
  0.000    0.00    0.00  0.0000    0.00    0.00    0.00    0.00    0.00       0
  0.004    0.46    2.61  0.3478    1.35    3.11    3.62    2.31    0.89    1148
  0.500    2.64    5.07  0.2670    0.73    5.16    6.88    3.60    0.91    1148
  1.000    3.67    4.85  0.2455    0.03    4.70    6.83    3.57    0.95    1147
  1.500    4.55    4.70  0.2128   -0.34    4.59    7.13    3.67    0.83    1146
  2.000    5.48    4.79  0.1571   -0.49    4.77    7.81    3.92    0.68    1143
  2.500    6.31    5.02  0.1361   -0.58    5.07    8.57    4.24    0.65    1142
  3.000    7.00    5.27  0.1548   -0.56    5.30    9.21    4.56    0.64    1141
  3.500    7.47    5.39  0.1419   -0.49    5.57    9.73    4.68    0.58    1141
  4.000    7.91    5.51  0.1624   -0.50    5.73   10.18    4.78    0.52    1141
  4.500    8.41    5.73  0.1660   -0.49    5.94   10.74    4.93    0.54    1140
  5.000    8.96    5.91  0.1419   -0.45    6.26   11.36    5.08    0.48    1139
  5.500    9.47    6.21  0.1137   -0.47    6.49   11.93    5.39    0.48    1138
  6.000   10.00    6.57  0.1090   -0.44    6.85   12.57    5.70    0.54    1137
  6.500   10.55    6.99  0.1265   -0.50    7.23   13.30    6.06    0.54    1131
  7.000   11.19    7.58  0.1220   -0.60    7.75   14.18    6.56    0.52    1130
  7.500   11.84    8.06  0.1262   -0.56    8.34   15.01    7.08    0.45    1128
  8.000   12.38    8.66  0.1328   -0.44    9.02   15.92    7.57    0.44    1124
  8.500   12.82    9.13  0.1724   -0.35    9.89   16.77    8.10    0.44    1123
  9.000   13.38    9.75  0.2002   -0.34   10.74   17.72    8.73    0.46    1120
  9.500   13.88   10.39  0.2085   -0.51   11.57   18.68    9.28    0.46    1116
 10.000   14.39   10.96  0.2325   -0.78   12.40   19.67    9.76    0.44    1113
 10.500   15.00   11.57  0.2412   -1.01   13.16   20.71   10.23    0.37    1111
 11.000   15.47   12.20  0.2440   -1.22   13.94   21.65   10.74    0.33    1109
 11.500   15.94   12.73  0.2466   -1.60   14.60   22.59   11.09    0.28    1108
 12.000   16.21   13.14  0.2419   -2.01   14.94   23.16   11.30    0.23    1105
 12.500   16.25   13.35  0.2560   -2.59   14.79   23.26   11.27    0.23    1104
 13.000   15.89   13.07  0.2466   -2.77   13.98   22.64   10.81    0.22    1104
 13.500   15.19   12.41  0.2315   -2.91   12.79   21.39   10.12    0.24    1100
 14.000   14.19   11.42  0.2201   -2.81   11.40   19.65    9.23    0.27    1100
 14.500   12.82   10.32  0.1839   -2.67   10.01   17.64    8.32    0.32    1096
 15.000   11.09    9.31  0.1400   -2.67    8.86   15.53    7.48    0.38    1095
 15.500    9.20    8.06  0.1032   -2.41    7.66   13.25    6.38    0.46    1091
 16.000    7.29    6.94  0.1001   -2.00    6.69   11.17    5.28    0.49    1089
 16.500    5.48    6.12  0.1212   -1.71    6.05    9.35    4.55    0.58    1088
 17.000    3.88    5.36  0.1376   -1.48    5.32    7.86    3.78    0.54    1064
 17.500    2.34    4.84  0.1508   -1.29    4.60    6.66    3.13    0.59    1060
 18.000    0.71    4.39  0.1565   -1.13    4.08    5.67    2.81    0.65    1059
 18.500   -0.81    4.05  0.1581   -0.86    3.60    5.11    2.57    0.70    1057
 19.000   -2.13    3.74  0.1310   -0.78    3.22    4.86    2.56    0.75    1054
 19.500   -3.44    3.36  0.0943   -0.65    2.80    5.21    2.44    0.61    1054
 20.000   -4.65    3.06  0.0600   -0.61    2.63    5.81    2.49    0.35    1051
 20.500   -5.73    2.93  0.0472   -0.66    2.47    6.55    2.48    0.34    1048
 21.000   -6.78    2.91  0.0624   -0.64    2.44    7.32    2.73    0.29    1045
 21.500   -7.61    2.83 -0.0090   -0.54    2.29    8.04    2.69    0.22    1031
 22.000   -8.40    2.70 -0.0028   -0.61    2.26    8.79    2.60    0.16    1029
 22.500   -9.18    2.66 -0.0323   -0.68    2.27    9.56    2.56    0.12    1025
 23.000   -9.89    2.63 -0.0321   -0.63    2.30   10.23    2.55    0.07    1022
 23.500  -10.50    2.64 -0.0588   -0.67    2.21   10.81    2.56    0.10    1018
 24.000  -11.22    2.67 -0.0611   -0.73    2.32   11.52    2.62   -0.05    1011
 24.500  -11.85    2.68 -0.0636   -0.68    2.45   12.15    2.63    0.09     996
 25.000  -12.32    2.75 -0.0260   -0.64    2.28   12.61    2.68   -0.10     992
 25.500  -12.79    2.73  0.0225   -0.68    2.36   13.09    2.66   -0.10     980
 26.000  -13.28    2.79  0.0242   -0.69    2.39   13.57    2.73   -0.07     967
 26.500  -13.76    3.00 -0.0108   -0.50    2.47   14.03    2.95   -0.07     956
 27.000  -14.23    3.17 -0.0792   -0.49    2.53   14.48    3.12   -0.03     942
 27.500  -14.72    3.13 -0.0648   -0.46    2.62   14.98    3.09   -0.19     909
 28.000  -15.11    3.25 -0.0920   -0.43    2.50   15.37    3.18   -0.14     892
 28.500  -15.55    3.26 -0.1166   -0.28    2.62   15.82    3.21   -0.36     866
 29.000  -15.74    3.19 -0.0524   -0.09    2.72   16.02    3.17   -0.16     831
 29.500  -16.10    3.20 -0.0609   -0.29    2.72   16.37    3.15    0.13     774
 30.000  -16.36    3.30 -0.0328   -0.35    2.90   16.65    3.25    0.04     707
     T A B L E  I -   8.  W I N D  S T A T I S T I C A L  P A R A M E T E R S
                                    August
 STATION =   724020     WALLOP ISLAND, VA
    Z    MEAN U   SD  U  R(U,V)  MEAN V   SD  V MEAN WS  SD  WS SKEW WS    NOBS
    KM     M/S     M/S             M/S     M/S     M/S     M/S                 
  0.000    0.00    0.00  0.0000    0.00    0.00    0.00    0.00    0.00       0
  0.004   -0.11    2.62  0.4051    0.81    3.17    3.44    2.39    1.17    1239
  0.500    0.94    5.41  0.3516    0.41    5.39    6.75    3.78    1.06    1239
  1.000    1.82    5.37  0.3341   -0.36    5.05    6.59    3.83    1.26    1239
  1.500    2.65    5.34  0.2564   -0.60    5.00    6.80    3.86    1.10    1239
  2.000    3.55    5.32  0.1973   -0.68    5.04    7.14    4.03    0.96    1237
  2.500    4.30    5.46  0.1904   -0.62    5.23    7.64    4.26    0.85    1237
  3.000    4.86    5.70  0.2249   -0.43    5.40    8.11    4.47    0.79    1236
  3.500    5.32    5.82  0.2251   -0.31    5.46    8.46    4.58    0.64    1236
  4.000    5.79    6.06  0.2222   -0.13    5.68    8.94    4.81    0.66    1235
  4.500    6.26    6.18  0.2242   -0.01    6.11    9.53    4.93    0.60    1234
  5.000    6.76    6.37  0.2377    0.07    6.45   10.11    5.11    0.53    1232
  5.500    7.24    6.72  0.2648    0.14    6.78   10.72    5.41    0.57    1230
  6.000    7.88    6.98  0.2700    0.06    7.17   11.42    5.65    0.51    1230
  6.500    8.53    7.22  0.2639    0.18    7.63   12.22    5.89    0.46    1228
  7.000    9.18    7.52  0.2720    0.30    8.19   12.96    6.37    0.42    1228
  7.500    9.85    7.97  0.2743    0.44    8.83   13.83    6.92    0.44    1225
  8.000   10.43    8.29  0.2952    0.68    9.50   14.65    7.39    0.50    1222
  8.500   10.99    8.77  0.3077    0.84   10.27   15.58    7.88    0.49    1219
  9.000   11.57    9.43  0.3169    1.04   11.16   16.67    8.44    0.47    1214
  9.500   12.28   10.00  0.3228    1.32   12.04   17.78    9.04    0.47    1212
 10.000   12.90   10.54  0.3287    1.63   12.99   18.87    9.69    0.47    1211
 10.500   13.56   11.09  0.3295    1.77   13.95   20.06   10.14    0.43    1208
 11.000   14.28   11.52  0.3371    1.72   14.84   21.12   10.68    0.38    1206
 11.500   14.84   11.83  0.3379    1.43   15.24   21.86   10.87    0.36    1204
 12.000   15.17   12.12  0.3470    1.06   15.25   22.22   10.89    0.31    1204
 12.500   15.34   12.04  0.3605    0.55   14.83   22.08   10.65    0.28    1205
 13.000   15.08   11.67  0.3643   -0.05   13.76   21.30   10.08    0.25    1204
 13.500   14.32   10.87  0.3616   -0.23   12.52   19.92    9.23    0.27    1202
 14.000   13.26    9.96  0.3434   -0.47   11.00   18.16    8.25    0.33    1200
 14.500   12.22    9.15  0.2874   -0.72    9.73   16.49    7.60    0.41    1195
 15.000   10.66    8.06  0.2339   -0.95    8.61   14.50    6.69    0.48    1193
 15.500    9.11    7.00  0.2398   -1.10    7.44   12.48    5.84    0.47    1191
 16.000    7.51    6.24  0.2306   -1.04    6.35   10.61    5.09    0.52    1191
 16.500    5.94    5.56  0.1981   -1.01    5.70    9.00    4.40    0.51    1189
 17.000    4.34    5.07  0.1908   -0.99    4.97    7.59    3.73    0.54    1168
 17.500    2.89    4.46  0.1827   -0.85    4.51    6.46    3.08    0.56    1166
 18.000    1.45    4.22  0.1902   -0.60    3.98    5.55    2.69    0.48    1166
 18.500    0.18    3.83  0.1699   -0.57    3.56    4.89    2.32    0.65    1163
 19.000   -1.10    3.62  0.1306   -0.48    3.26    4.49    2.35    0.75    1159
 19.500   -2.36    3.46  0.1229   -0.54    3.05    4.81    2.42    0.80    1158
 20.000   -3.38    3.29  0.1282   -0.55    2.81    5.15    2.40    0.57    1154
 20.500   -4.47    3.14  0.0528   -0.52    2.63    5.67    2.50    0.38    1151
 21.000   -5.36    3.12 -0.0458   -0.68    2.59    6.22    2.69    0.37    1142
 21.500   -6.30    3.00 -0.0331   -0.66    2.46    6.97    2.68    0.31    1135
 22.000   -7.04    2.90 -0.0267   -0.72    2.43    7.62    2.70    0.33    1134
 22.500   -7.77    2.94 -0.0270   -0.76    2.38    8.29    2.77    0.27    1129
 23.000   -8.41    2.88 -0.0811   -0.73    2.40    8.89    2.71    0.18    1125
 23.500   -9.05    2.99 -0.0365   -0.67    2.43    9.50    2.80    0.13    1122
 24.000   -9.62    3.03 -0.0706   -0.66    2.37   10.03    2.84    0.03    1109
 24.500  -10.19    3.19 -0.0596   -0.73    2.43   10.56    3.05   -0.09    1090
 25.000  -10.77    3.19 -0.0465   -0.68    2.44   11.13    3.09   -0.02    1083
 25.500  -11.21    3.30 -0.0264   -0.45    2.48   11.57    3.18   -0.06    1071
 26.000  -11.63    3.42  0.0185   -0.53    2.53   11.99    3.29   -0.13    1065
 26.500  -11.93    3.50  0.0034   -0.46    2.46   12.26    3.39    0.02    1056
 27.000  -12.36    3.63 -0.0544   -0.53    2.51   12.66    3.52   -0.01    1049
 27.500  -12.87    3.75 -0.1329   -0.50    2.55   13.17    3.65   -0.05    1001
 28.000  -13.03    3.73 -0.1627   -0.37    2.67   13.38    3.60   -0.03     985
 28.500  -13.37    3.87 -0.0645   -0.44    2.89   13.77    3.70    0.01     956
 29.000  -13.68    3.99 -0.0519   -0.39    2.82   14.05    3.84   -0.07     935
 29.500  -13.89    4.06 -0.0312   -0.30    2.93   14.27    3.91    0.02     894
 30.000  -14.12    4.15 -0.0090   -0.40    3.16   14.54    4.02   -0.02     846
     T A B L E  I -   9.  W I N D  S T A T I S T I C A L  P A R A M E T E R S
                                 September
 STATION =   724020     WALLOP ISLAND, VA
    Z    MEAN U   SD  U  R(U,V)  MEAN V   SD  V MEAN WS  SD  WS SKEW WS    NOBS
    KM     M/S     M/S             M/S     M/S     M/S     M/S                 
  0.000    0.00    0.00  0.0000    0.00    0.00    0.00    0.00    0.00       0
  0.004   -0.43    3.00  0.3861    0.11    3.32    3.62    2.66    1.51    1199
  0.500    0.19    6.34  0.2602   -0.24    6.58    7.96    4.53    1.00    1199
  1.000    1.39    6.35  0.1820   -0.20    6.15    7.71    4.60    1.16    1199
  1.500    2.58    6.10  0.0893   -0.25    6.05    7.77    4.51    1.02    1198
  2.000    3.63    6.32  0.0945   -0.13    6.26    8.40    4.70    0.86    1198
  2.500    4.58    6.60  0.0966    0.10    6.43    8.93    5.12    0.80    1197
  3.000    5.36    7.04  0.0945    0.31    6.78    9.69    5.55    0.79    1193
  3.500    6.25    7.35  0.1163    0.48    7.09   10.40    5.99    0.76    1192
  4.000    7.00    7.59  0.1372    0.79    7.46   11.11    6.33    0.76    1189
  4.500    7.80    7.87  0.1576    1.00    7.78   11.85    6.67    0.79    1189
  5.000    8.60    8.20  0.1707    1.08    8.01   12.59    6.96    0.79    1185
  5.500    9.36    8.55  0.1741    1.28    8.29   13.31    7.38    0.80    1183
  6.000   10.20    8.97  0.1779    1.48    8.63   14.15    7.81    0.81    1183
  6.500   10.97    9.30  0.2069    1.80    9.12   15.02    8.28    0.91    1182
  7.000   11.74    9.68  0.2154    1.97    9.69   15.94    8.74    0.91    1182
  7.500   12.60   10.10  0.2400    2.29   10.25   16.92    9.23    0.93    1182
  8.000   13.47   10.52  0.2619    2.63   10.98   18.08    9.69    0.92    1180
  8.500   14.27   10.97  0.2564    2.98   11.75   19.24   10.10    0.85    1178
  9.000   15.22   11.52  0.2685    3.34   12.56   20.53   10.61    0.75    1177
  9.500   16.18   12.12  0.2698    3.56   13.33   21.83   11.08    0.70    1174
 10.000   17.14   12.64  0.2624    3.80   14.13   23.18   11.47    0.59    1171
 10.500   18.05   13.12  0.2583    4.04   14.94   24.45   11.85    0.52    1170
 11.000   18.93   13.55  0.2641    4.06   15.76   25.66   12.22    0.46    1169
 11.500   19.74   13.75  0.2515    4.04   16.10   26.55   12.30    0.42    1167
 12.000   20.32   13.73  0.2547    3.89   15.99   26.94   12.16    0.37    1165
 12.500   20.47   13.51  0.2594    3.56   15.52   26.73   11.90    0.34    1165
 13.000   20.08   12.78  0.2572    3.11   14.58   25.77   11.27    0.31    1164
 13.500   19.15   11.77  0.2633    2.61   13.17   24.16   10.22    0.26    1163
 14.000   17.88   10.71  0.2610    2.23   12.04   22.37    9.22    0.22    1162
 14.500   16.43    9.89  0.2391    1.86   10.85   20.46    8.50    0.27    1159
 15.000   14.94    9.08  0.2159    1.51    9.85   18.54    7.91    0.26    1157
 15.500   13.38    8.22  0.2269    1.15    8.79   16.59    7.19    0.28    1152
 16.000   11.63    7.63  0.2128    0.83    7.70   14.57    6.55    0.29    1147
 16.500    9.83    6.95  0.2175    0.65    6.94   12.60    5.92    0.40    1144
 17.000    7.98    6.10  0.2134    0.45    6.05   10.64    5.09    0.44    1139
 17.500    6.28    5.39  0.2354    0.47    5.35    8.93    4.39    0.57    1123
 18.000    4.79    4.98  0.2701    0.38    4.77    7.62    3.76    0.69    1122
 18.500    3.61    4.78  0.2012    0.28    4.31    6.65    3.40    0.62    1121
 19.000    2.49    4.44  0.2118    0.16    3.93    5.78    2.99    0.74    1118
 19.500    1.51    4.24  0.2028   -0.03    3.57    5.27    2.66    0.67    1115
 20.000    0.61    4.04  0.1782   -0.13    3.33    4.88    2.45    0.69    1113
 20.500   -0.18    3.90  0.1256   -0.28    3.13    4.59    2.31    0.76    1109
 21.000   -0.89    3.82  0.1436   -0.34    2.95    4.42    2.25    0.63    1103
 21.500   -1.55    3.71  0.1124   -0.40    3.04    4.64    2.21    0.51    1095
 22.000   -2.03    3.65  0.1480   -0.35    2.87    4.72    2.19    0.55    1093
 22.500   -2.52    3.79  0.1356   -0.39    2.84    5.03    2.29    0.49    1087
 23.000   -2.89    4.01  0.0933   -0.51    2.85    5.34    2.45    0.56    1082
 23.500   -3.28    4.08  0.0543   -0.64    2.83    5.53    2.55    0.42    1073
 24.000   -3.61    4.12  0.0615   -0.69    2.65    5.53    2.75    0.44    1065
 24.500   -3.86    4.15  0.0631   -0.70    2.71    5.70    2.82    0.43    1056
 25.000   -4.14    4.26  0.0319   -0.70    2.68    5.99    2.85    0.53    1047
 25.500   -4.25    4.40  0.0179   -0.65    2.83    6.16    3.05    0.57    1037
 26.000   -4.32    4.48  0.0514   -0.63    2.80    6.21    3.10    0.51    1029
 26.500   -4.30    4.64  0.0449   -0.70    2.94    6.31    3.20    0.52    1024
 27.000   -4.42    4.90  0.0855   -0.63    3.08    6.53    3.36    0.50    1014
 27.500   -4.43    5.01  0.0829   -0.49    3.16    6.60    3.44    0.65     990
 28.000   -4.24    5.11  0.0920   -0.48    3.03    6.60    3.37    0.62     959
 28.500   -4.19    5.33  0.0535   -0.57    3.20    6.73    3.56    0.75     944
 29.000   -4.18    5.41  0.0774   -0.53    3.27    6.75    3.68    0.82     916
 29.500   -4.07    5.71  0.0981   -0.58    3.23    6.88    3.75    0.75     887
 30.000   -3.92    5.82  0.1016   -0.63    3.46    6.97    3.77    0.65     852
     T A B L E  I -  10.  W I N D  S T A T I S T I C A L  P A R A M E T E R S
                                   October
 STATION =   724020     WALLOP ISLAND, VA
    Z    MEAN U   SD  U  R(U,V)  MEAN V   SD  V MEAN WS  SD  WS SKEW WS    NOBS
    KM     M/S     M/S             M/S     M/S     M/S     M/S                 
  0.000    0.00    0.00  0.0000    0.00    0.00    0.00    0.00    0.00       0
  0.004    0.28    2.63  0.3065   -0.33    3.12    3.25    2.50    1.54    1211
  0.500    2.07    6.79  0.1706   -1.17    7.47    9.20    4.85    0.61    1211
  1.000    3.52    6.60  0.1571   -1.13    6.98    9.06    4.95    0.88    1211
  1.500    5.00    6.44  0.1505   -1.01    6.80    9.46    4.95    0.71    1211
  2.000    6.40    6.68  0.1156   -0.87    7.19   10.51    5.31    0.65    1211
  2.500    7.77    7.05  0.1103   -0.63    7.76   11.65    5.93    0.50    1211
  3.000    9.01    7.57  0.1216   -0.39    8.28   12.83    6.55    0.47    1210
  3.500   10.18    8.28  0.1140   -0.08    8.85   14.05    7.34    0.49    1210
  4.000   11.38    8.88  0.1081    0.14    9.43   15.28    8.01    0.58    1210
  4.500   12.58    9.35  0.1196    0.39    9.94   16.46    8.64    0.61    1209
  5.000   13.77    9.79  0.1446    0.63   10.43   17.56    9.33    0.61    1208
  5.500   14.85   10.38  0.1604    0.91   11.02   18.75    9.98    0.65    1207
  6.000   16.00   10.79  0.1628    1.09   11.65   19.95   10.58    0.69    1204
  6.500   17.10   11.21  0.1768    1.27   12.32   21.20   11.09    0.71    1202
  7.000   18.17   11.82  0.1970    1.62   13.11   22.55   11.71    0.71    1200
  7.500   19.25   12.40  0.2246    1.99   14.04   23.92   12.39    0.68    1200
  8.000   20.29   12.97  0.2408    2.33   14.82   25.30   12.89    0.71    1199
  8.500   21.40   13.52  0.2482    2.60   15.48   26.68   13.28    0.67    1195
  9.000   22.49   13.92  0.2560    2.70   16.23   28.02   13.64    0.62    1195
  9.500   23.61   14.37  0.2573    2.91   16.98   29.38   14.06    0.59    1194
 10.000   24.73   14.78  0.2369    2.96   17.64   30.74   14.36    0.53    1191
 10.500   25.91   15.30  0.2127    3.11   18.25   32.13   14.71    0.47    1191
 11.000   27.05   15.64  0.2037    3.14   18.56   33.29   14.97    0.40    1189
 11.500   28.04   15.85  0.1930    2.95   18.42   34.12   14.94    0.35    1189
 12.000   28.67   15.86  0.1828    2.72   18.01   34.44   14.84    0.37    1187
 12.500   28.72   15.24  0.1926    2.52   17.03   33.91   14.34    0.41    1187
 13.000   28.13   14.61  0.1947    2.34   15.98   32.86   13.75    0.49    1185
 13.500   27.19   13.83  0.1839    2.05   14.75   31.35   13.10    0.48    1184
 14.000   25.93   12.70  0.1957    1.73   13.58   29.61   12.05    0.36    1180
 14.500   24.25   11.73  0.1968    1.54   12.32   27.62   10.93    0.30    1178
 15.000   22.38   10.69  0.1885    1.33   11.03   25.32    9.96    0.21    1175
 15.500   20.20    9.65  0.1702    1.34    9.97   22.89    8.96    0.16    1172
 16.000   18.28    8.92  0.1681    1.34    8.98   20.69    8.35    0.21    1170
 16.500   16.35    8.02  0.1648    1.14    8.08   18.52    7.49    0.25    1167
 17.000   14.27    7.42  0.1594    0.95    7.10   16.33    6.74    0.24    1159
 17.500   12.40    6.82  0.1632    1.00    6.31   14.35    6.11    0.22    1147
 18.000   10.60    6.37  0.1595    0.91    5.78   12.53    5.66    0.36    1139
 18.500    9.13    6.04  0.1864    0.74    5.27   11.03    5.23    0.43    1138
 19.000    7.91    5.74  0.1987    0.76    4.72    9.80    4.88    0.67    1135
 19.500    6.91    5.47  0.2235    0.57    4.39    8.84    4.58    0.76    1133
 20.000    6.14    5.45  0.2188    0.47    4.20    8.24    4.39    0.79    1130
 20.500    5.43    5.53  0.2214    0.27    3.97    7.63    4.33    0.86    1127
 21.000    4.92    5.42  0.2017    0.24    3.66    7.13    4.16    0.82    1121
 21.500    4.56    5.44  0.2184    0.14    3.51    6.90    4.01    0.88    1115
 22.000    4.33    5.51  0.2036   -0.11    3.37    6.81    3.94    0.92    1113
 22.500    4.12    5.61  0.2205   -0.28    3.41    6.80    3.96    0.96    1108
 23.000    3.86    5.80  0.2137   -0.41    3.40    6.76    4.00    1.02    1102
 23.500    3.90    5.99  0.2295   -0.50    3.48    6.90    4.13    1.06    1094
 24.000    3.93    6.26  0.2617   -0.56    3.54    6.98    4.39    1.11    1090
 24.500    3.96    6.55  0.2513   -0.62    3.49    7.18    4.58    1.16    1081
 25.000    4.16    6.74  0.2521   -0.69    3.49    7.42    4.68    1.25    1072
 25.500    4.47    6.96  0.2844   -0.75    3.53    7.66    4.94    1.27    1069
 26.000    4.78    7.30  0.2726   -0.68    3.65    8.02    5.20    1.26    1063
 26.500    5.20    7.66  0.2741   -0.63    3.65    8.40    5.42    1.18    1055
 27.000    5.77    8.08  0.2798   -0.51    3.75    8.98    5.75    1.07    1039
 27.500    6.38    8.40  0.2583   -0.56    3.72    9.39    6.16    1.06    1012
 28.000    6.89    8.76  0.2228   -0.57    3.90    9.88    6.59    1.11     994
 28.500    7.52    9.21  0.2659   -0.40    4.01   10.51    6.99    1.05     961
 29.000    8.16    9.63  0.2350   -0.41    4.17   11.22    7.26    1.04     921
 29.500    8.73    9.90  0.2427   -0.17    4.39   11.76    7.53    0.91     875
 30.000    9.39   10.53  0.2641    0.12    4.43   12.42    8.10    0.87     807
     T A B L E  I -  11.  W I N D  S T A T I S T I C A L  P A R A M E T E R S
                                  November
 STATION =   724020     WALLOP ISLAND, VA
    Z    MEAN U   SD  U  R(U,V)  MEAN V   SD  V MEAN WS  SD  WS SKEW WS    NOBS
    KM     M/S     M/S             M/S     M/S     M/S     M/S                 
  0.000    0.00    0.00  0.0000    0.00    0.00    0.00    0.00    0.00       0
  0.004    0.69    2.83  0.3023   -0.47    3.28    3.43    2.77    1.66    1120
  0.500    3.59    7.48  0.1846   -1.37    8.50   10.54    5.72    0.75    1120
  1.000    5.18    7.60  0.1622   -0.89    8.22   10.88    5.95    0.94    1120
  1.500    6.80    7.20  0.1228   -0.51    8.10   11.48    5.69    0.81    1119
  2.000    8.60    7.31  0.1364   -0.22    8.41   12.81    5.89    0.61    1119
  2.500   10.35    7.75  0.1152    0.24    8.97   14.40    6.39    0.43    1119
  3.000   12.09    8.13  0.1061    0.50    9.68   16.04    7.03    0.38    1119
  3.500   13.81    8.66  0.1029    0.73   10.25   17.70    7.65    0.43    1117
  4.000   15.39    9.18  0.1014    0.95   10.91   19.30    8.31    0.49    1117
  4.500   16.93    9.84  0.1025    1.09   11.72   20.93    9.20    0.56    1117
  5.000   18.42   10.50  0.1103    1.44   12.63   22.58   10.08    0.58    1114
  5.500   19.80   11.09  0.1112    1.63   13.62   24.18   10.91    0.60    1114
  6.000   21.15   11.59  0.1244    1.83   14.68   25.81   11.60    0.63    1113
  6.500   22.49   12.22  0.1311    1.97   15.53   27.40   12.26    0.64    1113
  7.000   23.96   13.01  0.1329    2.20   16.42   29.13   13.03    0.62    1112
  7.500   25.24   13.84  0.1305    2.34   17.40   30.78   13.78    0.63    1112
  8.000   26.52   14.65  0.1281    2.59   18.28   32.41   14.48    0.59    1108
  8.500   27.71   15.35  0.1303    2.78   18.95   33.83   15.10    0.55    1107
  9.000   29.05   16.10  0.1292    2.75   19.66   35.40   15.66    0.50    1103
  9.500   30.48   16.64  0.1364    2.69   20.05   36.85   16.06    0.43    1099
 10.000   31.73   17.00  0.1337    2.60   20.50   38.19   16.33    0.36    1097
 10.500   32.83   17.26  0.1127    2.41   20.74   39.25   16.48    0.31    1096
 11.000   33.74   17.14  0.1212    2.32   20.70   39.97   16.42    0.28    1092
 11.500   34.61   16.88  0.1159    2.01   20.09   40.38   16.19    0.28    1087
 12.000   34.85   16.38  0.0945    1.88   19.29   40.15   15.73    0.29    1085
 12.500   34.73   15.49  0.0756    1.67   18.05   39.46   14.86    0.26    1082
 13.000   33.83   14.36  0.0913    1.46   16.70   38.00   13.82    0.29    1082
 13.500   32.34   13.25  0.0950    1.22   15.19   35.99   12.69    0.24    1077
 14.000   30.60   12.07  0.1037    1.16   13.81   33.77   11.62    0.18    1073
 14.500   28.68   11.13  0.0988    1.24   12.56   31.55   10.64    0.18    1072
 15.000   27.05   10.36  0.0805    1.39   11.65   29.70    9.82    0.10    1067
 15.500   25.24    9.63  0.0730    1.40   10.73   27.70    9.04    0.05    1064
 16.000   23.22    8.93  0.0553    1.25    9.78   25.42    8.48    0.08    1060
 16.500   21.21    8.58  0.0619    1.15    8.91   23.23    8.11    0.14    1058
 17.000   19.24    7.99  0.0364    1.04    7.93   21.06    7.55    0.23    1037
 17.500   17.45    7.48  0.0402    0.99    7.22   19.14    7.04    0.28    1031
 18.000   15.62    7.11  0.0646    0.76    6.61   17.25    6.60    0.39    1024
 18.500   13.92    6.79  0.0403    0.75    6.02   15.42    6.28    0.44    1021
 19.000   12.43    6.51  0.0367    0.75    5.53   13.88    6.09    0.47    1019
 19.500   11.45    6.34  0.0569    0.62    5.26   12.89    5.94    0.56    1012
 20.000   10.65    6.24  0.1252    0.57    4.82   12.03    5.73    0.71    1006
 20.500    9.99    6.23  0.1450    0.29    4.51   11.31    5.63    0.78     999
 21.000    9.33    6.22  0.2177    0.36    4.43   10.69    5.70    0.86     994
 21.500    9.10    6.44  0.2241    0.35    4.29   10.47    5.85    0.85     986
 22.000    8.95    6.65  0.2298    0.25    4.40   10.45    6.01    0.98     981
 22.500    9.10    6.97  0.2652    0.25    4.40   10.65    6.28    1.05     977
 23.000    9.20    7.33  0.2892    0.17    4.44   10.79    6.60    1.08     973
 23.500    9.60    7.74  0.3135    0.12    4.45   11.18    6.95    1.06     961
 24.000    9.96    8.17  0.3121    0.12    4.47   11.59    7.24    1.04     954
 24.500   10.46    8.60  0.2955    0.12    4.65   12.17    7.65    1.08     942
 25.000   10.94    9.19  0.2762   -0.01    4.77   12.70    8.20    1.13     929
 25.500   11.45    9.53  0.3111    0.09    4.78   13.15    8.58    1.12     917
 26.000   11.98    9.94  0.3318    0.07    5.07   13.75    8.95    1.14     900
 26.500   12.49   10.52  0.3482    0.09    5.24   14.35    9.43    1.10     887
 27.000   13.10   10.86  0.3205    0.19    5.38   14.99    9.76    1.06     867
 27.500   14.12   11.06  0.3069    0.15    5.68   15.88   10.12    1.01     847
 28.000   14.55   11.15  0.2991    0.13    5.80   16.36   10.16    0.91     833
 28.500   15.15   11.59  0.3085    0.30    5.78   16.99   10.49    0.84     805
 29.000   15.62   11.80  0.2604    0.34    5.73   17.42   10.73    0.74     777
 29.500   16.59   12.28  0.2647    0.31    5.90   18.38   11.17    0.70     736
 30.000   17.39   12.80  0.2449    0.20    6.16   19.26   11.61    0.77     680
     T A B L E  I -  12.  W I N D  S T A T I S T I C A L  P A R A M E T E R S
                                  December
 STATION =   724020     WALLOP ISLAND, VA
    Z    MEAN U   SD  U  R(U,V)  MEAN V   SD  V MEAN WS  SD  WS SKEW WS    NOBS
    KM     M/S     M/S             M/S     M/S     M/S     M/S                 
  0.000    0.00    0.00  0.0000    0.00    0.00    0.00    0.00    0.00       0
  0.004    1.08    2.74  0.1340   -0.64    3.27    3.53    2.70    1.36    1223
  0.500    4.91    7.52  0.0514   -1.49    8.60   11.19    5.72    0.60    1223
  1.000    7.15    7.22  0.1034   -0.71    8.63   11.87    6.17    0.75    1223
  1.500    9.15    6.78  0.1383   -0.44    8.76   13.03    6.11    0.67    1222
  2.000   11.31    6.91  0.1485   -0.06    9.03   14.77    6.28    0.51    1221
  2.500   13.54    7.44  0.1463    0.35    9.31   16.75    6.74    0.37    1217
  3.000   15.76    8.23  0.1462    0.84    9.82   18.89    7.53    0.38    1217
  3.500   17.85    8.99  0.1578    1.09   10.41   20.95    8.39    0.47    1217
  4.000   19.86    9.75  0.1494    1.44   11.02   23.02    9.15    0.41    1216
  4.500   21.78   10.58  0.1594    1.56   11.72   25.05    9.98    0.44    1216
  5.000   23.71   11.33  0.1573    1.77   12.42   27.05   10.81    0.45    1214
  5.500   25.58   11.95  0.1643    1.98   13.05   29.02   11.39    0.43    1214
  6.000   27.42   12.59  0.1735    2.27   13.90   31.06   12.03    0.38    1214
  6.500   29.14   13.20  0.1863    2.48   14.80   33.01   12.65    0.35    1214
  7.000   30.92   13.92  0.1951    2.74   15.67   35.02   13.31    0.29    1214
  7.500   32.77   14.69  0.2085    3.04   16.42   37.05   14.02    0.28    1212
  8.000   34.61   15.25  0.2090    3.23   17.08   38.98   14.64    0.26    1211
  8.500   36.43   15.72  0.2018    3.39   17.70   40.89   15.15    0.21    1208
  9.000   38.19   16.16  0.1957    3.24   18.32   42.69   15.60    0.20    1207
  9.500   39.90   16.65  0.1878    3.22   18.71   44.42   16.05    0.18    1197
 10.000   41.63   16.88  0.1766    3.04   19.02   46.10   16.31    0.15    1193
 10.500   42.74   16.90  0.1677    2.70   19.09   47.09   16.32    0.10    1191
 11.000   43.50   16.93  0.1688    2.61   18.71   47.67   16.29    0.10    1184
 11.500   43.81   16.56  0.1670    2.48   17.93   47.61   16.02    0.09    1181
 12.000   43.83   15.83  0.1656    2.26   16.87   47.14   15.48    0.08    1180
 12.500   42.83   14.99  0.1850    1.93   15.52   45.72   14.68    0.10    1179
 13.000   41.13   13.92  0.2014    1.73   13.94   43.60   13.60    0.08    1177
 13.500   39.24   12.87  0.1895    1.66   12.55   41.35   12.58    0.05    1170
 14.000   37.27   12.11  0.2124    1.63   11.62   39.18   11.84    0.08    1169
 14.500   35.36   11.48  0.2276    1.82   10.97   37.16   11.28    0.17    1166
 15.000   33.45   10.96  0.2329    1.74   10.34   35.14   10.78    0.23    1163
 15.500   31.41   10.41  0.2371    1.64    9.43   32.92   10.23    0.25    1158
 16.000   29.36    9.89  0.2392    1.44    8.76   30.73    9.79    0.32    1152
 16.500   27.02    9.33  0.2509    1.25    8.16   28.28    9.30    0.33    1144
 17.000   24.66    8.95  0.2497    1.06    7.58   25.91    8.85    0.35    1127
 17.500   22.31    8.61  0.2775    0.97    7.10   23.55    8.44    0.50    1120
 18.000   20.29    8.35  0.2617    0.89    6.56   21.47    8.13    0.59    1105
 18.500   18.30    8.22  0.2792    0.53    6.01   19.37    8.04    0.65    1100
 19.000   16.36    7.87  0.2893    0.45    5.64   17.47    7.61    0.87    1086
 19.500   14.78    7.79  0.3089    0.20    5.36   15.91    7.51    0.95    1073
 20.000   13.23    7.86  0.3278    0.02    5.22   14.51    7.43    1.03    1068
 20.500   12.13    8.13  0.3671    0.03    5.13   13.50    7.60    1.16    1061
 21.000   11.32    8.53  0.3946   -0.12    4.86   12.80    7.87    1.29    1054
 21.500   10.77    8.72  0.3987   -0.33    4.74   12.39    7.88    1.26    1044
 22.000   10.24    9.02  0.4207   -0.63    4.92   12.20    7.96    1.30    1037
 22.500    9.88    9.59  0.4611   -0.62    5.09   12.24    8.22    1.30    1031
 23.000    9.76   10.18  0.4612   -0.64    5.05   12.40    8.49    1.32    1021
 23.500    9.74   10.81  0.4498   -0.64    5.23   12.69    8.90    1.29    1013
 24.000    9.91   11.44  0.4498   -0.65    5.55   13.21    9.31    1.27    1007
 24.500   10.11   12.19  0.4581   -0.83    5.87   13.88    9.71    1.22    1003
 25.000   10.60   12.91  0.4613   -0.91    6.05   14.67   10.14    1.17     992
 25.500   10.99   13.74  0.4618   -0.94    6.18   15.34   10.70    1.12     985
 26.000   11.64   14.59  0.4660   -0.86    6.48   16.34   11.16    1.02     964
 26.500   12.27   15.40  0.4696   -0.81    6.80   17.22   11.77    0.99     951
 27.000   13.21   16.12  0.4691   -0.71    7.25   18.24   12.47    0.92     932
 27.500   14.19   16.96  0.4775   -0.61    7.68   19.34   13.23    0.86     914
 28.000   15.39   17.78  0.4770   -0.54    8.14   20.66   13.91    0.82     892
 28.500   16.75   18.70  0.4627   -0.47    8.53   22.10   14.70    0.80     858
 29.000   18.55   19.50  0.4476   -0.21    8.90   23.76   15.50    0.73     814
 29.500   20.23   20.47  0.4602    0.43    9.57   25.61   16.29    0.69     771
 30.000   21.94   21.41  0.4615    1.06   10.34   27.59   16.97    0.62     699
     T A B L E  I -  13.  W I N D  S T A T I S T I C A L  P A R A M E T E R S
                                    Annual
 STATION =   724020     WALLOP ISLAND, VA
    Z    MEAN U   SD  U  R(U,V)  MEAN V   SD  V MEAN WS  SD  WS SKEW WS    NOBS
    KM     M/S     M/S             M/S     M/S     M/S     M/S                 
  0.000    0.00    0.00  0.0000    0.00    0.00    0.00    0.00    0.00       0
  0.004    0.38    3.05  0.2525    0.18    3.54    3.83    2.71    1.32   14566
  0.500    3.10    7.07  0.1429   -0.50    7.66    9.52    5.36    0.88   14566
  1.000    4.81    7.07  0.1370   -0.63    7.37    9.81    5.68    1.03   14571
  1.500    6.33    6.94  0.1213   -0.65    7.24   10.42    5.74    0.86   14565
  2.000    7.83    7.20  0.1109   -0.61    7.45   11.50    6.11    0.68   14559
  2.500    9.30    7.76  0.1069   -0.49    7.83   12.75    6.79    0.60   14547
  3.000   10.65    8.47  0.1153   -0.34    8.30   14.05    7.57    0.60   14536
  3.500   11.94    9.23  0.1168   -0.20    8.77   15.33    8.39    0.63   14522
  4.000   13.18   10.02  0.1148   -0.06    9.31   16.62    9.24    0.67   14509
  4.500   14.38   10.80  0.1176    0.03    9.86   17.89   10.07    0.72   14501
  5.000   15.57   11.56  0.1242    0.13   10.47   19.16   10.92    0.77   14486
  5.500   16.72   12.34  0.1331    0.25   11.07   20.41   11.77    0.79   14474
  6.000   17.88   13.08  0.1420    0.35   11.75   21.70   12.59    0.81   14462
  6.500   19.02   13.84  0.1462    0.46   12.45   23.04   13.38    0.82   14448
  7.000   20.20   14.65  0.1525    0.60   13.20   24.43   14.19    0.81   14432
  7.500   21.42   15.46  0.1590    0.79   13.97   25.86   14.99    0.78   14425
  8.000   22.58   16.25  0.1595    0.96   14.70   27.30   15.71    0.75   14397
  8.500   23.74   17.00  0.1590    1.08   15.41   28.72   16.35    0.72   14362
  9.000   24.90   17.70  0.1565    1.09   16.12   30.12   16.95    0.68   14338
  9.500   26.04   18.35  0.1556    1.10   16.69   31.47   17.46    0.64   14297
 10.000   27.14   18.83  0.1508    1.04   17.16   32.74   17.79    0.59   14273
 10.500   28.09   19.13  0.1456    0.97   17.49   33.79   17.92    0.54   14253
 11.000   28.82   19.22  0.1499    0.77   17.54   34.51   17.86    0.49   14219
 11.500   29.29   19.00  0.1512    0.49   17.19   34.80   17.48    0.45   14186
 12.000   29.38   18.53  0.1590    0.24   16.58   34.60   16.90    0.42   14158
 12.500   28.92   17.71  0.1777    0.03   15.51   33.71   16.02    0.40   14134
 13.000   27.98   16.74  0.1956   -0.14   14.23   32.28   15.05    0.41   14115
 13.500   26.78   15.75  0.1957   -0.25   12.89   30.55   14.15    0.42   14084
 14.000   25.38   14.78  0.2034   -0.33   11.78   28.73   13.32    0.44   14042
 14.500   23.85   14.03  0.2043   -0.39   10.78   26.89   12.70    0.48   14012
 15.000   22.18   13.37  0.2009   -0.48    9.91   24.95   12.17    0.51   13968
 15.500   20.35   12.70  0.1969   -0.51    9.10   22.91   11.62    0.54   13929
 16.000   18.46   12.10  0.1910   -0.51    8.32   20.87   11.09    0.61   13892
 16.500   16.48   11.49  0.1972   -0.51    7.58   18.78   10.48    0.66   13847
 17.000   14.57   10.88  0.1946   -0.49    6.84   16.84    9.81    0.72   13695
 17.500   12.70   10.38  0.1913   -0.47    6.25   15.02    9.21    0.82   13562
 18.000   10.89    9.95  0.1782   -0.44    5.74   13.34    8.64    0.93   13493
 18.500    9.24    9.52  0.1691   -0.43    5.27   11.85    8.04    1.05   13457
 19.000    7.70    9.15  0.1779   -0.38    4.88   10.62    7.44    1.23   13390
 19.500    6.40    8.89  0.1797   -0.41    4.55    9.76    6.89    1.41   13307
 20.000    5.25    8.73  0.1898   -0.41    4.27    9.07    6.44    1.62   13261
 20.500    4.28    8.70  0.1996   -0.42    4.06    8.59    6.15    1.75   13193
 21.000    3.43    8.71  0.2144   -0.43    3.88    8.26    5.96    1.87   13133
 21.500    2.75    8.78  0.2062   -0.44    3.78    8.15    5.78    1.97   13029
 22.000    2.23    8.94  0.2077   -0.53    3.76    8.23    5.73    2.05   12948
 22.500    1.77    9.19  0.2341   -0.57    3.77    8.39    5.76    2.07   12877
 23.000    1.41    9.47  0.2410   -0.60    3.80    8.57    5.86    2.07   12805
 23.500    1.18    9.82  0.2527   -0.61    3.87    8.81    6.04    2.03   12713
 24.000    0.98   10.21  0.2717   -0.63    3.91    9.07    6.27    1.98   12645
 24.500    0.90   10.64  0.2729   -0.65    4.03    9.45    6.50    1.97   12511
 25.000    0.90   11.12  0.2750   -0.63    4.11    9.86    6.77    1.99   12354
 25.500    0.99   11.58  0.2745   -0.63    4.20   10.23    7.06    1.95   12237
 26.000    1.09   12.10  0.2819   -0.63    4.35   10.64    7.40    1.90   12080
 26.500    1.20   12.60  0.2814   -0.59    4.47   11.03    7.72    1.90   11959
 27.000    1.42   13.23  0.2828   -0.55    4.63   11.59    8.08    1.84   11743
 27.500    1.82   13.89  0.2828   -0.50    4.83   12.15    8.52    1.79   11365
 28.000    2.08   14.45  0.2771   -0.44    4.99   12.68    8.87    1.83   11058
 28.500    2.31   15.04  0.2768   -0.41    5.16   13.19    9.24    1.83   10760
 29.000    2.56   15.66  0.2660   -0.35    5.26   13.72    9.64    1.80   10311
 29.500    2.81   16.28  0.2746   -0.26    5.44   14.25   10.04    1.80    9811
 30.000    2.94   16.90  0.2677   -0.20    5.64   14.77   10.44    1.78    9082
