 0 2 HMN722696   32.38N  106.48W1246 1691278   11281  30  70                                        
1    T A B L E  I - 13.  W I N D  S T A T I S T I C A L  P A R A M E T E R S                        
                                   ANNUAL                                                           
 STATION =   722696     WHITE SANDS, NM                                                             
    Z    MEAN U   SD  U  R(U,V)  MEAN V   SD  V MEAN WS  SD  WS SKEW WS    NOBS                     
    KM     M/S     M/S             M/S     M/S     M/S     M/S                                      
  0.000    0.00    0.00  0.0000    0.00    0.00    0.00    0.00    0.00      0.                     
  1.246    0.12    2.30  -.0782    0.62    3.04    2.99    2.46    1.39   4633.                     
  2.000    1.82    3.33  0.0032    1.30    4.67    5.24    3.23    1.06   4604.                     
  3.000    4.55    5.26  0.0659    0.67    5.34    7.58    4.46    0.77   4592.                     
  4.000    6.65    7.38  0.1750    0.52    6.64   10.28    6.13    0.72   4567.                     
  5.000    8.52    9.49  0.2317    0.63    8.09   12.90    7.89    0.78   4534.                     
  6.000   10.46   11.04  0.2634    0.94    9.11   14.91    9.63    0.83   4483.                     
  7.000   12.27   12.39  0.2967    1.22   10.11   16.82   11.19    0.85   4445.                     
  8.000   13.84   13.40  0.3287    1.45   11.27   18.71   12.26    0.84   4416.                     
  9.000   15.35   14.08  0.3225    1.66   12.20   20.44   12.96    0.78   4363.                     
 10.000   16.96   14.43  0.3154    1.81   12.87   22.12   13.27    0.64   4293.                     
 11.000   18.48   14.74  0.3015    1.79   12.95   23.55   13.25    0.51   4163.                     
 12.000   20.02   15.10  0.2848    1.77   12.68   24.75   13.43    0.50   4124.                     
 13.000   20.18   14.45  0.2747    1.54   11.49   24.38   12.49    0.39   3994.                     
 14.000   18.96   13.07  0.2583    1.52    9.78   22.43   11.19    0.26   3831.                     
 15.000   16.43   11.89  0.2354    1.34    8.62   19.55   10.27    0.35   3674.                     
 16.000   13.32   10.80  0.1903    1.08    7.14   16.15    9.25    0.53   3412.                     
 17.000    9.61    9.98  0.1282    0.75    5.80   12.75    7.98    0.82   3240.                     
 18.000    5.93    9.46  0.0876    0.62    4.91   10.11    6.86    1.30   3180.                     
 19.000    3.21    8.81  0.0783    0.43    3.99    8.37    5.84    1.74   3069.                     
 20.000    1.16    8.49  0.0524    0.30    3.34    7.64    5.14    1.95   2982.                     
 21.000   -0.29    8.61  0.0270    0.23    3.12    7.68    5.00    1.81   2880.                     
 22.000   -1.34    8.82  0.0408    0.17    2.97    7.87    5.15    1.61   2818.                     
 23.000   -1.70    9.02  0.0647    0.15    2.59    8.01    5.19    1.27   2679.                     
 24.000   -2.30    9.67  0.0645    0.17    2.93    8.87    5.36    1.02   2617.                     
 25.000   -2.46   10.04  0.0324    0.20    3.00    9.24    5.53    0.80   2485.                     
 26.000   -2.05   10.67  0.0614    0.29    2.78    9.60    5.82    0.68   2346.                     
 27.000   -1.78   11.81  0.0779    0.30    3.06   10.60    6.31    0.68   2120.                     
 28.000   -0.76   12.75  0.0884    0.29    3.24   11.34    6.73    0.76   2062.                     
 29.000   -0.46   13.95  0.0698    0.26    3.45   12.44    7.22    0.75   1439.                     
 30.000    1.05   16.73  0.2005    0.92    4.76   14.86    9.16    1.00   2224.                     
 32.000    3.61   19.32  0.1970    1.80    5.51   17.34   10.94    1.03   2254.                     
 34.000    6.70   22.13  0.3169    1.95    6.41   20.11   13.25    1.03   2291.                     
 36.000    8.76   25.69  0.3516    1.42    6.62   23.35   15.43    0.96   2291.                     
 38.000    9.51   28.61  0.2685    0.87    7.46   26.14   16.81    0.83   2300.                     
 40.000    9.43   30.97  0.2349    0.88    8.22   28.24   17.88    0.73   2300.                     
 42.000    8.73   33.60  0.2712    2.21    8.95   30.58   18.85    0.62   2301.                     
 44.000    9.13   36.67  0.2919    4.28    9.95   33.85   19.99    0.60   2292.                     
 46.000   10.71   39.58  0.3067    6.37   10.97   37.03   21.72    0.62   2288.                     
 48.000   12.12   42.04  0.3012    7.99   11.83   39.94   22.88    0.64   2275.                     
 50.000   13.14   44.03  0.3239    8.62   12.42   41.77   24.40    0.65   2263.                     
 52.000   13.43   46.02  0.3468    8.76   12.58   43.49   25.33    0.62   2232.                     
 54.000   13.89   47.64  0.3331    8.80   13.07   45.12   25.99    0.57   2202.                     
 56.000   14.18   49.06  0.3326    8.38   14.19   46.76   26.33    0.60   2144.                     
 58.000   15.10   50.64  0.2832    8.15   14.82   48.58   26.83    0.51   2062.                     
 60.000   17.13   52.35  0.2792    7.59   15.90   50.58   28.06    0.53   1943.                     
 62.000   18.98   53.99  0.1425    5.99   15.75   52.01   29.25    0.46   1727.                     
 64.000   20.73   53.95  0.1179    3.46   17.39   52.12   30.66    0.60   1463.                     
 66.000   21.27   53.94  0.0197   -0.33   18.35   51.43   32.50    0.64   1106.                     
 68.000   21.61   51.97  -.0980   -5.31   20.68   50.18   33.33    0.85    771.                     
 70.000   23.23   47.39  -.0816   -9.87   23.47   48.94   32.36    0.96    516.                     
1    T A B L E  I -  1.  W I N D  S T A T I S T I C A L  P A R A M E T E R S                        
                                   JANUARY                                                          
 STATION =   722696     WHITE SANDS, NM                                                             
    Z    MEAN U   SD  U  R(U,V)  MEAN V   SD  V MEAN WS  SD  WS SKEW WS    NOBS                     
    KM     M/S     M/S             M/S     M/S     M/S     M/S                                      
  0.000    0.00    0.00  0.0000    0.00    0.00    0.00    0.00    0.00      0.                     
  1.246    0.02    2.29  -.0457    0.06    2.77    2.73    2.33    1.28    346.                     
  2.000    2.30    3.41  0.3109   -0.60    4.94    5.61    3.17    0.97    345.                     
  3.000    6.61    5.60  0.1951   -1.61    5.75    9.66    4.15    0.45    344.                     
  4.000   10.13    7.54  0.2764   -2.22    7.01   13.43    5.75    0.35    342.                     
  5.000   13.01    9.96  0.2958   -2.33    8.56   16.94    7.73    0.59    337.                     
  6.000   15.16   11.80  0.3858   -1.73    9.88   19.48    9.48    0.65    326.                     
  7.000   16.62   13.52  0.4683   -1.24   11.44   21.70   10.95    0.77    319.                     
  8.000   18.09   14.79  0.5126   -1.15   13.05   23.89   12.09    0.74    313.                     
  9.000   19.64   15.73  0.5153   -0.92   14.47   25.89   13.13    0.60    305.                     
 10.000   21.61   15.80  0.4808   -0.87   15.88   27.83   13.91    0.50    294.                     
 11.000   23.37   15.51  0.4369   -1.02   15.50   29.07   13.49    0.39    279.                     
 12.000   25.25   15.28  0.3802   -0.61   14.47   30.20   12.95    0.41    274.                     
 13.000   25.54   13.44  0.3053   -0.74   13.06   29.42   11.75    0.45    264.                     
 14.000   24.67   11.27  0.4086   -0.92   11.77   27.81   10.07    0.12    248.                     
 15.000   22.62   10.52  0.4217   -0.97   10.46   25.35    9.47    0.09    230.                     
 16.000   20.94    9.72  0.4095   -0.68    9.36   23.14    9.23    0.09    222.                     
 17.000   17.97    8.61  0.3390   -1.29    7.53   19.77    8.01    0.12    207.                     
 18.000   14.39    7.86  0.2858   -1.43    6.20   16.06    7.16    0.26    199.                     
 19.000   11.14    7.88  0.2321   -1.28    5.52   12.99    7.02    0.67    195.                     
 20.000    9.09    7.86  0.1715   -1.12    4.50   10.87    6.91    0.96    185.                     
 21.000    7.43    8.34  0.1922   -1.03    3.97    9.74    6.82    1.16    174.                     
 22.000    6.30    9.05  0.1964   -1.04    4.16    9.65    6.81    1.25    162.                     
 23.000    6.11    8.90  0.3464   -0.89    3.75    9.27    6.73    1.16    159.                     
 24.000    5.85    9.27  0.4295   -0.80    3.92    9.44    6.84    1.24    147.                     
 25.000    5.30    9.72  0.3963   -0.66    4.49   10.01    6.52    0.99    134.                     
 26.000    6.07   10.35  0.3337   -0.15    4.28   10.70    6.87    0.68    131.                     
 27.000    7.30   11.00  0.4259    0.15    4.61   11.83    7.39    0.51    115.                     
 28.000    8.20   11.79  0.4518    0.76    5.56   13.06    8.14    0.47    112.                     
 29.000   10.50   12.62  0.3971    0.95    4.28   14.06    9.47    0.39     67.                     
 30.000    7.66   15.14  0.4384    1.36    7.13   15.55    9.90    1.05    214.                     
 32.000    9.65   17.36  0.3881    1.66    7.81   18.02   11.51    1.13    215.                     
 34.000   12.03   18.93  0.4928    1.01    8.49   19.67   13.71    1.38    214.                     
 36.000   14.27   19.95  0.4532   -0.51    8.71   20.89   15.50    1.70    213.                     
 38.000   16.24   20.76  0.4323   -0.96    9.72   22.82   16.37    1.44    215.                     
 40.000   17.11   20.88  0.3304    1.09   10.97   24.19   16.24    1.35    214.                     
 42.000   20.05   22.22  0.3571    4.54   11.92   27.78   16.89    1.08    213.                     
 44.000   24.85   24.73  0.3593    6.22   12.50   32.65   18.88    0.80    213.                     
 46.000   30.78   27.36  0.2410    8.21   14.96   39.20   21.16    0.52    211.                     
 48.000   35.89   29.12  0.2467   10.89   17.19   44.90   23.03    0.24    210.                     
 50.000   39.40   30.41  0.2803   11.63   17.49   48.41   23.90    0.12    208.                     
 52.000   40.66   30.71  0.3781   10.56   17.01   49.61   23.09    0.04    209.                     
 54.000   41.55   30.38  0.3116   12.23   15.76   49.90   23.54    0.07    208.                     
 56.000   44.17   29.92  0.3147   12.97   17.84   52.16   24.67    0.09    201.                     
 58.000   48.24   29.62  0.3062   13.20   19.80   56.03   25.07   -0.19    193.                     
 60.000   55.78   30.32  0.4131   12.98   20.05   62.04   27.37   -0.11    181.                     
 62.000   65.11   32.35  0.2884   10.15   20.64   70.81   28.23   -0.54    149.                     
 64.000   73.91   32.63  0.2322    5.52   21.67   78.35   29.72   -0.50    124.                     
 66.000   77.34   40.89  0.0134    0.63   19.78   83.87   31.63   -0.31     98.                     
 68.000   80.36   46.41  -.0083  -12.88   21.17   89.37   34.92   -0.26     68.                     
 70.000   82.99   41.40  0.0574  -12.93   31.38   92.56   34.01   -0.22     50.                     
1    T A B L E  I -  2.  W I N D  S T A T I S T I C A L  P A R A M E T E R S                        
                                   FEBRUARY                                                         
 STATION =   722696     WHITE SANDS, NM                                                             
    Z    MEAN U   SD  U  R(U,V)  MEAN V   SD  V MEAN WS  SD  WS SKEW WS    NOBS                     
    KM     M/S     M/S             M/S     M/S     M/S     M/S                                      
  0.000    0.00    0.00  0.0000    0.00    0.00    0.00    0.00    0.00      0.                     
  1.246    0.27    2.01  -.1241   -0.09    2.90    2.75    2.22    0.97    386.                     
  2.000    2.15    3.38  0.0387   -0.39    5.15    5.71    3.15    0.75    384.                     
  3.000    5.81    5.22  0.1173   -1.34    6.45    9.26    4.29    0.32    383.                     
  4.000    9.51    6.57  0.1683   -1.80    7.41   12.60    5.74    0.27    380.                     
  5.000   12.61    8.71  0.1956   -1.66    9.00   16.08    7.75    0.42    369.                     
  6.000   15.37   10.49  0.2817   -1.57   10.22   19.07    9.45    0.47    366.                     
  7.000   18.08   12.10  0.3781   -1.54   11.91   22.34   10.88    0.34    358.                     
  8.000   20.15   13.32  0.3996   -1.55   13.42   24.92   12.02    0.33    354.                     
  9.000   22.31   14.56  0.3460   -1.66   14.49   27.33   13.23    0.35    345.                     
 10.000   24.35   14.31  0.2927   -1.91   15.48   29.39   13.27    0.20    336.                     
 11.000   27.09   13.72  0.2690   -1.55   15.44   31.59   12.82    0.14    324.                     
 12.000   30.04   13.66  0.2342   -1.64   15.44   34.01   13.13    0.21    307.                     
 13.000   30.38   12.04  0.2353   -1.15   13.88   33.62   11.43    0.25    293.                     
 14.000   28.40   10.33  0.3334   -0.62   11.63   30.83    9.91    0.14    276.                     
 15.000   25.49    9.13  0.3915   -0.94   10.50   27.79    8.48   -0.02    260.                     
 16.000   22.92    8.52  0.3155   -0.93    8.60   24.66    8.04    0.29    250.                     
 17.000   18.79    7.23  0.3145   -1.03    7.10   20.24    6.85    0.47    239.                     
 18.000   14.24    7.45  0.2329   -1.05    6.05   15.75    6.91    0.83    229.                     
 19.000   11.01    7.40  0.2247   -0.65    5.15   12.57    6.70    1.30    228.                     
 20.000    9.03    7.23  0.2539   -0.62    4.55   10.52    6.65    1.78    223.                     
 21.000    7.43    7.71  0.1676   -0.76    4.12    9.42    6.58    2.03    215.                     
 22.000    6.64    8.40  0.0839   -0.77    4.10    9.28    6.76    1.80    203.                     
 23.000    6.33    7.92  0.1671   -0.56    3.41    8.79    6.11    1.86    200.                     
 24.000    6.26    8.76  0.2172   -0.44    3.69    9.50    6.26    1.62    189.                     
 25.000    6.40    9.14  0.1662   -0.41    4.37   10.16    6.33    1.21    178.                     
 26.000    6.84    9.35  0.2812   -0.06    3.40   10.17    6.48    1.13    174.                     
 27.000    8.05   10.36  0.1828   -0.25    3.26   11.24    7.49    0.97    154.                     
 28.000    9.33   12.00  0.1114   -0.83    3.94   12.84    9.04    0.93    152.                     
 29.000   10.56   13.48  0.0927   -1.23    3.97   14.13   10.50    0.95    111.                     
 30.000   11.28   15.69  0.3951    0.60    5.65   17.68    9.60    0.55    199.                     
 32.000   16.28   17.91  0.4891    1.49    6.45   21.99   12.04    0.34    206.                     
 34.000   20.66   20.00  0.5230    2.64    7.64   26.38   13.97    0.27    209.                     
 36.000   24.83   22.42  0.5142    2.28    8.10   30.58   15.91    0.13    207.                     
 38.000   26.64   23.65  0.4581    1.86    9.41   32.47   17.47    0.13    206.                     
 40.000   26.61   24.97  0.3817    1.11   10.71   33.39   18.18    0.17    207.                     
 42.000   27.02   25.80  0.3462    2.79   10.84   34.07   18.92    0.26    208.                     
 44.000   27.89   26.24  0.1991    5.42   12.37   36.12   18.48    0.13    209.                     
 46.000   30.99   26.35  0.1862    7.96   13.07   39.26   18.56    0.06    209.                     
 48.000   33.40   25.71  0.1939    9.23   14.77   41.85   18.05    0.07    208.                     
 50.000   36.70   24.37  0.3189   10.55   15.16   43.76   19.09    0.38    206.                     
 52.000   40.66   25.57  0.2478   10.71   14.24   47.00   20.32    0.45    203.                     
 54.000   44.90   27.19  0.2245    9.14   15.19   50.48   22.80    0.42    201.                     
 56.000   47.54   26.65  0.2034   10.10   16.46   53.12   22.79    0.65    198.                     
 58.000   50.68   23.48  0.1232   10.69   16.97   55.73   20.33   -0.19    188.                     
 60.000   59.06   23.89  0.0092   10.53   17.53   63.05   22.34    0.37    180.                     
 62.000   68.64   24.31  0.0530    6.21   18.27   71.87   22.49   -0.11    157.                     
 64.000   69.60   27.01  0.1040    0.83   17.96   72.78   24.43   -0.11    130.                     
 66.000   72.55   25.99  0.0174   -5.52   18.08   75.38   24.70   -0.43    102.                     
 68.000   70.84   28.01  0.1654  -10.65   19.46   75.65   23.75   -0.20     62.                     
 70.000   67.03   27.04  0.3529  -23.77   20.10   75.49   21.89   -0.35     43.                     
1    T A B L E  I -  3.  W I N D  S T A T I S T I C A L  P A R A M E T E R S                        
                                   MARCH                                                            
 STATION =   722696     WHITE SANDS, NM                                                             
    Z    MEAN U   SD  U  R(U,V)  MEAN V   SD  V MEAN WS  SD  WS SKEW WS    NOBS                     
    KM     M/S     M/S             M/S     M/S     M/S     M/S                                      
  0.000    0.00    0.00  0.0000    0.00    0.00    0.00    0.00    0.00      0.                     
  1.246    0.15    2.86  -.0142    0.88    3.09    3.31    2.75    1.58    415.                     
  2.000    2.85    4.08  -.0505    1.04    5.12    6.24    3.62    1.19    410.                     
  3.000    7.36    5.34  0.1519    0.19    6.07    9.95    4.53    0.48    410.                     
  4.000   10.95    6.70  0.2426    0.33    7.75   13.79    5.89    0.29    410.                     
  5.000   14.36    8.66  0.2669    0.61    9.65   17.72    7.77    0.25    407.                     
  6.000   17.56   10.74  0.2950    0.79   11.16   21.32    9.69    0.38    405.                     
  7.000   20.34   12.95  0.3093    0.92   12.04   24.39   11.47    0.51    402.                     
  8.000   22.21   14.25  0.3888    1.06   13.33   26.80   12.49    0.52    393.                     
  9.000   24.20   14.94  0.3886    1.31   14.31   28.86   13.49    0.64    383.                     
 10.000   25.48   14.32  0.3759    1.36   14.59   29.92   13.16    0.42    372.                     
 11.000   26.66   13.30  0.2732    1.13   13.72   30.35   12.46    0.32    354.                     
 12.000   28.22   12.76  0.1821    1.09   12.94   31.30   12.15    0.33    351.                     
 13.000   28.68   10.97  0.1753    1.47   10.87   30.76   10.80   -0.01    337.                     
 14.000   27.78    9.31  0.1333    1.67    8.78   29.20    9.23   -0.12    323.                     
 15.000   25.52    8.98  0.1596    1.64    8.13   26.90    8.75    0.25    306.                     
 16.000   22.30    8.07  0.1640    1.17    6.99   23.43    7.95    0.08    305.                     
 17.000   19.09    7.92  0.1541    0.92    5.91   20.05    7.80    0.36    289.                     
 18.000   15.78    8.62  0.1842    1.11    5.41   16.83    8.39    0.64    283.                     
 19.000   12.34    8.71  0.1609    1.16    4.79   13.60    8.21    1.04    273.                     
 20.000    9.25    8.17  0.2028    0.71    3.96   10.51    7.61    1.76    266.                     
 21.000    7.22    8.42  0.2993    0.41    3.62    9.09    7.33    2.19    255.                     
 22.000    6.52    9.24  0.4045    0.49    3.87    9.15    7.70    2.02    243.                     
 23.000    6.40    8.56  0.4540    0.60    3.49    8.75    7.07    2.14    236.                     
 24.000    6.24    9.01  0.3741    0.57    3.91    9.46    6.79    1.86    226.                     
 25.000    5.76    8.75  0.2225    0.56    3.94    9.34    6.18    1.74    218.                     
 26.000    6.35    9.01  0.2867    0.82    3.30    9.65    6.30    0.97    206.                     
 27.000    7.24    9.78  0.2614    0.98    3.27   10.66    6.76    0.88    184.                     
 28.000    7.92   10.66  0.2077    0.91    3.56   11.81    7.08    0.84    184.                     
 29.000    8.51   10.68  0.1255    0.80    3.69   12.33    6.94    0.45    137.                     
 30.000    9.90   11.69  0.2883    0.95    4.65   13.80    8.14    0.55    170.                     
 32.000   14.29   13.21  0.2217    1.39    5.78   17.65   10.10    0.43    172.                     
 34.000   19.82   14.72  0.1636    1.79    6.99   22.77   11.93    0.28    173.                     
 36.000   25.06   16.34  0.3742    1.15    7.10   27.94   12.86   -0.02    174.                     
 38.000   27.75   17.27  0.2954    0.96    7.80   30.58   13.93    0.05    175.                     
 40.000   29.70   19.25  0.2515    1.08    9.15   32.90   15.93    0.15    175.                     
 42.000   30.79   18.87  0.1166    2.89   10.55   34.08   16.17   -0.01    175.                     
 44.000   31.89   17.66  0.2309    5.30   11.98   35.50   15.47    0.02    174.                     
 46.000   32.87   17.29  0.2040    7.51   12.41   36.70   15.56    0.00    174.                     
 48.000   34.11   17.91  0.1630    8.23   12.99   38.62   15.09    0.29    174.                     
 50.000   35.10   17.27  0.3075   10.26   12.34   39.07   16.13    0.02    173.                     
 52.000   34.59   17.96  0.2392   10.84   11.48   39.13   15.36   -0.05    172.                     
 54.000   36.21   17.72  0.1632   11.76   12.47   41.07   15.20   -0.17    171.                     
 56.000   37.72   18.26  0.0882   11.62   13.15   42.45   16.15    0.06    165.                     
 58.000   39.78   21.20  0.1774   10.14   14.95   44.36   19.70    0.28    162.                     
 60.000   39.64   24.25  0.1936   10.34   16.77   46.19   20.28   -0.08    153.                     
 62.000   41.71   23.80  0.0855    7.13   15.73   46.73   20.43    0.08    133.                     
 64.000   41.30   23.36  0.1248    3.80   15.63   46.04   19.68    0.11    113.                     
 66.000   36.15   25.75  0.1303   -5.33   13.11   40.81   22.39    0.49     88.                     
 68.000   30.42   24.79  0.1255  -12.11   15.58   39.22   19.59    0.24     60.                     
 70.000   21.45   23.22  -.2168  -15.36   22.04   36.26   19.80    0.91     43.                     
1    T A B L E  I -  4.  W I N D  S T A T I S T I C A L  P A R A M E T E R S                        
                                   APRIL                                                            
 STATION =   722696     WHITE SANDS, NM                                                             
    Z    MEAN U   SD  U  R(U,V)  MEAN V   SD  V MEAN WS  SD  WS SKEW WS    NOBS                     
    KM     M/S     M/S             M/S     M/S     M/S     M/S                                      
  0.000    0.00    0.00  0.0000    0.00    0.00    0.00    0.00    0.00      0.                     
  1.246    0.45    2.52  -.0205    0.85    3.22    3.30    2.59    0.95    420.                     
  2.000    3.13    3.73  0.0907    1.68    4.63    6.01    3.44    0.82    414.                     
  3.000    6.62    4.96  0.1564    2.14    5.29    9.02    4.42    0.43    411.                     
  4.000    9.96    6.42  0.2656    3.44    6.42   12.50    6.10    0.44    403.                     
  5.000   12.93    7.81  0.3902    4.24    7.89   15.82    7.61    0.50    400.                     
  6.000   16.10    9.31  0.4336    5.01    8.97   19.08    9.34    0.50    398.                     
  7.000   18.73   10.83  0.4365    5.70   10.46   22.10   11.01    0.50    395.                     
  8.000   21.18   12.38  0.4340    6.67   11.55   25.02   12.39    0.51    393.                     
  9.000   23.01   12.90  0.3724    7.07   12.18   27.09   12.66    0.34    392.                     
 10.000   24.78   12.81  0.3740    7.71   12.47   28.81   12.75    0.12    388.                     
 11.000   26.24   12.70  0.3753    7.92   12.61   30.09   12.89    0.08    372.                     
 12.000   27.29   12.91  0.3823    7.68   12.29   30.85   13.03    0.34    370.                     
 13.000   26.91   11.79  0.3626    6.31   11.25   30.05   11.22    0.45    349.                     
 14.000   26.13    9.78  0.2643    5.74    8.99   28.26    9.66    0.28    341.                     
 15.000   23.12    8.53  0.2714    5.08    8.38   25.13    8.46    0.03    326.                     
 16.000   20.09    7.59  0.1867    4.73    6.88   21.74    7.62    0.22    306.                     
 17.000   16.10    6.73  0.1393    3.91    6.04   17.62    6.78    0.38    276.                     
 18.000   11.24    6.74  0.1020    3.13    5.35   12.94    6.53    1.01    271.                     
 19.000    6.90    6.10  0.0856    1.98    4.38    8.74    5.62    1.59    257.                     
 20.000    4.00    4.72  0.0963    1.26    3.55    5.99    4.07    1.39    248.                     
 21.000    2.32    4.66  0.1695    0.84    2.90    4.99    3.35    1.84    237.                     
 22.000    1.42    4.81  0.1420    0.92    2.99    4.81    3.43    2.16    235.                     
 23.000    1.14    4.13  0.2166    0.60    2.12    3.99    2.68    1.39    214.                     
 24.000    0.85    5.06  0.3001    0.43    2.85    5.02    3.05    0.96    210.                     
 25.000    1.06    5.05  0.2609    0.25    2.82    5.06    2.98    0.75    205.                     
 26.000    1.79    4.86  0.1600    0.26    2.62    4.97    2.99    0.64    197.                     
 27.000    3.27    5.00  0.1010    0.45    2.86    5.81    3.19    0.79    180.                     
 28.000    5.11    5.15  0.0583    0.70    3.09    7.05    3.57    0.34    180.                     
 29.000    7.36    5.68  0.0129    0.63    2.97    8.83    4.19    0.26    114.                     
 30.000    8.43    6.47  0.1233    1.27    4.21   10.22    5.26    0.78    174.                     
 32.000   11.57    7.80  0.0781    1.95    5.06   13.37    6.72    0.33    176.                     
 34.000   15.07    9.22  0.2397    1.58    5.86   16.80    8.15    0.26    180.                     
 36.000   16.85   10.54  0.2889    1.47    5.78   18.44    9.50    0.27    181.                     
 38.000   16.74   12.80  0.2600   -0.16    7.10   19.35   10.93    0.37    180.                     
 40.000   14.08   14.72  0.2212   -1.24    8.22   18.25   12.26    0.63    181.                     
 42.000   10.29   15.09  0.1067    1.88    8.96   16.81   11.57    1.02    180.                     
 44.000   11.39   14.85  0.2180    3.43    8.50   17.33   11.53    0.92    180.                     
 46.000   10.67   16.43  0.2981    4.06    8.08   17.45   12.65    1.13    179.                     
 48.000    8.66   17.51  0.2093    4.28   10.08   18.64   12.35    0.99    179.                     
 50.000    8.28   17.38  0.1597    5.08    8.17   17.47   12.51    1.37    179.                     
 52.000    6.69   17.79  0.2258    5.17    8.24   17.17   12.64    1.54    174.                     
 54.000    3.85   16.22  0.1470    4.42    8.88   15.99   10.92    1.31    170.                     
 56.000    0.34   18.60  0.3032    4.74   12.09   19.42   11.64    0.81    167.                     
 58.000   -0.48   19.60  0.2351    7.74   11.09   20.89   11.34    0.81    151.                     
 60.000   -0.83   18.66  0.2207    7.26   11.81   20.07   11.65    1.15    141.                     
 62.000    0.18   18.86  0.0620    6.56   10.71   19.24   11.85    1.41    129.                     
 64.000    0.51   18.04  0.0086    4.69   12.25   19.41   10.85    0.85    113.                     
 66.000    0.43   16.77  0.0948    1.28   11.45   17.35   10.47    1.63     88.                     
 68.000   -0.15   16.58  -.0407   -2.94   11.14   16.91   10.84    1.17     64.                     
 70.000   -3.98   14.64  0.1974   -4.88   14.75   19.02   10.04    0.08     37.                     
1    T A B L E  I -  5.  W I N D  S T A T I S T I C A L  P A R A M E T E R S                        
                                   MAY                                                              
 STATION =   722696     WHITE SANDS, NM                                                             
    Z    MEAN U   SD  U  R(U,V)  MEAN V   SD  V MEAN WS  SD  WS SKEW WS    NOBS                     
    KM     M/S     M/S             M/S     M/S     M/S     M/S                                      
  0.000    0.00    0.00  0.0000    0.00    0.00    0.00    0.00    0.00      0.                     
  1.246    0.40    2.57  -.0115    1.32    3.18    3.41    2.64    1.39    489.                     
  2.000    2.42    3.30  0.0109    2.35    4.49    5.63    3.27    1.22    488.                     
  3.000    4.64    3.98  0.1402    1.91    4.36    6.80    3.69    0.94    486.                     
  4.000    6.62    5.21  0.3295    2.35    5.37    8.98    4.97    0.78    483.                     
  5.000    8.83    6.89  0.3597    2.97    6.78   11.69    6.59    0.85    482.                     
  6.000   10.64    7.90  0.3391    3.01    7.62   13.56    7.66    0.78    476.                     
  7.000   12.50    9.30  0.3867    2.77    7.83   15.17    9.02    0.73    473.                     
  8.000   14.27   10.56  0.3832    2.84    8.58   17.05   10.29    0.75    473.                     
  9.000   15.93   11.31  0.3731    3.03    9.28   18.85   11.03    0.74    466.                     
 10.000   17.72   11.83  0.3556    3.19    9.99   20.76   11.52    0.65    459.                     
 11.000   19.49   12.04  0.3380    3.15   10.48   22.47   11.81    0.49    449.                     
 12.000   21.43   12.41  0.3346    3.05   10.85   24.35   12.14    0.46    447.                     
 13.000   22.14   11.69  0.3571    2.98   10.27   24.72   11.41    0.42    431.                     
 14.000   20.81    9.59  0.3436    3.03    9.04   22.97    9.38    0.27    406.                     
 15.000   18.21    7.88  0.2896    2.67    8.25   20.20    7.80    0.32    391.                     
 16.000   13.95    6.11  0.3216    1.93    7.33   15.86    6.13    0.52    342.                     
 17.000    9.43    5.36  0.2394    1.63    6.18   11.41    5.31    0.60    315.                     
 18.000    5.20    5.15  0.2291    1.56    4.99    7.67    4.69    0.90    304.                     
 19.000    2.03    4.16  0.1864    1.00    3.56    4.98    3.21    1.37    295.                     
 20.000   -0.21    4.14  0.1504    0.73    2.92    4.34    2.72    1.45    287.                     
 21.000   -1.49    3.99  0.1776    0.36    2.78    4.46    2.47    1.00    275.                     
 22.000   -2.55    4.13  0.2290    0.37    2.47    4.75    2.69    0.92    275.                     
 23.000   -3.01    3.78  0.2544    0.31    2.24    4.70    2.51    0.49    261.                     
 24.000   -3.31    4.06  0.1571    0.26    2.68    5.18    2.80    0.73    261.                     
 25.000   -3.46    4.12  0.1667    0.13    2.49    5.20    2.84    0.57    245.                     
 26.000   -3.21    4.50  0.2705    0.19    2.55    5.29    3.00    0.67    228.                     
 27.000   -2.55    5.02  0.3310    0.23    2.90    5.49    3.14    0.98    190.                     
 28.000   -1.89    5.12  0.2717    0.17    2.58    5.23    3.01    1.31    190.                     
 29.000   -0.63    5.39  0.2174    0.26    2.81    5.41    2.80    1.21    122.                     
 30.000   -0.85    5.50  0.0408    0.85    3.41    5.76    3.17    0.83    203.                     
 32.000    0.00    6.82  -.0254    1.72    3.69    6.74    4.18    1.15    204.                     
 34.000    0.17    6.73  -.0177    1.19    3.98    6.90    3.85    0.80    212.                     
 36.000   -0.82    8.77  0.0177    0.52    3.73    8.30    4.75    0.79    212.                     
 38.000   -3.48    8.73  -.2571    0.27    4.25    9.09    4.85    0.53    212.                     
 40.000   -6.41    8.93  0.0355    0.00    5.00   10.50    5.94    0.68    212.                     
 42.000   -9.46    8.92  0.0358    1.08    4.76   12.11    6.79    0.54    213.                     
 44.000  -13.48   10.02  -.1229    1.88    5.59   15.98    7.83    0.18    213.                     
 46.000  -16.11   10.44  -.1026    2.92    6.20   18.69    8.10    0.42    212.                     
 48.000  -17.81   10.26  0.0107    4.55    6.72   20.39    8.50    0.17    211.                     
 50.000  -19.80    9.30  0.0324    5.52    8.08   22.41    8.45    0.10    210.                     
 52.000  -21.05    9.54  0.0412    5.01    6.24   22.74    8.99   -0.05    208.                     
 54.000  -22.18   10.53  0.0010    4.34    6.99   23.97    9.79    0.06    207.                     
 56.000  -25.07   10.72  -.0175    3.44    8.24   26.92    9.91   -0.06    203.                     
 58.000  -27.85   10.31  0.0342    4.13    8.63   29.70    9.51    0.23    195.                     
 60.000  -30.27   11.77  0.1416    3.11   10.10   32.65   10.00   -0.07    178.                     
 62.000  -33.09   12.71  0.1712    4.24   11.98   35.90   11.29   -0.08    165.                     
 64.000  -32.03   14.56  0.1145    3.21   11.28   34.75   12.91    0.02    131.                     
 66.000  -30.47   17.50  0.1240   -0.07   13.15   34.04   15.69    0.43     98.                     
 68.000  -27.51   18.32  -.0136   -4.09   15.59   32.91   16.29    0.31     75.                     
 70.000  -28.30   17.30  0.0207   -7.14   19.43   35.13   16.90    0.62     45.                     
1    T A B L E  I -  6.  W I N D  S T A T I S T I C A L  P A R A M E T E R S                        
                                   JUNE                                                             
 STATION =   722696     WHITE SANDS, NM                                                             
    Z    MEAN U   SD  U  R(U,V)  MEAN V   SD  V MEAN WS  SD  WS SKEW WS    NOBS                     
    KM     M/S     M/S             M/S     M/S     M/S     M/S                                      
  0.000    0.00    0.00  0.0000    0.00    0.00    0.00    0.00    0.00      0.                     
  1.246    0.13    2.48  -.0950    1.23    3.25    3.40    2.57    1.17    389.                     
  2.000    1.60    3.28  -.0573    2.51    4.26    5.24    3.20    0.86    388.                     
  3.000    3.11    3.98  0.1798    1.85    4.16    5.90    3.37    0.71    388.                     
  4.000    3.87    5.26  0.4116    1.57    5.59    7.66    4.18    0.86    388.                     
  5.000    4.86    6.84  0.4590    1.66    7.36    9.85    5.50    0.77    388.                     
  6.000    5.98    7.85  0.5106    1.63    7.72   10.91    6.34    0.73    387.                     
  7.000    7.25    8.35  0.4966    1.90    7.77   11.65    7.10    0.70    387.                     
  8.000    8.43    8.68  0.4695    2.13    8.17   12.58    7.70    0.71    385.                     
  9.000    9.85    8.95  0.4253    2.34    8.91   14.02    8.08    0.74    384.                     
 10.000   11.81    9.45  0.3576    2.47    9.96   16.13    8.58    0.69    375.                     
 11.000   13.80   10.28  0.3010    2.49   11.06   18.47    9.10    0.53    364.                     
 12.000   15.44   10.40  0.3161    2.77   11.15   19.85    9.17    0.41    364.                     
 13.000   16.22   10.16  0.3963    2.97   10.69   20.31    8.76    0.43    359.                     
 14.000   15.35    9.05  0.4065    3.04    9.14   18.57    8.05    0.39    345.                     
 15.000   12.60    7.67  0.3746    3.17    7.48   15.23    7.16    0.57    334.                     
 16.000    8.48    5.73  0.2300    2.65    5.68   10.72    5.39    0.54    310.                     
 17.000    3.93    4.67  0.0588    1.90    4.42    6.90    3.55    0.65    304.                     
 18.000   -0.19    4.16  0.0354    1.35    3.43    4.89    2.62    0.77    303.                     
 19.000   -3.08    3.68  -.0208    0.99    2.90    5.10    2.51    0.62    284.                     
 20.000   -5.16    3.65  0.0398    0.84    2.50    6.26    2.77    0.62    281.                     
 21.000   -6.57    3.68  0.1769    0.84    2.42    7.36    3.02    0.09    273.                     
 22.000   -7.67    3.31  0.1640    0.55    1.83    8.02    3.00   -0.17    271.                     
 23.000   -8.57    3.34  0.1768    0.56    1.69    8.83    3.13   -0.26    253.                     
 24.000   -9.36    3.85  0.0800    0.72    2.20    9.74    3.60   -0.10    253.                     
 25.000   -9.63    3.88  0.0859    0.85    1.98    9.96    3.65   -0.13    238.                     
 26.000   -9.84    3.88  0.0369    0.69    1.82   10.08    3.75   -0.08    227.                     
 27.000  -10.39    4.13  -.0033    0.39    2.32   10.74    3.90    0.07    206.                     
 28.000  -10.71    3.99  0.0319    0.50    1.91   10.92    3.91   -0.04    194.                     
 29.000  -11.10    4.29  0.0977    0.69    2.77   11.52    4.12    0.05    146.                     
 30.000  -12.65    4.36  0.2089    1.01    3.06   13.10    4.20    0.19    184.                     
 32.000  -13.65    4.91  -.0617    1.20    3.18   14.13    4.70   -0.07    184.                     
 34.000  -15.13    5.40  0.1556    0.79    3.70   15.65    5.25   -0.02    194.                     
 36.000  -17.15    6.17  0.1055    1.00    3.52   17.65    5.81    0.00    191.                     
 38.000  -20.77    5.88  -.1202    0.24    3.58   21.10    5.79    0.14    194.                     
 40.000  -23.70    6.81  0.1537   -0.01    4.83   24.22    6.66   -0.05    192.                     
 42.000  -28.63    8.05  0.0253    0.12    5.24   29.17    7.79   -0.08    192.                     
 44.000  -32.76    7.11  -.0328    1.45    5.43   33.25    7.04   -0.04    192.                     
 46.000  -34.90    7.61  -.0563    2.68    6.90   35.71    7.41   -0.29    191.                     
 48.000  -37.52    8.09  -.0826    4.27    6.96   38.42    7.98    0.07    190.                     
 50.000  -40.07    8.91  -.0330    5.31    6.99   41.02    8.90   -0.06    188.                     
 52.000  -42.39    8.90  0.0289    5.60    8.16   43.58    8.67    0.11    187.                     
 54.000  -45.10   10.70  -.0029    5.21    7.84   46.13   10.42    0.08    186.                     
 56.000  -48.96   10.79  0.0972    4.26    9.81   50.09   10.86    0.51    184.                     
 58.000  -51.47   11.91  0.0142    3.27   10.67   52.68   11.83    0.05    178.                     
 60.000  -53.22   16.60  0.0906    2.12   11.36   54.67   15.87    0.30    166.                     
 62.000  -54.18   17.44  -.0481    2.63   13.98   56.15   16.98   -0.08    142.                     
 64.000  -54.39   17.96  0.1619    1.99   15.83   57.00   16.84    0.13    121.                     
 66.000  -54.63   18.36  0.1229    4.00   19.28   58.23   17.75    0.21     88.                     
 68.000  -48.20   23.23  0.1255    4.73   18.53   52.33   21.98    0.17     58.                     
 70.000  -42.88   26.58  0.0949   -3.73   18.86   47.32   25.76    0.68     34.                     
1    T A B L E  I -  7.  W I N D  S T A T I S T I C A L  P A R A M E T E R S                        
                                   JULY                                                             
 STATION =   722696     WHITE SANDS, NM                                                             
    Z    MEAN U   SD  U  R(U,V)  MEAN V   SD  V MEAN WS  SD  WS SKEW WS    NOBS                     
    KM     M/S     M/S             M/S     M/S     M/S     M/S                                      
  0.000    0.00    0.00  0.0000    0.00    0.00    0.00    0.00    0.00      0.                     
  1.246    0.22    2.06  -.1391    0.99    3.04    3.01    2.32    0.96    352.                     
  2.000   -0.22    2.11  -.1336    2.55    3.61    4.18    2.56    1.08    351.                     
  3.000    0.00    2.92  0.0433    1.39    3.25    4.04    2.14    0.67    349.                     
  4.000   -1.36    4.01  0.1752   -0.01    4.23    5.26    2.85    0.89    347.                     
  5.000   -2.68    4.47  0.2320   -0.76    4.98    6.39    3.40    0.79    345.                     
  6.000   -2.38    4.77  0.1692   -0.12    4.70    6.25    3.37    0.49    344.                     
  7.000   -1.66    4.87  0.1043    0.58    4.65    6.10    3.35    0.75    344.                     
  8.000   -1.01    5.34  0.0887    0.72    5.31    6.77    3.51    0.87    344.                     
  9.000   -0.56    6.19  0.1011    0.64    5.76    7.57    3.85    0.87    342.                     
 10.000    0.00    7.39  0.1733    0.59    6.12    8.53    4.41    0.67    339.                     
 11.000    0.41    8.70  0.2181    0.32    6.88    9.79    5.22    0.55    337.                     
 12.000    0.63    9.28  0.1885   -0.09    6.93   10.19    5.52    0.49    336.                     
 13.000    0.57    9.23  0.1430   -0.38    6.91   10.17    5.45    0.51    331.                     
 14.000    0.27    7.90  0.0589   -0.52    6.30    8.94    4.72    0.52    318.                     
 15.000   -0.97    5.86  0.1098   -0.17    5.22    7.10    3.46    0.34    306.                     
 16.000   -2.67    4.61  0.2203   -0.07    3.89    5.80    3.13    0.59    275.                     
 17.000   -4.62    4.11  0.1613    0.13    3.21    6.11    3.34    0.60    263.                     
 18.000   -6.61    3.26  0.0622    0.41    3.03    7.43    2.92    0.30    263.                     
 19.000   -8.23    2.93  0.2199    0.49    2.46    8.65    2.78    0.18    252.                     
 20.000   -9.90    3.19  0.0895    0.27    2.21   10.19    3.07    0.24    244.                     
 21.000  -11.47    3.24  0.1811    0.52    2.65   11.83    3.06    0.10    241.                     
 22.000  -12.66    2.98  0.0848    0.67    1.84   12.83    2.92   -0.10    234.                     
 23.000  -13.67    2.99  0.0048    0.69    1.64   13.80    2.95   -0.05    221.                     
 24.000  -14.51    3.18  -.1455    0.65    1.86   14.65    3.17   -0.02    221.                     
 25.000  -15.41    3.17  -.1240    0.66    1.92   15.54    3.16    0.02    208.                     
 26.000  -16.37    3.36  -.1397    0.71    2.27   16.54    3.36    0.06    188.                     
 27.000  -17.51    3.80  -.1206    0.59    2.65   17.72    3.81    0.10    180.                     
 28.000  -18.00    3.50  0.0006    0.60    1.91   18.11    3.49    0.05    162.                     
 29.000  -18.93    3.82  -.0269    0.51    2.64   19.12    3.81    0.47    114.                     
 30.000  -21.75    3.83  0.0711    1.00    3.30   22.03    3.77    0.02    165.                     
 32.000  -22.58    4.38  0.1853    1.85    3.32   22.91    4.30   -0.09    165.                     
 34.000  -23.13    5.20  0.2329    1.50    4.01   23.56    5.05    0.00    167.                     
 36.000  -26.29    5.61  0.1483    0.81    3.91   26.62    5.48   -0.28    167.                     
 38.000  -30.17    5.81  0.0856    0.64    4.63   30.51    5.86    0.23    166.                     
 40.000  -33.65    5.90  0.1589   -0.51    4.89   34.03    5.78    0.30    166.                     
 42.000  -39.52    6.75  0.1362    0.82    5.39   39.91    6.67    0.06    166.                     
 44.000  -42.92    7.08  0.1384    3.18    5.89   43.46    6.96    0.11    166.                     
 46.000  -44.63    7.51  0.0033    4.40    7.31   45.45    7.41   -0.50    164.                     
 48.000  -46.76    8.30  0.0899    6.02    7.13   47.71    8.11    0.11    164.                     
 50.000  -50.04    9.44  -.0128    5.50    7.16   50.89    9.20   -0.57    164.                     
 52.000  -53.79    9.89  0.0362    5.35    7.23   54.56    9.75   -0.64    164.                     
 54.000  -56.71   10.36  0.1339    6.33    9.40   57.85   10.23    0.74    162.                     
 56.000  -57.92   12.22  0.1754    3.32   10.53   58.96   12.23    0.41    156.                     
 58.000  -60.90   15.65  0.1258    4.27   11.54   62.22   15.26    0.41    148.                     
 60.000  -61.84   21.76  0.0693    3.34   16.40   64.77   19.48    1.07    137.                     
 62.000  -61.22   24.99  -.2173    5.86   16.11   64.89   21.24    0.29    122.                     
 64.000  -56.26   28.64  0.0373    2.13   22.52   61.59   26.41    0.48    106.                     
 66.000  -50.95   34.45  0.0369   -0.89   21.19   57.15   30.96    0.79     86.                     
 68.000  -39.04   32.14  0.1059   -4.33   23.92   48.13   28.61    1.51     60.                     
 70.000  -20.23   33.78  0.1460   -5.10   26.47   40.27   24.95    1.21     37.                     
1    T A B L E  I -  8.  W I N D  S T A T I S T I C A L  P A R A M E T E R S                        
                                   AUGUST                                                           
 STATION =   722696     WHITE SANDS, NM                                                             
    Z    MEAN U   SD  U  R(U,V)  MEAN V   SD  V MEAN WS  SD  WS SKEW WS    NOBS                     
    KM     M/S     M/S             M/S     M/S     M/S     M/S                                      
  0.000    0.00    0.00  0.0000    0.00    0.00    0.00    0.00    0.00      0.                     
  1.246    0.05    1.88  -.1692    0.62    2.84    2.69    2.18    2.16    372.                     
  2.000    0.10    2.14  -.2456    1.99    3.65    3.94    2.52    1.41    371.                     
  3.000    0.45    3.00  0.0661    1.15    3.25    4.04    2.17    0.82    371.                     
  4.000   -0.41    4.17  0.2859   -0.14    4.05    5.11    2.80    1.02    369.                     
  5.000   -1.18    4.78  0.3305   -0.55    4.82    6.17    3.08    0.60    368.                     
  6.000   -0.79    4.66  0.2299   -0.12    4.92    5.98    3.28    0.93    365.                     
  7.000   -0.14    4.72  0.2033   -0.13    5.19    6.07    3.52    1.08    361.                     
  8.000    0.40    5.75  0.2669   -0.34    6.03    7.11    4.37    1.28    360.                     
  9.000    0.99    6.46  0.2795   -0.43    7.04    8.12    5.13    1.15    357.                     
 10.000    1.80    7.41  0.2488   -0.61    7.83    9.30    5.76    0.94    355.                     
 11.000    2.45    8.50  0.2371   -1.04    8.80   10.58    6.68    0.78    351.                     
 12.000    2.84    9.06  0.2724   -1.63    8.91   11.20    6.80    0.70    349.                     
 13.000    2.80    9.28  0.2476   -1.82    8.45   11.25    6.47    0.67    346.                     
 14.000    2.23    8.24  0.1678   -1.29    7.50   10.03    5.46    0.74    336.                     
 15.000    0.95    6.52  0.1722   -0.80    6.20    7.96    4.34    0.92    328.                     
 16.000   -0.81    5.03  0.2494   -0.06    4.65    6.07    3.26    0.75    305.                     
 17.000   -3.04    4.17  0.2914    0.30    3.29    5.49    2.71    0.56    293.                     
 18.000   -4.93    3.64  0.1793    0.26    2.70    6.13    2.69    0.45    293.                     
 19.000   -6.87    3.38  0.0855    0.02    2.13    7.32    3.10    0.08    283.                     
 20.000   -8.70    3.06  0.0431    0.31    2.09    8.99    2.96    0.09    279.                     
 21.000  -10.26    3.04  0.1606    0.67    2.12   10.54    2.90    0.10    275.                     
 22.000  -11.39    2.66  0.0586    0.56    1.73   11.56    2.54    0.03    272.                     
 23.000  -12.57    2.76  0.0554    0.50    1.74   12.72    2.65    0.25    250.                     
 24.000  -13.90    2.99  -.0231    0.48    1.93   14.06    2.89    0.40    250.                     
 25.000  -14.75    3.07  0.0315    0.64    1.85   14.90    2.96    0.09    234.                     
 26.000  -15.62    3.29  0.0270    0.73    1.75   15.75    3.21   -0.01    206.                     
 27.000  -16.54    3.70  -.1140    0.69    2.22   16.70    3.68    0.15    191.                     
 28.000  -17.31    3.12  -.1016    0.55    1.91   17.43    3.11   -0.11    175.                     
 29.000  -18.15    3.36  0.0311    0.40    2.91   18.39    3.32   -0.48    137.                     
 30.000  -21.17    3.59  -.0253    1.10    3.10   21.41    3.62    0.19    162.                     
 32.000  -21.53    4.96  0.1293    1.80    3.17   21.85    4.88    0.00    166.                     
 34.000  -21.52    5.29  -.0749    1.32    3.68   21.88    5.25   -0.35    166.                     
 36.000  -24.23    5.14  0.1649    0.20    3.99   24.58    5.03   -0.23    165.                     
 38.000  -26.26    6.71  0.1340    0.65    4.41   26.69    6.49   -0.02    166.                     
 40.000  -28.46    7.97  0.1467    1.42    5.20   29.16    7.25   -0.22    167.                     
 42.000  -31.08    8.73  0.0909   -0.18    5.42   31.74    7.98    0.11    167.                     
 44.000  -34.92    8.89  0.0294    1.55    6.60   35.74    8.18   -0.09    164.                     
 46.000  -37.62    9.35  -.1083    4.80    7.68   38.80    8.89   -0.06    165.                     
 48.000  -38.03   10.06  -.0258    6.42    8.10   39.60    9.24   -0.70    164.                     
 50.000  -37.77   11.64  0.0656    6.45    9.28   39.77   10.38   -0.33    164.                     
 52.000  -38.96   13.65  0.1545    6.03   10.26   41.28   11.90   -0.47    163.                     
 54.000  -38.78   14.90  0.0858    5.79   10.69   41.32   12.88   -0.65    160.                     
 56.000  -36.39   19.83  0.0172    5.39    9.71   39.32   17.15   -0.05    157.                     
 58.000  -34.45   20.76  0.0081    5.07   13.38   38.56   18.27    0.06    152.                     
 60.000  -30.14   22.32  0.0131    3.27   13.64   35.41   18.63    0.34    143.                     
 62.000  -26.10   24.69  -.0367    1.84   13.15   32.44   20.28    0.68    126.                     
 64.000  -17.08   20.77  0.1294    0.26   14.80   26.37   15.59    1.40    110.                     
 66.000   -9.16   22.91  0.0209   -4.91   14.76   23.95   16.48    1.88     88.                     
 68.000   -3.85   24.90  0.1190   -6.75   22.94   28.55   19.49    2.18     64.                     
 70.000    2.10   22.01  -.0718   -6.03   23.29   27.69   16.82    1.26     42.                     
1    T A B L E  I -  9.  W I N D  S T A T I S T I C A L  P A R A M E T E R S                        
                                   SEPTEMBER                                                        
 STATION =   722696     WHITE SANDS, NM                                                             
    Z    MEAN U   SD  U  R(U,V)  MEAN V   SD  V MEAN WS  SD  WS SKEW WS    NOBS                     
    KM     M/S     M/S             M/S     M/S     M/S     M/S                                      
  0.000    0.00    0.00  0.0000    0.00    0.00    0.00    0.00    0.00      0.                     
  1.246    0.01    2.03  -.1099    0.70    2.87    2.70    2.35    1.77    374.                     
  2.000    0.67    2.72  -.0336    1.91    3.97    4.40    2.79    0.84    372.                     
  3.000    2.27    4.08  0.0794    1.32    4.04    5.41    3.24    0.89    371.                     
  4.000    2.87    5.54  0.2138    0.86    4.85    6.76    4.17    0.94    369.                     
  5.000    3.96    6.27  0.2423    0.49    5.62    7.86    5.00    1.10    367.                     
  6.000    5.39    6.62  0.2056    0.89    6.33    8.92    5.83    1.36    361.                     
  7.000    6.98    7.03  0.2692    1.31    7.24   10.54    6.40    1.31    360.                     
  8.000    8.94    7.33  0.2845    1.52    8.20   12.49    6.86    1.04    360.                     
  9.000   11.03    7.80  0.2925    1.80    9.11   14.55    7.54    0.77    358.                     
 10.000   13.28    8.46  0.2802    1.97    9.96   16.79    8.31    0.48    357.                     
 11.000   15.62    9.37  0.2933    1.82   10.58   19.08    9.10    0.37    353.                     
 12.000   17.65    9.64  0.2817    1.74   10.44   20.66    9.45    0.30    352.                     
 13.000   18.20    9.79  0.2581    1.59    9.76   20.87    9.44    0.12    349.                     
 14.000   16.44    9.16  0.2541    1.67    8.54   18.76    8.82    0.42    344.                     
 15.000   13.08    7.15  0.2240    1.39    6.91   15.01    6.82    0.51    334.                     
 16.000    8.90    5.48  0.2123    0.84    5.39   10.67    4.99    0.41    308.                     
 17.000    4.71    4.57  0.1689    0.58    4.23    6.92    3.66    0.62    303.                     
 18.000    0.90    4.40  0.1102    0.56    3.52    4.99    2.80    0.88    298.                     
 19.000   -1.42    3.55  0.1087    0.69    2.70    4.22    2.13    0.57    284.                     
 20.000   -3.27    3.40  0.1908    0.68    2.38    4.77    2.36    0.58    278.                     
 21.000   -4.47    3.88  0.1842    0.49    2.61    5.83    2.82    0.48    265.                     
 22.000   -5.54    3.73  0.1805    0.19    2.07    6.34    2.95    0.54    264.                     
 23.000   -6.44    3.71  0.1000    0.28    1.73    6.94    3.20    0.24    252.                     
 24.000   -7.40    4.08  0.0468    0.51    1.97    7.95    3.49    0.11    252.                     
 25.000   -8.10    4.21  0.0203    0.70    2.08    8.64    3.66    0.14    243.                     
 26.000   -8.54    4.29  -.0151    0.75    2.10    9.04    3.82    0.17    224.                     
 27.000   -8.84    4.79  -.0124    0.72    2.58    9.49    4.26    0.30    216.                     
 28.000   -8.97    4.72  0.0244    0.62    2.00    9.46    4.18    0.27    209.                     
 29.000   -9.46    5.08  0.1363    0.37    2.81   10.20    4.39    0.06    155.                     
 30.000  -10.65    5.65  -.0302    0.96    3.04   11.39    5.06    0.22    203.                     
 32.000   -9.01    6.07  0.0661    3.00    3.70   10.80    4.88    0.18    208.                     
 34.000   -6.14    7.06  0.0971    1.77    3.97    9.06    4.92    0.49    212.                     
 36.000   -6.69    8.39  0.0311    0.47    4.28    9.59    6.45    0.99    212.                     
 38.000   -7.78    8.59  0.0224   -0.76    4.76   10.78    6.41    0.66    214.                     
 40.000   -8.52    9.05  -.0135    0.76    5.65   11.88    6.75    0.45    217.                     
 42.000   -9.85    9.79  -.0871    1.50    6.09   13.17    7.65    0.53    217.                     
 44.000  -10.51   11.57  0.0702    2.63    7.11   14.53    9.50    1.62    216.                     
 46.000   -9.06   11.37  0.0943    3.92    7.35   14.31    8.70    0.75    216.                     
 48.000   -6.51   14.16  0.0403    5.81    7.44   15.65    9.29    1.35    214.                     
 50.000   -3.30   14.32  -.0916    5.00    7.79   14.91    8.86    0.95    216.                     
 52.000   -1.96   14.23  -.0001    5.58    8.79   14.99    9.43    1.31    206.                     
 54.000   -0.54   15.48  -.0416    5.50    8.28   15.83    9.33    0.89    198.                     
 56.000    3.08   14.04  -.0671    6.09   10.10   16.44    8.61    0.88    190.                     
 58.000    5.83   13.64  -.0936    4.46   11.27   16.34    9.95    0.95    185.                     
 60.000    8.34   14.15  -.0611    4.77   10.55   17.77    9.32    0.78    176.                     
 62.000   10.22   14.92  -.2604    4.06   11.07   18.93   10.31    0.94    160.                     
 64.000   12.67   16.34  -.0861    3.52   15.75   22.93   12.64    1.40    142.                     
 66.000   17.12   16.58  0.2960    2.11   16.27   25.22   14.05    1.42     99.                     
 68.000   16.22   18.25  -.0473    0.29   15.77   25.96   12.85    0.90     71.                     
 70.000   23.47   17.44  0.2304   -6.89   18.96   32.67   13.62    0.55     55.                     
1    T A B L E  I - 10.  W I N D  S T A T I S T I C A L  P A R A M E T E R S                        
                                   OCTOBER                                                          
 STATION =   722696     WHITE SANDS, NM                                                             
    Z    MEAN U   SD  U  R(U,V)  MEAN V   SD  V MEAN WS  SD  WS SKEW WS    NOBS                     
    KM     M/S     M/S             M/S     M/S     M/S     M/S                                      
  0.000    0.00    0.00  0.0000    0.00    0.00    0.00    0.00    0.00      0.                     
  1.246    0.10    2.29  -.1359    0.47    2.99    2.99    2.33    1.49    380.                     
  2.000    1.97    3.27  0.0529    1.35    4.62    5.20    3.25    1.11    377.                     
  3.000    4.45    5.15  0.0858    1.05    5.74    8.00    4.03    0.72    375.                     
  4.000    6.99    6.71  0.1874    1.22    7.24   10.89    5.39    0.83    373.                     
  5.000    9.24    8.31  0.2166    1.40    8.56   13.41    7.04    0.85    371.                     
  6.000   11.10    9.31  0.2284    1.12    9.57   15.33    8.22    0.78    366.                     
  7.000   12.85   10.48  0.2562    1.09   10.76   17.49    9.26    0.81    364.                     
  8.000   14.41   11.07  0.3148    1.50   12.29   19.56   10.01    0.72    364.                     
  9.000   15.94   11.09  0.3238    1.91   13.62   21.41   10.35    0.62    360.                     
 10.000   17.60   11.32  0.3456    2.00   14.22   23.11   10.46    0.43    356.                     
 11.000   19.54   11.77  0.3598    2.22   14.33   24.85   10.60    0.24    348.                     
 12.000   21.61   12.22  0.3404    2.41   13.98   26.41   10.93    0.29    348.                     
 13.000   22.67   11.58  0.3133    2.19   12.78   26.54   10.53    0.26    340.                     
 14.000   21.32    9.95  0.2645    1.98   10.68   24.22    9.21    0.07    337.                     
 15.000   18.32    8.54  0.2680    1.23    9.08   20.69    8.02    0.15    334.                     
 16.000   14.04    6.63  0.2313    0.36    7.04   15.82    6.35    0.37    312.                     
 17.000    9.77    5.32  0.2213    0.10    5.71   11.47    4.97    0.52    301.                     
 18.000    5.74    5.00  0.1730    0.22    4.62    7.88    4.13    0.77    298.                     
 19.000    3.85    4.41  0.1468    0.27    3.50    5.92    3.40    1.09    292.                     
 20.000    2.98    4.36  0.0858    0.52    3.06    5.23    3.18    1.43    279.                     
 21.000    2.42    4.66  -.0668    0.62    2.84    5.18    3.01    1.01    269.                     
 22.000    1.84    4.50  -.0047    0.44    2.65    4.78    2.82    1.16    268.                     
 23.000    1.70    5.01  -.0315    0.32    2.28    4.88    3.05    0.83    253.                     
 24.000    1.40    6.34  -.0138    0.10    2.86    6.12    3.56    0.77    248.                     
 25.000    2.02    6.42  0.0900    0.08    2.38    6.03    3.79    0.93    238.                     
 26.000    2.35    6.81  0.1772    0.28    2.22    6.32    4.10    0.87    226.                     
 27.000    3.10    7.62  0.1496    0.43    2.84    7.46    4.47    0.71    210.                     
 28.000    4.56    7.94  0.1381    0.52    3.00    8.22    5.04    0.82    210.                     
 29.000    6.72    8.34  0.1428    0.64    3.49    9.54    6.01    0.71    162.                     
 30.000    5.92    9.64  0.1448    1.21    3.83   10.11    6.45    0.61    180.                     
 32.000    9.69   10.74  0.3204    2.77    4.72   12.60    8.95    0.67    180.                     
 34.000   15.09   12.55  0.4395    3.78    5.87   17.29   11.61    0.49    181.                     
 36.000   19.06   15.09  0.5505    2.94    5.60   20.85   14.00    0.34    183.                     
 38.000   23.23   16.36  0.3896    2.18    6.09   24.61   15.58    0.31    182.                     
 40.000   24.98   17.49  0.2105    0.33    5.76   26.42   16.27    0.23    182.                     
 42.000   26.33   17.71  0.2258    0.66    6.17   28.04   16.07    0.20    182.                     
 44.000   29.21   18.22  0.2805    3.90    7.24   31.07   16.95    0.09    181.                     
 46.000   33.40   19.15  0.2602    6.67    8.47   35.57   18.23   -0.04    182.                     
 48.000   38.56   19.77  0.3406    8.42    9.59   40.85   19.28   -0.13    180.                     
 50.000   42.46   21.18  0.3757    8.23    9.49   44.65   20.37   -0.04    178.                     
 52.000   46.07   22.03  0.3556    8.90    9.80   48.09   21.68    0.02    177.                     
 54.000   50.06   22.38  0.3989    8.92   10.87   52.49   21.18   -0.24    174.                     
 56.000   51.43   21.22  0.4427    8.73   11.40   53.39   21.21   -0.28    171.                     
 58.000   52.75   21.41  0.3880    7.00   10.55   54.21   21.50   -0.11    166.                     
 60.000   53.30   22.31  0.3372    7.07   12.62   55.32   22.06   -0.09    163.                     
 62.000   52.74   23.53  0.1637    4.97   12.68   54.58   23.24   -0.15    147.                     
 64.000   53.08   25.09  0.1207    2.47   14.75   55.47   24.34    0.13    125.                     
 66.000   52.21   26.38  0.0838   -0.05   19.92   55.92   26.20    0.32     90.                     
 68.000   52.03   25.54  0.0383   -5.26   22.87   57.70   23.89    0.08     60.                     
 70.000   44.77   28.95  0.3783   -9.45   28.66   53.35   29.76    1.91     37.                     
1    T A B L E  I - 11.  W I N D  S T A T I S T I C A L  P A R A M E T E R S                        
                                   NOVEMBER                                                         
 STATION =   722696     WHITE SANDS, NM                                                             
    Z    MEAN U   SD  U  R(U,V)  MEAN V   SD  V MEAN WS  SD  WS SKEW WS    NOBS                     
    KM     M/S     M/S             M/S     M/S     M/S     M/S                                      
  0.000    0.00    0.00  0.0000    0.00    0.00    0.00    0.00    0.00      0.                     
  1.246   -0.28    2.15  -.1273    0.04    3.04    2.76    2.51    1.69    394.                     
  2.000    2.08    3.01  0.0659    0.10    4.90    5.09    3.37    0.95    394.                     
  3.000    5.64    5.41  0.0981   -0.81    5.95    8.72    4.58    0.60    393.                     
  4.000    9.27    7.01  0.1325   -0.98    7.66   12.41    6.38    0.39    392.                     
  5.000   11.97    8.47  0.1717   -1.16    9.43   15.63    7.80    0.38    391.                     
  6.000   14.44    9.92  0.2239   -0.95   11.08   18.56    9.25    0.47    382.                     
  7.000   16.54   10.91  0.2594   -0.88   12.83   21.21   10.36    0.69    376.                     
  8.000   18.50   11.75  0.3083   -0.84   14.50   23.70   11.35    0.65    375.                     
  9.000   20.14   12.08  0.3154   -0.79   15.15   25.44   11.58    0.35    371.                     
 10.000   21.88   12.76  0.3252   -0.56   15.31   27.05   12.01    0.29    367.                     
 11.000   23.77   13.19  0.3475   -0.34   14.85   28.50   12.11    0.18    354.                     
 12.000   25.37   13.00  0.3282    0.08   14.50   29.63   12.02    0.14    352.                     
 13.000   24.88   12.35  0.3338   -0.10   13.05   28.51   11.33    0.18    340.                     
 14.000   23.36   10.42  0.2137    0.08   11.09   26.08    9.82    0.12    323.                     
 15.000   21.12    9.37  0.2374    0.14   10.69   23.77    9.10    0.22    312.                     
 16.000   17.14    8.02  0.2198    0.41    8.92   19.40    7.82    0.39    280.                     
 17.000   13.45    7.01  0.2514    0.12    6.87   15.23    6.73    0.56    266.                     
 18.000   10.02    6.61  0.1987    0.20    5.92   11.97    5.98    1.04    256.                     
 19.000    7.37    5.72  0.3024    0.04    4.53    8.95    5.23    1.35    249.                     
 20.000    6.17    5.34  0.3488   -0.30    3.60    7.67    4.56    1.51    244.                     
 21.000    5.44    5.58  0.2950   -0.44    3.39    7.32    4.34    1.23    236.                     
 22.000    4.36    6.40  0.2552   -0.33    3.42    7.07    4.65    1.29    229.                     
 23.000    4.95    6.04  0.4656   -0.28    2.95    7.02    4.51    1.13    220.                     
 24.000    5.51    6.79  0.4775   -0.22    3.32    7.84    5.10    1.29    211.                     
 25.000    6.10    7.06  0.3956   -0.48    3.30    8.33    5.35    1.19    206.                     
 26.000    7.22    7.40  0.4702   -0.28    3.21    9.24    5.63    1.01    201.                     
 27.000    8.65    8.23  0.5016   -0.23    3.44   10.62    6.44    0.97    172.                     
 28.000   10.43    9.51  0.4754   -0.34    4.07   12.61    7.52    0.90    172.                     
 29.000   12.61   10.35  0.5147   -0.39    4.65   14.71    8.43    0.84    104.                     
 30.000   16.88   12.03  0.3894    1.21    5.76   18.34   11.30    0.72    174.                     
 32.000   21.25   14.18  0.3940    1.79    6.73   22.61   13.78    0.64    180.                     
 34.000   27.18   15.63  0.3928    2.35    8.20   28.60   15.41    0.51    184.                     
 36.000   33.58   15.98  0.4580    2.23    7.80   34.55   15.97    0.31    187.                     
 38.000   38.20   16.47  0.3457    0.71    7.80   39.04   16.33    0.22    190.                     
 40.000   41.59   16.46  0.3925    0.58    7.19   42.31   16.17    0.21    188.                     
 42.000   43.30   16.83  0.3819    1.34    7.47   43.96   16.81   -0.09    189.                     
 44.000   47.83   18.73  0.3427    4.13    9.99   48.98   18.87   -0.06    188.                     
 46.000   54.00   20.57  0.4587    7.94   10.29   55.44   20.83   -0.06    189.                     
 48.000   60.17   22.88  0.4804   10.88   10.90   61.94   23.33    0.05    187.                     
 50.000   64.64   23.55  0.5141   11.41   12.13   66.49   24.27    0.15    186.                     
 52.000   68.20   24.96  0.5531   12.36   14.75   70.44   26.12    0.10    181.                     
 54.000   70.32   26.26  0.5189   13.22   14.78   72.63   27.44    0.01    181.                     
 56.000   71.17   28.09  0.4449   11.28   14.84   73.28   28.80    0.07    174.                     
 58.000   71.58   30.06  0.3783   11.46   14.56   73.95   30.01    0.25    172.                     
 60.000   70.93   30.29  0.1884   10.71   15.42   73.83   29.13    0.52    160.                     
 62.000   68.97   31.18  0.1929    8.02   15.80   71.63   30.19    1.11    145.                     
 64.000   63.16   33.23  0.2102    3.43   17.79   67.26   29.91    1.16    125.                     
 66.000   56.26   34.37  0.1546   -1.45   20.61   61.58   31.23    0.83    103.                     
 68.000   52.97   38.31  -.1519   -7.40   22.38   59.53   35.74    0.65     79.                     
 70.000   35.47   33.68  0.0573   -8.29   21.29   46.56   27.05    0.32     62.                     
1    T A B L E  I - 12.  W I N D  S T A T I S T I C A L  P A R A M E T E R S                        
                                   DECEMBER                                                         
 STATION =   722696     WHITE SANDS, NM                                                             
    Z    MEAN U   SD  U  R(U,V)  MEAN V   SD  V MEAN WS  SD  WS SKEW WS    NOBS                     
    KM     M/S     M/S             M/S     M/S     M/S     M/S                                      
  0.000    0.00    0.00  0.0000    0.00    0.00    0.00    0.00    0.00      0.                     
  1.246   -0.31    1.97  -.2608    0.10    2.65    2.47    2.20    0.86    316.                     
  2.000    2.41    2.86  0.1760    0.67    4.89    5.28    3.22    0.91    310.                     
  3.000    7.35    5.80  0.1382    0.25    6.85   10.38    5.17    0.31    311.                     
  4.000   11.05    7.64  0.1620    0.67    8.43   14.24    6.99    0.21    311.                     
  5.000   13.76    9.77  0.1999    1.40    9.93   17.55    8.79    0.31    309.                     
  6.000   16.26   11.39  0.2883    2.32   11.68   20.71   10.32    0.40    307.                     
  7.000   18.58   12.82  0.3330    3.24   13.00   23.54   11.59    0.41    306.                     
  8.000   20.07   13.44  0.3455    3.97   14.05   25.39   12.30    0.36    302.                     
  9.000   21.55   13.43  0.3705    4.64   15.37   27.17   12.78    0.26    300.                     
 10.000   23.55   13.70  0.3926    5.41   16.29   29.35   13.23    0.19    295.                     
 11.000   24.94   13.40  0.4093    5.55   16.28   30.38   13.17    0.23    278.                     
 12.000   26.84   12.98  0.3769    5.44   15.76   31.47   13.24    0.42    274.                     
 13.000   26.87   11.11  0.3146    4.47   13.69   30.22   11.81    0.48    255.                     
 14.000   24.97    9.86  0.3376    3.25   11.43   27.66    9.81    0.17    234.                     
 15.000   22.35    9.87  0.2596    2.51    9.55   24.53    9.61    0.38    213.                     
 16.000   19.17    8.48  0.1885    1.63    8.18   20.99    8.24    0.25    197.                     
 17.000   16.06    7.55  0.1098    0.73    6.76   17.52    7.34    0.57    184.                     
 18.000   12.73    7.11  0.0851   -0.08    5.92   14.22    6.72    0.99    183.                     
 19.000    9.90    6.66  0.2215   -0.49    4.79   11.31    6.12    1.28    177.                     
 20.000    7.32    6.54  0.3340   -0.67    3.89    8.83    5.82    1.66    168.                     
 21.000    5.59    6.63  0.3688   -0.77    3.43    7.51    5.58    1.89    165.                     
 22.000    4.57    6.71  0.3237   -1.11    3.62    7.31    5.16    2.04    162.                     
 23.000    4.27    6.40  0.4724   -1.26    2.93    6.81    4.78    2.18    160.                     
 24.000    4.09    6.97  0.4776   -1.34    3.25    7.36    4.82    1.91    149.                     
 25.000    4.35    8.08  0.3964   -0.92    3.76    8.15    5.70    1.64    138.                     
 26.000    5.35    8.50  0.4594   -1.28    3.33    8.81    5.96    1.56    138.                     
 27.000    7.67    9.25  0.5535   -1.35    3.76   10.59    6.90    1.29    122.                     
 28.000   10.02    9.71  0.5239   -1.25    4.39   12.69    7.35    1.12    122.                     
 29.000   12.28    9.83  0.6610   -1.33    4.29   14.32    7.86    1.15     70.                     
 30.000   15.18   18.07  0.5264   -0.33    6.54   20.77   12.94    0.89    196.                     
 32.000   21.89   19.65  0.4869    1.02    8.12   26.90   14.40    0.58    198.                     
 34.000   31.25   20.76  0.5945    3.75    9.37   35.26   16.28    0.14    199.                     
 36.000   40.09   21.32  0.6074    4.54   10.21   43.12   18.07    0.09    199.                     
 38.000   46.75   20.78  0.4079    4.95   11.96   49.88   17.19   -0.13    200.                     
 40.000   52.77   19.02  0.4003    5.60   12.85   55.55   15.98   -0.22    199.                     
 42.000   57.20   19.47  0.3551    8.24   14.06   60.31   16.66   -0.74    199.                     
 44.000   62.26   20.94  0.2161   11.80   14.78   66.09   17.42   -0.70    196.                     
 46.000   67.22   22.48  0.1538   14.97   15.96   71.71   18.93   -0.45    196.                     
 48.000   70.09   23.04  0.1436   16.28   16.03   74.62   19.87   -0.36    194.                     
 50.000   71.49   26.20  0.0875   18.05   18.64   77.18   22.61   -0.47    191.                     
 52.000   71.76   27.18  0.1148   18.64   18.59   77.37   24.33   -0.40    188.                     
 54.000   71.27   26.65  0.1850   18.35   19.97   76.89   24.73   -0.20    184.                     
 56.000   72.52   27.32  0.1314   17.90   21.01   78.38   24.94   -0.13    178.                     
 58.000   73.42   27.19  0.1065   15.60   21.38   78.83   24.76   -0.09    172.                     
 60.000   73.36   28.56  0.1104   14.31   22.64   78.94   26.05   -0.01    165.                     
 62.000   74.02   27.91  0.1524    9.93   21.79   78.61   25.44   -0.03    152.                     
 64.000   78.69   30.61  0.2831    9.44   23.24   82.99   29.41   -0.37    123.                     
 66.000   78.51   33.03  -.0602    7.70   25.29   83.36   31.56   -0.50     78.                     
 68.000   79.57   32.94  0.0731   -0.84   29.90   85.30   31.86   -0.06     50.                     
 70.000   78.26   33.10  -.0345  -14.46   27.39   84.29   32.38   -0.42     31.                     
