      72269      32.94N  106.42W
     T A B L E  I -   1.  W I N D  S T A T I S T I C A L  P A R A M E T E R S
                                   January
 Station =   72269      White Sands Missile Range
    Z    MEAN U   SD  U  R(U,V)  MEAN V   SD  V MEAN WS  SD  WS SKEW WS    NOBS
    KM     M/S     M/S             M/S     M/S     M/S     M/S                 
  0.000    0.00    0.00  0.0000    0.00    0.00    0.00    0.00    0.00       0
  1.251    0.21    1.85  0.2156   -0.13    2.30    2.19    1.99    1.52     575
  1.500    1.10    2.97  0.1695   -0.13    4.30    4.31    3.24    1.46     538
  2.000    2.37    4.01  0.2064   -0.04    5.29    6.10    3.67    1.28     575
  2.500    4.13    5.45  0.1586   -0.05    6.10    8.11    4.33    0.84     575
  3.000    5.75    6.85  0.1461   -0.37    6.83    9.94    5.30    0.71     575
  3.500    7.39    8.16  0.1691   -0.65    7.55   11.95    6.03    0.61     575
  4.000    8.70    9.47  0.1931   -0.55    8.28   13.70    6.82    0.49     574
  4.500    9.88   10.49  0.2318   -0.50    8.94   15.20    7.56    0.48     573
  5.000   10.82   11.30  0.2404   -0.29    9.91   16.63    8.18    0.43     561
  5.500   12.33   11.74  0.2495   -0.27   10.91   18.07    9.07    0.45     522
  6.000   13.50   12.69  0.2730   -0.34   11.80   19.68    9.75    0.49     517
  6.500   14.44   13.41  0.2661   -0.36   12.49   20.95   10.30    0.36     511
  7.000   15.68   14.56  0.2731   -0.05   13.56   22.65   11.28    0.30     507
  7.500   17.23   15.78  0.2337   -0.58   14.33   24.40   12.44    0.29     471
  8.000   19.27   17.31  0.2183   -0.73   15.82   26.88   14.06    0.27     431
  8.500   21.00   18.54  0.2100   -0.20   17.02   28.81   15.53    0.39     423
  9.000   22.58   19.15  0.2003    0.04   17.88   30.47   16.38    0.34     411
  9.500   24.45   18.76  0.2053    0.24   18.59   31.83   16.68    0.24     391
 10.000   26.25   18.43  0.2481    0.75   19.01   33.25   16.78    0.21     385
 10.500   27.93   18.57  0.2736    1.47   19.26   34.69   17.05    0.20     377
 11.000   29.13   18.90  0.2357    1.71   19.78   35.79   17.72    0.27     365
 11.500   29.38   18.08  0.2109    1.37   19.58   35.71   17.32    0.28     355
 12.000   29.27   16.87  0.1898    1.19   18.40   34.94   16.17    0.24     352
 12.500   28.95   15.66  0.1642    0.82   16.98   33.84   14.92    0.30     339
 13.000   28.38   14.97  0.1541    0.74   15.55   32.69   14.01    0.33     331
 13.500   27.63   14.28  0.1596    0.28   14.27   31.66   12.88    0.33     326
 14.000   26.30   13.83  0.1706    0.24   13.66   30.20   12.41    0.30     306
 14.500   25.09   13.05  0.1966    0.01   12.49   28.49   11.93    0.30     286
 15.000   23.28   12.48  0.2224   -0.24   11.07   26.20   11.48    0.44     279
 15.500   21.54   11.81  0.2157   -0.22    9.52   23.89   11.03    0.36     275
 16.000   19.62   11.26  0.1635   -0.23    9.00   22.01   10.36    0.41     259
 16.500   17.42   10.53  0.1810    0.18    8.82   19.82    9.88    0.47     209
 17.000   15.79   10.41  0.1843   -0.23    7.74   17.97    9.78    0.69     203
 17.500   13.56    9.49  0.1626   -0.54    7.24   15.96    8.58    0.79     187
 18.000   11.25    8.53  0.2040   -0.79    6.86   13.89    7.27    0.68     177
 18.500    8.90    6.84  0.0887   -1.33    5.20   10.89    5.99    0.73     150
 19.000    6.25    5.86 -0.0735   -1.72    4.34    8.47    4.87    0.79     127
 19.500    4.84    5.36 -0.0284   -1.30    4.47    7.05    4.79    1.16     123
 20.000    3.88    5.43  0.0633   -1.60    4.05    6.78    4.20    1.22     119
 20.500    2.96    5.72  0.1037   -2.03    3.94    6.72    4.00    1.02     113
 21.000    1.95    5.43  0.1376   -1.81    3.72    6.02    4.21    1.19     109
 21.500    1.36    5.84  0.1627   -1.90    3.78    6.06    4.20    1.30     104
 22.000    0.82    6.32  0.2186   -1.99    3.75    6.26    4.36    1.27     101
 22.500    0.00    6.24  0.1170   -2.17    3.97    6.24    4.41    1.33     101
 23.000   -0.93    6.48  0.0142   -2.16    3.75    6.30    4.70    1.34      99
 23.500   -1.38    6.81  0.0972   -2.38    3.84    6.40    5.20    1.43      99
 24.000   -2.01    6.56  0.2464   -2.38    4.10    6.74    4.96    1.39      98
 24.500   -2.06    7.60  0.3406   -2.31    4.36    7.49    5.53    1.60      94
 25.000   -2.32    8.15  0.2690   -2.18    4.47    8.02    5.63    1.45      92
 25.500   -2.38    8.43  0.2449   -2.09    3.90    7.99    5.70    1.45      91
 26.000   -2.37    8.75  0.2563   -2.16    4.17    8.17    6.11    1.27      90
 26.500   -1.90    9.08  0.3813   -2.58    4.73    8.39    6.66    1.68      87
 27.000   -1.71    9.46  0.3951   -2.56    4.51    8.80    6.47    1.71      83
 27.500   -1.92    9.91  0.4179   -2.44    5.41    9.53    6.77    1.51      82
 28.000   -1.44   10.73  0.3812   -2.16    5.44   10.06    7.05    1.60      80
 28.500   -1.19   11.63  0.4394   -1.90    5.36   10.67    7.41    1.35      76
 29.000   -1.10   11.88  0.2912   -2.19    5.53   11.24    7.96    0.88      75
 29.500   -0.87   12.81  0.3434   -2.58    5.92   11.57    8.13    0.76      75
 30.000   -0.86   13.87  0.3972   -2.26    5.91   12.41    8.39    0.63      66
     T A B L E  I -   2.  W I N D  S T A T I S T I C A L  P A R A M E T E R S
                                  February
 Station =   72269      White Sands Missile Range
    Z    MEAN U   SD  U  R(U,V)  MEAN V   SD  V MEAN WS  SD  WS SKEW WS    NOBS
    KM     M/S     M/S             M/S     M/S     M/S     M/S                 
  0.000    0.00    0.00  0.0000    0.00    0.00    0.00    0.00    0.00       0
  1.251    0.28    1.95  0.1760    0.07    2.23    2.20    2.00    1.65     777
  1.500    1.24    3.13  0.1174    0.36    4.05    4.37    3.04    1.08     690
  2.000    2.89    4.08  0.1116    0.22    5.09    6.23    3.65    1.05     774
  2.500    5.39    4.70  0.1996    0.22    5.85    8.25    4.26    0.68     777
  3.000    7.89    5.73  0.2613   -0.13    6.32   10.57    4.88    0.55     777
  3.500    9.94    6.44  0.2658   -0.30    7.15   12.65    5.69    0.36     777
  4.000   11.80    7.26  0.2858   -0.28    8.06   14.56    6.74    0.42     775
  4.500   13.34    7.97  0.3255   -0.10    8.91   16.19    7.70    0.49     774
  5.000   14.74    8.99  0.3487   -0.03    9.65   17.71    8.79    0.46     736
  5.500   15.92    9.79  0.3616    0.39   10.27   19.04    9.59    0.43     716
  6.000   17.14   10.52  0.3776    0.78   10.97   20.50   10.23    0.45     704
  6.500   18.70   11.34  0.3915    0.98   11.87   22.33   10.96    0.45     688
  7.000   20.19   12.25  0.4112    1.00   12.51   23.99   11.77    0.46     685
  7.500   21.74   13.20  0.4191    0.94   13.10   25.73   12.51    0.38     669
  8.000   23.58   14.14  0.4368    1.08   13.81   27.79   13.21    0.38     640
  8.500   25.30   15.11  0.4234    1.22   14.64   29.74   14.07    0.37     632
  9.000   27.17   15.99  0.3976    1.21   15.58   31.84   15.00    0.35     627
  9.500   29.22   17.31  0.3961    1.15   16.42   33.92   16.48    0.41     606
 10.000   31.31   18.61  0.4039    1.43   16.67   35.87   17.81    0.52     605
 10.500   33.35   19.15  0.3995    1.74   16.50   37.58   18.45    0.63     599
 11.000   35.51   19.11  0.3996    2.30   16.36   39.43   18.48    0.63     591
 11.500   36.76   18.21  0.3747    2.42   15.59   40.17   17.67    0.56     589
 12.000   37.35   16.90  0.3525    2.24   14.40   40.22   16.54    0.43     582
 12.500   36.87   15.47  0.3130    2.37   13.27   39.27   15.33    0.29     570
 13.000   35.87   13.82  0.2908    2.16   12.39   37.99   13.82    0.11     569
 13.500   34.69   12.55  0.2934    2.15   11.63   36.60   12.65   -0.00     564
 14.000   33.60   11.66  0.3019    2.48   10.74   35.32   11.70   -0.03     540
 14.500   32.52   10.73  0.3101    2.81   10.06   34.11   10.75    0.03     508
 15.000   30.78   10.15  0.3223    2.58    9.77   32.45   10.04   -0.06     501
 15.500   29.06    9.49  0.3463    2.47    9.19   30.46    9.70   -0.10     489
 16.000   27.25    9.46  0.3370    2.26    8.30   28.52    9.54    0.08     463
 16.500   24.87    9.50  0.2831    1.42    7.94   26.15    9.46   -0.06     410
 17.000   22.00    8.82  0.2811    1.20    7.07   23.16    8.75   -0.03     395
 17.500   19.07    8.24  0.2008    1.07    6.72   20.30    8.17   -0.13     387
 18.000   16.14    7.78  0.0944    1.07    6.52   17.59    7.36    0.17     379
 18.500   13.43    6.81  0.0457    0.70    5.68   14.82    6.38    0.28     339
 19.000   10.62    6.16  0.0530   -0.04    4.88   11.92    5.84    0.60     322
 19.500    8.93    6.02  0.0151   -0.67    4.62   10.35    5.48    1.01     316
 20.000    7.62    5.77  0.0540   -0.58    4.56    9.36    5.14    0.76     311
 20.500    6.44    5.97  0.0794   -0.95    4.51    8.56    5.11    0.73     302
 21.000    5.01    5.80  0.0747   -1.22    4.03    7.43    4.61    0.99     299
 21.500    3.86    5.75  0.0489   -1.06    3.35    6.60    4.26    1.03     290
 22.000    3.54    6.22  0.1361   -1.27    3.69    6.88    4.41    0.94     279
 22.500    3.15    6.76  0.1902   -1.26    3.30    7.05    4.34    1.11     275
 23.000    2.89    7.05  0.2263   -1.17    3.06    6.89    4.76    1.49     273
 23.500    2.74    7.69  0.2204   -1.42    3.27    7.27    5.13    1.63     270
 24.000    2.54    8.34  0.3017   -1.03    3.54    7.62    5.64    1.94     266
 24.500    2.67    8.85  0.3793   -0.55    3.46    8.06    5.79    1.88     262
 25.000    3.11    9.24  0.2939   -0.76    3.38    8.36    6.05    1.45     255
 25.500    3.28    9.69  0.3085   -0.55    3.15    8.69    6.28    1.34     249
 26.000    3.90   10.28  0.4037   -0.41    3.34    9.23    6.88    1.25     246
 26.500    4.48   10.81  0.3382   -0.52    3.58    9.75    7.36    1.11     246
 27.000    5.04   11.06  0.3093   -0.39    3.89   10.33    7.50    1.00     242
 27.500    5.87   11.68  0.3215   -0.59    4.01   11.05    8.05    0.88     238
 28.000    6.45   12.27  0.3023   -0.69    3.89   11.63    8.43    0.93     236
 28.500    7.29   12.69  0.3781   -0.34    3.86   12.25    8.93    0.90     229
 29.000    8.43   13.24  0.3513   -0.14    4.59   13.28    9.49    0.82     219
 29.500    8.99   13.81  0.3719   -0.02    4.91   14.11    9.77    0.81     211
 30.000    9.67   14.35  0.4099    0.15    4.57   14.76   10.10    0.92     194
     T A B L E  I -   3.  W I N D  S T A T I S T I C A L  P A R A M E T E R S
                                     March
 Station =   72269      White Sands Missile Range
    Z    MEAN U   SD  U  R(U,V)  MEAN V   SD  V MEAN WS  SD  WS SKEW WS    NOBS
    KM     M/S     M/S             M/S     M/S     M/S     M/S                 
  0.000    0.00    0.00  0.0000    0.00    0.00    0.00    0.00    0.00       0
  1.251    0.49    2.24  0.1659   -0.02    2.47    2.52    2.24    1.51     811
  1.500    1.75    4.01  0.0997    0.35    4.30    5.01    3.62    1.34     727
  2.000    3.18    4.91  0.0919    0.90    5.00    6.64    4.10    1.20     809
  2.500    4.73    5.61  0.1021    0.91    5.32    7.88    4.62    1.06     811
  3.000    6.35    6.41  0.1846    0.88    5.97    9.51    5.28    0.99     811
  3.500    7.98    7.01  0.2080    1.05    6.89   11.35    5.76    0.89     811
  4.000    9.35    7.55  0.1913    1.26    7.75   12.90    6.33    0.65     811
  4.500   10.74    8.02  0.2210    1.25    8.72   14.54    6.81    0.56     810
  5.000   12.15    8.60  0.2818    1.46    9.77   16.23    7.51    0.46     770
  5.500   13.64    9.36  0.3160    1.22   10.74   17.90    8.37    0.41     756
  6.000   15.08   10.10  0.3191    1.10   11.71   19.52    9.32    0.38     749
  6.500   16.64   10.79  0.2829    1.85   11.81   20.83   10.14    0.39     709
  7.000   17.86   11.78  0.2682    2.07   12.59   22.30   11.10    0.43     705
  7.500   19.33   12.70  0.2658    2.46   13.52   24.05   12.05    0.43     693
  8.000   20.78   13.63  0.2739    2.73   14.58   25.83   12.97    0.39     662
  8.500   22.36   14.52  0.2740    2.98   15.32   27.64   13.74    0.38     656
  9.000   23.83   15.17  0.2982    3.25   16.11   29.40   14.23    0.37     656
  9.500   25.34   15.82  0.2956    3.66   16.71   31.05   14.80    0.31     645
 10.000   27.00   16.22  0.2950    3.95   16.99   32.65   15.09    0.25     639
 10.500   28.71   16.49  0.2754    4.09   17.28   34.30   15.30    0.23     633
 11.000   30.31   16.50  0.2579    4.17   17.29   35.56   15.50    0.23     625
 11.500   31.37   15.99  0.2590    4.14   16.77   36.08   15.32    0.25     621
 12.000   31.82   15.01  0.2456    4.13   15.95   36.01   14.45    0.20     610
 12.500   32.14   14.00  0.2313    3.78   14.92   35.81   13.39    0.21     600
 13.000   31.64   12.91  0.1972    3.51   13.61   34.81   12.43    0.31     595
 13.500   30.90   11.77  0.1581    3.23   12.59   33.66   11.43    0.28     593
 14.000   29.65   11.15  0.1200    2.87   11.90   32.29   10.52    0.19     569
 14.500   28.37    9.95  0.0766    2.75   10.97   30.69    9.48    0.12     552
 15.000   27.01    9.00  0.0935    2.74   10.31   29.14    8.62   -0.06     545
 15.500   25.31    8.65  0.1636    2.48    9.80   27.34    8.32    0.08     531
 16.000   23.42    8.27  0.2033    2.34    8.81   25.16    8.14    0.12     510
 16.500   21.43    7.86  0.1815    2.36    8.03   22.94    7.87    0.09     458
 17.000   19.00    7.70  0.1779    1.81    7.39   20.40    7.72    0.31     446
 17.500   16.05    7.93  0.1738    1.34    6.84   17.49    7.84    0.80     436
 18.000   13.68    8.09  0.0809    1.21    6.35   15.23    7.79    0.83     424
 18.500   11.26    6.99  0.1141    0.78    5.90   12.85    6.76    0.84     375
 19.000    9.34    6.56  0.1057    0.46    5.52   11.18    6.05    0.98     341
 19.500    8.21    6.59  0.1449    0.08    4.68    9.84    5.90    1.13     335
 20.000    6.84    6.43  0.0872   -0.41    4.43    8.90    5.47    1.11     314
 20.500    5.04    6.14 -0.0428   -0.88    3.87    7.67    4.60    1.08     303
 21.000    3.56    5.88  0.1294   -0.95    4.12    6.91    4.21    0.83     300
 21.500    2.75    5.50  0.0635   -0.93    3.36    6.23    3.59    1.28     295
 22.000    2.09    5.91 -0.0097   -0.75    3.15    6.10    3.66    1.46     283
 22.500    1.65    6.19 -0.0587   -0.70    3.29    6.36    3.55    1.28     281
 23.000    1.84    6.22 -0.0385   -0.72    3.33    6.47    3.63    1.21     273
 23.500    1.77    6.36  0.0034   -0.84    3.37    6.42    3.79    0.94     270
 24.000    1.21    6.49  0.0951   -0.66    3.38    6.51    3.72    1.04     268
 24.500    1.44    6.77  0.1710   -0.17    3.67    6.88    3.88    1.09     264
 25.000    2.29    7.02  0.1664    0.32    3.35    6.97    4.07    0.82     258
 25.500    3.18    7.57  0.2203   -0.00    3.06    7.63    4.37    0.73     256
 26.000    3.82    8.01  0.1943    0.06    3.05    8.06    4.81    0.95     253
 26.500    4.76    8.42  0.2218   -0.08    3.22    8.57    5.41    1.10     249
 27.000    5.61    8.81  0.3079   -0.25    3.21    9.29    5.74    0.98     244
 27.500    6.66    9.59  0.3491   -0.08    3.72   10.45    6.23    0.91     239
 28.000    7.86   10.09  0.2986   -0.02    3.78   11.31    6.82    0.66     237
 28.500    9.25   10.36  0.2044   -0.18    3.95   12.32    7.37    0.59     230
 29.000   10.85   10.52  0.2008    0.14    4.22   13.27    8.14    0.56     220
 29.500   11.91   11.01  0.1829    0.27    4.28   14.22    8.64    0.55     215
 30.000   13.18   11.45  0.1520    0.54    4.12   15.34    9.08    0.60     199
     T A B L E  I -   4.  W I N D  S T A T I S T I C A L  P A R A M E T E R S
                                     April
 Station =   72269      White Sands Missile Range
    Z    MEAN U   SD  U  R(U,V)  MEAN V   SD  V MEAN WS  SD  WS SKEW WS    NOBS
    KM     M/S     M/S             M/S     M/S     M/S     M/S                 
  0.000    0.00    0.00  0.0000    0.00    0.00    0.00    0.00    0.00       0
  1.251    0.71    2.47  0.1095    0.34    2.48    2.77    2.29    1.47     712
  1.500    2.40    4.18 -0.0092    1.31    4.16    5.49    3.56    0.99     671
  2.000    3.87    4.82 -0.0206    1.56    4.84    7.05    3.90    0.75     712
  2.500    5.52    4.94  0.0676    1.53    5.23    8.24    4.13    0.57     712
  3.000    6.98    5.39  0.1384    1.64    5.75    9.52    4.80    0.51     712
  3.500    8.53    6.22  0.1909    1.96    6.30   11.15    5.58    0.63     712
  4.000    9.96    6.91  0.2257    2.40    6.97   12.65    6.39    0.60     711
  4.500   11.41    7.43  0.2431    2.71    7.69   14.22    7.02    0.57     708
  5.000   12.71    8.01  0.2525    2.84    8.53   15.66    7.82    0.52     685
  5.500   13.89    8.84  0.2419    2.97    9.30   16.98    8.78    0.56     678
  6.000   15.12    9.90  0.2516    3.10   10.08   18.45    9.88    0.70     677
  6.500   16.23   10.90  0.2481    3.22   10.97   19.79   11.02    0.78     661
  7.000   17.44   11.76  0.2659    3.35   11.72   21.21   11.87    0.80     659
  7.500   18.61   12.74  0.2813    3.25   12.27   22.60   12.64    0.75     643
  8.000   20.26   13.53  0.3033    3.35   13.10   24.34   13.55    0.71     601
  8.500   21.32   14.12  0.3269    3.44   13.80   25.56   14.25    0.67     596
  9.000   22.53   14.57  0.3500    3.59   14.04   26.72   14.72    0.59     591
  9.500   23.70   14.91  0.3494    3.72   14.15   27.88   14.85    0.54     577
 10.000   24.82   15.07  0.3465    4.08   14.27   29.03   14.85    0.50     574
 10.500   25.98   15.30  0.3553    4.34   14.43   30.22   14.95    0.49     570
 11.000   26.67   15.47  0.3369    4.64   14.32   30.84   15.04    0.43     557
 11.500   27.43   15.16  0.3194    4.77   14.19   31.41   14.74    0.46     554
 12.000   28.25   14.96  0.3179    4.73   13.48   31.71   14.74    0.48     547
 12.500   28.68   14.48  0.3290    4.49   13.07   31.81   14.37    0.51     537
 13.000   28.25   12.87  0.3535    4.11   12.13   30.96   12.92    0.50     535
 13.500   27.38   11.48  0.3322    3.91   11.25   29.74   11.66    0.47     531
 14.000   26.49   10.48  0.3085    4.35   10.73   28.63   10.98    0.34     508
 14.500   25.92    9.50  0.3077    4.67   10.19   27.96   10.02    0.31     488
 15.000   25.11    9.11  0.3296    4.39   10.08   27.03    9.89    0.11     479
 15.500   23.72    8.80  0.3469    3.79    9.32   25.29    9.74    0.23     468
 16.000   21.40    8.34  0.3266    3.41    8.40   22.95    8.93    0.28     446
 16.500   19.09    8.21  0.2277    2.98    8.02   20.79    8.43    0.27     385
 17.000   16.86    7.81  0.1827    3.12    7.48   18.72    7.70    0.37     376
 17.500   14.91    7.13  0.2125    3.24    7.14   16.87    7.08    0.48     365
 18.000   12.67    6.54  0.2424    2.70    6.45   14.44    6.55    0.56     354
 18.500   10.10    5.90  0.1926    1.79    5.25   11.74    5.61    0.95     330
 19.000    7.69    5.56 -0.0272    0.97    4.52    9.56    4.72    0.90     309
 19.500    5.83    4.79 -0.0119    0.40    4.24    7.57    4.17    1.03     305
 20.000    4.93    4.36  0.0721    0.69    3.84    6.78    3.71    1.17     290
 20.500    4.19    4.32  0.1354    0.24    3.86    6.31    3.59    1.24     280
 21.000    2.99    4.39  0.0093   -0.26    3.51    5.61    3.12    0.98     275
 21.500    2.13    4.35 -0.0071    0.31    3.11    5.26    2.84    1.09     273
 22.000    2.19    4.67  0.0700    0.01    3.31    5.23    3.33    1.29     270
 22.500    1.63    4.88 -0.0681    0.32    3.50    5.39    3.26    1.39     269
 23.000    1.62    5.07  0.0913    0.30    3.27    5.38    3.38    1.45     267
 23.500    1.68    5.31  0.0772    0.45    3.44    5.48    3.65    1.46     267
 24.000    2.00    5.19  0.1847    0.31    3.42    5.59    3.52    1.77     267
 24.500    2.60    5.44  0.2319    0.23    3.15    5.92    3.55    1.44     254
 25.000    3.20    5.95  0.1256    0.14    3.28    6.30    4.04    1.22     249
 25.500    3.80    6.05  0.1578    0.26    3.35    6.81    4.14    1.18     245
 26.000    4.15    6.22  0.1505    0.63    2.94    6.90    4.24    1.25     240
 26.500    4.78    6.55  0.0664    0.38    3.45    7.52    4.59    1.02     236
 27.000    5.58    6.66  0.1179    0.61    3.60    8.06    4.93    0.92     233
 27.500    6.51    7.10  0.0669    0.39    3.91    8.76    5.62    0.80     229
 28.000    7.18    7.49  0.0085    0.41    4.04    9.45    5.84    0.83     223
 28.500    8.13    7.83 -0.1021    0.20    4.14   10.13    6.36    0.75     216
 29.000    8.60    8.04 -0.1481    0.09    4.27   10.46    6.64    0.60     207
 29.500    9.21    8.25 -0.1752    0.18    4.51   10.99    6.99    0.59     203
 30.000    9.89    8.72 -0.2077    0.01    4.71   11.78    7.31    0.53     192
     T A B L E  I -   5.  W I N D  S T A T I S T I C A L  P A R A M E T E R S
                                       May
 Station =   72269      White Sands Missile Range
    Z    MEAN U   SD  U  R(U,V)  MEAN V   SD  V MEAN WS  SD  WS SKEW WS    NOBS
    KM     M/S     M/S             M/S     M/S     M/S     M/S                 
  0.000    0.00    0.00  0.0000    0.00    0.00    0.00    0.00    0.00       0
  1.251    0.45    2.06  0.1655    0.22    2.33    2.41    2.02    1.28     661
  1.500    1.42    3.72 -0.0017    0.78    3.89    4.78    3.04    1.18     621
  2.000    2.41    4.65 -0.0282    0.85    4.80    6.22    3.64    0.86     661
  2.500    3.37    4.92  0.0521    1.10    4.91    6.86    3.79    0.98     661
  3.000    4.31    5.00  0.1469    1.43    5.07    7.44    4.03    1.03     661
  3.500    5.20    5.46  0.1862    1.91    5.48    8.36    4.62    1.02     661
  4.000    5.91    6.07  0.2089    2.48    6.40    9.53    5.33    0.84     658
  4.500    6.85    6.59  0.2625    3.02    7.50   11.00    5.94    0.72     657
  5.000    7.80    7.14  0.2691    3.21    8.03   12.01    6.54    0.66     630
  5.500    8.83    7.77  0.2830    3.18    8.57   13.02    7.24    0.68     619
  6.000    9.72    8.19  0.2875    3.00    9.02   13.81    7.84    0.75     619
  6.500   10.57    8.71  0.2974    2.65    9.33   14.57    8.36    0.85     610
  7.000   11.16    9.37  0.2916    2.40    9.75   15.22    9.02    0.93     609
  7.500   11.68    9.89  0.2825    2.31   10.12   15.85    9.54    1.02     597
  8.000   12.27   10.68  0.2905    2.21   10.58   16.69   10.16    1.04     569
  8.500   13.15   11.46  0.2782    2.24   11.18   17.88   10.69    1.00     562
  9.000   13.97   12.21  0.2761    2.45   11.94   19.12   11.28    0.99     552
  9.500   15.01   12.73  0.2585    2.92   12.49   20.41   11.64    0.90     527
 10.000   15.98   13.37  0.2660    3.15   12.68   21.45   12.03    0.84     521
 10.500   16.97   14.18  0.2719    3.22   12.96   22.63   12.47    0.78     505
 11.000   17.94   14.93  0.2691    3.84   13.06   23.69   12.99    0.68     481
 11.500   19.11   15.20  0.2638    4.15   12.99   24.64   13.20    0.61     470
 12.000   20.19   15.08  0.2521    4.06   12.84   25.33   13.19    0.53     462
 12.500   20.67   14.97  0.2598    3.94   12.02   25.30   13.08    0.51     457
 13.000   20.75   14.06  0.2730    3.74   10.84   24.67   12.28    0.50     452
 13.500   20.36   12.72  0.2313    3.39   10.08   23.80   11.13    0.40     437
 14.000   19.25   11.77  0.1911    3.29    9.41   22.37   10.40    0.33     412
 14.500   18.11   10.88  0.2139    3.26    8.65   21.13    9.33    0.31     396
 15.000   16.99    9.47  0.1786    2.96    8.01   19.59    8.27    0.23     389
 15.500   15.65    8.51  0.1575    2.87    7.45   17.95    7.72    0.23     379
 16.000   14.43    7.99  0.1561    2.90    6.57   16.50    7.29    0.28     364
 16.500   13.29    8.04  0.1342    2.60    5.95   15.26    7.16    0.44     301
 17.000   11.56    7.38 -0.0248    1.83    5.47   13.38    6.61    0.44     282
 17.500    9.43    6.33 -0.0239    1.00    5.27   11.35    5.57    0.59     265
 18.000    6.76    5.51  0.1363    0.56    5.08    9.05    4.56    0.87     254
 18.500    4.27    4.95  0.1351    0.66    4.34    7.13    3.66    0.73     223
 19.000    2.85    4.55  0.0944    0.68    3.55    5.92    3.05    0.97     203
 19.500    1.48    4.49 -0.0158    0.51    3.49    5.12    2.94    0.75     200
 20.000    0.18    4.26 -0.1163    0.07    3.31    5.08    2.57    0.65     191
 20.500   -0.79    3.72 -0.0476    0.10    3.25    4.70    2.14    0.38     186
 21.000   -1.32    3.74 -0.1654    0.25    3.11    4.59    2.21    0.52     184
 21.500   -1.92    3.26 -0.1538    0.03    2.87    4.52    2.12    0.44     178
 22.000   -2.06    3.73 -0.0169    0.17    3.03    4.73    2.44    0.56     175
 22.500   -1.96    3.92 -0.1097    0.02    2.63    4.71    2.36    0.69     173
 23.000   -2.54    4.23 -0.1363   -0.33    2.80    5.34    2.39    0.70     171
 23.500   -2.66    4.41 -0.0593   -0.25    3.04    5.38    2.73    0.26     166
 24.000   -2.58    5.07 -0.0858   -0.00    2.84    5.71    2.94    0.52     166
 24.500   -2.69    5.16 -0.2209   -0.16    2.99    5.85    3.06    0.61     164
 25.000   -2.70    5.11 -0.1696    0.18    3.13    5.67    3.23    0.76     160
 25.500   -2.30    5.07  0.0935    0.01    2.96    5.54    3.09    1.10     157
 26.000   -2.15    5.59  0.0992   -0.05    2.85    5.85    3.21    0.75     154
 26.500   -1.98    6.07  0.1243   -0.22    3.23    6.04    3.76    0.69     153
 27.000   -1.59    6.28  0.0222    0.48    3.18    6.37    3.54    0.57     149
 27.500   -1.25    6.78 -0.1118    0.51    3.15    6.67    3.72    0.84     147
 28.000   -0.90    6.70 -0.0277    0.56    3.42    6.56    3.82    0.94     143
 28.500   -0.90    7.00 -0.0001    0.20    3.91    7.00    4.07    0.75     135
 29.000   -0.34    6.69  0.0329    0.01    3.70    6.74    3.63    0.58     130
 29.500   -0.13    7.06 -0.0245    0.13    3.65    6.95    3.85    0.54     128
 30.000    0.40    7.07 -0.1333    0.30    3.91    7.13    3.96    0.50     112
     T A B L E  I -   6.  W I N D  S T A T I S T I C A L  P A R A M E T E R S
                                      June
 Station =   72269      White Sands Missile Range
    Z    MEAN U   SD  U  R(U,V)  MEAN V   SD  V MEAN WS  SD  WS SKEW WS    NOBS
    KM     M/S     M/S             M/S     M/S     M/S     M/S                 
  0.000    0.00    0.00  0.0000    0.00    0.00    0.00    0.00    0.00       0
  1.251    0.26    2.13  0.0422    0.34    2.27    2.40    2.02    1.28     803
  1.500    0.95    3.43 -0.0163    0.92    3.95    4.55    3.00    1.26     725
  2.000    1.68    4.10 -0.0730    1.17    4.46    5.54    3.30    1.18     802
  2.500    2.50    4.21  0.0017    1.29    4.43    5.86    3.36    1.03     803
  3.000    3.13    4.34  0.1151    1.21    4.33    6.10    3.47    1.05     803
  3.500    3.51    4.76  0.1926    1.19    4.69    6.67    3.82    1.04     803
  4.000    3.83    5.60  0.2758    1.42    5.46    7.59    4.51    0.88     803
  4.500    4.36    6.25  0.3248    1.69    6.04    8.49    5.03    0.86     803
  5.000    4.82    6.68  0.3532    1.76    6.31    9.16    5.21    0.90     781
  5.500    5.28    7.12  0.3547    1.64    6.57    9.65    5.53    0.86     763
  6.000    5.72    7.56  0.3384    1.54    6.69   10.11    5.88    0.93     755
  6.500    6.02    7.78  0.3194    1.72    6.81   10.35    6.25    0.93     745
  7.000    6.64    7.97  0.3028    1.85    7.05   10.76    6.65    0.90     741
  7.500    7.22    8.15  0.3320    1.61    7.43   11.27    6.98    1.04     723
  8.000    7.85    8.56  0.3399    1.73    7.80   11.87    7.57    1.08     681
  8.500    8.68    8.97  0.3092    1.89    8.18   12.66    8.06    1.02     672
  9.000    9.70    9.56  0.2867    2.14    8.47   13.62    8.71    0.99     664
  9.500   10.75   10.02  0.2964    2.42    8.95   14.60    9.37    0.98     648
 10.000   11.84   10.42  0.2751    2.65    9.46   15.65    9.95    0.88     640
 10.500   13.10   11.02  0.2344    2.98    9.90   16.84   10.65    0.85     618
 11.000   14.18   11.51  0.2060    3.17   10.11   17.87   11.15    0.82     592
 11.500   15.20   11.70  0.2025    3.26   10.16   18.81   11.29    0.79     579
 12.000   15.93   11.73  0.1874    3.33   10.22   19.44   11.35    0.75     563
 12.500   16.33   11.72  0.1424    3.21   10.09   19.66   11.34    0.69     542
 13.000   16.39   11.47  0.1723    3.17    9.63   19.55   11.02    0.61     534
 13.500   16.12   11.11  0.1851    3.20    9.11   19.18   10.46    0.50     519
 14.000   15.53   10.48  0.1770    3.32    8.72   18.40   10.00    0.48     484
 14.500   14.35    9.56  0.1462    3.27    8.16   17.16    9.03    0.42     459
 15.000   12.86    8.86  0.1447    3.03    7.50   15.67    8.03    0.36     446
 15.500   11.00    8.13  0.1242    2.66    6.79   13.65    7.35    0.29     439
 16.000    8.65    7.25  0.1152    2.13    6.25   11.46    6.43    0.52     423
 16.500    6.45    6.55  0.2353    2.00    5.59    9.33    5.79    0.91     392
 17.000    3.91    6.02  0.2127    1.63    5.09    7.65    4.80    1.18     375
 17.500    1.74    5.37  0.1910    1.12    4.60    6.45    3.90    1.55     352
 18.000   -0.39    4.29  0.0084    1.29    4.15    5.27    3.15    1.13     343
 18.500   -1.81    3.93  0.0258    1.22    4.32    5.68    3.06    1.07     316
 19.000   -3.36    3.74  0.1507    1.01    3.37    5.74    2.66    0.38     293
 19.500   -4.48    4.04  0.1108    0.71    3.63    6.38    3.03    0.34     287
 20.000   -5.77    3.88 -0.0167    0.65    2.98    7.09    3.14    0.39     277
 20.500   -6.47    3.61 -0.1467    0.54    3.08    7.44    3.25    0.23     271
 21.000   -6.84    3.48 -0.0284    0.53    3.28    7.72    3.18    0.16     267
 21.500   -7.43    3.52 -0.0178    0.22    2.95    8.09    3.28   -0.16     255
 22.000   -8.27    3.60 -0.1478   -0.12    2.75    8.66    3.54    0.03     249
 22.500   -9.22    3.34 -0.1013   -0.30    3.01    9.52    3.56   -0.19     242
 23.000   -9.62    3.15 -0.0736    0.06    2.61    9.82    3.38   -0.44     236
 23.500   -9.81    3.28 -0.0685    0.40    2.77    9.99    3.54   -0.54     235
 24.000   -9.96    3.58  0.0487    0.21    2.66   10.10    3.81   -0.40     234
 24.500  -10.06    4.00 -0.1041    0.30    2.66   10.16    4.25   -0.38     227
 25.000  -10.19    4.37 -0.0308    0.12    3.36   10.44    4.53   -0.34     222
 25.500  -10.58    4.18  0.0151   -0.18    3.41   10.88    4.40   -0.37     218
 26.000  -10.98    4.23  0.0503   -0.15    3.08   11.21    4.31   -0.55     213
 26.500  -11.35    4.49  0.1184    0.19    3.28   11.60    4.48   -0.52     212
 27.000  -11.79    4.41  0.0575    0.12    3.06   11.99    4.52   -0.49     212
 27.500  -12.21    4.52  0.1596   -0.02    3.23   12.23    4.92   -0.46     201
 28.000  -12.56    5.04 -0.0187   -0.21    3.19   12.52    5.44   -0.32     201
 28.500  -12.68    4.76  0.0549    0.15    3.11   12.58    5.25   -0.20     196
 29.000  -12.43    5.36  0.1971    0.04    3.49   12.46    5.60   -0.10     185
 29.500  -12.48    5.86  0.0124   -0.48    3.21   12.52    6.01   -0.08     177
 30.000  -12.80    5.95 -0.0448   -0.60    3.45   12.88    6.08   -0.12     166
     T A B L E  I -   7.  W I N D  S T A T I S T I C A L  P A R A M E T E R S
                                      July
 Station =   72269      White Sands Missile Range
    Z    MEAN U   SD  U  R(U,V)  MEAN V   SD  V MEAN WS  SD  WS SKEW WS    NOBS
    KM     M/S     M/S             M/S     M/S     M/S     M/S                 
  0.000    0.00    0.00  0.0000    0.00    0.00    0.00    0.00    0.00       0
  1.251   -0.17    1.40 -0.0230    0.14    1.87    1.87    1.43    1.35     887
  1.500   -0.39    2.23 -0.1352    1.13    3.86    3.81    2.68    1.58     801
  2.000   -0.13    2.58 -0.1086    1.84    4.04    4.47    2.68    1.03     887
  2.500    0.28    3.02 -0.0924    1.58    3.95    4.62    2.52    0.88     887
  3.000    0.23    3.60 -0.0418    0.91    3.70    4.65    2.49    0.84     887
  3.500   -0.29    4.07  0.0421    0.12    3.66    4.93    2.54    0.94     887
  4.000   -0.91    4.49  0.1019   -0.49    3.93    5.40    2.77    0.55     885
  4.500   -1.40    4.80  0.1413   -0.77    4.14    5.86    2.96    0.61     885
  5.000   -1.72    4.98  0.1171   -0.73    4.26    6.11    3.08    0.71     853
  5.500   -1.63    5.11  0.0815   -0.52    4.54    6.23    3.26    0.73     834
  6.000   -1.33    5.20  0.0239   -0.32    4.82    6.39    3.40    0.77     824
  6.500   -1.04    5.38 -0.0522   -0.12    5.04    6.45    3.78    0.95     808
  7.000   -0.63    5.69 -0.1186   -0.00    5.08    6.55    3.93    1.02     803
  7.500   -0.26    6.04 -0.1028   -0.25    5.09    6.84    4.03    1.06     788
  8.000    0.16    6.50 -0.0517   -0.57    5.13    7.14    4.26    0.90     740
  8.500    0.48    6.87 -0.0486   -0.72    5.45    7.53    4.57    1.19     735
  9.000    0.82    7.27 -0.0019   -0.82    5.77    8.06    4.77    1.12     726
  9.500    1.36    7.79  0.0370   -0.93    6.00    8.58    5.05    0.81     711
 10.000    1.98    8.37  0.0955   -0.83    6.49    9.30    5.45    0.71     706
 10.500    2.70    8.98  0.1072   -0.87    6.92   10.14    5.79    0.70     700
 11.000    3.40    9.60  0.1238   -0.75    7.41   10.97    6.17    0.68     683
 11.500    4.06   10.02  0.1206   -0.74    7.63   11.59    6.41    0.76     671
 12.000    4.63    9.86  0.1233   -0.73    7.84   11.82    6.37    0.67     656
 12.500    4.78    9.72  0.1196   -0.77    7.97   11.83    6.37    0.62     620
 13.000    4.68    9.35  0.0927   -0.68    7.73   11.49    6.10    0.75     601
 13.500    4.02    9.30  0.0719   -0.46    7.43   11.09    5.98    0.81     575
 14.000    3.33    9.17  0.0353   -0.36    6.95   10.48    5.80    0.74     539
 14.500    2.60    8.25 -0.0373   -0.43    6.54    9.57    5.23    0.82     504
 15.000    1.46    7.10 -0.0017   -0.53    6.15    8.42    4.57    0.87     486
 15.500    0.13    6.39  0.0501   -0.67    5.49    7.42    4.16    0.92     473
 16.000   -0.98    6.03  0.1311   -0.58    4.98    7.04    3.90    1.03     457
 16.500   -2.54    5.36 -0.0508   -0.72    4.65    6.73    3.60    0.76     421
 17.000   -4.08    4.78  0.0682   -0.19    4.24    6.89    3.38    0.66     391
 17.500   -5.05    4.33  0.0716   -0.15    3.88    7.10    3.35    0.56     360
 18.000   -6.07    4.08  0.1487   -0.09    3.45    7.40    3.32    0.34     353
 18.500   -6.80    3.87  0.1866   -0.18    3.15    7.84    3.34    0.20     323
 19.000   -8.20    3.96  0.1648   -0.33    2.99    8.96    3.66   -0.05     307
 19.500   -9.01    4.04  0.0241   -0.02    3.08    9.51    3.96   -0.16     298
 20.000   -9.94    3.73  0.1103   -0.01    2.85   10.31    3.82   -0.29     289
 20.500  -10.84    3.61 -0.0328    0.27    2.97   11.11    3.82   -0.43     283
 21.000  -11.61    3.60  0.0069   -0.10    3.05   11.80    3.87   -0.61     279
 21.500  -12.26    3.31 -0.0600    0.05    2.64   12.18    3.95   -0.95     274
 22.000  -12.63    3.57 -0.0465    0.27    2.60   12.52    4.17   -1.05     269
 22.500  -13.47    3.55 -0.0420    0.34    2.80   13.44    4.03   -1.12     267
 23.000  -13.73    3.47  0.0384    0.48    2.54   13.77    3.93   -1.26     257
 23.500  -13.73    3.43  0.0016    0.50    2.68   13.84    3.73   -1.19     255
 24.000  -14.19    3.48  0.0606    0.06    2.64   14.27    3.83   -1.18     254
 24.500  -14.78    3.57  0.0355    0.13    2.72   14.83    4.02   -1.27     245
 25.000  -15.13    3.70  0.0515    0.00    3.38   15.11    4.43   -1.35     231
 25.500  -15.71    3.52  0.0640   -0.06    2.53   15.42    4.42   -1.23     228
 26.000  -16.17    3.42 -0.0939   -0.13    2.75   15.87    4.47   -1.48     223
 26.500  -16.95    3.88 -0.0104   -0.34    3.06   16.70    4.84   -1.50     220
 27.000  -17.65    3.83 -0.0287   -0.24    2.73   17.51    4.56   -1.39     210
 27.500  -17.83    3.93  0.0118   -0.31    2.97   17.77    4.54   -1.40     198
 28.000  -18.48    4.24  0.1881    0.02    3.03   18.37    4.92   -1.19     194
 28.500  -19.11    4.23  0.1175    0.13    3.22   19.12    4.83   -1.35     189
 29.000  -19.18    4.62  0.1530    0.10    3.48   19.09    5.37   -1.18     183
 29.500  -19.88    4.51  0.0076   -0.22    3.50   19.59    5.58   -1.55     181
 30.000  -20.53    4.36  0.0466    0.04    3.56   20.52    5.09   -1.49     171
     T A B L E  I -   8.  W I N D  S T A T I S T I C A L  P A R A M E T E R S
                                    August
 Station =   72269      White Sands Missile Range
    Z    MEAN U   SD  U  R(U,V)  MEAN V   SD  V MEAN WS  SD  WS SKEW WS    NOBS
    KM     M/S     M/S             M/S     M/S     M/S     M/S                 
  0.000    0.00    0.00  0.0000    0.00    0.00    0.00    0.00    0.00       0
  1.251   -0.11    1.50  0.0794   -0.01    1.78    1.72    1.57    1.43     905
  1.500   -0.38    2.34 -0.0784    0.65    3.10    3.35    2.21    1.57     819
  2.000   -0.11    2.61 -0.0761    1.53    3.40    4.03    2.33    1.28     905
  2.500    0.37    2.99 -0.0432    1.55    3.62    4.37    2.43    1.13     905
  3.000    0.51    3.52  0.0585    0.93    3.76    4.63    2.56    1.01     905
  3.500    0.34    3.96  0.1557    0.42    3.87    4.89    2.76    1.08     905
  4.000   -0.11    4.67  0.1823    0.28    4.29    5.56    3.09    1.03     903
  4.500   -0.57    5.06  0.2359    0.23    4.57    6.05    3.25    1.01     901
  5.000   -0.71    5.26  0.2770    0.06    4.80    6.30    3.45    1.09     853
  5.500   -0.29    5.21  0.2557    0.15    4.91    6.21    3.57    1.02     825
  6.000    0.30    5.02  0.2076    0.35    4.89    6.18    3.41    0.91     820
  6.500    0.77    5.08  0.1674    0.48    5.03    6.45    3.30    0.85     801
  7.000    1.07    5.30  0.1079    0.51    5.40    6.78    3.54    0.81     798
  7.500    1.37    5.50  0.1133    0.66    5.61    7.04    3.88    0.78     782
  8.000    1.73    5.72  0.1398    0.81    5.90    7.37    4.15    0.83     740
  8.500    1.94    5.93  0.1260    0.84    6.17    7.66    4.38    0.96     729
  9.000    2.22    6.23  0.1321    0.83    6.38    8.05    4.56    1.04     722
  9.500    2.65    6.82  0.1397    0.74    6.55    8.55    4.89    1.06     699
 10.000    3.19    7.36  0.1382    0.57    6.93    9.21    5.29    1.13     685
 10.500    3.70    7.88  0.1287    0.41    7.46    9.96    5.70    1.07     681
 11.000    4.11    8.42  0.1546    0.28    7.87   10.57    6.15    0.87     667
 11.500    4.62    8.83  0.1586    0.07    8.01   11.05    6.46    0.79     660
 12.000    5.15    9.23  0.1404   -0.22    8.09   11.58    6.59    0.69     655
 12.500    5.64    9.45  0.1228   -0.50    8.19   11.91    6.83    0.62     635
 13.000    5.83    9.42  0.0546   -0.85    8.10   11.95    6.82    0.61     630
 13.500    5.66    9.10 -0.0399   -0.97    7.90   11.62    6.60    0.56     619
 14.000    5.33    8.40 -0.0913   -1.02    7.66   10.95    6.20    0.61     569
 14.500    4.30    7.31 -0.0754   -1.09    7.35    9.96    5.34    0.72     537
 15.000    3.22    6.57 -0.0765   -1.01    6.81    8.93    4.68    0.63     527
 15.500    2.13    5.84 -0.0259   -1.01    6.26    7.92    4.11    0.76     506
 16.000    0.76    5.26 -0.0063   -0.71    5.53    6.97    3.61    0.87     482
 16.500   -0.44    4.96  0.0472   -0.29    4.84    6.32    3.08    0.65     458
 17.000   -1.76    4.24  0.0099   -0.18    4.21    5.82    2.65    0.87     406
 17.500   -2.83    3.83  0.0443    0.01    3.69    5.71    2.67    0.67     375
 18.000   -4.12    4.15  0.0448    0.00    3.52    6.06    3.16    0.62     359
 18.500   -5.18    4.22 -0.0109    0.01    3.41    6.93    3.35    0.46     326
 19.000   -6.21    4.11 -0.0926    0.04    3.20    7.43    3.55    0.34     303
 19.500   -7.34    3.81 -0.0967    0.34    3.45    8.14    3.59    0.12     295
 20.000   -8.27    3.49 -0.1389    0.51    2.66    8.64    3.52    0.14     287
 20.500   -8.77    3.19 -0.0593    0.46    2.89    9.10    3.39   -0.30     278
 21.000   -9.95    3.19 -0.0328    0.03    2.71   10.00    3.60   -0.48     274
 21.500  -10.72    3.07 -0.0695    0.11    2.59   10.64    3.67   -0.71     268
 22.000  -11.70    3.05  0.0034    0.13    2.76   11.52    3.84   -1.01     259
 22.500  -12.11    3.34 -0.0165    0.30    2.51   11.88    4.10   -1.03     256
 23.000  -12.86    3.00  0.0149    0.25    2.41   12.59    3.86   -1.20     252
 23.500  -13.28    2.95 -0.0814    0.16    2.56   12.99    3.89   -1.41     248
 24.000  -13.81    3.16  0.0173    0.13    2.63   13.46    4.18   -1.42     247
 24.500  -14.14    3.27  0.1201   -0.31    2.52   13.83    4.23   -1.31     238
 25.000  -15.02    3.52 -0.0350   -0.66    2.78   14.64    4.63   -1.31     233
 25.500  -15.49    3.58  0.1462   -0.39    2.48   14.89    4.92   -1.56     231
 26.000  -16.04    3.68  0.1714   -0.07    2.69   15.56    4.93   -1.51     219
 26.500  -16.55    4.03  0.2296   -0.17    2.86   15.99    5.24   -1.21     216
 27.000  -17.17    4.09  0.0208   -0.05    2.74   16.29    5.80   -1.22     209
 27.500  -17.67    4.26 -0.0652    0.09    2.81   17.00    5.69   -1.20     206
 28.000  -18.18    4.33 -0.1079    0.38    3.08   17.42    5.94   -1.18     206
 28.500  -18.67    4.09 -0.1149    0.17    3.03   18.08    5.54   -1.18     194
 29.000  -19.03    4.24 -0.1133   -0.17    3.48   18.34    5.97   -1.18     185
 29.500  -19.71    4.24  0.0128    0.02    3.63   19.29    5.63   -1.29     181
 30.000  -19.70    4.32 -0.0139    0.18    3.68   19.40    5.55   -1.22     173
     T A B L E  I -   9.  W I N D  S T A T I S T I C A L  P A R A M E T E R S
                                 September
 Station =   72269      White Sands Missile Range
    Z    MEAN U   SD  U  R(U,V)  MEAN V   SD  V MEAN WS  SD  WS SKEW WS    NOBS
    KM     M/S     M/S             M/S     M/S     M/S     M/S                 
  0.000    0.00    0.00  0.0000    0.00    0.00    0.00    0.00    0.00       0
  1.251    0.01    1.62  0.0697    0.09    1.86    1.87    1.61    1.55     736
  1.500   -0.02    2.64 -0.0577    1.23    3.43    3.81    2.47    1.07     633
  2.000    0.41    3.63 -0.0816    2.24    3.60    4.97    2.78    0.84     736
  2.500    1.20    4.20 -0.1084    2.19    3.79    5.49    2.92    0.60     736
  3.000    1.50    4.73 -0.0386    1.72    4.22    5.89    3.30    0.83     736
  3.500    1.54    5.49  0.0310    1.29    4.40    6.35    3.70    0.93     736
  4.000    1.63    6.22  0.0945    1.05    4.60    6.84    4.09    0.87     733
  4.500    1.88    6.69  0.0907    1.08    4.83    7.34    4.39    0.89     729
  5.000    2.48    6.77  0.0590    0.89    4.94    7.60    4.47    0.95     719
  5.500    3.33    6.74  0.0654    0.86    5.03    7.79    4.68    0.89     715
  6.000    4.12    6.95  0.0719    0.92    5.22    8.28    5.03    1.01     715
  6.500    4.92    7.34  0.1209    1.07    5.50    8.89    5.54    0.99     707
  7.000    5.82    7.79  0.1305    1.09    5.93    9.68    6.07    0.90     706
  7.500    6.70    8.32  0.1459    1.11    6.51   10.74    6.53    0.88     694
  8.000    7.86    8.98  0.2185    1.19    7.15   11.95    7.19    0.81     658
  8.500    9.00    9.27  0.2419    1.17    7.70   12.96    7.66    0.72     652
  9.000   10.26    9.68  0.2558    1.09    8.24   14.20    8.13    0.68     645
  9.500   11.68   10.15  0.2464    1.07    8.77   15.54    8.68    0.63     623
 10.000   13.21   10.44  0.2459    1.05    9.31   16.97    9.05    0.50     616
 10.500   14.89   10.54  0.2518    1.09    9.56   18.45    9.20    0.46     610
 11.000   16.29   10.69  0.2522    1.20    9.88   19.72    9.44    0.38     590
 11.500   17.65   10.59  0.2423    1.21    9.95   20.74    9.67    0.21     586
 12.000   18.77   10.64  0.2389    1.12    9.89   21.66    9.85    0.14     581
 12.500   19.78   10.58  0.1998    0.68   10.18   22.57    9.90    0.14     546
 13.000   19.65   10.33  0.2049    0.23    9.68   22.22    9.66    0.22     535
 13.500   19.19   10.19  0.1572    0.11    9.04   21.59    9.41    0.23     524
 14.000   18.27    9.63  0.1344   -0.38    8.29   20.44    8.84    0.25     483
 14.500   16.50    8.32  0.1616   -0.83    7.65   18.50    7.55    0.12     446
 15.000   14.59    7.59  0.1145   -0.81    6.99   16.44    6.98    0.39     428
 15.500   12.59    6.76  0.1156   -0.71    6.73   14.54    6.18    0.56     411
 16.000   10.57    6.22  0.2158   -0.50    6.00   12.56    5.52    0.69     385
 16.500    7.90    5.64  0.1621   -0.71    5.42   10.03    4.91    0.68     362
 17.000    5.33    4.97  0.0863   -0.19    4.78    7.88    3.94    0.92     333
 17.500    3.50    4.18  0.0909    0.02    4.13    6.32    3.19    0.68     324
 18.000    1.55    4.03  0.0219   -0.09    3.92    5.18    2.75    0.65     317
 18.500    0.01    3.81  0.0332   -0.58    3.89    5.18    2.50    0.61     289
 19.000   -1.58    4.05  0.1305   -0.50    3.86    5.56    2.58    0.71     275
 19.500   -2.66    4.14  0.0769    0.32    3.57    5.40    2.85    0.56     269
 20.000   -3.16    3.61  0.0729    0.43    3.16    5.41    2.52    0.50     264
 20.500   -3.93    3.85  0.0559    0.39    3.00    5.81    2.72    0.47     259
 21.000   -4.72    3.72 -0.0413    0.10    2.80    5.88    3.17    0.42     255
 21.500   -5.44    3.39  0.0607    0.18    2.59    6.45    2.84    0.16     249
 22.000   -6.12    3.60 -0.0837   -0.05    2.60    6.93    3.19    0.29     241
 22.500   -6.80    3.54 -0.1268   -0.16    2.48    7.59    2.89    0.05     238
 23.000   -7.22    3.60 -0.1581   -0.22    2.34    7.93    3.03    0.05     232
 23.500   -7.71    3.26 -0.1612   -0.26    2.60    8.26    3.05   -0.09     229
 24.000   -8.43    3.68 -0.0596   -0.01    3.11    9.11    3.50   -0.20     226
 24.500   -8.87    3.86 -0.0808    0.12    2.65    9.40    3.66   -0.12     217
 25.000   -8.90    4.24 -0.1346    0.21    2.83    9.33    4.21    0.31     211
 25.500   -9.04    4.15 -0.0161    0.00    2.81    9.54    4.06    0.09     210
 26.000   -9.57    4.39  0.0519   -0.29    2.82   10.04    4.29    0.05     199
 26.500   -9.85    4.72  0.0753    0.04    3.13   10.42    4.49    0.05     194
 27.000   -9.93    5.13  0.1528   -0.08    2.71   10.50    4.74   -0.10     189
 27.500   -9.92    5.12  0.1195    0.05    2.69   10.44    4.78   -0.15     184
 28.000   -9.90    5.28  0.0090   -0.11    2.92   10.39    4.98   -0.18     182
 28.500   -9.68    5.03  0.0147   -0.03    3.09   10.31    4.73   -0.19     173
 29.000   -9.55    5.27  0.0545   -0.16    3.30   10.29    4.81    0.05     170
 29.500   -9.64    5.36  0.1050   -0.61    2.92   10.33    4.89    0.13     166
 30.000  -10.19    5.76 -0.0082   -0.25    3.09   11.07    5.07   -0.11     150
     T A B L E  I -  10.  W I N D  S T A T I S T I C A L  P A R A M E T E R S
                                   October
 Station =   72269      White Sands Missile Range
    Z    MEAN U   SD  U  R(U,V)  MEAN V   SD  V MEAN WS  SD  WS SKEW WS    NOBS
    KM     M/S     M/S             M/S     M/S     M/S     M/S                 
  0.000    0.00    0.00  0.0000    0.00    0.00    0.00    0.00    0.00       0
  1.251   -0.02    1.48  0.0867   -0.02    1.97    1.91    1.55    1.41     851
  1.500    0.39    2.73 -0.0348    0.67    4.28    4.30    2.90    1.22     782
  2.000    1.61    3.92 -0.0572    1.43    4.71    5.71    3.28    0.93     851
  2.500    3.22    4.98 -0.0024    1.48    5.30    7.11    3.95    0.90     851
  3.000    4.53    5.85  0.1257    1.53    6.02    8.38    4.86    0.92     851
  3.500    5.53    6.73  0.1642    1.67    6.70    9.63    5.63    0.81     851
  4.000    6.51    7.51  0.1843    1.69    7.46   10.79    6.41    0.77     850
  4.500    7.44    8.03  0.2123    1.72    8.20   11.78    7.21    0.77     847
  5.000    8.40    8.44  0.2689    1.78    8.88   12.76    7.85    0.85     825
  5.500    9.41    8.87  0.3041    1.72    9.52   13.74    8.49    0.87     818
  6.000   10.42    9.33  0.3276    1.46   10.14   14.81    9.04    0.81     815
  6.500   11.39    9.80  0.3468    1.38   10.95   16.01    9.57    0.81     796
  7.000   12.25   10.30  0.3634    1.38   11.68   17.13   10.04    0.80     795
  7.500   13.21   10.71  0.3997    1.69   12.36   18.40   10.34    0.75     786
  8.000   14.08   11.11  0.4249    1.80   13.11   19.63   10.59    0.71     744
  8.500   15.30   11.75  0.4303    2.08   13.56   20.93   11.05    0.65     738
  9.000   16.62   12.72  0.4236    2.19   14.25   22.56   11.74    0.63     725
  9.500   17.83   13.64  0.4203    2.39   14.75   23.95   12.39    0.57     698
 10.000   19.27   14.22  0.4070    2.41   15.47   25.48   12.98    0.53     688
 10.500   21.12   14.39  0.3914    2.39   15.90   27.03   13.43    0.36     675
 11.000   22.67   14.37  0.3807    2.22   16.33   28.35   13.65    0.24     650
 11.500   24.00   14.47  0.3936    2.51   16.27   29.40   13.82    0.10     646
 12.000   25.20   14.38  0.3841    2.85   15.69   29.95   14.09    0.07     639
 12.500   26.17   14.14  0.3992    2.76   15.21   30.42   13.98    0.11     615
 13.000   25.78   14.07  0.4029    2.92   14.44   29.98   13.42    0.13     602
 13.500   25.27   13.29  0.3778    3.09   13.53   29.07   12.73    0.17     592
 14.000   24.77   12.45  0.3449    3.19   12.70   28.22   11.92    0.26     546
 14.500   23.74   11.62  0.3765    2.74   11.16   26.50   11.32    0.43     489
 15.000   22.38   10.86  0.3552    2.49   10.33   24.81   10.77    0.52     471
 15.500   20.36   10.03  0.2979    1.73    9.55   22.57    9.96    0.45     455
 16.000   18.13    9.17  0.3107    1.24    8.40   20.16    8.95    0.46     433
 16.500   15.36    8.45  0.2622    1.11    7.93   17.52    8.09    0.53     399
 17.000   12.94    7.45  0.2775    1.09    6.97   14.92    7.16    0.52     385
 17.500   10.46    6.84  0.2085    0.72    5.79   12.28    6.43    0.73     354
 18.000    8.18    6.09  0.0740    0.47    5.57   10.18    5.59    0.74     341
 18.500    6.78    5.95  0.1471   -0.04    4.41    8.79    5.01    0.88     307
 19.000    5.35    5.71  0.1888    0.03    4.15    7.70    4.48    0.76     255
 19.500    4.55    5.55  0.2522    0.51    4.47    7.27    4.28    0.75     243
 20.000    3.86    5.42  0.2453    0.49    3.65    6.74    3.82    0.96     226
 20.500    3.44    5.61  0.1309    0.60    3.13    6.30    3.94    1.17     212
 21.000    2.99    5.28  0.1240    0.86    3.29    6.00    3.62    1.06     207
 21.500    2.79    5.20  0.2836    0.60    3.17    5.94    3.46    1.39     198
 22.000    2.47    5.74  0.1865    0.48    3.17    5.85    4.00    1.49     196
 22.500    1.93    5.85  0.1908    0.24    3.32    5.89    3.83    1.13     192
 23.000    1.62    5.44  0.0878    0.69    3.08    5.72    3.23    1.08     189
 23.500    1.67    5.74  0.1636    1.05    3.11    5.67    3.77    1.24     186
 24.000    1.64    5.77  0.2440    0.87    2.91    5.75    3.58    1.19     184
 24.500    1.50    5.76  0.3021    0.74    3.08    5.75    3.65    1.49     175
 25.000    1.58    6.04  0.2445    0.56    3.50    5.94    3.99    1.66     165
 25.500    1.34    6.26  0.2445    0.46    2.99    5.90    4.00    1.91     162
 26.000    1.73    6.13  0.2965    0.55    3.08    5.97    3.93    1.84     158
 26.500    1.88    6.19  0.2987    0.40    3.49    6.26    3.79    1.78     157
 27.000    1.70    6.22  0.2256    0.23    3.29    6.15    3.85    1.61     153
 27.500    1.90    6.54  0.0735    0.45    3.04    6.25    4.08    1.58     151
 28.000    2.03    6.66  0.3176    0.54    3.03    6.36    4.16    1.23     148
 28.500    2.64    6.93  0.4371    0.72    3.21    6.72    4.47    1.21     145
 29.000    3.12    7.50  0.3303    0.53    3.50    7.12    5.14    1.36     144
 29.500    2.97    7.86  0.3425    0.34    3.75    7.51    5.26    1.48     139
 30.000    3.47    8.31  0.3610    0.74    3.86    8.16    5.49    1.37     131
     T A B L E  I -  11.  W I N D  S T A T I S T I C A L  P A R A M E T E R S
                                  November
 Station =   72269      White Sands Missile Range
    Z    MEAN U   SD  U  R(U,V)  MEAN V   SD  V MEAN WS  SD  WS SKEW WS    NOBS
    KM     M/S     M/S             M/S     M/S     M/S     M/S                 
  0.000    0.00    0.00  0.0000    0.00    0.00    0.00    0.00    0.00       0
  1.251    0.12    1.64  0.0109   -0.04    2.01    1.96    1.70    1.34     653
  1.500    1.08    3.19  0.0425    0.25    3.68    4.06    2.99    1.39     653
  2.000    2.69    4.55  0.0217    0.50    4.31    5.91    3.59    1.27     579
  2.500    4.65    5.38  0.0495    0.27    4.94    7.56    4.30    0.84     653
  3.000    6.71    5.79  0.0996   -0.24    5.55    9.22    4.98    0.68     653
  3.500    8.35    6.40  0.1859   -0.50    6.18   10.85    5.69    0.56     653
  4.000    9.66    7.05  0.1977   -0.59    6.86   12.21    6.45    0.45     653
  4.500   11.06    7.65  0.1889   -0.49    7.58   13.65    7.24    0.43     653
  5.000   12.38    8.45  0.2192   -0.44    8.45   15.26    7.96    0.45     653
  5.500   13.59    9.21  0.2156   -0.44    9.26   16.73    8.66    0.46     642
  6.000   14.82    9.91  0.2095   -0.42   10.11   18.26    9.23    0.45     635
  6.500   15.96   10.62  0.1907   -0.44   11.02   19.79    9.82    0.47     633
  7.000   17.17   11.39  0.2212   -0.32   11.75   21.18   10.58    0.48     620
  7.500   18.10   12.19  0.2391   -0.27   12.51   22.52   11.14    0.52     618
  8.000   19.25   13.19  0.2592    0.01   13.45   24.17   11.86    0.49     604
  8.500   20.18   14.04  0.2788    0.38   14.34   25.51   12.54    0.43     584
  9.000   21.51   14.58  0.2752    0.50   14.85   26.96   12.91    0.41     575
  9.500   23.03   15.31  0.2778    0.68   15.58   28.71   13.50    0.35     570
 10.000   24.42   16.03  0.3028    0.39   16.25   30.30   13.99    0.30     548
 10.500   25.76   16.35  0.3154    0.40   16.31   31.49   14.20    0.27     543
 11.000   26.83   16.58  0.3093    0.54   16.40   32.51   14.20    0.20     535
 11.500   27.65   16.44  0.2936    0.82   16.14   33.07   14.07    0.19     527
 12.000   28.10   15.95  0.3086    1.05   15.41   33.09   13.59    0.29     518
 12.500   28.68   15.22  0.3018    1.42   14.84   33.14   13.25    0.29     513
 13.000   28.77   13.77  0.3632    1.27   14.42   32.71   12.38    0.28     493
 13.500   27.81   13.09  0.3800    1.37   13.10   31.26   11.74    0.34     482
 14.000   26.43   12.09  0.3679    1.24   11.67   29.25   11.09    0.26     477
 14.500   25.49   10.88  0.3616    1.24   10.65   27.85   10.24    0.21     454
 15.000   24.28   10.32  0.2965    1.11    9.85   26.49    9.59    0.16     434
 15.500   22.99    9.84  0.2964    0.99    9.16   25.01    9.15    0.17     423
 16.000   20.81    9.46  0.2740    0.50    8.25   22.64    8.81    0.09     415
 16.500   18.57    8.80  0.2746    0.37    7.90   20.58    7.85    0.21     391
 17.000   16.06    8.18  0.1665    0.35    7.37   18.12    7.18    0.20     343
 17.500   13.92    7.31  0.1520    0.50    6.75   15.78    6.67    0.11     332
 18.000   11.71    6.98  0.1932    0.50    6.62   13.66    6.48    0.29     317
 18.500    9.97    6.56  0.2250    0.11    5.72   11.89    5.80    0.41     300
 19.000    8.36    5.54  0.2335    0.20    5.11   10.10    5.04    0.29     266
 19.500    7.39    5.68  0.2590    0.31    4.48    8.91    5.14    0.43     235
 20.000    6.97    5.81  0.1123    0.47    4.12    8.73    4.93    0.68     234
 20.500    6.46    5.83  0.1920    0.31    4.56    8.60    4.84    0.67     224
 21.000    6.21    5.80  0.1477    0.35    4.23    8.18    4.84    0.77     216
 21.500    5.78    5.47  0.2109    0.75    3.90    7.83    4.37    0.88     212
 22.000    5.72    5.02  0.2215    0.61    3.87    7.51    4.09    1.12     208
 22.500    5.39    5.52  0.3736    1.05    3.90    7.60    4.29    0.99     200
 23.000    5.98    6.18  0.3738    1.50    3.53    8.13    4.88    0.91     199
 23.500    6.47    6.55  0.3190    1.06    4.07    8.83    4.89    1.01     194
 24.000    7.21    6.49  0.2706    0.95    3.32    8.99    5.11    1.04     192
 24.500    7.77    6.60  0.2787    1.02    3.38    9.50    5.20    0.86     191
 25.000    8.31    6.79  0.0770    0.85    4.06   10.13    5.38    0.78     184
 25.500    9.05    6.92  0.2482    0.76    3.71   10.52    5.83    0.99     179
 26.000    9.80    7.60  0.3308    0.81    3.25   11.10    6.52    1.11     176
 26.500   10.66    8.10  0.2212    0.64    4.00   12.20    6.76    0.93     173
 27.000   11.15    8.08  0.2520    0.92    3.85   12.60    6.85    0.83     172
 27.500   12.58    8.07  0.3000    0.94    4.18   13.71    7.29    0.78     167
 28.000   13.55    8.46  0.3506    0.79    4.49   14.60    7.85    0.77     165
 28.500   14.49    9.10  0.3336    0.86    4.37   15.72    8.19    0.80     160
 29.000   15.16    9.68  0.3213    0.50    4.04   16.41    8.47    0.48     154
 29.500   15.84   10.22  0.2368    0.31    4.56   17.19    9.05    0.34     148
 30.000   16.06   10.18  0.2481    0.51    4.91   17.35    9.22    0.41     143
     T A B L E  I -  12.  W I N D  S T A T I S T I C A L  P A R A M E T E R S
                                  December
 Station =   72269      White Sands Missile Range
    Z    MEAN U   SD  U  R(U,V)  MEAN V   SD  V MEAN WS  SD  WS SKEW WS    NOBS
    KM     M/S     M/S             M/S     M/S     M/S     M/S                 
  0.000    0.00    0.00  0.0000    0.00    0.00    0.00    0.00    0.00       0
  1.251    0.09    1.56 -0.0432   -0.17    1.91    1.85    1.64    1.65     544
  1.500    0.78    2.90 -0.0297   -0.02    3.43    3.66    2.81    1.62     544
  2.000    2.44    4.11  0.0733    0.12    4.65    5.75    3.54    1.35     505
  2.500    4.97    5.00  0.1166    0.03    5.49    7.88    4.29    0.81     544
  3.000    7.22    6.09  0.1873   -0.61    6.45   10.21    5.22    0.68     544
  3.500    9.16    6.79  0.2486   -0.74    7.25   12.18    5.95    0.52     544
  4.000   10.72    7.49  0.2905   -0.85    8.30   13.90    6.89    0.56     544
  4.500   12.22    8.33  0.2811   -0.82    9.33   15.60    7.97    0.68     543
  5.000   13.82    9.24  0.2754   -0.43   10.03   17.28    8.88    0.67     543
  5.500   15.34   10.34  0.2972   -0.23   10.76   19.05    9.75    0.63     535
  6.000   16.75   11.01  0.3105    0.00   11.56   20.64   10.49    0.53     532
  6.500   18.07   11.74  0.3179    0.07   12.56   22.30   11.19    0.56     528
  7.000   19.50   12.61  0.3055    0.05   13.58   24.08   11.98    0.56     510
  7.500   21.07   13.21  0.3092    0.20   14.51   25.87   12.64    0.48     510
  8.000   22.61   13.73  0.3265    0.67   15.51   27.65   13.27    0.41     497
  8.500   23.90   14.35  0.3296    0.98   16.60   29.25   14.06    0.31     470
  9.000   25.38   14.60  0.3447    1.47   17.32   30.81   14.46    0.20     466
  9.500   26.48   14.85  0.3979    2.10   17.54   31.82   14.79    0.17     461
 10.000   28.00   15.21  0.4277    2.24   17.98   33.34   15.14    0.17     444
 10.500   29.23   15.59  0.4319    2.54   18.51   34.81   15.35    0.15     441
 11.000   30.47   15.60  0.4568    3.05   18.78   36.00   15.30    0.12     438
 11.500   31.14   15.28  0.4474    3.52   18.10   36.27   14.98    0.13     422
 12.000   31.76   14.58  0.4202    3.77   17.10   36.26   14.51    0.12     418
 12.500   32.05   13.79  0.3939    3.81   16.32   36.00   14.05    0.07     411
 13.000   31.45   13.09  0.3612    4.03   14.89   34.86   13.47    0.07     392
 13.500   30.67   11.86  0.3300    3.69   13.41   33.58   12.02    0.02     390
 14.000   29.25   10.34  0.3303    3.14   12.41   31.88   10.52   -0.01     388
 14.500   27.89    9.50  0.3559    2.68   12.05   30.45    9.72    0.08     375
 15.000   25.84    9.09  0.3731    2.56   11.10   28.22    9.27    0.12     358
 15.500   24.57    8.68  0.3200    2.73   10.35   26.66    8.98    0.08     351
 16.000   23.17    8.56  0.3529    2.20    9.53   25.06    8.79    0.19     338
 16.500   21.09    8.74  0.3035    1.67    8.64   22.81    8.76    0.26     321
 17.000   18.44    8.42  0.2326    1.42    8.01   20.15    8.39    0.43     273
 17.500   16.23    7.82  0.2261    1.59    7.56   18.00    7.90    0.53     255
 18.000   14.11    7.85  0.2053    1.24    7.11   15.91    7.75    0.74     244
 18.500   11.55    6.72  0.0697    0.48    6.17   13.30    6.45    1.17     238
 19.000    9.52    5.66  0.0362    0.30    5.60   11.24    5.45    1.25     201
 19.500    8.18    5.39  0.0441   -0.02    5.01    9.75    5.10    1.10     180
 20.000    6.61    5.33  0.2060   -0.77    4.64    8.41    4.99    1.50     169
 20.500    4.90    5.60  0.1765   -1.16    4.16    7.12    4.91    1.78     156
 21.000    3.18    5.33  0.2168   -1.08    3.48    5.95    4.04    1.73     146
 21.500    2.06    5.37  0.0814   -1.25    3.01    5.51    3.76    1.93     143
 22.000    1.12    6.18  0.0720   -1.38    3.37    6.12    3.90    1.52     140
 22.500    0.56    6.51  0.2207   -1.04    3.16    6.06    4.09    1.47     136
 23.000    0.01    7.09  0.2682   -1.30    3.19    6.68    4.40    1.79     134
 23.500   -0.37    7.80  0.2802   -1.43    3.17    7.04    4.73    1.83     134
 24.000   -0.62    8.30  0.2837   -1.29    3.39    7.53    4.98    1.68     131
 24.500   -0.56    8.83  0.3666   -1.44    3.78    8.10    5.31    1.54     129
 25.000   -0.26    9.47  0.3889   -1.35    4.01    8.85    6.00    1.65     128
 25.500    0.50   10.43  0.4033   -1.12    4.20    9.35    6.23    1.19     124
 26.000    0.93   10.91  0.4812   -1.53    4.45    9.82    6.58    1.34     122
 26.500    1.28   12.02  0.5212   -2.08    4.64   10.58    7.49    1.47     119
 27.000    1.92   12.74  0.5646   -1.72    4.63   11.13    7.96    1.31     118
 27.500    2.79   13.33  0.5544   -1.63    5.03   11.68    8.53    1.35     116
 28.000    3.63   13.03  0.5060   -1.79    5.04   11.77    8.20    0.85     114
 28.500    4.80   14.04  0.6170   -1.33    5.32   12.72    9.06    0.87     112
 29.000    5.91   14.89  0.6049   -1.55    5.45   13.72    9.67    0.88     108
 29.500    7.08   15.86  0.6319   -2.33    5.57   15.15   10.83    0.90      98
 30.000    8.72   17.09  0.6742   -1.94    5.93   15.85   12.26    1.02      94
     T A B L E  I -  13.  W I N D  S T A T I S T I C A L  P A R A M E T E R S
                                    Annual
 Station =   72269      White Sands Missile Range
    Z    MEAN U   SD  U  R(U,V)  MEAN V   SD  V MEAN WS  SD  WS SKEW WS    NOBS
    KM     M/S     M/S             M/S     M/S     M/S     M/S                 
  0.000    0.00    0.00  0.0000    0.00    0.00    0.00    0.00    0.00       0
  1.251    0.18    1.87  0.1025    0.08    2.13    2.13    1.88    1.59    8915
  1.500    0.81    3.27  0.0077    0.66    3.91    4.29    3.03    1.38    8915
  2.000    1.84    4.21 -0.0154    1.10    4.56    5.66    3.48    1.21    8091
  2.500    3.20    4.98  0.0189    1.08    4.95    6.72    4.00    1.05    8909
  3.000    4.36    5.91  0.0883    0.81    5.39    7.81    4.80    1.03    8915
  3.500    5.29    6.92  0.1417    0.67    5.95    8.98    5.62    0.97    8915
  4.000    6.04    7.96  0.1748    0.69    6.67   10.17    6.45    0.92    8915
  4.500    6.82    8.84  0.2017    0.78    7.38   11.31    7.22    0.93    8899
  5.000    7.65    9.63  0.2260    0.85    8.00   12.33    8.01    0.94    8883
  5.500    8.60   10.30  0.2360    0.90    8.58   13.24    8.87    0.95    8590
  6.000    9.55   10.94  0.2402    0.95    9.15   14.20    9.68    0.95    8413
  6.500   10.44   11.62  0.2369    1.07    9.68   15.13   10.48    0.96    8356
  7.000   11.36   12.38  0.2401    1.14   10.30   16.14   11.32    0.97    8166
  7.500   12.28   13.13  0.2469    1.14   10.87   17.21   12.09    0.96    8136
  8.000   13.38   13.99  0.2639    1.23   11.61   18.48   13.00    0.93    7947
  8.500   14.41   14.78  0.2700    1.38   12.27   19.66   13.83    0.92    7520
  9.000   15.55   15.50  0.2748    1.50   12.86   20.94   14.52    0.88    7436
  9.500   16.74   16.16  0.2828    1.67   13.34   22.15   15.17    0.85    7350
 10.000   18.05   16.79  0.2928    1.80   13.74   23.46   15.74    0.83    7117
 10.500   19.39   17.30  0.2944    1.93   14.01   24.76   16.16    0.81    7043
 11.000   20.58   17.71  0.2887    2.12   14.20   25.88   16.48    0.77    6941
 11.500   21.53   17.61  0.2826    2.21   13.99   26.57   16.34    0.70    6750
 12.000   22.23   17.25  0.2756    2.21   13.44   26.88   15.94    0.61    6667
 12.500   22.68   16.77  0.2678    2.10   12.90   26.95   15.44    0.53    6571
 13.000   22.46   15.99  0.2677    1.96   12.10   26.38   14.63    0.47    6346
 13.500   21.91   15.24  0.2495    1.88   11.27   25.57   13.76    0.40    6256
 14.000   21.11   14.49  0.2354    1.86   10.59   24.50   13.03    0.35    6145
 14.500   20.04   13.73  0.2422    1.77    9.85   23.22   12.30    0.35    5785
 15.000   18.69   13.13  0.2443    1.64    9.22   21.72   11.73    0.36    5457
 15.500   17.15   12.63  0.2488    1.45    8.53   20.04   11.24    0.40    5325
 16.000   15.30   12.18  0.2484    1.27    7.69   18.21   10.59    0.49    5179
 16.500   13.01   11.77  0.2208    1.08    7.11   16.15    9.92    0.60    4934
 17.000   10.99   11.14  0.1847    1.01    6.46   14.39    9.01    0.72    4411
 17.500    9.03   10.37  0.1724    0.88    5.95   12.71    8.09    0.87    4179
 18.000    6.91    9.80  0.1429    0.75    5.60   11.09    7.23    1.01    3966
 18.500    4.93    8.94  0.1063    0.39    4.90    9.74    5.92    1.11    3839
 19.000    3.04    8.41  0.0678    0.17    4.36    8.72    4.98    1.10    3445
 19.500    1.83    8.20  0.0190    0.15    4.13    8.06    4.70    1.06    3150
 20.000    0.78    8.03 -0.0039    0.08    3.75    7.83    4.39    1.00    3074
 20.500   -0.18    7.87 -0.0491   -0.08    3.69    7.63    4.28    0.83    2948
 21.000   -1.11    7.69 -0.0206   -0.22    3.54    7.40    4.28    0.67    2849
 21.500   -1.81    7.58 -0.0083   -0.17    3.17    7.34    4.22    0.67    2804
 22.000   -2.30    7.88 -0.0147   -0.24    3.22    7.59    4.48    0.61    2732
 22.500   -2.82    8.10  0.0017   -0.19    3.22    7.93    4.60    0.58    2658
 23.000   -3.07    8.34  0.0236   -0.12    3.08    8.17    4.73    0.60    2627
 23.500   -3.19    8.60  0.0215   -0.14    3.27    8.38    4.91    0.57    2577
 24.000   -3.38    8.93  0.0886   -0.13    3.23    8.69    5.10    0.64    2548
 24.500   -3.38    9.36  0.1380   -0.08    3.23    9.04    5.27    0.65    2530
 25.000   -3.22    9.87  0.1166   -0.10    3.46    9.34    5.61    0.59    2452
 25.500   -3.08   10.36  0.1576   -0.14    3.21    9.66    5.73    0.56    2379
 26.000   -2.91   10.92  0.1871   -0.10    3.20   10.04    6.01    0.59    2345
 26.500   -2.71   11.62  0.1610   -0.20    3.55   10.57    6.39    0.61    2287
 27.000   -2.51   12.13  0.1712   -0.10    3.48   11.00    6.57    0.57    2260
 27.500   -2.04   12.83  0.1667   -0.09    3.70   11.53    6.88    0.56    2207
 28.000   -1.79   13.46  0.1363   -0.07    3.79   11.98    7.19    0.51    2154
 28.500   -1.31   14.15  0.1424   -0.01    3.85   12.58    7.48    0.53    2122
 29.000   -0.79   14.71  0.1465   -0.09    4.07   12.96    7.86    0.53    2045
 29.500   -0.60   15.38  0.1548   -0.22    4.22   13.55    8.23    0.54    1964
 30.000   -0.42   16.08  0.1507   -0.04    4.28   14.21    8.46    0.60    1913
