      72293      32.87N  117.14W
     T A B L E  I -   1.  W I N D  S T A T I S T I C A L  P A R A M E T E R S
                                   January
 STATION =   722930     YUMA PROVING GROUNDS, AZ
    Z    MEAN U   SD  U  R(U,V)  MEAN V   SD  V MEAN WS  SD  WS SKEW WS    NOBS
    KM     M/S     M/S             M/S     M/S     M/S     M/S                 
  0.139    0.09    1.42 -0.2832   -1.24    2.08    2.14    1.82    1.61     626
  0.500    0.07    3.64 -0.1488   -3.48    5.11    6.33    3.69    0.83     664
  1.000   -0.50    5.10  0.0629   -2.50    5.32    6.78    3.99    0.95     665
  1.500    0.56    5.42  0.1989   -2.07    5.54    6.98    4.04    0.78     665
  2.000    1.61    5.76  0.2666   -2.03    6.16    7.89    4.13    0.74     665
  2.500    2.78    6.68  0.2598   -2.34    6.98    9.17    4.82    0.62     665
  3.000    3.76    7.67  0.2852   -2.70    8.00   10.69    5.54    0.77     665
  3.500    4.99    8.41  0.3010   -2.63    8.72   11.91    6.19    0.79     665
  4.000    6.10    9.46  0.2997   -2.75    9.68   13.38    7.12    0.95     665
  4.500    7.07   10.39  0.3261   -2.95   10.72   14.84    7.95    0.95     665
  5.000    8.04   11.06  0.3462   -3.20   11.64   16.13    8.62    0.75     665
  5.500    9.11   11.76  0.3514   -3.31   12.75   17.47    9.55    0.69     664
  6.000   10.13   12.38  0.3717   -3.39   13.53   18.71   10.08    0.65     664
  6.500   11.02   13.04  0.3900   -3.37   14.48   20.00   10.79    0.63     664
  7.000   11.98   14.00  0.3987   -3.49   15.46   21.38   11.68    0.62     664
  7.500   13.12   15.01  0.4191   -3.64   16.46   22.89   12.57    0.65     664
  8.000   14.22   15.87  0.4235   -3.76   17.26   24.27   13.44    0.64     664
  8.500   15.35   16.76  0.4241   -3.94   18.11   25.70   14.29    0.63     664
  9.000   16.59   17.67  0.4187   -4.06   18.92   27.17   15.01    0.61     664
  9.500   18.11   18.65  0.4255   -4.16   19.76   28.90   15.81    0.58     661
 10.000   19.51   19.26  0.4300   -4.12   20.20   30.28   16.26    0.58     661
 10.500   20.79   19.58  0.4321   -3.87   20.22   31.11   16.53    0.59     654
 11.000   22.01   19.41  0.4249   -3.58   20.03   31.67   16.67    0.54     623
 11.500   23.00   18.45  0.4100   -3.18   19.63   31.79   16.23    0.55     616
 12.000   23.69   17.09  0.3956   -2.88   18.67   31.24   15.40    0.50     586
 12.500   23.44   15.94  0.4271   -3.18   18.25   30.53   14.85    0.34     492
 13.000   22.99   14.21  0.4658   -2.62   16.80   29.19   13.28    0.36     454
 13.500   22.23   12.69  0.4844   -2.18   15.32   27.58   11.85    0.29     426
 14.000   21.01   12.18  0.4485   -2.26   14.35   26.06   11.14    0.29     347
 14.500   20.31   11.11  0.4598   -1.84   12.87   24.71   10.04    0.33     308
 15.000   19.03   10.04  0.3850   -1.63   11.52   22.68    9.41    0.28     277
 15.500   18.26    9.45  0.3260   -1.49   10.07   21.45    8.36    0.22     246
 16.000   16.65    9.11  0.2773   -1.09    8.94   19.65    7.76    0.13     228
 16.500   14.20    8.52  0.2180   -1.70    8.19   17.04    7.31    0.07     184
 17.000   14.50    6.34  0.1456    0.13    6.46   16.21    5.89   -0.43      55
 17.500   13.09    6.17  0.2796    0.92    6.68   14.84    6.17   -0.50      45
 18.000   12.57    6.01  0.3555    0.06    5.45   13.94    5.74    0.00      39
 18.500   10.60    5.52  0.2325    0.16    4.29   11.76    4.90    0.21      29
 19.000    9.65    4.95  0.1104    0.61    4.72   11.06    4.36    0.11      22
 19.500    9.27    3.93  0.2358    0.92    4.37   10.38    4.09    0.08      19
 20.000    9.15    2.99  0.4641    0.89    4.52   10.21    3.47    0.38      17
 20.500    7.39    4.48  0.3672    1.07    4.40    8.50    4.73   -0.06      14
 21.000    9.76    4.03  0.3002    0.92    2.65   10.32    3.87    1.15      11
 21.500 -999.99  -99.99 -9.9900 -999.99  -99.99 -999.99  -99.99 -999.99       0
 22.000 -999.99  -99.99 -9.9900 -999.99  -99.99 -999.99  -99.99 -999.99       0
 22.500 -999.99  -99.99 -9.9900 -999.99  -99.99 -999.99  -99.99 -999.99       0
 23.000 -999.99  -99.99 -9.9900 -999.99  -99.99 -999.99  -99.99 -999.99       0
 23.500 -999.99  -99.99 -9.9900 -999.99  -99.99 -999.99  -99.99 -999.99       0
 24.000 -999.99  -99.99 -9.9900 -999.99  -99.99 -999.99  -99.99 -999.99       0
 24.500 -999.99  -99.99 -9.9900 -999.99  -99.99 -999.99  -99.99 -999.99       0
 25.000 -999.99  -99.99 -9.9900 -999.99  -99.99 -999.99  -99.99 -999.99       0
 25.500 -999.99  -99.99 -9.9900 -999.99  -99.99 -999.99  -99.99 -999.99       0
 26.000 -999.99  -99.99 -9.9900 -999.99  -99.99 -999.99  -99.99 -999.99       0
 26.500 -999.99  -99.99 -9.9900 -999.99  -99.99 -999.99  -99.99 -999.99       0
 27.000 -999.99  -99.99 -9.9900 -999.99  -99.99 -999.99  -99.99 -999.99       0
 27.500 -999.99  -99.99 -9.9900 -999.99  -99.99 -999.99  -99.99 -999.99       0
 28.000 -999.99  -99.99 -9.9900 -999.99  -99.99 -999.99  -99.99 -999.99       0
 28.500 -999.99  -99.99 -9.9900 -999.99  -99.99 -999.99  -99.99 -999.99       0
 29.000 -999.99  -99.99 -9.9900 -999.99  -99.99 -999.99  -99.99 -999.99       0
 29.500 -999.99  -99.99 -9.9900 -999.99  -99.99 -999.99  -99.99 -999.99       0
 30.000 -999.99  -99.99 -9.9900 -999.99  -99.99 -999.99  -99.99 -999.99       0
     T A B L E  I -   2.  W I N D  S T A T I S T I C A L  P A R A M E T E R S
                                  February
 STATION =   722930     YUMA PROVING GROUNDS, AZ
    Z    MEAN U   SD  U  R(U,V)  MEAN V   SD  V MEAN WS  SD  WS SKEW WS    NOBS
    KM     M/S     M/S             M/S     M/S     M/S     M/S                 
  0.139    0.42    1.69 -0.1010   -0.89    1.95    2.15    1.73    1.23     587
  0.500    1.32    3.93 -0.0518   -2.07    4.64    5.85    3.28    0.70     657
  1.000    1.28    4.98  0.0980   -1.48    4.93    6.41    3.59    0.71     657
  1.500    1.70    5.39  0.2118   -0.73    5.37    6.80    3.94    0.90     660
  2.000    2.73    5.46  0.2352   -0.56    5.95    7.59    4.10    0.85     660
  2.500    4.24    6.12  0.2526   -0.70    6.59    8.86    4.71    0.73     660
  3.000    5.89    7.07  0.2205   -0.82    7.42   10.50    5.57    0.71     660
  3.500    7.43    7.86  0.2209   -0.99    8.24   12.16    6.28    0.64     660
  4.000    9.08    8.77  0.2271   -0.94    9.00   13.81    7.23    0.67     660
  4.500   10.48    9.42  0.2484   -0.78    9.75   15.27    7.93    0.65     660
  5.000   11.68   10.01  0.2639   -0.57   10.55   16.67    8.47    0.59     660
  5.500   12.86   10.52  0.2657   -0.58   11.30   17.95    9.12    0.60     660
  6.000   13.90   11.05  0.2599   -0.63   12.01   19.21    9.60    0.60     660
  6.500   15.01   11.75  0.2580   -0.42   12.77   20.69   10.10    0.57     660
  7.000   16.18   12.58  0.2707   -0.17   13.61   22.19   10.75    0.58     660
  7.500   17.20   13.30  0.2972   -0.04   14.28   23.48   11.29    0.58     660
  8.000   18.36   14.04  0.3206    0.05   14.99   24.94   11.93    0.56     660
  8.500   19.68   14.87  0.3380    0.27   15.76   26.48   12.68    0.54     659
  9.000   20.80   15.85  0.3505    0.47   16.44   27.85   13.44    0.51     659
  9.500   22.20   17.06  0.3653    0.67   16.99   29.58   14.14    0.53     658
 10.000   23.72   17.78  0.3807    0.74   17.29   31.10   14.67    0.54     658
 10.500   25.26   18.32  0.3893    0.93   17.60   32.39   15.37    0.58     651
 11.000   26.61   18.37  0.4052    1.39   17.70   33.51   15.56    0.57     626
 11.500   28.31   17.78  0.4225    1.46   17.17   34.42   15.39    0.56     616
 12.000   29.23   16.82  0.4292    1.00   16.37   34.45   14.91    0.52     569
 12.500   28.98   15.65  0.3994    0.81   15.16   33.42   14.30    0.49     473
 13.000   29.03   14.48  0.4125    1.63   13.84   32.76   13.53    0.39     454
 13.500   28.68   13.32  0.4550    1.27   12.98   32.01   12.31    0.29     435
 14.000   28.29   12.47  0.5423    1.25   11.91   31.22   11.28    0.12     356
 14.500   27.64   12.28  0.5503    1.37   11.61   30.60   10.99    0.06     331
 15.000   26.44   11.64  0.5503    1.39   11.18   29.18   10.67    0.08     319
 15.500   24.98   10.40  0.5245    1.19   10.92   27.64    9.70    0.06     291
 16.000   23.14    9.51  0.5369    1.01   10.41   25.78    8.80    0.04     276
 16.500   21.86    9.00  0.5504    0.58    9.83   24.19    8.38    0.17     205
 17.000   25.27    5.00  0.2081    3.19    9.21   27.14    5.40    0.01      59
 17.500   24.16    4.98  0.1267    3.03    9.03   26.08    5.16    0.25      56
 18.000   21.70    4.97  0.0737    2.13    7.45   23.19    4.93    0.01      55
 18.500   17.55    4.31  0.0401    2.59    5.94   18.73    4.44   -0.14      52
 19.000   17.04    5.17  0.1051    3.45    6.47   18.69    5.10   -0.35      43
 19.500   15.66    4.76  0.0467    1.96    6.68   17.23    4.99   -0.03      41
 20.000   13.41    5.14  0.1836    2.82    7.20   15.60    5.37    0.44      32
 20.500   11.46    5.91  0.1456    2.82    7.30   14.01    5.75    0.46      29
 21.000   11.05    3.98  0.2078    3.12    8.38   14.00    5.08    1.33      20
 21.500   10.88    4.60 -0.0686    4.40    7.16   13.16    6.45    0.80      15
 22.000   10.20    4.26 -0.1887    3.48    8.35   12.96    6.16    1.01      14
 22.500 -999.99  -99.99 -9.9900 -999.99  -99.99 -999.99  -99.99 -999.99       0
 23.000 -999.99  -99.99 -9.9900 -999.99  -99.99 -999.99  -99.99 -999.99       0
 23.500 -999.99  -99.99 -9.9900 -999.99  -99.99 -999.99  -99.99 -999.99       0
 24.000 -999.99  -99.99 -9.9900 -999.99  -99.99 -999.99  -99.99 -999.99       0
 24.500 -999.99  -99.99 -9.9900 -999.99  -99.99 -999.99  -99.99 -999.99       0
 25.000 -999.99  -99.99 -9.9900 -999.99  -99.99 -999.99  -99.99 -999.99       0
 25.500 -999.99  -99.99 -9.9900 -999.99  -99.99 -999.99  -99.99 -999.99       0
 26.000 -999.99  -99.99 -9.9900 -999.99  -99.99 -999.99  -99.99 -999.99       0
 26.500 -999.99  -99.99 -9.9900 -999.99  -99.99 -999.99  -99.99 -999.99       0
 27.000 -999.99  -99.99 -9.9900 -999.99  -99.99 -999.99  -99.99 -999.99       0
 27.500 -999.99  -99.99 -9.9900 -999.99  -99.99 -999.99  -99.99 -999.99       0
 28.000 -999.99  -99.99 -9.9900 -999.99  -99.99 -999.99  -99.99 -999.99       0
 28.500 -999.99  -99.99 -9.9900 -999.99  -99.99 -999.99  -99.99 -999.99       0
 29.000 -999.99  -99.99 -9.9900 -999.99  -99.99 -999.99  -99.99 -999.99       0
 29.500 -999.99  -99.99 -9.9900 -999.99  -99.99 -999.99  -99.99 -999.99       0
 30.000 -999.99  -99.99 -9.9900 -999.99  -99.99 -999.99  -99.99 -999.99       0
     T A B L E  I -   3.  W I N D  S T A T I S T I C A L  P A R A M E T E R S
                                     March
 STATION =   722930     YUMA PROVING GROUNDS, AZ
    Z    MEAN U   SD  U  R(U,V)  MEAN V   SD  V MEAN WS  SD  WS SKEW WS    NOBS
    KM     M/S     M/S             M/S     M/S     M/S     M/S                 
  0.139    0.30    1.60  0.1923   -0.41    1.77    1.90    1.52    1.92     614
  0.500    1.90    3.49  0.0863   -1.27    3.93    5.02    3.08    1.17     684
  1.000    1.90    4.38  0.1446   -1.31    4.26    5.59    3.50    1.15     685
  1.500    2.16    4.90  0.2034   -0.61    5.14    6.32    3.99    1.01     690
  2.000    2.79    5.23  0.2197   -0.28    5.60    7.18    4.07    0.76     691
  2.500    3.99    6.03  0.2539   -0.44    6.19    8.38    4.64    0.59     691
  3.000    5.47    6.55  0.2715   -0.81    6.93    9.62    5.45    0.64     691
  3.500    6.85    7.30  0.2634   -1.10    7.86   11.20    6.28    0.70     691
  4.000    8.20    8.01  0.2260   -1.31    8.72   12.64    7.17    0.76     691
  4.500    9.51    8.65  0.2313   -1.48    9.52   14.12    7.82    0.78     691
  5.000   10.86    9.26  0.2279   -1.54   10.53   15.68    8.54    0.77     691
  5.500   12.01    9.86  0.2030   -1.56   11.32   16.99    9.22    0.74     691
  6.000   12.86   10.48  0.1884   -1.56   11.99   18.11    9.72    0.73     691
  6.500   13.69   10.96  0.1830   -1.65   12.55   19.21   10.09    0.71     691
  7.000   14.67   11.45  0.1761   -1.60   13.32   20.42   10.57    0.74     691
  7.500   15.77   11.90  0.1891   -1.62   14.10   21.65   11.10    0.72     691
  8.000   16.89   12.41  0.2064   -1.75   14.78   22.93   11.79    0.71     691
  8.500   18.06   12.91  0.2296   -1.88   15.43   24.22   12.32    0.65     691
  9.000   19.14   13.37  0.2517   -2.03   16.12   25.46   12.75    0.59     691
  9.500   20.49   14.22  0.2813   -1.84   16.73   26.97   13.40    0.54     686
 10.000   21.72   14.50  0.3066   -1.64   17.03   28.12   13.69    0.56     684
 10.500   22.93   14.56  0.3140   -1.39   17.03   29.02   13.73    0.55     681
 11.000   24.39   14.97  0.3125   -0.94   17.00   30.31   13.94    0.52     659
 11.500   25.51   14.92  0.3213   -0.58   16.48   31.01   13.79    0.44     649
 12.000   26.24   14.25  0.3214   -0.21   15.70   31.01   13.36    0.43     619
 12.500   26.92   13.22  0.3560    0.34   14.78   31.10   12.48    0.50     514
 13.000   26.74   12.71  0.3371    0.55   14.03   30.64   11.96    0.52     484
 13.500   26.59   11.83  0.3380    0.94   13.13   30.05   11.08    0.45     469
 14.000   25.58   11.18  0.3604    0.93   13.05   29.03   10.48    0.33     401
 14.500   24.77   10.38  0.3415    0.80   12.37   28.09    9.52    0.15     375
 15.000   23.73    9.84  0.3244    0.91   11.84   26.95    8.83    0.07     361
 15.500   22.30    9.67  0.3493    1.12   11.95   25.75    8.72    0.08     323
 16.000   20.58    8.34  0.3829    0.99   11.19   23.83    7.49   -0.00     309
 16.500   19.83    8.09  0.4505    1.25   10.52   22.87    6.91    0.19     250
 17.000   21.46    6.35  0.4255   -0.51    9.26   23.51    6.51    0.12      60
 17.500   20.33    5.39  0.3424   -1.73    8.95   22.37    5.64    0.50      56
 18.000   17.89    5.08  0.3959   -1.63    8.70   20.10    5.16    0.86      56
 18.500   14.96    6.88  0.3818   -1.79    8.56   17.63    6.27    0.49      52
 19.000   14.40    6.97  0.3695   -1.79    7.59   16.80    6.26    0.28      45
 19.500   13.21    5.64  0.4213   -2.14    6.99   15.37    5.49    0.36      43
 20.000   12.31    5.27  0.5506   -2.32    5.59   14.02    5.01    0.53      39
 20.500   11.04    5.43  0.4474   -1.72    5.89   12.69    5.43    0.81      39
 21.000   12.06    4.40  0.3284   -1.15    5.10   13.27    4.63    0.41      16
 21.500   11.36    3.85  0.4061   -1.51    4.46   12.60    4.13    0.40      13
 22.000   10.17    3.53  0.3980   -1.19    3.43   11.24    3.93    0.32      12
 22.500    9.83    2.51  0.4737   -1.48    2.42   10.78    2.83    0.65      12
 23.000    9.07    1.95  0.3983   -1.73    1.81    9.93    2.30    1.06      12
 23.500    7.99    2.00  0.4112   -1.65    1.45    8.68    2.30    1.05      12
 24.000 -999.99  -99.99 -9.9900 -999.99  -99.99 -999.99  -99.99 -999.99       0
 24.500 -999.99  -99.99 -9.9900 -999.99  -99.99 -999.99  -99.99 -999.99       0
 25.000 -999.99  -99.99 -9.9900 -999.99  -99.99 -999.99  -99.99 -999.99       0
 25.500 -999.99  -99.99 -9.9900 -999.99  -99.99 -999.99  -99.99 -999.99       0
 26.000 -999.99  -99.99 -9.9900 -999.99  -99.99 -999.99  -99.99 -999.99       0
 26.500 -999.99  -99.99 -9.9900 -999.99  -99.99 -999.99  -99.99 -999.99       0
 27.000 -999.99  -99.99 -9.9900 -999.99  -99.99 -999.99  -99.99 -999.99       0
 27.500 -999.99  -99.99 -9.9900 -999.99  -99.99 -999.99  -99.99 -999.99       0
 28.000 -999.99  -99.99 -9.9900 -999.99  -99.99 -999.99  -99.99 -999.99       0
 28.500 -999.99  -99.99 -9.9900 -999.99  -99.99 -999.99  -99.99 -999.99       0
 29.000 -999.99  -99.99 -9.9900 -999.99  -99.99 -999.99  -99.99 -999.99       0
 29.500 -999.99  -99.99 -9.9900 -999.99  -99.99 -999.99  -99.99 -999.99       0
 30.000 -999.99  -99.99 -9.9900 -999.99  -99.99 -999.99  -99.99 -999.99       0
     T A B L E  I -   4.  W I N D  S T A T I S T I C A L  P A R A M E T E R S
                                     April
 STATION =   722930     YUMA PROVING GROUNDS, AZ
    Z    MEAN U   SD  U  R(U,V)  MEAN V   SD  V MEAN WS  SD  WS SKEW WS    NOBS
    KM     M/S     M/S             M/S     M/S     M/S     M/S                 
  0.139    0.62    1.75  0.1996   -0.22    2.06    2.21    1.70    1.57     617
  0.500    2.86    3.72 -0.0255   -0.57    4.24    5.67    3.17    1.33     653
  1.000    3.19    4.72  0.0245   -0.56    4.66    6.51    3.64    0.96     655
  1.500    3.02    4.82  0.1429    0.38    5.05    6.59    3.84    1.03     655
  2.000    3.52    5.20  0.1602    0.79    5.45    7.36    4.10    0.90     657
  2.500    4.46    5.45  0.1044    0.94    6.11    8.34    4.37    0.74     657
  3.000    5.97    5.92  0.0864    0.95    7.05    9.69    5.31    0.85     657
  3.500    7.51    6.49  0.0363    1.04    7.94   11.34    5.97    0.79     657
  4.000    8.90    7.12  0.0171    1.16    8.84   12.90    6.68    0.86     657
  4.500   10.10    7.57  0.0624    1.35    9.78   14.31    7.32    0.80     657
  5.000   11.44    8.09  0.1029    1.54   10.60   15.80    7.93    0.70     657
  5.500   12.93    8.65  0.1199    1.58   11.32   17.33    8.58    0.68     657
  6.000   14.38    8.97  0.1273    1.63   11.90   18.71    9.07    0.65     657
  6.500   15.84    9.39  0.1356    1.70   12.43   20.14    9.69    0.64     657
  7.000   17.17   10.05  0.1430    1.73   13.10   21.58   10.39    0.60     657
  7.500   18.36   10.49  0.1486    1.77   13.79   22.89   10.81    0.58     657
  8.000   19.39   10.94  0.1704    1.87   14.30   24.10   11.21    0.56     657
  8.500   20.55   11.37  0.2006    1.94   14.71   25.29   11.65    0.50     656
  9.000   21.80   11.88  0.2309    1.96   15.16   26.58   12.06    0.49     656
  9.500   23.23   12.39  0.2713    1.89   15.59   28.02   12.47    0.43     656
 10.000   24.50   12.87  0.2948    2.16   16.02   29.45   12.78    0.38     656
 10.500   25.70   13.43  0.3136    2.49   16.36   30.73   13.11    0.28     650
 11.000   26.76   13.77  0.3258    2.62   16.60   31.85   13.33    0.21     636
 11.500   28.00   13.75  0.3384    2.71   16.29   32.78   13.31    0.15     632
 12.000   28.86   13.49  0.3524    2.61   15.51   33.06   13.10    0.12     621
 12.500   29.15   13.04  0.3537    2.52   14.60   32.89   12.72    0.21     550
 13.000   28.88   11.91  0.3348    2.77   13.12   31.96   11.86    0.11     521
 13.500   28.34   10.31  0.2994    3.02   11.95   30.89   10.61    0.02     499
 14.000   26.97    9.17  0.2086    2.70   10.80   29.09    9.51    0.14     437
 14.500   25.64    8.55  0.2314    2.98   10.18   27.78    8.72    0.15     419
 15.000   24.25    8.17  0.1870    2.82    9.49   26.22    8.29    0.05     399
 15.500   22.91    7.54  0.1589    2.90    9.03   24.85    7.68    0.11     359
 16.000   20.93    6.84  0.0892    2.33    8.59   22.87    6.93   -0.03     341
 16.500   19.07    6.67  0.0121    1.68    8.59   21.03    6.54    0.20     258
 17.000   15.61    6.12 -0.4295    2.59    7.72   17.83    5.74    0.48      74
 17.500   14.28    6.14 -0.3173    2.97    7.01   16.40    5.89    0.59      71
 18.000   12.00    5.74 -0.3322    0.96    6.45   13.88    5.59    0.49      69
 18.500    8.06    4.69 -0.2659    0.47    4.35    9.49    4.46    0.83      62
 19.000    6.21    4.20 -0.2093    0.10    4.31    7.67    4.24    0.59      44
 19.500    5.12    5.05 -0.2571    0.86    3.64    7.05    4.49    1.09      43
 20.000    3.18    3.51 -0.0711    0.31    2.87    5.14    2.98    1.01      36
 20.500    1.64    3.45 -0.0585   -0.05    3.90    4.61    3.15    0.50      33
 21.000    2.55    3.77 -0.1512   -0.80    4.51    5.25    3.79    0.08      16
 21.500 -999.99  -99.99 -9.9900 -999.99  -99.99 -999.99  -99.99 -999.99       0
 22.000 -999.99  -99.99 -9.9900 -999.99  -99.99 -999.99  -99.99 -999.99       0
 22.500 -999.99  -99.99 -9.9900 -999.99  -99.99 -999.99  -99.99 -999.99       0
 23.000 -999.99  -99.99 -9.9900 -999.99  -99.99 -999.99  -99.99 -999.99       0
 23.500 -999.99  -99.99 -9.9900 -999.99  -99.99 -999.99  -99.99 -999.99       0
 24.000 -999.99  -99.99 -9.9900 -999.99  -99.99 -999.99  -99.99 -999.99       0
 24.500 -999.99  -99.99 -9.9900 -999.99  -99.99 -999.99  -99.99 -999.99       0
 25.000 -999.99  -99.99 -9.9900 -999.99  -99.99 -999.99  -99.99 -999.99       0
 25.500 -999.99  -99.99 -9.9900 -999.99  -99.99 -999.99  -99.99 -999.99       0
 26.000 -999.99  -99.99 -9.9900 -999.99  -99.99 -999.99  -99.99 -999.99       0
 26.500 -999.99  -99.99 -9.9900 -999.99  -99.99 -999.99  -99.99 -999.99       0
 27.000 -999.99  -99.99 -9.9900 -999.99  -99.99 -999.99  -99.99 -999.99       0
 27.500 -999.99  -99.99 -9.9900 -999.99  -99.99 -999.99  -99.99 -999.99       0
 28.000 -999.99  -99.99 -9.9900 -999.99  -99.99 -999.99  -99.99 -999.99       0
 28.500 -999.99  -99.99 -9.9900 -999.99  -99.99 -999.99  -99.99 -999.99       0
 29.000 -999.99  -99.99 -9.9900 -999.99  -99.99 -999.99  -99.99 -999.99       0
 29.500 -999.99  -99.99 -9.9900 -999.99  -99.99 -999.99  -99.99 -999.99       0
 30.000 -999.99  -99.99 -9.9900 -999.99  -99.99 -999.99  -99.99 -999.99       0
     T A B L E  I -   5.  W I N D  S T A T I S T I C A L  P A R A M E T E R S
                                       May
 STATION =   722930     YUMA PROVING GROUNDS, AZ
    Z    MEAN U   SD  U  R(U,V)  MEAN V   SD  V MEAN WS  SD  WS SKEW WS    NOBS
    KM     M/S     M/S             M/S     M/S     M/S     M/S                 
  0.139    0.55    1.89  0.2339    0.07    1.88    2.16    1.66    1.29     742
  0.500    2.44    3.65 -0.0988   -0.14    3.73    5.15    2.89    1.01     757
  1.000    2.63    4.28 -0.0347   -0.14    4.00    5.64    3.27    1.02     757
  1.500    2.19    4.54  0.1024    0.31    4.31    5.74    3.37    1.15     762
  2.000    2.35    4.92  0.1332    0.95    4.64    6.39    3.56    0.94     763
  2.500    2.77    5.47  0.1417    1.34    5.15    7.17    3.93    0.83     763
  3.000    3.67    6.14  0.1042    1.26    5.52    8.04    4.41    0.89     763
  3.500    4.64    6.89  0.1313    1.16    5.88    9.04    4.96    0.81     763
  4.000    5.58    7.78  0.1184    1.02    6.41   10.16    5.70    0.92     763
  4.500    6.57    8.61  0.0946    0.81    7.15   11.34    6.51    0.99     763
  5.000    7.64    9.52  0.0765    0.65    7.60   12.42    7.39    1.08     763
  5.500    8.74   10.45  0.1244    0.36    8.19   13.57    8.39    1.15     763
  6.000    9.86   11.06  0.1706    0.12    8.86   14.65    9.17    1.03     763
  6.500   10.76   11.64  0.2047    0.06    9.46   15.64    9.95    1.02     763
  7.000   11.63   12.30  0.2137    0.05   10.09   16.61   10.73    1.01     762
  7.500   12.44   12.95  0.2192    0.07   10.69   17.56   11.35    0.97     762
  8.000   13.06   13.55  0.2256    0.06   11.07   18.44   11.79    0.95     762
  8.500   13.76   14.10  0.2344    0.08   11.40   19.31   12.17    0.88     762
  9.000   14.38   14.51  0.2583   -0.04   11.77   20.11   12.38    0.79     762
  9.500   15.12   15.03  0.2741   -0.10   12.10   20.97   12.72    0.68     761
 10.000   15.92   15.31  0.2702   -0.08   12.26   21.81   12.86    0.66     760
 10.500   16.69   15.56  0.2554   -0.15   12.54   22.57   13.06    0.64     757
 11.000   17.46   15.85  0.2442   -0.24   12.76   23.31   13.38    0.59     727
 11.500   18.32   15.72  0.2644   -0.09   12.64   23.80   13.47    0.60     719
 12.000   19.09   15.33  0.3029    0.18   12.72   24.17   13.41    0.65     704
 12.500   20.39   14.43  0.3392    0.04   12.30   24.64   13.07    0.58     579
 13.000   20.51   13.12  0.3534    0.51   12.26   24.53   12.15    0.61     545
 13.500   20.74   12.35  0.3964    1.01   11.29   24.37   11.08    0.55     524
 14.000   20.23   10.62  0.3108    1.25    9.78   23.10    9.33    0.55     458
 14.500   19.63    8.99  0.2765    1.26    9.25   22.16    8.21    0.39     399
 15.000   18.56    8.23  0.2273    1.76    9.11   21.06    7.58    0.18     372
 15.500   17.09    7.35  0.2580    1.61    7.99   19.21    6.95    0.13     324
 16.000   15.57    6.72  0.2406    2.13    7.29   17.61    6.37   -0.01     312
 16.500   13.38    5.44  0.2615    1.39    6.65   15.10    5.38    0.08     271
 17.000   10.49    4.21  0.2443   -0.73    4.85   11.90    3.78    0.12      79
 17.500    8.20    4.22 -0.0620   -0.40    4.61    9.78    3.92    0.28      76
 18.000    6.53    3.75 -0.0648    0.09    4.80    8.51    3.48    0.77      76
 18.500    4.80    4.26 -0.0218    0.47    4.21    7.46    3.29    1.16      76
 19.000    3.06    4.61 -0.0007    0.56    4.14    6.38    3.18    1.53      59
 19.500    1.69    4.35  0.2107    0.67    3.75    5.68    3.16    1.60      57
 20.000   -0.36    5.01 -0.0577    0.35    3.31    5.60    3.33    1.63      49
 20.500   -2.01    4.50 -0.2806    0.62    4.04    5.76    3.37    1.06      43
 21.000   -3.60    4.37 -0.3786   -0.06    3.58    6.03    3.68    1.74      30
 21.500   -3.30    4.47 -0.2242   -0.23    3.61    6.36    3.51    1.36      22
 22.000   -5.09    5.14 -0.3161   -1.40    2.73    7.47    3.86    0.52      19
 22.500   -5.05    4.95 -0.6348   -0.86    3.04    7.57    3.29    0.73      16
 23.000   -6.49    6.05 -0.4715   -2.30    2.99    9.51    3.31    0.13      12
 23.500 -999.99  -99.99 -9.9900 -999.99  -99.99 -999.99  -99.99 -999.99       0
 24.000 -999.99  -99.99 -9.9900 -999.99  -99.99 -999.99  -99.99 -999.99       0
 24.500 -999.99  -99.99 -9.9900 -999.99  -99.99 -999.99  -99.99 -999.99       0
 25.000 -999.99  -99.99 -9.9900 -999.99  -99.99 -999.99  -99.99 -999.99       0
 25.500 -999.99  -99.99 -9.9900 -999.99  -99.99 -999.99  -99.99 -999.99       0
 26.000 -999.99  -99.99 -9.9900 -999.99  -99.99 -999.99  -99.99 -999.99       0
 26.500 -999.99  -99.99 -9.9900 -999.99  -99.99 -999.99  -99.99 -999.99       0
 27.000 -999.99  -99.99 -9.9900 -999.99  -99.99 -999.99  -99.99 -999.99       0
 27.500 -999.99  -99.99 -9.9900 -999.99  -99.99 -999.99  -99.99 -999.99       0
 28.000 -999.99  -99.99 -9.9900 -999.99  -99.99 -999.99  -99.99 -999.99       0
 28.500 -999.99  -99.99 -9.9900 -999.99  -99.99 -999.99  -99.99 -999.99       0
 29.000 -999.99  -99.99 -9.9900 -999.99  -99.99 -999.99  -99.99 -999.99       0
 29.500 -999.99  -99.99 -9.9900 -999.99  -99.99 -999.99  -99.99 -999.99       0
 30.000 -999.99  -99.99 -9.9900 -999.99  -99.99 -999.99  -99.99 -999.99       0
     T A B L E  I -   6.  W I N D  S T A T I S T I C A L  P A R A M E T E R S
                                      June
 STATION =   722930     YUMA PROVING GROUNDS, AZ
    Z    MEAN U   SD  U  R(U,V)  MEAN V   SD  V MEAN WS  SD  WS SKEW WS    NOBS
    KM     M/S     M/S             M/S     M/S     M/S     M/S                 
  0.139    0.59    1.88  0.3647    0.46    1.74    2.17    1.55    1.21     761
  0.500    2.28    3.20 -0.2149    1.34    3.01    4.70    2.40    1.05     768
  1.000    2.66    3.63 -0.1984    1.71    3.33    5.25    2.80    1.09     768
  1.500    2.31    3.93  0.0014    2.60    3.61    5.56    3.15    1.01     769
  2.000    2.34    4.08  0.0595    3.39    3.83    6.26    3.20    0.74     769
  2.500    2.66    4.67  0.0786    4.10    4.23    7.15    3.64    0.57     769
  3.000    3.44    5.21  0.1274    4.57    4.62    8.07    4.14    0.61     769
  3.500    4.19    5.50  0.1729    4.84    5.12    8.85    4.51    0.66     769
  4.000    4.91    5.99  0.1867    5.09    5.77    9.78    5.01    0.75     769
  4.500    5.57    6.45  0.1976    5.36    6.26   10.56    5.56    0.78     768
  5.000    6.14    6.92  0.1999    5.33    6.71   11.05    6.22    0.82     768
  5.500    6.73    7.49  0.2015    5.15    7.31   11.68    6.83    0.94     768
  6.000    7.41    7.91  0.2664    4.89    7.67   12.18    7.23    0.91     768
  6.500    8.09    8.16  0.3092    4.66    7.87   12.73    7.49    0.89     768
  7.000    8.84    8.52  0.3530    4.46    8.26   13.44    7.79    0.88     768
  7.500    9.78    8.98  0.3860    4.36    8.88   14.46    8.10    0.79     768
  8.000   10.54    9.30  0.3935    4.28    9.44   15.40    8.36    0.73     767
  8.500   11.40    9.72  0.4070    4.35    9.98   16.41    8.74    0.67     767
  9.000   12.28   10.20  0.4310    4.51   10.56   17.44    9.18    0.66     767
  9.500   13.38   10.82  0.4581    4.75   11.32   18.80    9.70    0.63     767
 10.000   14.39   11.28  0.4546    4.89   11.93   20.03   10.06    0.51     762
 10.500   15.23   11.66  0.4398    4.95   12.37   21.01   10.28    0.41     756
 11.000   16.19   12.00  0.4407    5.30   12.78   21.99   10.74    0.38     730
 11.500   17.38   12.12  0.4634    5.61   12.83   23.00   11.01    0.44     723
 12.000   18.55   12.36  0.4829    5.91   13.01   23.92   11.49    0.50     715
 12.500   20.14   12.44  0.4869    6.40   12.74   25.00   11.86    0.35     602
 13.000   20.43   12.07  0.4972    6.34   12.33   24.99   11.63    0.34     574
 13.500   19.92   11.18  0.4900    6.11   11.72   24.13   10.89    0.38     546
 14.000   18.46    9.66  0.4021    5.82   10.50   22.21    9.41    0.20     502
 14.500   17.56    8.50  0.3528    5.68    9.62   21.02    8.24    0.07     422
 15.000   16.31    7.70  0.3180    5.34    8.70   19.42    7.49   -0.04     396
 15.500   13.93    6.64  0.3189    4.34    7.78   16.77    6.37    0.10     341
 16.000   11.51    5.88  0.2974    3.98    6.65   14.25    5.41    0.04     326
 16.500    8.80    5.87  0.1743    3.61    6.51   12.04    5.00    0.25     314
 17.000    5.60    5.03  0.2604    1.86    5.26    8.88    3.41    0.05     103
 17.500    2.71    4.81  0.1585    1.50    4.65    7.27    2.55    0.63      85
 18.000    1.04    4.20  0.0774    2.63    4.90    6.90    2.55    0.37      84
 18.500   -0.37    3.94  0.0496    1.86    4.38    6.24    2.45    0.55      81
 19.000   -3.70    4.62 -0.1314    2.10    5.26    7.64    3.26    0.27      66
 19.500   -3.66    4.55  0.2059    1.78    4.78    7.76    2.97    0.25      60
 20.000   -5.18    5.18  0.3202    1.35    4.45    8.65    2.90   -0.06      51
 20.500   -6.04    4.59 -0.1250    1.15    4.13    8.10    3.40    0.25      47
 21.000   -7.86    3.81  0.0287    1.62    3.33    8.81    3.60    0.24      33
 21.500   -8.50    3.58 -0.1976    1.41    2.24    9.17    3.48    0.45      18
 22.000   -7.06    2.50  0.1881    0.23    2.81    7.73    2.43   -0.40      13
 22.500   -9.71    3.44  0.2840   -0.94    1.82   10.08    3.55   -0.95      12
 23.000 -999.99  -99.99 -9.9900 -999.99  -99.99 -999.99  -99.99 -999.99       0
 23.500 -999.99  -99.99 -9.9900 -999.99  -99.99 -999.99  -99.99 -999.99       0
 24.000 -999.99  -99.99 -9.9900 -999.99  -99.99 -999.99  -99.99 -999.99       0
 24.500 -999.99  -99.99 -9.9900 -999.99  -99.99 -999.99  -99.99 -999.99       0
 25.000 -999.99  -99.99 -9.9900 -999.99  -99.99 -999.99  -99.99 -999.99       0
 25.500 -999.99  -99.99 -9.9900 -999.99  -99.99 -999.99  -99.99 -999.99       0
 26.000 -999.99  -99.99 -9.9900 -999.99  -99.99 -999.99  -99.99 -999.99       0
 26.500 -999.99  -99.99 -9.9900 -999.99  -99.99 -999.99  -99.99 -999.99       0
 27.000 -999.99  -99.99 -9.9900 -999.99  -99.99 -999.99  -99.99 -999.99       0
 27.500 -999.99  -99.99 -9.9900 -999.99  -99.99 -999.99  -99.99 -999.99       0
 28.000 -999.99  -99.99 -9.9900 -999.99  -99.99 -999.99  -99.99 -999.99       0
 28.500 -999.99  -99.99 -9.9900 -999.99  -99.99 -999.99  -99.99 -999.99       0
 29.000 -999.99  -99.99 -9.9900 -999.99  -99.99 -999.99  -99.99 -999.99       0
 29.500 -999.99  -99.99 -9.9900 -999.99  -99.99 -999.99  -99.99 -999.99       0
 30.000 -999.99  -99.99 -9.9900 -999.99  -99.99 -999.99  -99.99 -999.99       0
     T A B L E  I -   7.  W I N D  S T A T I S T I C A L  P A R A M E T E R S
                                      July
 STATION =   722930     YUMA PROVING GROUNDS, AZ
    Z    MEAN U   SD  U  R(U,V)  MEAN V   SD  V MEAN WS  SD  WS SKEW WS    NOBS
    KM     M/S     M/S             M/S     M/S     M/S     M/S                 
  0.139    0.34    1.78  0.4140    0.72    1.68    2.08    1.51    1.25     743
  0.500    0.84    2.93 -0.1189    2.36    2.43    4.26    2.03    0.86     749
  1.000    1.24    2.73 -0.1925    2.85    2.86    4.62    2.22    0.74     749
  1.500    0.80    2.70 -0.0098    3.02    3.09    4.56    2.46    0.79     750
  2.000    0.34    2.92  0.0501    3.09    3.30    4.90    2.51    0.78     750
  2.500   -0.09    3.27  0.0837    3.38    3.72    5.37    2.83    0.72     750
  3.000   -0.22    3.53  0.1832    3.57    3.93    5.79    2.89    0.61     750
  3.500   -0.37    3.94  0.2667    3.55    4.07    6.08    2.94    0.62     750
  4.000   -0.60    4.28  0.2851    3.42    4.22    6.26    3.23    0.77     750
  4.500   -0.72    4.64  0.2643    3.23    4.47    6.43    3.55    0.97     750
  5.000   -0.75    5.08  0.2754    3.13    4.64    6.71    3.74    0.88     750
  5.500   -0.60    5.39  0.2636    2.93    4.63    6.85    3.82    0.97     750
  6.000   -0.40    5.72  0.2320    2.75    4.97    6.97    4.13    0.98     750
  6.500   -0.03    5.92  0.2081    2.72    4.96    7.22    4.16    1.09     750
  7.000    0.48    6.17  0.2069    2.64    5.09    7.48    4.24    1.15     750
  7.500    0.90    6.44  0.1787    2.75    5.36    7.70    4.53    1.09     750
  8.000    1.27    6.82  0.1714    3.13    5.47    8.24    4.73    1.05     750
  8.500    1.69    7.22  0.1406    3.66    5.74    8.91    5.02    1.08     750
  9.000    2.13    7.66  0.1013    4.19    6.18    9.62    5.30    1.22     750
  9.500    2.63    7.88  0.0925    4.92    6.48   10.41    5.32    0.96     750
 10.000    3.15    8.19  0.0746    5.62    6.73   11.15    5.58    0.84     742
 10.500    3.56    8.65  0.0375    6.31    7.08   11.90    6.11    0.82     737
 11.000    3.88    8.94  0.0465    7.27    7.58   12.68    6.69    0.57     707
 11.500    4.41    9.14  0.0535    7.86    7.89   13.48    6.95    0.65     679
 12.000    4.77    9.14  0.0969    8.13    8.29   13.89    7.14    0.60     672
 12.500    4.82    9.17  0.1771    8.57    8.42   14.15    7.20    0.55     559
 13.000    5.23    9.16  0.1649    8.37    8.34   14.19    7.29    0.71     517
 13.500    5.10    8.70  0.1802    7.75    7.93   13.54    6.72    0.75     502
 14.000    4.62    8.12  0.2099    7.01    7.47   12.53    6.20    0.76     483
 14.500    4.02    7.55  0.2458    5.78    6.79   11.11    5.66    0.73     426
 15.000    3.07    7.41  0.2105    4.72    6.08   10.02    5.20    0.83     397
 15.500    1.98    6.94  0.1318    3.70    5.69    9.15    4.35    0.85     340
 16.000   -0.06    6.33  0.1274    2.82    4.80    8.08    3.66    0.62     309
 16.500   -2.20    5.99 -0.0593    2.65    4.77    7.72    3.85    0.56     299
 17.000   -3.59    5.00 -0.1561    3.22    4.23    7.52    3.46    0.29     196
 17.500   -6.28    4.85  0.0169    2.41    3.77    8.61    3.59    0.23      58
 18.000   -6.34    4.78 -0.2082    1.65    3.84    8.40    3.72    0.25      57
 18.500   -8.55    4.63 -0.2559    1.04    3.32    9.71    4.17    0.21      56
 19.000   -9.95    4.26 -0.2121    1.04    4.11   10.93    4.16    0.44      52
 19.500  -10.29    3.77 -0.4144    1.76    3.06   11.09    3.70    0.07      49
 20.000  -10.89    3.10 -0.1548    0.99    2.59   11.51    3.06    0.12      42
 20.500  -11.06    3.29 -0.0905    0.32    2.69   11.47    3.36   -0.02      40
 21.000  -12.00    3.58  0.0586   -0.44    2.67   12.37    3.49    0.07      30
 21.500  -12.21    3.82 -0.2940   -0.73    2.53   12.66    3.64    0.22      20
 22.000  -12.52    3.04 -0.4686   -0.54    3.10   13.03    2.92   -0.26      19
 22.500  -13.09    3.00  0.4213   -0.79    2.35   13.51    2.96   -0.39      18
 23.000  -14.14    3.75  0.1117   -1.47    1.93   14.49    3.69   -0.52      16
 23.500  -16.02    4.69  0.1670   -0.06    2.21   16.28    4.52   -0.05      15
 24.000  -16.27    4.30  0.1020   -0.75    2.38   16.61    4.20   -0.83      13
 24.500  -17.50    4.90 -0.5365    1.41    2.07   17.76    4.75   -0.89      12
 25.000  -16.59    4.76 -0.6340    1.08    1.95   16.89    4.57   -0.78      10
 25.500  -16.89    5.02 -0.4865    0.88    2.08   17.16    4.81   -0.41      10
 26.000  -17.16    4.58 -0.5598    0.19    1.56   17.43    4.41   -1.07      10
 26.500  -18.74    5.58 -0.5179   -0.31    1.13   19.05    5.44   -0.82      10
 27.000 -999.99  -99.99 -9.9900 -999.99  -99.99 -999.99  -99.99 -999.99       0
 27.500 -999.99  -99.99 -9.9900 -999.99  -99.99 -999.99  -99.99 -999.99       0
 28.000 -999.99  -99.99 -9.9900 -999.99  -99.99 -999.99  -99.99 -999.99       0
 28.500 -999.99  -99.99 -9.9900 -999.99  -99.99 -999.99  -99.99 -999.99       0
 29.000 -999.99  -99.99 -9.9900 -999.99  -99.99 -999.99  -99.99 -999.99       0
 29.500 -999.99  -99.99 -9.9900 -999.99  -99.99 -999.99  -99.99 -999.99       0
 30.000 -999.99  -99.99 -9.9900 -999.99  -99.99 -999.99  -99.99 -999.99       0
     T A B L E  I -   8.  W I N D  S T A T I S T I C A L  P A R A M E T E R S
                                    August
 STATION =   722930     YUMA PROVING GROUNDS, AZ
    Z    MEAN U   SD  U  R(U,V)  MEAN V   SD  V MEAN WS  SD  WS SKEW WS    NOBS
    KM     M/S     M/S             M/S     M/S     M/S     M/S                 
  0.139    0.14    1.84  0.3401    0.60    1.60    2.08    1.42    1.17     901
  0.500    0.36    3.02 -0.0602    2.10    2.53    4.08    2.21    1.20     904
  1.000    0.71    2.66 -0.0826    2.71    2.63    4.30    2.08    0.74     904
  1.500    0.31    2.55  0.0477    2.79    2.94    4.22    2.35    1.02     904
  2.000   -0.32    2.61  0.0676    2.93    3.06    4.45    2.45    0.94     904
  2.500   -0.74    3.03  0.1292    3.27    3.53    5.11    2.74    0.86     904
  3.000   -0.96    3.49  0.1527    3.45    4.01    5.75    2.98    0.72     904
  3.500   -1.00    3.86  0.1871    3.56    4.29    6.15    3.16    0.60     904
  4.000   -0.97    4.09  0.2203    3.64    4.38    6.37    3.27    0.63     904
  4.500   -0.87    4.36  0.2275    3.59    4.39    6.45    3.40    0.78     904
  5.000   -0.68    4.63  0.2134    3.38    4.42    6.44    3.55    0.94     904
  5.500   -0.42    4.86  0.1793    3.05    4.39    6.44    3.54    0.94     904
  6.000   -0.03    5.10  0.1724    2.71    4.41    6.38    3.52    0.98     904
  6.500    0.42    5.09  0.1812    2.59    4.39    6.48    3.48    1.00     904
  7.000    0.93    5.23  0.1630    2.55    4.55    6.70    3.57    0.98     904
  7.500    1.63    5.59  0.1243    2.71    4.87    7.12    3.91    0.92     904
  8.000    2.16    5.78  0.0857    3.06    5.05    7.66    4.03    0.92     904
  8.500    2.65    6.02  0.0585    3.54    5.25    8.27    4.20    0.88     904
  9.000    3.22    6.36  0.0457    4.08    5.61    8.93    4.58    0.80     904
  9.500    3.96    6.69  0.0196    4.80    5.99    9.66    5.21    0.87     904
 10.000    4.57    7.06  0.0062    5.57    6.23   10.48    5.67    0.79     898
 10.500    5.20    7.38 -0.0286    6.23    6.67   11.49    5.86    0.59     882
 11.000    6.05    7.75 -0.0533    7.00    7.24   12.59    6.32    0.50     854
 11.500    6.76    7.80 -0.0190    7.14    7.62   13.26    6.53    0.53     816
 12.000    7.30    8.04 -0.0020    7.54    8.03   14.02    6.72    0.59     803
 12.500    7.72    8.21  0.0060    7.51    8.09   14.24    6.82    0.62     683
 13.000    8.08    8.04  0.0469    7.34    7.71   14.22    6.71    0.75     639
 13.500    8.20    7.94  0.0911    7.03    7.36   13.90    6.64    0.80     616
 14.000    7.93    7.67  0.1288    6.41    6.77   13.15    6.21    0.85     598
 14.500    7.11    7.22  0.0757    5.59    6.02   11.94    5.47    0.65     530
 15.000    6.45    7.04  0.1026    5.09    5.50   11.13    5.13    0.47     502
 15.500    4.78    6.53  0.0082    4.08    4.99    9.58    4.41    0.57     431
 16.000    2.84    5.76 -0.0962    3.08    4.53    7.93    3.78    0.72     409
 16.500    0.64    5.23 -0.1054    2.72    4.50    6.95    3.33    0.40     388
 17.000   -1.86    4.30 -0.1629    2.37    4.63    6.53    3.20    0.83     278
 17.500   -3.55    4.18 -0.0073    2.76    4.46    7.34    2.96    0.39     128
 18.000   -5.03    3.44 -0.1332    2.27    4.08    7.28    3.09    0.50     126
 18.500   -5.57    3.42  0.0325    1.86    3.92    7.74    2.71    0.48     123
 19.000   -6.58    3.77 -0.0931    1.60    4.36    8.24    3.64    0.45     105
 19.500   -7.71    3.47  0.0494    1.16    3.32    8.91    3.21    0.82     101
 20.000   -9.10    3.23 -0.0854    1.25    3.38   10.17    3.07    0.53      91
 20.500   -9.87    3.15 -0.0665    1.10    3.22   10.65    2.98    0.18      87
 21.000  -10.91    2.84 -0.0681    0.51    2.55   11.37    2.46   -0.16      66
 21.500  -11.43    2.92 -0.1084    0.22    2.57   11.99    2.43   -0.04      51
 22.000  -12.27    3.01  0.2041    0.38    3.03   12.90    2.59    0.56      46
 22.500  -12.95    2.75  0.0443    0.38    2.11   13.50    2.08   -0.04      37
 23.000  -13.75    2.72  0.2271   -0.53    1.87   14.15    2.00   -0.36      36
 23.500  -14.67    2.94 -0.0203    0.09    1.73   15.07    2.25   -0.38      34
 24.000  -15.43    3.24  0.0839   -0.23    1.82   15.82    2.60   -0.39      33
 24.500  -16.11    3.69  0.0670    0.14    2.30   16.53    2.95   -0.83      22
 25.000  -16.69    3.81 -0.1343   -0.04    2.16   17.11    3.18   -0.66      22
 25.500  -17.67    4.15  0.1942   -0.52    2.79   18.12    3.63   -1.08      22
 26.000  -18.32    4.46  0.0265   -0.49    2.27   18.64    4.10   -0.85      22
 26.500  -18.27    3.92 -0.0257   -0.30    1.93   18.54    3.61   -1.10      22
 27.000  -18.34    4.40 -0.0134    0.70    2.48   18.61    4.19   -0.59      19
 27.500  -19.38    4.34  0.0111    0.63    2.77   19.64    4.29   -1.15      19
 28.000  -19.53    4.20  0.1160    0.91    2.55   19.77    4.18   -1.23      19
 28.500  -19.76    4.04  0.2187    0.82    2.51   20.00    4.03   -1.47      19
 29.000  -19.96    3.89  0.3608    0.47    1.81   20.15    3.87   -1.66      19
 29.500  -20.86    3.99  0.2504    0.04    2.32   21.05    3.99   -1.83      18
 30.000  -21.33    4.30  0.2084   -0.02    2.38   21.53    4.26   -1.52      18
     T A B L E  I -   9.  W I N D  S T A T I S T I C A L  P A R A M E T E R S
                                 September
 STATION =   722930     YUMA PROVING GROUNDS, AZ
    Z    MEAN U   SD  U  R(U,V)  MEAN V   SD  V MEAN WS  SD  WS SKEW WS    NOBS
    KM     M/S     M/S             M/S     M/S     M/S     M/S                 
  0.139   -0.19    1.61  0.1113   -0.03    1.59    1.81    1.37    1.82     708
  0.500    0.18    3.41 -0.0833    0.31    3.05    4.03    2.45    1.56     723
  1.000    0.28    3.53 -0.0141    0.81    3.32    4.37    2.45    1.11     723
  1.500    0.07    3.59  0.1640    1.61    3.73    4.61    2.90    1.22     723
  2.000    0.03    3.97  0.2580    2.27    4.37    5.37    3.47    1.55     723
  2.500    0.23    4.53  0.2336    2.92    5.20    6.29    4.16    1.48     723
  3.000    0.76    5.05  0.2340    3.40    5.55    7.05    4.43    1.26     723
  3.500    1.32    5.55  0.2446    3.61    5.78    7.66    4.65    1.08     723
  4.000    1.83    6.04  0.2419    3.58    6.03    8.19    4.90    1.11     723
  4.500    2.41    6.35  0.2412    3.42    6.21    8.52    5.08    1.07     723
  5.000    3.11    6.66  0.2746    2.91    6.30    8.76    5.25    0.95     723
  5.500    3.83    6.82  0.2755    2.52    6.47    8.98    5.56    1.07     723
  6.000    4.60    7.15  0.2485    2.28    6.80    9.48    5.85    1.08     723
  6.500    5.50    7.33  0.2474    2.21    7.01   10.14    6.13    1.11     723
  7.000    6.36    7.64  0.2180    2.17    7.48   10.85    6.64    1.05     723
  7.500    7.30    8.13  0.2272    2.30    7.95   11.73    7.13    0.99     723
  8.000    8.26    8.39  0.2526    2.51    8.27   12.65    7.46    1.01     723
  8.500    9.35    8.67  0.2942    2.74    8.81   13.75    7.88    0.97     723
  9.000   10.57    9.00  0.3247    2.88    9.59   15.06    8.27    0.86     723
  9.500   12.32    9.61  0.3452    3.12   10.49   16.94    8.85    0.76     723
 10.000   14.00   10.13  0.3461    3.42   10.91   18.56    9.32    0.68     720
 10.500   15.38   10.48  0.3468    3.77   11.18   19.84    9.70    0.62     716
 11.000   16.92   10.90  0.3307    4.26   11.51   21.21   10.31    0.59     693
 11.500   17.92   10.93  0.3255    4.59   11.40   22.07   10.38    0.58     687
 12.000   18.80   10.85  0.3144    4.78   11.35   22.81   10.28    0.58     681
 12.500   19.56   10.99  0.2778    4.96   11.10   23.37   10.30    0.59     595
 13.000   19.70   10.67  0.2809    4.81   10.28   23.12    9.98    0.60     583
 13.500   19.34   10.07  0.2626    4.78    9.34   22.27    9.64    0.49     574
 14.000   18.51    9.66  0.2219    4.51    8.58   21.13    9.26    0.49     560
 14.500   17.22    9.09  0.1847    3.93    7.75   19.62    8.53    0.47     482
 15.000   15.16    8.57  0.1550    3.34    7.21   17.60    7.72    0.55     464
 15.500   13.18    7.59  0.0946    2.77    6.01   15.27    6.77    0.57     395
 16.000   10.68    6.74  0.0800    2.06    5.49   12.78    5.98    0.62     366
 16.500    8.01    6.28  0.0446    1.45    5.25   10.42    5.22    0.66     344
 17.000    4.25    5.79 -0.1200    0.89    4.70    7.55    4.59    1.19     101
 17.500    2.28    5.03 -0.3258    0.17    3.66    6.09    3.55    1.19      69
 18.000   -0.02    5.01 -0.1716   -0.23    3.52    6.05    2.73   -0.05      67
 18.500   -2.28    4.77 -0.1957    0.28    3.70    6.38    2.90    0.32      61
 19.000   -3.45    4.20 -0.2215    2.31    4.58    6.89    3.00   -0.25      44
 19.500   -2.63    3.24 -0.2339    0.73    3.32    5.17    2.20   -0.08      42
 20.000   -3.36    3.25 -0.2480    0.17    2.48    5.20    2.25    0.22      40
 20.500   -4.18    3.66  0.1228    0.43    3.42    6.13    2.78   -0.13      39
 21.000   -6.44    3.79  0.0023    0.65    4.49    8.14    3.28    0.09      26
 21.500   -7.28    3.26 -0.2467    0.02    3.50    8.53    2.74   -0.54      16
 22.000   -7.34    3.95  0.0984    1.13    3.81    8.68    3.46   -0.69      12
 22.500 -999.99  -99.99 -9.9900 -999.99  -99.99 -999.99  -99.99 -999.99       0
 23.000 -999.99  -99.99 -9.9900 -999.99  -99.99 -999.99  -99.99 -999.99       0
 23.500 -999.99  -99.99 -9.9900 -999.99  -99.99 -999.99  -99.99 -999.99       0
 24.000 -999.99  -99.99 -9.9900 -999.99  -99.99 -999.99  -99.99 -999.99       0
 24.500 -999.99  -99.99 -9.9900 -999.99  -99.99 -999.99  -99.99 -999.99       0
 25.000 -999.99  -99.99 -9.9900 -999.99  -99.99 -999.99  -99.99 -999.99       0
 25.500 -999.99  -99.99 -9.9900 -999.99  -99.99 -999.99  -99.99 -999.99       0
 26.000 -999.99  -99.99 -9.9900 -999.99  -99.99 -999.99  -99.99 -999.99       0
 26.500 -999.99  -99.99 -9.9900 -999.99  -99.99 -999.99  -99.99 -999.99       0
 27.000 -999.99  -99.99 -9.9900 -999.99  -99.99 -999.99  -99.99 -999.99       0
 27.500 -999.99  -99.99 -9.9900 -999.99  -99.99 -999.99  -99.99 -999.99       0
 28.000 -999.99  -99.99 -9.9900 -999.99  -99.99 -999.99  -99.99 -999.99       0
 28.500 -999.99  -99.99 -9.9900 -999.99  -99.99 -999.99  -99.99 -999.99       0
 29.000 -999.99  -99.99 -9.9900 -999.99  -99.99 -999.99  -99.99 -999.99       0
 29.500 -999.99  -99.99 -9.9900 -999.99  -99.99 -999.99  -99.99 -999.99       0
 30.000 -999.99  -99.99 -9.9900 -999.99  -99.99 -999.99  -99.99 -999.99       0
     T A B L E  I -  10.  W I N D  S T A T I S T I C A L  P A R A M E T E R S
                                   October
 STATION =   722930     YUMA PROVING GROUNDS, AZ
    Z    MEAN U   SD  U  R(U,V)  MEAN V   SD  V MEAN WS  SD  WS SKEW WS    NOBS
    KM     M/S     M/S             M/S     M/S     M/S     M/S                 
  0.139    0.21    1.58  0.0940   -0.41    1.68    1.87    1.43    1.80     597
  0.500    1.15    3.80 -0.0486   -1.13    3.89    4.94    3.06    1.11     639
  1.000    0.84    4.43  0.0634   -0.50    4.13    5.30    3.26    1.06     639
  1.500    0.82    4.43  0.1790    0.69    4.47    5.51    3.25    0.82     639
  2.000    1.32    4.76  0.1964    1.62    5.13    6.42    3.65    0.72     639
  2.500    2.12    5.27  0.1576    2.11    5.97    7.40    4.30    0.80     639
  3.000    3.18    5.79  0.1238    2.33    6.65    8.32    5.00    0.87     639
  3.500    4.40    6.65  0.1177    2.41    7.34    9.56    5.78    1.06     639
  4.000    5.64    7.50  0.1164    2.62    7.96   10.86    6.53    0.91     639
  4.500    6.89    8.21  0.1396    2.85    8.71   12.13    7.35    0.87     639
  5.000    8.08    8.89  0.1523    2.82    9.31   13.24    8.07    0.89     639
  5.500    9.10    9.75  0.1765    2.78   10.09   14.50    8.88    0.97     639
  6.000   10.24   10.32  0.1958    2.98   10.99   15.90    9.43    0.93     638
  6.500   11.36   10.84  0.2151    3.01   11.51   17.11    9.92    0.88     637
  7.000   12.61   11.52  0.2565    3.05   12.06   18.35   10.63    0.81     637
  7.500   13.63   12.20  0.3105    3.19   12.91   19.67   11.18    0.69     636
  8.000   14.61   12.55  0.3410    3.37   13.58   20.83   11.66    0.68     636
  8.500   15.68   12.81  0.3633    3.62   14.24   21.99   12.09    0.64     636
  9.000   16.97   13.24  0.3733    3.85   14.58   23.15   12.52    0.54     636
  9.500   18.55   13.96  0.3958    4.01   14.83   24.65   12.96    0.46     636
 10.000   19.88   14.27  0.4072    4.11   15.18   26.01   13.15    0.40     635
 10.500   21.11   14.42  0.3943    4.27   15.19   26.99   13.29    0.31     631
 11.000   22.37   14.67  0.3789    4.38   15.14   27.97   13.58    0.24     615
 11.500   23.42   14.61  0.3735    4.61   14.87   28.68   13.72    0.17     611
 12.000   24.48   14.80  0.3702    4.75   14.92   29.54   13.93    0.14     606
 12.500   24.90   14.36  0.3475    5.22   14.73   29.76   13.65    0.12     528
 13.000   24.50   13.27  0.3730    5.21   13.72   28.94   12.65    0.13     508
 13.500   24.06   12.42  0.4033    4.97   12.74   28.05   11.74    0.07     485
 14.000   23.04   11.77  0.3693    4.43   11.78   26.64   10.95   -0.03     459
 14.500   21.96   10.65  0.3272    3.83   11.01   25.30    9.81   -0.04     423
 15.000   20.18    9.66  0.3108    3.42   10.18   23.24    8.91   -0.07     417
 15.500   17.83    8.86  0.3322    3.01    9.36   20.82    7.96   -0.12     369
 16.000   15.72    8.00  0.3236    2.59    8.14   18.45    7.01    0.11     344
 16.500   13.31    7.05  0.2931    1.57    7.20   15.82    5.75    0.30     306
 17.000   13.00    8.03  0.5770    1.68    7.54   15.89    6.74    0.54      70
 17.500   11.27    7.46  0.5340    1.72    6.28   14.00    6.10    0.95      70
 18.000    9.79    7.06  0.4978    1.07    6.30   12.42    6.05    1.21      69
 18.500    8.03    6.72  0.4441    0.50    4.24    9.80    6.18    1.56      63
 19.000    6.89    6.90  0.4051   -0.02    4.24    8.80    6.24    1.77      50
 19.500    6.53    6.41  0.4017   -0.34    4.33    8.66    5.89    1.97      45
 20.000    5.28    6.82  0.5177   -0.62    5.49    8.56    6.05    2.19      33
 20.500    5.23    7.69  0.5910   -0.43    4.89    8.76    6.34    1.87      29
 21.000    5.66    9.61  0.6463   -0.53    4.70    9.29    8.24    1.36      14
 21.500 -999.99  -99.99 -9.9900 -999.99  -99.99 -999.99  -99.99 -999.99       0
 22.000 -999.99  -99.99 -9.9900 -999.99  -99.99 -999.99  -99.99 -999.99       0
 22.500 -999.99  -99.99 -9.9900 -999.99  -99.99 -999.99  -99.99 -999.99       0
 23.000 -999.99  -99.99 -9.9900 -999.99  -99.99 -999.99  -99.99 -999.99       0
 23.500 -999.99  -99.99 -9.9900 -999.99  -99.99 -999.99  -99.99 -999.99       0
 24.000 -999.99  -99.99 -9.9900 -999.99  -99.99 -999.99  -99.99 -999.99       0
 24.500 -999.99  -99.99 -9.9900 -999.99  -99.99 -999.99  -99.99 -999.99       0
 25.000 -999.99  -99.99 -9.9900 -999.99  -99.99 -999.99  -99.99 -999.99       0
 25.500 -999.99  -99.99 -9.9900 -999.99  -99.99 -999.99  -99.99 -999.99       0
 26.000 -999.99  -99.99 -9.9900 -999.99  -99.99 -999.99  -99.99 -999.99       0
 26.500 -999.99  -99.99 -9.9900 -999.99  -99.99 -999.99  -99.99 -999.99       0
 27.000 -999.99  -99.99 -9.9900 -999.99  -99.99 -999.99  -99.99 -999.99       0
 27.500 -999.99  -99.99 -9.9900 -999.99  -99.99 -999.99  -99.99 -999.99       0
 28.000 -999.99  -99.99 -9.9900 -999.99  -99.99 -999.99  -99.99 -999.99       0
 28.500 -999.99  -99.99 -9.9900 -999.99  -99.99 -999.99  -99.99 -999.99       0
 29.000 -999.99  -99.99 -9.9900 -999.99  -99.99 -999.99  -99.99 -999.99       0
 29.500 -999.99  -99.99 -9.9900 -999.99  -99.99 -999.99  -99.99 -999.99       0
 30.000 -999.99  -99.99 -9.9900 -999.99  -99.99 -999.99  -99.99 -999.99       0
     T A B L E  I -  11.  W I N D  S T A T I S T I C A L  P A R A M E T E R S
                                  November
 STATION =   722930     YUMA PROVING GROUNDS, AZ
    Z    MEAN U   SD  U  R(U,V)  MEAN V   SD  V MEAN WS  SD  WS SKEW WS    NOBS
    KM     M/S     M/S             M/S     M/S     M/S     M/S                 
  0.139    0.28    1.30 -0.0903   -0.85    1.74    1.83    1.48    1.71     613
  0.500    0.26    3.37 -0.0210   -2.05    4.01    4.84    3.11    1.16     703
  1.000   -0.24    4.41  0.1125   -1.51    4.14    5.32    3.39    1.30     704
  1.500    0.41    4.65  0.1746   -1.01    4.65    5.67    3.56    1.08     704
  2.000    1.31    4.77  0.1845   -0.59    5.23    6.32    3.74    1.07     704
  2.500    2.26    5.14  0.1481   -0.02    6.04    7.12    4.30    1.13     704
  3.000    3.14    5.63  0.1032    0.05    6.49    7.90    4.70    1.15     704
  3.500    4.21    6.24  0.1391   -0.09    7.00    8.94    5.22    1.04     704
  4.000    5.36    6.73  0.0903   -0.17    7.69    9.97    5.95    0.97     704
  4.500    6.42    7.29  0.0626   -0.36    8.27   10.95    6.71    0.86     704
  5.000    7.55    7.89  0.0448   -0.51    8.80   12.01    7.38    0.82     704
  5.500    8.55    8.56  0.0519   -0.60    9.47   13.09    8.15    0.80     704
  6.000    9.54    9.18  0.0825   -0.71   10.10   14.24    8.72    0.83     704
  6.500   10.60    9.77  0.0908   -0.75   10.54   15.45    9.13    0.80     704
  7.000   11.47   10.49  0.0877   -0.82   11.21   16.66    9.62    0.74     704
  7.500   12.28   11.19  0.1223   -0.83   11.82   17.72   10.14    0.72     704
  8.000   13.12   11.66  0.1712   -0.85   12.31   18.72   10.65    0.71     704
  8.500   14.12   12.30  0.2165   -1.01   13.08   20.03   11.20    0.74     704
  9.000   15.34   12.93  0.2486   -1.15   13.90   21.42   11.82    0.71     703
  9.500   16.58   13.70  0.2642   -1.17   14.65   22.83   12.57    0.69     702
 10.000   17.59   14.19  0.2638   -0.97   15.21   23.99   13.07    0.65     702
 10.500   18.79   14.68  0.2578   -0.78   15.78   25.18   13.63    0.61     685
 11.000   20.02   15.29  0.2798   -0.99   16.39   26.52   14.26    0.52     645
 11.500   21.21   15.61  0.2945   -1.03   16.75   27.67   14.63    0.47     631
 12.000   21.86   15.46  0.2912   -1.16   16.34   27.84   14.60    0.40     605
 12.500   22.01   15.23  0.2587   -1.00   15.93   27.74   14.33    0.35     508
 13.000   21.93   14.59  0.2643   -0.90   14.86   27.18   13.56    0.37     476
 13.500   21.72   13.83  0.2832   -0.34   12.97   26.05   12.63    0.32     449
 14.000   21.34   13.25  0.2792    0.36   10.86   24.50   12.26    0.41     391
 14.500   21.52   12.22  0.2684    0.31   10.19   24.36   11.34    0.50     346
 15.000   20.07   11.04  0.2335    0.51    9.51   22.68   10.27    0.45     330
 15.500   18.99    9.92  0.2908    0.44    9.52   21.74    9.07    0.36     293
 16.000   18.10    9.40  0.3762    0.73    8.46   20.46    8.70    0.20     277
 16.500   15.91    8.57  0.4031    0.12    7.31   17.86    7.85    0.29     215
 17.000   15.26    7.40  0.2450   -0.15    6.21   17.19    6.03    0.03      61
 17.500   14.00    6.25  0.2574    0.53    6.53   16.04    5.07   -0.38      56
 18.000   12.66    6.41  0.2705    0.52    6.47   14.87    5.13   -0.31      54
 18.500   10.83    5.70  0.3962    0.25    5.62   12.84    4.49   -0.75      48
 19.000   11.14    5.53  0.3723    0.86    5.92   13.28    3.86    0.20      35
 19.500    9.72    4.83  0.3054   -0.36    4.54   11.39    3.59   -0.06      35
 20.000    7.30    4.36  0.5452   -0.01    4.89    9.53    2.61    0.47      22
 20.500    6.63    4.67  0.2986    0.99    3.76    8.63    2.58   -0.52      18
 21.000    6.09    4.72  0.6365    0.34    3.50    7.93    2.76   -0.40      11
 21.500 -999.99  -99.99 -9.9900 -999.99  -99.99 -999.99  -99.99 -999.99       0
 22.000 -999.99  -99.99 -9.9900 -999.99  -99.99 -999.99  -99.99 -999.99       0
 22.500 -999.99  -99.99 -9.9900 -999.99  -99.99 -999.99  -99.99 -999.99       0
 23.000 -999.99  -99.99 -9.9900 -999.99  -99.99 -999.99  -99.99 -999.99       0
 23.500 -999.99  -99.99 -9.9900 -999.99  -99.99 -999.99  -99.99 -999.99       0
 24.000 -999.99  -99.99 -9.9900 -999.99  -99.99 -999.99  -99.99 -999.99       0
 24.500 -999.99  -99.99 -9.9900 -999.99  -99.99 -999.99  -99.99 -999.99       0
 25.000 -999.99  -99.99 -9.9900 -999.99  -99.99 -999.99  -99.99 -999.99       0
 25.500 -999.99  -99.99 -9.9900 -999.99  -99.99 -999.99  -99.99 -999.99       0
 26.000 -999.99  -99.99 -9.9900 -999.99  -99.99 -999.99  -99.99 -999.99       0
 26.500 -999.99  -99.99 -9.9900 -999.99  -99.99 -999.99  -99.99 -999.99       0
 27.000 -999.99  -99.99 -9.9900 -999.99  -99.99 -999.99  -99.99 -999.99       0
 27.500 -999.99  -99.99 -9.9900 -999.99  -99.99 -999.99  -99.99 -999.99       0
 28.000 -999.99  -99.99 -9.9900 -999.99  -99.99 -999.99  -99.99 -999.99       0
 28.500 -999.99  -99.99 -9.9900 -999.99  -99.99 -999.99  -99.99 -999.99       0
 29.000 -999.99  -99.99 -9.9900 -999.99  -99.99 -999.99  -99.99 -999.99       0
 29.500 -999.99  -99.99 -9.9900 -999.99  -99.99 -999.99  -99.99 -999.99       0
 30.000 -999.99  -99.99 -9.9900 -999.99  -99.99 -999.99  -99.99 -999.99       0
     T A B L E  I -  12.  W I N D  S T A T I S T I C A L  P A R A M E T E R S
                                  December
 STATION =   722930     YUMA PROVING GROUNDS, AZ
    Z    MEAN U   SD  U  R(U,V)  MEAN V   SD  V MEAN WS  SD  WS SKEW WS    NOBS
    KM     M/S     M/S             M/S     M/S     M/S     M/S                 
  0.139    0.20    1.32 -0.3175   -1.11    2.09    2.07    1.75    1.50     556
  0.500    0.37    3.57 -0.1378   -2.92    4.62    5.88    3.31    1.09     601
  1.000    0.11    4.67  0.1177   -2.21    4.93    6.18    3.74    1.17     603
  1.500    1.08    5.23  0.2663   -1.96    5.16    6.73    3.75    1.13     607
  2.000    2.26    5.43  0.2351   -1.89    5.40    7.31    3.92    0.75     607
  2.500    3.44    5.98  0.2202   -1.90    5.98    8.31    4.39    0.62     607
  3.000    4.59    6.78  0.2017   -1.76    6.86    9.50    5.28    0.87     607
  3.500    5.82    7.43  0.1871   -1.92    7.90   10.91    6.17    1.07     607
  4.000    7.33    8.13  0.1503   -2.15    8.78   12.36    7.13    0.94     607
  4.500    8.98    8.95  0.1236   -2.14    9.54   13.94    8.01    0.88     607
  5.000   10.12    9.50  0.1397   -2.12   10.52   15.25    8.77    0.88     607
  5.500   11.38   10.31  0.1436   -2.11   11.48   16.75    9.64    0.85     607
  6.000   12.48   10.98  0.1430   -1.96   12.16   18.09   10.09    0.77     607
  6.500   13.62   11.55  0.1604   -1.73   12.74   19.47   10.44    0.69     607
  7.000   14.91   12.25  0.1713   -1.47   13.47   20.92   11.01    0.64     607
  7.500   16.12   12.97  0.1958   -1.32   14.19   22.40   11.42    0.62     607
  8.000   17.37   13.73  0.2108   -1.22   14.93   23.97   12.02    0.53     607
  8.500   18.63   14.33  0.2282   -1.10   15.70   25.40   12.65    0.50     607
  9.000   19.78   14.95  0.2475   -1.01   16.27   26.51   13.41    0.52     606
  9.500   21.00   15.62  0.2762   -0.73   16.78   27.78   14.04    0.56     606
 10.000   22.16   16.11  0.3168   -0.51   16.83   28.85   14.39    0.59     604
 10.500   23.32   16.71  0.3492   -0.49   16.73   29.77   14.79    0.64     592
 11.000   24.28   16.84  0.3757   -0.38   16.74   30.59   14.90    0.64     569
 11.500   25.24   16.37  0.3988   -0.32   16.28   31.05   14.57    0.67     560
 12.000   25.81   15.54  0.3780   -0.45   15.22   30.66   14.21    0.56     542
 12.500   26.02   14.59  0.3367   -0.05   13.96   30.13   13.51    0.64     470
 13.000   25.76   13.81  0.3700   -0.28   13.60   29.71   12.81    0.58     447
 13.500   25.01   13.12  0.3963   -0.12   12.85   28.71   12.00    0.36     426
 14.000   23.87   12.22  0.4557    0.21   11.15   26.97   10.84    0.48     362
 14.500   23.30   11.34  0.4248    0.35   10.25   26.09   10.13    0.42     335
 15.000   22.56   10.44  0.3943    0.07   10.25   25.25    9.49    0.47     315
 15.500   21.20    9.91  0.3977   -0.11    9.47   23.75    8.89    0.60     286
 16.000   19.58    8.85  0.3002    0.04    8.52   21.79    8.10    0.42     264
 16.500   18.23    7.78  0.0985    0.22    7.10   19.69    7.45    0.45     199
 17.000   17.64    6.20  0.4100    0.49    6.80   19.26    5.72   -0.03      70
 17.500   15.66    6.10  0.4486    0.25    5.96   17.03    5.67    0.19      64
 18.000   14.46    5.38  0.2695   -0.47    5.55   15.73    4.99    0.06      62
 18.500   10.93    5.65  0.2065   -0.52    5.06   12.30    5.29   -0.19      49
 19.000   10.51    5.34  0.0885   -0.75    4.57   11.80    4.97   -0.42      42
 19.500    9.19    5.52  0.0750   -0.82    5.00   10.92    4.98    0.09      39
 20.000    9.15    5.17  0.1072   -1.14    4.09   10.48    5.02    0.13      29
 20.500    7.32    4.29  0.0090   -2.81    3.26    8.74    3.87    0.36      27
 21.000    7.94    5.21 -0.2339   -2.03    3.03    8.91    5.07    0.74      15
 21.500    6.36    4.74 -0.1904   -1.71    3.12    7.53    4.56    0.38      10
 22.000 -999.99  -99.99 -9.9900 -999.99  -99.99 -999.99  -99.99 -999.99       0
 22.500 -999.99  -99.99 -9.9900 -999.99  -99.99 -999.99  -99.99 -999.99       0
 23.000 -999.99  -99.99 -9.9900 -999.99  -99.99 -999.99  -99.99 -999.99       0
 23.500 -999.99  -99.99 -9.9900 -999.99  -99.99 -999.99  -99.99 -999.99       0
 24.000 -999.99  -99.99 -9.9900 -999.99  -99.99 -999.99  -99.99 -999.99       0
 24.500 -999.99  -99.99 -9.9900 -999.99  -99.99 -999.99  -99.99 -999.99       0
 25.000 -999.99  -99.99 -9.9900 -999.99  -99.99 -999.99  -99.99 -999.99       0
 25.500 -999.99  -99.99 -9.9900 -999.99  -99.99 -999.99  -99.99 -999.99       0
 26.000 -999.99  -99.99 -9.9900 -999.99  -99.99 -999.99  -99.99 -999.99       0
 26.500 -999.99  -99.99 -9.9900 -999.99  -99.99 -999.99  -99.99 -999.99       0
 27.000 -999.99  -99.99 -9.9900 -999.99  -99.99 -999.99  -99.99 -999.99       0
 27.500 -999.99  -99.99 -9.9900 -999.99  -99.99 -999.99  -99.99 -999.99       0
 28.000 -999.99  -99.99 -9.9900 -999.99  -99.99 -999.99  -99.99 -999.99       0
 28.500 -999.99  -99.99 -9.9900 -999.99  -99.99 -999.99  -99.99 -999.99       0
 29.000 -999.99  -99.99 -9.9900 -999.99  -99.99 -999.99  -99.99 -999.99       0
 29.500 -999.99  -99.99 -9.9900 -999.99  -99.99 -999.99  -99.99 -999.99       0
 30.000 -999.99  -99.99 -9.9900 -999.99  -99.99 -999.99  -99.99 -999.99       0
     T A B L E  I -  13.  W I N D  S T A T I S T I C A L  P A R A M E T E R S
                                    Annual
 STATION =   722930     YUMA PROVING GROUNDS, AZ
    Z    MEAN U   SD  U  R(U,V)  MEAN V   SD  V MEAN WS  SD  WS SKEW WS    NOBS
    KM     M/S     M/S             M/S     M/S     M/S     M/S                 
  0.139    0.29    1.68  0.1283   -0.20    1.92    2.04    1.58    1.51    8065
  0.500    1.16    3.59 -0.0447   -0.47    4.21    5.01    2.98    1.22    8502
  1.000    1.19    4.29  0.0572   -0.03    4.43    5.46    3.27    1.22    8509
  1.500    1.27    4.47  0.1401    0.55    4.76    5.70    3.51    1.15    8528
  2.000    1.62    4.76  0.1301    0.94    5.19    6.36    3.73    1.02    8532
  2.500    2.22    5.43  0.0941    1.21    5.86    7.28    4.26    0.95    8532
  3.000    3.06    6.20  0.0764    1.28    6.52    8.28    4.92    1.04    8532
  3.500    3.95    6.97  0.0745    1.28    7.13    9.32    5.59    1.08    8532
  4.000    4.85    7.81  0.0620    1.27    7.76   10.35    6.40    1.12    8532
  4.500    5.73    8.55  0.0709    1.24    8.38   11.32    7.18    1.11    8531
  5.000    6.60    9.24  0.0865    1.14    8.96   12.22    7.93    1.07    8531
  5.500    7.48    9.94  0.0997    0.99    9.55   13.13    8.75    1.08    8530
  6.000    8.35   10.52  0.1189    0.89   10.09   14.00    9.38    1.03    8529
  6.500    9.24   11.04  0.1366    0.87   10.55   14.93    9.97    1.01    8528
  7.000   10.16   11.67  0.1527    0.87   11.14   15.92   10.67    0.99    8527
  7.500   11.09   12.28  0.1742    0.92   11.78   16.94   11.28    0.96    8526
  8.000   11.96   12.84  0.1871    1.01   12.32   17.99   11.85    0.95    8525
  8.500   12.90   13.41  0.1989    1.15   12.91   19.09   12.41    0.93    8523
  9.000   13.89   14.01  0.2092    1.27   13.50   20.20   12.93    0.91    8521
  9.500   15.07   14.73  0.2228    1.51   14.06   21.52   13.51    0.88    8510
 10.000   16.19   15.24  0.2275    1.77   14.43   22.72   13.90    0.85    8482
 10.500   17.25   15.68  0.2220    2.04   14.67   23.73   14.19    0.83    8392
 11.000   18.32   16.00  0.2147    2.39   14.88   24.75   14.47    0.76    8084
 11.500   19.43   15.95  0.2150    2.59   14.75   25.55   14.45    0.72    7939
 12.000   20.11   15.64  0.2025    2.77   14.37   25.80   14.17    0.66    7723
 12.500   20.63   15.15  0.1930    2.95   13.89   25.90   13.75    0.59    6553
 13.000   20.68   14.33  0.2004    3.08   13.06   25.50   13.01    0.55    6202
 13.500   20.35   13.52  0.2037    3.13   12.03   24.67   12.17    0.46    5951
 14.000   19.21   12.72  0.1753    3.12   10.85   23.08   11.31    0.46    5354
 14.500   18.56   12.04  0.1652    2.81   10.06   22.11   10.71    0.42    4796
 15.000   17.35   11.42  0.1467    2.60    9.40   20.70   10.10    0.41    4549
 15.500   15.92   10.86  0.1484    2.18    8.76   19.17    9.50    0.45    3998
 16.000   14.08   10.35  0.1392    1.88    7.93   17.31    8.85    0.43    3761
 16.500   11.39   10.15  0.0790    1.53    7.26   14.94    8.16    0.61    3233
 17.000    6.99   10.68 -0.0402    1.67    6.07   12.14    7.74    0.93    1206
 17.500    8.23   10.47  0.0114    1.31    6.09   12.88    7.50    0.80     834
 18.000    6.59   10.06 -0.0359    0.93    5.72   11.76    6.72    0.85     814
 18.500    4.11    9.35 -0.0114    0.77    4.91   10.12    5.65    1.05     752
 19.000    2.67    9.87 -0.0385    0.95    5.14   10.14    5.66    0.93     607
 19.500    1.89    9.45 -0.0561    0.63    4.59    9.63    5.23    0.95     574
 20.000    0.17    9.31 -0.0058    0.46    4.36    9.42    4.84    0.93     481
 20.500   -0.99    9.10 -0.0240    0.37    4.39    9.14    4.74    0.86     445
 21.000   -2.73    9.57  0.0267    0.33    4.13    9.88    4.63    0.69     288
 21.500   -3.05    9.78  0.0575    0.25    3.80   10.12    4.73    0.69     198
 22.000   -3.71    9.85  0.0868    0.28    4.05   10.44    4.83    0.46     169
 22.500   -4.69    9.82  0.0992   -0.02    3.69   10.75    4.79    0.44     138
 23.000   -5.31   10.53  0.1301   -0.53    3.72   11.51    5.07    0.20     118
 23.500   -6.74   10.72  0.0156    0.08    3.60   12.17    5.57    0.19     101
 24.000   -9.93   10.26  0.1130   -0.10    4.08   13.92    5.82   -0.45      67
 24.500   -9.71   11.22 -0.0461    0.57    4.59   14.34    6.50   -0.43      53
 25.000   -9.65   11.58  0.0215    0.39    4.51   14.70    6.30   -0.52      47
 25.500  -10.22   11.94  0.1016    0.22    4.60   15.15    6.74   -0.62      47
 26.000  -10.67   12.11  0.0799   -0.01    4.41   15.51    6.83   -0.63      47
 26.500  -10.63   12.81  0.0759   -0.08    4.12   15.91    6.95   -0.67      47
 27.000  -10.34   12.88 -0.0071    0.62    4.41   15.62    7.30   -0.59      42
 27.500  -10.59   13.02  0.0270    0.85    4.62   15.81    7.64   -0.64      41
 28.000  -10.85   12.77 -0.0368    0.75    4.32   15.68    7.70   -0.67      41
 28.500  -11.18   12.97 -0.0494    0.49    4.35   15.96    7.86   -0.71      41
 29.000  -11.58   13.33  0.0193    0.43    4.02   16.24    8.32   -0.63      41
 29.500  -12.26   13.62  0.1009    0.28    4.20   16.73    8.78   -0.67      39
 30.000  -12.82   13.82  0.2245    0.37    4.24   17.12    9.11   -0.73      37
