 0 1FHAW619020    7.93S   14.42W  20 1601279   11180   0  30                                        
     T A B L E  II - 13.  T H E R M O D Y N A M I C  S T A T I S T I C A L  P A R A M E T E R S     
                                              ANNUAL                                                
 STATION =   619020     ASCENSION ISLAND                                                            
    Z      MEAN P   SD P  SKEWP MEAN T  SD T SKEWT    MEAN D    SD D SKEWD  NOBSP  NOBST  NOBSD     
    KM       MB        MB       DEG K  DEG K            G/M3    G/M3                                
  0.000 1008.0000  2.2681  0.13 299.25  1.66 -0.06 1164.0000  9.1040 -0.01  4924.  4924.  4924.     
  0.020 1005.7000  2.2373  0.10 299.15  1.64 -0.07 1161.0000  8.9480 -0.02  5393.  5393.  5393.     
  1.000  904.7500  1.7464  0.18 290.55  1.71  0.18 1078.0000  7.7870 -0.13  5481.  5481.  5481.     
  2.000  804.5901  1.4043  0.10 288.10  2.24 -0.79  969.3999  7.8510  0.82  5480.  5480.  5480.     
  3.000  714.5500  1.3080  0.06 283.56  1.35 -0.43  875.7000  4.4960  0.25  5480.  5480.  5480.     
  4.000  632.9800  1.2495  0.01 277.63  1.35 -0.12  792.8000  4.1810  0.01  5479.  5479.  5479.     
  5.000  559.3799  1.1835  0.02 272.28  1.34 -0.24  714.5000  3.8320  0.07  5479.  5479.  5479.     
  6.000  493.1499  1.1827  0.04 266.67  1.36 -0.13  643.3000  3.4030 -0.03  5478.  5478.  5478.     
  7.000  433.4099  1.1796  0.11 260.42  1.35 -0.11  578.8999  2.9880 -0.16  5476.  5476.  5476.     
  8.000  379.7100  1.2077  0.13 253.60  1.36 -0.05  520.8000  2.8780 -0.36  5468.  5468.  5468.     
  9.000  331.3999  1.2191  0.14 246.13  1.51 -0.03  468.3000  2.9280 -0.66  5457.  5457.  5457.     
 10.000  288.0300  1.2665  0.14 238.11  1.54  0.00  420.7000  2.6630 -0.86  5449.  5449.  5449.     
 11.000  249.2400  1.2779  0.11 230.09  1.55  0.02  377.3999  1.7410 -0.16  5443.  5443.  5443.     
 12.000  214.3000  1.2501  0.17 222.18  1.43  0.10  336.0000  1.4540  0.13  5440.  5440.  5440.     
 13.000  183.5800  1.2025  0.18 214.61  1.40  0.28  298.0000  1.5500 -0.55  5432.  5432.  5432.     
 14.000  156.3300  1.1196  0.26 207.75  1.45  0.39  262.2000  1.8740 -0.58  5430.  5430.  5430.     
 15.000  132.4400  1.0071  0.35 202.02  1.65  0.29  228.4000  2.1720 -0.23  5417.  5417.  5417.     
 16.000  111.7700  0.8898  0.42 198.01  1.94  0.02  196.7000  2.3270  0.01  5413.  5413.  5413.     
 17.000   94.1400  0.7688  0.49 196.63  2.59  0.16  166.8000  2.6000  0.05  5355.  5355.  5355.     
 18.000   79.2710  0.6770  0.44 199.10  3.64  0.11  138.7000  2.6420  0.14  5344.  5344.  5344.     
 19.000   67.0070  0.6338  0.37 203.67  3.50  0.00  114.6000  1.8890  0.29  5327.  5327.  5327.     
 20.000   56.8500  0.6012  0.16 207.97  3.22  0.04   95.2400  1.2960  0.33  5281.  5281.  5281.     
 21.000   48.3710  0.5716  0.06 211.54  3.00  0.24   79.6700  0.9781  0.30  5123.  5123.  5123.     
 22.000   41.2650  0.5460  0.03 214.40  2.70  0.18   67.0500  0.8171  0.24  5098.  5098.  5098.     
 23.000   35.2840  0.4983 -0.01 216.75  2.50  0.12   56.7100  0.6841  0.18  5021.  5021.  5021.     
 24.000   30.1990  0.4592 -0.04 218.98  2.75  0.04   48.0500  0.6828  0.05  4997.  4997.  4997.     
 25.000   25.8990  0.4165 -0.11 221.23  2.82 -0.11   40.7900  0.6196  0.04  4929.  4929.  4929.     
 26.000   22.2460  0.3735 -0.18 223.55  2.67 -0.14   34.6700  0.5502  0.01  4764.  4764.  4764.     
 27.000   19.1370  0.3321 -0.20 225.76  2.63 -0.04   29.5300  0.5109 -0.06  4393.  4393.  4393.     
 28.000   16.4890  0.2948 -0.25 227.83  2.57  0.00   25.2100  0.4826 -0.08  4301.  4301.  4301.     
 29.000   14.2300  0.2547 -0.30 229.73  2.69  0.02   21.5800  0.4452  0.00  3545.  3545.  3545.     
 30.000   12.2980  0.2236 -0.34 231.68  2.62 -0.18   18.4900  0.3764  0.04  3467.  3467.  3467.     
 32.000    9.1900  0.1899 -0.13 236.13  4.29 -0.04   13.5600  0.2607  0.28   827.   875.   826.     
 34.000    6.9240  0.1642 -0.12 240.49  4.69  0.01   10.0300  0.1959  0.03   826.   874.   826.     
 36.000    5.2430  0.1431 -0.14 245.42  5.01 -0.02    7.4430  0.1553 -0.12   823.   873.   823.     
 38.000    4.0000  0.1221 -0.16 251.38  5.38 -0.23    5.5420  0.1270 -0.03   821.   871.   821.     
 40.000    3.0700  0.1043 -0.20 257.63  5.57 -0.18    4.1510  0.1143  0.02   820.   869.   820.     
 42.000    2.3720  0.0871 -0.28 263.28  5.39 -0.12    3.1370  0.1031  0.00   820.   857.   820.     
 44.000    1.8420  0.0715 -0.35 267.57  5.16 -0.08    2.3960  0.0850 -0.02   818.   830.   818.     
 46.000    1.4350  0.0584 -0.39 269.91  4.98 -0.01    1.8510  0.0690 -0.12   815.   798.   815.     
 48.000    1.1190  0.0477 -0.40 270.46  5.01 -0.02    1.4410  0.0569 -0.31   810.   790.   810.     
 50.000    0.8740  0.0385 -0.35 269.66  5.16  0.21    1.1280  0.0479 -0.31   803.   788.   803.     
 52.000    0.6810  0.0305 -0.35 267.49  5.38 -0.01    0.8860  0.0401 -0.36   798.   808.   798.     
 54.000    0.5290  0.0246 -0.25 264.99  5.86  0.07    0.6960  0.0325 -0.40   790.   826.   790.     
 56.000    0.4100  0.0196 -0.15 261.66  6.57  0.12    0.5460  0.0260 -0.40   771.   815.   771.     
 58.000    0.3170  0.0160 -0.03 257.79  7.53  0.16    0.4280  0.0207 -0.28   732.   775.   732.     
 60.000    0.2430  0.0127  0.14 253.37  8.38  0.21    0.3350  0.0161 -0.04   660.   701.   660.     
 62.000    0.1850  0.0102  0.23 248.12  9.38  0.44    0.2600  0.0131  0.28   482.   510.   482.     
 64.000    0.1400  0.0085  0.41 242.49 10.19  0.55    0.2010  0.0111  0.52   276.   292.   275.     
 66.000    0.1050  0.0065  0.37 234.93 10.37 -0.70    0.1570  0.0104  0.89   115.   122.   115.     
 68.000    0.0000  0.0000  0.00   0.00  0.00  0.00    0.0000  0.0000  0.00     0.     0.     0.     
 70.000    0.0000  0.0000  0.00   0.00  0.00  0.00    0.0000  0.0000  0.00     0.     0.     0.     
     T A B L E  II -  1.  T H E R M O D Y N A M I C  S T A T I S T I C A L  P A R A M E T E R S     
                                              JANUARY                                               
 STATION =   619020     ASCENSION ISLAND                                                            
    Z      MEAN P   SD P  SKEWP MEAN T  SD T SKEWT    MEAN D    SD D SKEWD  NOBSP  NOBST  NOBSD     
    KM       MB        MB       DEG K  DEG K            G/M3    G/M3                                
  0.000 1006.5000  1.5453  0.09 299.36  1.27 -0.22 1161.0000  6.2290  0.19   460.   460.   460.     
  0.020 1004.2000  1.5237  0.08 299.28  1.25 -0.24 1159.0000  6.0820  0.19   493.   493.   493.     
  1.000  903.5500  1.3435  0.14 291.05  1.22  0.38 1074.0000  4.9730 -0.28   493.   493.   493.     
  2.000  803.7800  1.2656 -0.04 289.00  1.72 -0.61  965.3999  5.6740  0.53   493.   493.   493.     
  3.000  714.0200  1.2509  0.11 283.89  1.19 -0.51  873.8999  3.6030  0.32   493.   493.   493.     
  4.000  632.5500  1.2488  0.04 277.43  1.20 -0.10  792.7000  3.5270 -0.02   492.   492.   492.     
  5.000  558.9700  1.1643  0.00 272.00  1.34 -0.56  714.8000  3.8920  0.29   492.   492.   492.     
  6.000  492.7200  1.1174  0.14 266.51  1.33 -0.28  643.2000  3.3180  0.02   492.   492.   492.     
  7.000  432.9800  1.1132  0.12 260.04  1.35 -0.78  579.3000  2.9610  0.37   492.   492.   492.     
  8.000  379.2300  1.1107  0.07 253.03  1.28 -0.68  521.3999  2.6620 -0.16   493.   493.   493.     
  9.000  330.8601  1.1036 -0.09 245.47  1.33 -0.34  468.8999  2.6960 -0.69   493.   493.   493.     
 10.000  287.4600  1.1336 -0.05 237.56  1.38 -0.01  420.8999  2.6010 -0.80   493.   493.   493.     
 11.000  248.6600  1.1191 -0.08 229.65  1.43  0.04  377.2000  1.7450  0.26   492.   492.   492.     
 12.000  213.7700  1.0721  0.01 221.95  1.29  0.00  335.5000  1.5550  0.02   492.   492.   492.     
 13.000  183.1100  1.0318  0.14 214.68  1.33  0.44  297.1001  1.7710 -1.19   492.   492.   492.     
 14.000  155.9600  0.9475  0.33 208.06  1.58  0.50  261.1001  2.0300 -1.17   492.   492.   492.     
 15.000  132.1300  0.8603  0.43 202.16  1.89  0.42  227.7000  2.1320 -0.68   491.   491.   491.     
 16.000  111.5000  0.7786  0.38 197.71  2.02  0.40  196.5000  2.0800 -0.03   490.   490.   490.     
 17.000   93.8560  0.6934  0.30 195.43  2.05 -0.03  167.3000  2.0550  0.24   485.   485.   485.     
 18.000   78.8970  0.6040  0.29 196.52  2.60  0.42  139.9000  2.0910 -0.19   485.   485.   485.     
 19.000   66.5410  0.5340  0.29 200.99  2.67  0.28  115.3000  1.6350  0.04   483.   483.   483.     
 20.000   56.3470  0.4887  0.34 205.68  2.58  0.09   95.4500  1.1790  0.31   479.   479.   479.     
 21.000   47.8650  0.4502  0.40 209.47  2.43  0.26   79.6100  0.8401  0.39   472.   472.   472.     
 22.000   40.7660  0.4282  0.44 212.39  2.28  0.27   66.8700  0.6930  0.09   470.   470.   470.     
 23.000   34.8070  0.3886  0.49 214.49  2.07  0.32   56.5300  0.5850  0.11   464.   464.   464.     
 24.000   29.7430  0.3552  0.46 216.40  2.35  0.18   47.8800  0.6294  0.03   458.   458.   458.     
 25.000   25.4610  0.3187  0.34 218.51  2.53  0.21   40.6000  0.5993  0.12   454.   454.   454.     
 26.000   21.8340  0.2834  0.22 221.06  2.61  0.06   34.4100  0.5331  0.34   440.   440.   440.     
 27.000   18.7590  0.2494  0.09 223.64  2.62 -0.02   29.2200  0.4543  0.27   414.   414.   414.     
 28.000   16.1420  0.2232 -0.02 226.07  2.55 -0.10   24.8800  0.4008  0.18   410.   410.   410.     
 29.000   13.9240  0.1983 -0.04 228.44  2.63 -0.18   21.2400  0.3541  0.28   347.   347.   347.     
 30.000   12.0210  0.1768 -0.10 230.49  2.58 -0.35   18.1700  0.2964  0.17   339.   339.   339.     
 32.000    8.9770  0.1323 -0.23 233.67  3.23  0.14   13.3900  0.2104  0.04    75.    77.    75.     
 34.000    6.7390  0.1125 -0.02 236.94  3.65  0.04    9.9060  0.1551 -0.15    75.    77.    75.     
 36.000    5.0830  0.0969  0.13 241.15  4.20  0.24    7.3420  0.1291 -0.36    75.    77.    75.     
 38.000    3.8560  0.0861  0.10 246.59  5.03  0.18    5.4480  0.1010 -0.02    73.    75.    73.     
 40.000    2.9460  0.0756  0.07 253.04  5.66 -0.27    4.0550  0.0869 -0.24    73.    75.    73.     
 42.000    2.2670  0.0657 -0.06 260.85  5.26 -0.83    3.0280  0.0704  0.15    73.    75.    73.     
 44.000    1.7570  0.0562 -0.23 265.53  4.68 -0.61    2.3040  0.0585  0.40    72.    73.    72.     
 46.000    1.3650  0.0476 -0.34 267.13  4.85 -0.51    1.7770  0.0499  0.15    71.    69.    71.     
 48.000    1.0610  0.0405 -0.38 268.36  5.02 -0.15    1.3760  0.0447 -0.08    69.    66.    69.     
 50.000    0.8290  0.0329 -0.51 269.84  6.17  0.42    1.0690  0.0373 -0.19    68.    65.    68.     
 52.000    0.6460  0.0274 -0.44 270.09  6.17  0.56    0.8340  0.0334 -0.52    67.    68.    67.     
 54.000    0.5030  0.0225 -0.28 269.21  6.04  0.13    0.6510  0.0271 -0.27    64.    64.    64.     
 56.000    0.3920  0.0188 -0.18 267.66  6.57  0.10    0.5100  0.0222 -0.39    61.    62.    61.     
 58.000    0.3040  0.0160  0.07 263.91  7.15  0.39    0.4010  0.0181 -0.47    56.    55.    56.     
 60.000    0.2350  0.0119  0.22 259.26  8.30  0.34    0.3160  0.0135 -0.16    49.    50.    49.     
 62.000    0.1800  0.0097  0.40 254.98  8.03  0.65    0.2460  0.0101 -0.07    37.    38.    37.     
 64.000    0.1370  0.0081  0.55 250.30  8.42  1.22    0.1910  0.0086 -0.15    28.    28.    28.     
 66.000    0.1060  0.0058  0.06 239.71 10.10  1.23    0.1530  0.0063 -0.87    10.    11.    10.     
 68.000    0.0000  0.0000  0.00   0.00  0.00  0.00    0.0000  0.0000  0.00     0.     0.     0.     
 70.000    0.0000  0.0000  0.00   0.00  0.00  0.00    0.0000  0.0000  0.00     0.     0.     0.     
     T A B L E  II -  2.  T H E R M O D Y N A M I C  S T A T I S T I C A L  P A R A M E T E R S     
                                              FEBRUARY                                              
 STATION =   619020     ASCENSION ISLAND                                                            
    Z      MEAN P   SD P  SKEWP MEAN T  SD T SKEWT    MEAN D    SD D SKEWD  NOBSP  NOBST  NOBSD     
    KM       MB        MB       DEG K  DEG K            G/M3    G/M3                                
  0.000 1006.3000  1.7199  0.17 300.30  1.16 -0.26 1157.0000  5.9950  0.30   424.   424.   424.     
  0.020 1004.0000  1.7084  0.17 300.19  1.15 -0.24 1154.0000  5.9310  0.29   446.   446.   446.     
  1.000  903.6299  1.4836  0.18 291.89  1.13  0.20 1071.0000  4.7020 -0.27   450.   450.   450.     
  2.000  804.0801  1.3612  0.26 289.10  1.50 -0.49  965.3999  5.0730  0.32   449.   449.   449.     
  3.000  714.2700  1.3050  0.43 283.69  1.27 -0.07  875.0000  3.9460  0.04   449.   449.   449.     
  4.000  632.7500  1.2879  0.43 277.56  1.35  0.13  792.8000  3.7010  0.02   449.   449.   449.     
  5.000  559.2100  1.2566  0.58 272.40  1.37 -0.24  714.2000  3.4080 -0.02   449.   449.   449.     
  6.000  493.0400  1.2801  0.52 266.90  1.44 -0.15  642.8000  3.2410  0.08   448.   448.   448.     
  7.000  433.3501  1.2897  0.46 260.50  1.37 -0.04  578.8000  2.8060  0.02   448.   448.   448.     
  8.000  379.6599  1.3192  0.33 253.63  1.31  0.07  520.8999  2.4480 -0.09   448.   448.   448.     
  9.000  331.3501  1.3042  0.35 246.13  1.33 -0.17  468.3999  2.3550 -0.18   448.   448.   448.     
 10.000  288.0000  1.3110  0.33 238.15  1.34 -0.41  420.8000  2.1660 -0.31   449.   449.   449.     
 11.000  249.2200  1.2964  0.22 230.18  1.42 -0.25  377.2000  1.5830  0.27   449.   449.   449.     
 12.000  214.3000  1.2593  0.28 222.33  1.44  0.30  335.8000  1.5150  0.02   449.   449.   449.     
 13.000  183.6000  1.2081  0.24 214.87  1.50  0.73  297.7000  1.6660 -0.75   449.   449.   449.     
 14.000  156.3800  1.1375  0.39 207.96  1.68  0.52  262.0000  1.9400 -1.25   449.   449.   449.     
 15.000  132.4800  1.0587  0.51 201.93  1.84  0.33  228.6000  1.9290 -0.52   448.   448.   448.     
 16.000  111.7800  0.9781  0.56 197.55  1.85  0.11  197.1000  1.9220 -0.23   448.   448.   448.     
 17.000   94.0910  0.8716  0.57 195.36  1.94  0.56  167.8000  2.1290 -0.08   445.   445.   445.     
 18.000   79.1090  0.7425  0.54 196.50  2.73  0.32  140.3000  2.4090  0.21   442.   442.   442.     
 19.000   66.7060  0.6298  0.50 200.78  2.79  0.31  115.8000  1.8420  0.42   441.   441.   441.     
 20.000   56.4600  0.5663  0.37 205.14  2.85  0.25   95.9000  1.3470  0.44   438.   438.   438.     
 21.000   47.9420  0.5224  0.35 209.07  2.76  0.61   79.8900  1.0100  0.40   421.   421.   421.     
 22.000   40.8220  0.4926  0.37 212.14  2.49  0.12   67.0400  0.7947  0.29   419.   419.   419.     
 23.000   34.8490  0.4479  0.36 214.52  2.34  0.25   56.6000  0.6651 -0.17   411.   411.   411.     
 24.000   29.7770  0.4103  0.33 216.55  2.68  0.43   47.9100  0.6932 -0.11   403.   403.   403.     
 25.000   25.4950  0.3664  0.31 218.88  2.91  0.33   40.5800  0.6508  0.00   397.   397.   397.     
 26.000   21.8640  0.3200  0.01 221.51  2.76  0.21   34.3900  0.5491  0.21   385.   385.   385.     
 27.000   18.7950  0.2834 -0.10 224.13  2.72  0.16   29.2200  0.4898  0.23   348.   348.   348.     
 28.000   16.1760  0.2541 -0.16 226.84  2.71  0.05   24.8500  0.4334  0.06   339.   339.   339.     
 29.000   13.9550  0.2168 -0.13 229.30  2.71  0.30   21.2000  0.3578  0.11   280.   280.   280.     
 30.000   12.0520  0.1921 -0.20 231.11  2.66  0.09   18.1700  0.3084  0.21   275.   275.   275.     
 32.000    9.0410  0.1506  0.12 234.81  3.85  0.24   13.4200  0.1912  0.29    66.    68.    66.     
 34.000    6.7960  0.1334  0.10 238.35  3.77  0.73    9.9400  0.1496 -0.35    66.    68.    66.     
 36.000    5.1310  0.1136  0.24 242.67  4.10 -0.24    7.3690  0.1618 -0.30    66.    68.    66.     
 38.000    3.9060  0.0942  0.19 250.07  4.57 -0.22    5.4420  0.1188 -0.17    66.    68.    66.     
 40.000    2.9960  0.0803  0.01 257.29  5.26 -0.67    4.0560  0.0935  0.40    66.    68.    66.     
 42.000    2.3160  0.0699 -0.13 265.11  6.17 -0.25    3.0380  0.0714 -0.09    66.    64.    66.     
 44.000    1.8020  0.0615 -0.14 270.13  5.57  0.19    2.3220  0.0585  0.04    66.    64.    66.     
 46.000    1.4070  0.0515 -0.14 272.49  5.06  0.09    1.7990  0.0574 -0.02    68.    64.    68.     
 48.000    1.1020  0.0441  0.07 272.34  4.95  0.19    1.4090  0.0557 -0.03    69.    60.    69.     
 50.000    0.8600  0.0346  0.11 271.29  4.73  0.93    1.1040  0.0480  0.06    68.    62.    68.     
 52.000    0.6710  0.0266  0.16 268.58  5.67 -0.26    0.8700  0.0401  0.32    68.    67.    68.     
 54.000    0.5220  0.0212  0.08 266.26  6.35  0.08    0.6830  0.0285  0.52    69.    68.    69.     
 56.000    0.4060  0.0175  0.01 264.04  7.25 -0.64    0.5360  0.0227  1.10    66.    67.    66.     
 58.000    0.3150  0.0146  0.08 261.49  8.35 -0.25    0.4200  0.0180 -0.05    63.    64.    63.     
 60.000    0.2420  0.0121  0.18 257.50 10.10 -0.11    0.3280  0.0129 -0.01    55.    56.    55.     
 62.000    0.1860  0.0111  0.13 255.14 11.10 -0.07    0.2550  0.0088  0.01    46.    47.    46.     
 64.000    0.1410  0.0095  0.16 250.41 11.25  0.36    0.1970  0.0070 -0.06    28.    28.    28.     
 66.000    0.1040  0.0078  1.22 240.61 12.16  1.13    0.1510  0.0059 -0.41    11.    11.    11.     
 68.000    0.0000  0.0000  0.00   0.00  0.00  0.00    0.0000  0.0000  0.00     0.     0.     0.     
 70.000    0.0000  0.0000  0.00   0.00  0.00  0.00    0.0000  0.0000  0.00     0.     0.     0.     
     T A B L E  II -  3.  T H E R M O D Y N A M I C  S T A T I S T I C A L  P A R A M E T E R S     
                                              MARCH                                                 
 STATION =   619020     ASCENSION ISLAND                                                            
    Z      MEAN P   SD P  SKEWP MEAN T  SD T SKEWT    MEAN D    SD D SKEWD  NOBSP  NOBST  NOBSD     
    KM       MB        MB       DEG K  DEG K            G/M3    G/M3                                
  0.000 1006.0000  1.4761  0.23 300.98  1.08 -0.32 1153.0000  5.0460  0.20   466.   466.   466.     
  0.020 1003.7000  1.4782  0.24 300.85  1.08 -0.36 1151.0000  4.9770  0.21   480.   480.   480.     
  1.000  903.5901  1.3691  0.16 292.51  0.93 -0.04 1069.0000  4.0050  0.16   480.   480.   480.     
  2.000  804.1499  1.2236  0.23 288.76  1.52 -0.49  966.2000  4.6970  0.63   480.   480.   480.     
  3.000  714.3201  1.2331  0.23 283.67  1.15 -0.13  874.8999  3.4930  0.21   480.   480.   480.     
  4.000  632.8799  1.2057  0.13 277.96  1.13  0.01  791.6001  3.3100 -0.03   480.   480.   480.     
  5.000  559.4099  1.1232  0.28 272.66  1.22  0.05  713.6001  3.3450  0.00   480.   480.   480.     
  6.000  493.2800  1.0919  0.28 267.08  1.15  0.06  642.5000  2.9120  0.03   480.   480.   480.     
  7.000  433.6001  1.0628  0.37 260.84  1.09  0.37  578.3000  2.4750 -0.16   480.   480.   480.     
  8.000  379.9800  1.0494  0.53 254.10  1.14  0.22  520.2000  2.3890  0.05   480.   480.   480.     
  9.000  331.7400  1.0375  0.51 246.83  1.21 -0.14  467.6001  2.3320 -0.30   480.   480.   480.     
 10.000  288.4500  1.0516  0.40 238.92  1.25 -0.06  420.0000  2.1460 -0.48   479.   479.   479.     
 11.000  249.7300  1.0472  0.30 230.84  1.27 -0.13  376.8000  1.5640 -0.26   479.   479.   479.     
 12.000  214.8000  1.0335  0.39 222.76  1.23 -0.10  335.8999  1.3530  0.40   479.   479.   479.     
 13.000  184.0700  0.9919  0.37 214.91  1.26  0.27  298.3999  1.3500 -0.35   479.   479.   479.     
 14.000  156.7600  0.9436  0.44 207.60  1.40  0.18  263.1001  1.5220 -0.72   479.   479.   479.     
 15.000  132.7600  0.8761  0.45 201.49  1.58  0.13  229.5000  1.7300 -0.65   478.   478.   478.     
 16.000  111.9600  0.8025  0.47 197.00  1.58  0.14  198.0000  1.7460 -0.12   478.   478.   478.     
 17.000   94.1840  0.7057  0.49 194.85  1.67 -0.17  168.4000  1.9760  0.06   473.   473.   473.     
 18.000   79.1760  0.5864  0.58 196.57  2.84  0.38  140.3000  2.3210 -0.13   474.   474.   474.     
 19.000   66.7710  0.4917  0.57 201.22  2.66  0.08  115.6000  1.6410  0.11   473.   473.   473.     
 20.000   56.5510  0.4493  0.42 205.80  2.46  0.15   95.7400  1.1340  0.32   470.   470.   470.     
 21.000   48.0420  0.4120  0.29 209.60  2.23  0.18   79.8500  0.8411  0.30   450.   450.   450.     
 22.000   40.9320  0.3839  0.22 213.11  2.14  0.21   66.9200  0.7754  0.09   450.   450.   450.     
 23.000   34.9750  0.3366  0.21 215.72  1.96  0.38   56.4800  0.6309  0.13   445.   445.   445.     
 24.000   29.9110  0.3043  0.14 218.19  2.32  0.25   47.7600  0.6317  0.17   447.   447.   447.     
 25.000   25.6380  0.2687  0.06 220.39  2.56  0.11   40.5300  0.5795  0.05   443.   443.   443.     
 26.000   22.0170  0.2333  0.01 222.81  2.50  0.04   34.4300  0.4858  0.27   429.   429.   429.     
 27.000   18.9290  0.2046  0.02 225.22  2.47 -0.22   29.2800  0.4143  0.40   396.   396.   396.     
 28.000   16.3040  0.1823  0.05 227.75  2.46 -0.22   24.9400  0.3558  0.20   386.   386.   386.     
 29.000   14.0760  0.1620  0.09 230.10  2.59 -0.33   21.3100  0.3097  0.15   307.   307.   307.     
 30.000   12.1670  0.1459  0.10 232.10  2.44 -0.36   18.2600  0.2449  0.13   300.   300.   300.     
 32.000    9.0750  0.1458 -0.46 235.59  3.78 -0.36   13.4100  0.2043 -0.28    90.    94.    90.     
 34.000    6.8340  0.1275 -0.48 239.61  4.24 -0.06    9.9280  0.1653  0.18    90.    94.    90.     
 36.000    5.1730  0.1139 -0.37 244.60  4.61 -0.19    7.3560  0.1184 -0.42    90.    94.    90.     
 38.000    3.9460  0.0986 -0.30 251.60  5.53 -0.51    5.4540  0.1006 -0.61    90.    94.    90.     
 40.000    3.0340  0.0874 -0.24 259.73  6.12 -0.08    4.0590  0.0844  0.03    89.    92.    89.     
 42.000    2.3510  0.0775 -0.25 266.33  5.82 -0.44    3.0660  0.0769  0.13    88.    87.    88.     
 44.000    1.8320  0.0650 -0.43 270.61  5.42 -0.05    2.3540  0.0756  0.53    88.    80.    88.     
 46.000    1.4310  0.0530 -0.55 272.11  4.81  0.15    1.8300  0.0625  0.10    87.    85.    87.     
 48.000    1.1160  0.0428 -0.61 271.27  4.78 -0.46    1.4320  0.0530 -0.25    85.    83.    85.     
 50.000    0.8720  0.0344 -0.63 269.31  5.35 -0.15    1.1250  0.0440 -0.21    85.    81.    85.     
 52.000    0.6790  0.0277 -0.62 266.52  5.68  0.17    0.8860  0.0341 -0.27    85.    83.    85.     
 54.000    0.5270  0.0225 -0.57 264.28  6.52  0.50    0.6940  0.0286 -0.33    84.    86.    84.     
 56.000    0.4080  0.0184 -0.42 261.43  7.01  0.21    0.5440  0.0219 -0.41    83.    88.    83.     
 58.000    0.3150  0.0155 -0.29 257.67  7.08  0.04    0.4260  0.0163 -0.31    79.    83.    79.     
 60.000    0.2420  0.0131 -0.08 254.07  7.23  0.08    0.3310  0.0137 -0.26    74.    79.    74.     
 62.000    0.1830  0.0091  0.27 249.57  6.71  0.33    0.2550  0.0098 -0.26    54.    59.    54.     
 64.000    0.1380  0.0082  0.83 243.40  7.25  0.71    0.1970  0.0081  0.28    34.    37.    34.     
 66.000    0.1040  0.0067  1.64 237.63  8.58  1.52    0.1520  0.0047  0.78    13.    15.    13.     
 68.000    0.0000  0.0000  0.00   0.00  0.00  0.00    0.0000  0.0000  0.00     0.     0.     0.     
 70.000    0.0000  0.0000  0.00   0.00  0.00  0.00    0.0000  0.0000  0.00     0.     0.     0.     
     T A B L E  II -  4.  T H E R M O D Y N A M I C  S T A T I S T I C A L  P A R A M E T E R S     
                                              APRIL                                                 
 STATION =   619020     ASCENSION ISLAND                                                            
    Z      MEAN P   SD P  SKEWP MEAN T  SD T SKEWT    MEAN D    SD D SKEWD  NOBSP  NOBST  NOBSD     
    KM       MB        MB       DEG K  DEG K            G/M3    G/M3                                
  0.000 1006.1001  1.3733  0.03 301.03  1.17 -0.73 1153.0000  5.6200  0.57   422.   422.   422.     
  0.020 1003.8000  1.3413  0.03 300.93  1.17 -0.66 1151.0000  5.5500  0.53   448.   448.   448.     
  1.000  903.7200  1.2101  0.21 292.50  1.02  0.14 1069.0000  4.2410 -0.10   459.   459.   459.     
  2.000  804.2400  1.1133  0.34 288.82  1.48 -0.16  966.0000  4.7350  0.03   459.   459.   459.     
  3.000  714.3999  1.0970  0.34 284.03  1.11 -0.47  873.7000  3.6850  0.07   459.   459.   459.     
  4.000  633.0701  1.0345  0.31 278.42  1.07  0.09  790.3999  3.4140 -0.27   459.   459.   459.     
  5.000  559.6799  0.9910  0.22 272.99  1.05 -0.03  712.8000  3.1600 -0.32   459.   459.   459.     
  6.000  493.5701  0.9991  0.09 267.26  1.18 -0.24  642.2000  2.9970 -0.15   459.   459.   459.     
  7.000  433.9099  1.0138  0.14 261.18  1.15 -0.14  577.7000  2.6040 -0.42   459.   459.   459.     
  8.000  380.3301  1.0170  0.01 254.67  1.03 -0.12  519.3000  2.5130 -0.69   457.   457.   457.     
  9.000  332.1499  1.0033 -0.01 247.52  1.12  0.01  466.5000  2.7760 -0.78   457.   457.   457.     
 10.000  288.9399  1.0161 -0.01 239.54  1.18  0.01  419.3000  2.6480 -1.00   456.   456.   456.     
 11.000  250.2700  0.9880 -0.06 231.50  1.21 -0.18  376.5000  1.6510 -0.94   454.   454.   454.     
 12.000  215.3300  0.9752  0.02 223.36  1.14 -0.14  335.8000  1.1860  0.20   455.   455.   455.     
 13.000  184.6100  0.9391  0.01 215.34  1.17  0.18  298.7000  1.0830 -0.21   455.   455.   455.     
 14.000  157.2400  0.9106  0.05 207.71  1.31 -0.05  263.7000  1.1840  0.31   455.   455.   455.     
 15.000  133.1600  0.8660  0.09 201.08  1.44  0.17  230.7000  1.4580 -0.27   453.   453.   453.     
 16.000  112.2400  0.8101  0.13 196.23  1.51  0.23  199.3000  1.5650 -0.18   453.   453.   453.     
 17.000   94.3750  0.7289  0.22 194.16  1.70  0.32  169.3000  1.9530 -0.03   449.   449.   449.     
 18.000   79.2890  0.6116  0.35 196.54  2.72  0.10  140.6000  2.3160  0.24   448.   448.   448.     
 19.000   66.8970  0.5181  0.57 201.77  2.74 -0.25  115.5000  1.8290  0.28   445.   445.   445.     
 20.000   56.6830  0.4508  0.41 206.49  2.23 -0.20   95.6400  1.1850  0.24   443.   443.   443.     
 21.000   48.1890  0.3938  0.47 210.63  2.24  0.14   79.7100  0.9904  0.17   432.   432.   432.     
 22.000   41.0930  0.3567  0.50 214.20  2.29  0.23   66.8400  0.8603 -0.06   432.   432.   432.     
 23.000   35.1470  0.3089  0.44 217.30  2.08  0.26   56.3500  0.6644  0.00   424.   424.   424.     
 24.000   30.0910  0.2776  0.43 220.26  2.41  0.46   47.6000  0.6413 -0.06   419.   419.   419.     
 25.000   25.8320  0.2422  0.27 222.53  2.52  0.23   40.4400  0.5564  0.18   412.   412.   412.     
 26.000   22.2100  0.2134  0.17 224.69  2.42 -0.04   34.4400  0.4521  0.48   404.   404.   404.     
 27.000   19.1180  0.1883  0.06 226.96  2.47 -0.13   29.3500  0.3822  0.37   373.   373.   373.     
 28.000   16.4900  0.1689  0.04 229.25  2.26 -0.17   25.0600  0.3073  0.47   361.   361.   361.     
 29.000   14.2490  0.1603 -0.07 231.56  2.19 -0.10   21.4400  0.2606  0.30   275.   275.   275.     
 30.000   12.3280  0.1424 -0.15 233.47  2.04 -0.23   18.4000  0.2176  0.18   268.   268.   268.     
 32.000    9.2020  0.1439  0.03 237.05  3.35  0.01   13.5300  0.2540  0.45    75.    84.    75.     
 34.000    6.9410  0.1228 -0.32 241.98  3.81 -0.41    9.9900  0.1810  0.17    75.    84.    75.     
 36.000    5.2700  0.1036 -0.40 247.60  4.32 -0.11    7.4070  0.1212 -0.51    75.    84.    75.     
 38.000    4.0300  0.0897 -0.35 253.95  4.39 -0.55    5.5240  0.1014 -0.07    75.    84.    75.     
 40.000    3.1000  0.0777 -0.26 260.39  4.90 -0.41    4.1420  0.0984  0.02    75.    84.    75.     
 42.000    2.4030  0.0641 -0.33 265.42  4.62 -0.05    3.1530  0.0658 -0.05    75.    83.    75.     
 44.000    1.8700  0.0530 -0.33 269.67  4.24 -0.11    2.4130  0.0619 -0.41    75.    80.    75.     
 46.000    1.4590  0.0433 -0.32 270.54  3.46 -0.26    1.8760  0.0518 -0.39    75.    79.    75.     
 48.000    1.1390  0.0336 -0.23 270.03  3.59 -0.30    1.4680  0.0426  0.06    75.    77.    75.     
 50.000    0.8890  0.0267 -0.29 268.36  3.95 -0.74    1.1520  0.0360  0.03    74.    76.    74.     
 52.000    0.6920  0.0212 -0.27 265.85  4.95 -0.58    0.9060  0.0280  0.00    74.    82.    74.     
 54.000    0.5370  0.0173 -0.15 262.94  5.28 -0.14    0.7110  0.0215 -0.26    73.    81.    73.     
 56.000    0.4150  0.0142  0.02 259.87  6.10  0.05    0.5580  0.0163 -0.09    70.    79.    70.     
 58.000    0.3200  0.0120  0.18 256.24  7.23  0.07    0.4350  0.0123 -0.20    68.    76.    68.     
 60.000    0.2450  0.0099  0.35 252.10  7.33  0.26    0.3380  0.0106 -0.23    61.    68.    61.     
 62.000    0.1850  0.0078  0.86 247.14  7.93  1.33    0.2610  0.0089 -0.79    51.    56.    51.     
 64.000    0.1400  0.0062  1.00 241.19  7.36  0.69    0.2020  0.0052 -0.11    27.    31.    27.     
 66.000    0.1060  0.0057  1.14 237.58 12.15  0.95    0.1550  0.0039 -0.59    10.    12.    10.     
 68.000    0.0000  0.0000  0.00   0.00  0.00  0.00    0.0000  0.0000  0.00     0.     0.     0.     
 70.000    0.0000  0.0000  0.00   0.00  0.00  0.00    0.0000  0.0000  0.00     0.     0.     0.     
     T A B L E  II -  5.  T H E R M O D Y N A M I C  S T A T I S T I C A L  P A R A M E T E R S     
                                              MAY                                                   
 STATION =   619020     ASCENSION ISLAND                                                            
    Z      MEAN P   SD P  SKEWP MEAN T  SD T SKEWT    MEAN D    SD D SKEWD  NOBSP  NOBST  NOBSD     
    KM       MB        MB       DEG K  DEG K            G/M3    G/M3                                
  0.000 1007.3999  1.4050  0.18 300.52  0.95 -0.28 1157.0000  4.4940  0.14   412.   412.   412.     
  0.020 1005.2000  1.3839  0.12 300.43  0.96 -0.17 1155.0000  4.5410  0.03   469.   469.   469.     
  1.000  904.6599  1.2448  0.27 291.75  1.01  0.03 1073.0000  4.2050 -0.03   488.   488.   488.     
  2.000  804.7300  1.1648  0.24 288.03  1.75 -0.27  969.5000  5.8260  0.30   488.   488.   488.     
  3.000  714.6899  1.1553  0.32 284.03  1.36 -0.58  874.1001  4.6410 -0.07   488.   488.   488.     
  4.000  633.3101  1.1210  0.25 278.58  1.17 -0.20  790.1001  3.9850 -0.06   488.   488.   488.     
  5.000  559.8799  1.0685  0.15 272.94  1.18 -0.13  713.0000  3.7290 -0.28   488.   488.   488.     
  6.000  493.7400  1.0952  0.10 267.18  1.24 -0.08  642.3999  3.4280 -0.46   488.   488.   488.     
  7.000  434.0300  1.0842  0.24 261.06  1.17  0.06  577.8999  3.1010 -0.60   488.   488.   488.     
  8.000  380.4399  1.0949  0.16 254.59  1.16 -0.03  519.3000  3.0610 -0.65   486.   486.   486.     
  9.000  332.2400  1.0872  0.18 247.45  1.24 -0.14  466.6001  3.1520 -0.86   486.   486.   486.     
 10.000  289.0000  1.1152  0.17 239.51  1.21 -0.02  419.3000  2.9180 -1.10   485.   485.   485.     
 11.000  250.3000  1.0858  0.14 231.37  1.18 -0.07  376.8000  1.6930 -1.09   485.   485.   485.     
 12.000  215.3500  1.0534  0.19 223.26  1.21  0.09  336.0000  1.3010 -0.07   485.   485.   485.     
 13.000  184.6100  1.0103  0.22 215.29  1.25  0.07  298.7000  1.2580 -0.50   484.   484.   484.     
 14.000  157.2500  0.9598  0.27 207.76  1.28  0.34  263.7000  1.3930 -0.65   483.   483.   483.     
 15.000  133.2000  0.9073  0.24 201.51  1.51  0.27  230.3000  1.5880 -0.10   482.   482.   482.     
 16.000  112.3300  0.8539  0.28 196.96  1.64 -0.06  198.7000  1.6680  0.03   482.   482.   482.     
 17.000   94.5350  0.7755  0.33 195.28  1.81  0.28  168.7000  2.0220  0.00   475.   475.   475.     
 18.000   79.5040  0.6783  0.25 198.01  2.60 -0.01  139.9000  2.1800  0.16   475.   475.   475.     
 19.000   67.1680  0.6105  0.80 202.79  2.31 -0.05  115.4000  1.6660  0.33   474.   474.   474.     
 20.000   56.9460  0.5050  0.62 207.50  2.20  0.10   95.6200  1.2650  0.52   469.   469.   469.     
 21.000   48.4440  0.4308  0.58 211.59  2.17  0.06   79.7700  0.9971  0.28   456.   456.   456.     
 22.000   41.3410  0.4048  0.81 215.07  2.05 -0.06   66.9700  0.8340  0.58   455.   455.   455.     
 23.000   35.3730  0.3434  0.66 217.90  1.84 -0.01   56.5600  0.6658  0.40   449.   449.   449.     
 24.000   30.3000  0.3044  0.55 220.57  2.19  0.16   47.8600  0.6492  0.29   448.   448.   448.     
 25.000   26.0220  0.2639  0.43 223.29  2.11  0.10   40.6000  0.5406  0.58   448.   448.   448.     
 26.000   22.3820  0.2224  0.14 225.65  2.10  0.00   34.5600  0.4071  0.22   431.   431.   431.     
 27.000   19.2830  0.1942  0.00 227.59  2.15  0.33   29.5200  0.3409  0.18   401.   401.   401.     
 28.000   16.6330  0.1740 -0.12 229.42  1.89  0.31   25.2600  0.2732  0.05   395.   395.   395.     
 29.000   14.3630  0.1526 -0.09 231.08  1.79  0.27   21.6500  0.2603  0.11   335.   335.   335.     
 30.000   12.4240  0.1332 -0.07 232.86  1.85 -0.24   18.5900  0.2355  0.08   332.   332.   332.     
 32.000    9.3400  0.1481  0.80 238.13  4.13  0.18   13.6600  0.2507  0.17    64.    66.    64.     
 34.000    7.0570  0.1277  0.73 243.19  4.19  0.02   10.1100  0.1890 -0.11    64.    66.    64.     
 36.000    5.3620  0.1040  0.55 248.78  3.76 -0.02    7.5090  0.1473  0.56    63.    65.    63.     
 38.000    4.1030  0.0882  0.41 254.54  4.20 -0.06    5.6140  0.0919  0.42    63.    65.    63.     
 40.000    3.1580  0.0756  0.33 259.54  4.16  0.03    4.2360  0.0870  0.51    63.    65.    63.     
 42.000    2.4430  0.0627  0.26 264.46  3.68 -0.18    3.2180  0.0756  0.38    63.    66.    63.     
 44.000    1.8980  0.0510  0.18 267.64  3.87  0.37    2.4710  0.0618  0.34    63.    65.    63.     
 46.000    1.4780  0.0419  0.17 269.45  4.21  1.08    1.9110  0.0523  0.34    61.    61.    61.     
 48.000    1.1520  0.0341  0.20 269.60  4.45  0.43    1.4880  0.0418  0.25    61.    59.    61.     
 50.000    0.8990  0.0276  0.24 268.66  5.26  0.62    1.1660  0.0324  0.89    60.    62.    60.     
 52.000    0.7000  0.0232  0.27 265.77  5.51  0.28    0.9170  0.0251  0.53    60.    61.    60.     
 54.000    0.5430  0.0197  0.32 263.33  6.34  0.09    0.7190  0.0213  0.23    60.    64.    60.     
 56.000    0.4190  0.0171  0.56 259.31  6.49  0.27    0.5620  0.0186  0.07    58.    61.    58.     
 58.000    0.3230  0.0144  0.54 255.11  7.23  0.29    0.4420  0.0155  0.14    57.    61.    57.     
 60.000    0.2470  0.0123  0.62 250.69  8.09  0.11    0.3440  0.0125  0.49    56.    60.    56.     
 62.000    0.1890  0.0104 -0.16 245.24  8.72  0.15    0.2680  0.0106  0.05    35.    38.    35.     
 64.000    0.1440  0.0077  0.22 236.96  9.01  0.89    0.2110  0.0078 -0.33    12.    15.    12.     
 66.000    1.0000  0.0000 99.99 999.99 99.99 99.99    1.0000  0.0000 99.99     4.     4.     4.     
 68.000    0.0000  0.0000  0.00   0.00  0.00  0.00    0.0000  0.0000  0.00     0.     0.     0.     
 70.000    0.0000  0.0000  0.00   0.00  0.00  0.00    0.0000  0.0000  0.00     0.     0.     0.     
     T A B L E  II -  6.  T H E R M O D Y N A M I C  S T A T I S T I C A L  P A R A M E T E R S     
                                              JUNE                                                  
 STATION =   619020     ASCENSION ISLAND                                                            
    Z      MEAN P   SD P  SKEWP MEAN T  SD T SKEWT    MEAN D    SD D SKEWD  NOBSP  NOBST  NOBSD     
    KM       MB        MB       DEG K  DEG K            G/M3    G/M3                                
  0.000 1009.1001  1.6575  0.01 299.50  1.11 -0.51 1164.0000  5.2960  0.20   368.   368.   368.     
  0.020 1006.8000  1.6003  0.01 299.44  1.09 -0.49 1162.0000  5.1820  0.19   426.   426.   426.     
  1.000  905.8101  1.4684  0.25 290.65  1.06  0.12 1079.0000  4.4460  0.04   447.   447.   447.     
  2.000  805.2600  1.4449 -0.13 286.46  2.09  0.05  975.5000  7.0320 -0.03   447.   447.   447.     
  3.000  714.9600  1.3808 -0.23 283.75  1.42 -0.39  875.7000  4.7760  0.25   447.   447.   447.     
  4.000  633.3401  1.3375 -0.03 277.92  1.30  0.17  792.3000  4.2700 -0.05   447.   447.   447.     
  5.000  559.7300  1.2518  0.04 272.20  1.28 -0.22  715.1001  3.8740  0.20   447.   447.   447.     
  6.000  493.4099  1.2598  0.20 266.52  1.41 -0.25  643.8000  3.5890  0.41   447.   447.   447.     
  7.000  433.6399  1.2499  0.49 260.55  1.47  0.05  578.7000  3.2970  0.08   447.   447.   447.     
  8.000  379.9600  1.2785  0.56 253.90  1.35  0.37  520.3000  3.1350 -0.47   447.   447.   447.     
  9.000  331.6799  1.2646  0.76 246.50  1.40  0.43  467.8999  3.2290 -1.00   444.   444.   444.     
 10.000  288.3401  1.2679  0.81 238.38  1.42  0.39  420.6001  2.9140 -1.33   444.   444.   444.     
 11.000  249.5300  1.2498  0.72 230.24  1.49  0.34  377.5000  1.7650 -0.31   444.   444.   444.     
 12.000  214.5600  1.2318  0.77 222.25  1.40  0.35  336.3000  1.5510 -0.17   443.   443.   443.     
 13.000  183.8100  1.1738  0.72 214.56  1.38  0.72  298.3999  1.5550 -0.37   442.   442.   442.     
 14.000  156.5200  1.1072  0.81 207.63  1.48  0.72  262.6001  1.6860 -0.22   442.   442.   442.     
 15.000  132.6000  1.0141  0.94 202.08  1.61  0.34  228.6000  1.9770  0.01   439.   439.   439.     
 16.000  111.9200  0.9182  1.00 198.41  1.76  0.27  196.5000  2.1130  0.08   439.   439.   439.     
 17.000   94.3120  0.8115  1.09 197.45  2.05 -0.06  166.4000  2.2390  0.21   434.   434.   434.     
 18.000   79.4940  0.6895  1.08 200.35  2.67 -0.03  138.3000  2.2920  0.48   432.   432.   432.     
 19.000   67.2670  0.5837  0.94 205.01  2.41  0.04  114.3000  1.7310  0.58   431.   431.   431.     
 20.000   57.1340  0.4796  0.75 209.41  2.21  0.03   95.0600  1.3420  0.63   428.   428.   428.     
 21.000   48.6620  0.3989  0.57 212.74  2.26 -0.04   79.7000  1.1200  0.73   416.   416.   416.     
 22.000   41.5530  0.3502  0.54 215.62  1.98 -0.15   67.1400  0.8212  0.60   412.   412.   412.     
 23.000   35.5610  0.2966  0.36 218.04  1.98 -0.04   56.8200  0.6714  0.66   407.   407.   407.     
 24.000   30.4640  0.2674  0.19 220.66  2.27  0.30   48.1000  0.5913  0.25   405.   405.   405.     
 25.000   26.1620  0.2348  0.01 223.09  2.21  0.29   40.8600  0.4740  0.49   402.   402.   402.     
 26.000   22.5000  0.2112 -0.13 225.17  2.09  0.09   34.8100  0.3767  0.63   385.   385.   385.     
 27.000   19.3730  0.1883 -0.28 227.08  2.19  0.31   29.7200  0.3235  0.11   360.   360.   360.     
 28.000   16.7050  0.1702 -0.34 228.58  1.98  0.34   25.4600  0.2735  0.14   349.   349.   349.     
 29.000   14.4220  0.1537 -0.10 229.96  2.18  0.35   21.8500  0.2735  0.16   294.   294.   294.     
 30.000   12.4690  0.1378  0.04 232.00  2.11 -0.16   18.7200  0.2364 -0.04   287.   287.   287.     
 32.000    9.3460  0.1207  0.90 237.14  3.80 -0.13   13.7400  0.2292  0.16    55.    56.    55.     
 34.000    7.0550  0.1083  0.73 242.14  4.80 -0.19   10.1500  0.1768 -0.10    55.    56.    55.     
 36.000    5.3540  0.0982  0.55 246.53  4.38 -0.11    7.5670  0.1029 -0.06    55.    56.    55.     
 38.000    4.0850  0.0860  0.45 251.36  3.81 -0.28    5.6620  0.1012  0.12    55.    56.    55.     
 40.000    3.1340  0.0734  0.32 256.09  3.68 -0.73    4.2610  0.0839  0.52    55.    56.    55.     
 42.000    2.4150  0.0604  0.23 260.14  3.52 -0.41    3.2360  0.0774  0.11    55.    56.    55.     
 44.000    1.8690  0.0490  0.13 264.05  3.58 -0.66    2.4640  0.0598  0.41    55.    55.    55.     
 46.000    1.4520  0.0407 -0.02 266.33  3.88 -0.04    1.8970  0.0466  0.32    54.    53.    54.     
 48.000    1.1290  0.0341 -0.07 267.76  5.01  0.55    1.4680  0.0362  0.10    54.    53.    54.     
 50.000    0.8790  0.0289 -0.05 267.92  4.99  0.35    1.1420  0.0317  0.27    54.    51.    54.     
 52.000    0.6840  0.0241  0.01 265.81  5.15 -0.30    0.8950  0.0279  0.17    54.    49.    54.     
 54.000    0.5320  0.0200  0.11 263.54  4.98 -0.78    0.7030  0.0235 -0.15    54.    55.    54.     
 56.000    0.4110  0.0163  0.25 259.59  5.49 -0.47    0.5520  0.0202 -0.20    52.    53.    52.     
 58.000    0.3160  0.0143  0.41 254.62  6.71 -0.32    0.4320  0.0160  0.06    47.    48.    47.     
 60.000    0.2420  0.0122  0.39 248.39  7.51 -0.21    0.3390  0.0130  0.15    43.    44.    43.     
 62.000    0.1830  0.0109  0.34 241.20  7.74  0.05    0.2640  0.0124 -0.05    26.    26.    26.     
 64.000    0.1350  0.0076  0.45 234.16  5.81 -0.43    0.2010  0.0123  0.33    15.    15.    15.     
 66.000    0.1030  0.0061  0.05 226.41  5.42 -0.47    0.1590  0.0090  0.12     8.     8.     8.     
 68.000    0.0000  0.0000  0.00   0.00  0.00  0.00    0.0000  0.0000  0.00     0.     0.     0.     
 70.000    0.0000  0.0000  0.00   0.00  0.00  0.00    0.0000  0.0000  0.00     0.     0.     0.     
     T A B L E  II -  7.  T H E R M O D Y N A M I C  S T A T I S T I C A L  P A R A M E T E R S     
                                              JULY                                                  
 STATION =   619020     ASCENSION ISLAND                                                            
    Z      MEAN P   SD P  SKEWP MEAN T  SD T SKEWT    MEAN D    SD D SKEWD  NOBSP  NOBST  NOBSD     
    KM       MB        MB       DEG K  DEG K            G/M3    G/M3                                
  0.000 1010.3999  1.3998  0.33 298.62  0.97 -0.39 1170.0000  4.6030  0.48   396.   396.   396.     
  0.020 1008.1001  1.3913  0.26 298.55  0.96 -0.44 1167.0000  4.4890  0.52   451.   451.   451.     
  1.000  906.5100  1.3399  0.33 289.72  1.03  0.04 1084.0000  4.2180  0.07   461.   461.   461.     
  2.000  805.5901  1.2789  0.05 285.83  2.45  0.13  978.3000  7.9890 -0.05   461.   461.   461.     
  3.000  715.0200  1.2901 -0.12 282.87  1.44 -0.52  878.6001  4.9140  0.05   461.   461.   461.     
  4.000  633.2400  1.2548 -0.20 277.36  1.36 -0.35  793.8999  4.4010 -0.03   461.   461.   461.     
  5.000  559.5100  1.2094 -0.33 272.05  1.32 -0.37  715.2000  3.7510  0.06   461.   461.   461.     
  6.000  493.1799  1.2214 -0.29 266.35  1.25  0.16  643.8999  3.3700 -0.36   461.   461.   461.     
  7.000  433.3601  1.1658 -0.20 259.91  1.25  0.21  579.8000  3.2770 -0.34   460.   460.   460.     
  8.000  379.5500  1.1638 -0.04 252.86  1.29  0.01  521.8999  3.2090 -0.56   459.   459.   459.     
  9.000  331.1201  1.1447 -0.04 245.23  1.37  0.05  469.6001  2.9870 -0.86   458.   458.   458.     
 10.000  287.6299  1.1575 -0.02 237.14  1.36 -0.16  421.8000  2.6260 -1.04   455.   455.   455.     
 11.000  248.7400  1.1420 -0.12 229.12  1.41  0.04  378.2000  1.7020  0.19   454.   454.   454.     
 12.000  213.7600  1.1049 -0.11 221.32  1.27  0.03  336.5000  1.4960  0.13   453.   453.   453.     
 13.000  183.0200  1.0637 -0.11 213.99  1.38  0.17  297.8999  1.5810 -0.19   450.   450.   450.     
 14.000  155.8100  0.9901 -0.05 207.64  1.41 -0.07  261.3999  1.7900 -0.15   450.   450.   450.     
 15.000  132.0300  0.9071  0.03 202.62  1.50  0.19  227.0000  1.8090 -0.02   449.   449.   449.     
 16.000  111.5300  0.8055  0.14 199.39  1.46  0.04  194.9000  1.7670  0.08   447.   447.   447.     
 17.000   94.0970  0.7066  0.32 199.36  1.88 -0.02  164.4000  2.0750  0.21   441.   441.   441.     
 18.000   79.4700  0.6153  0.40 202.89  2.37 -0.07  136.5000  1.9700  0.13   441.   441.   441.     
 19.000   67.3760  0.5296  0.65 207.03  2.39  0.08  113.4000  1.6360  0.24   440.   440.   440.     
 20.000   57.3160  0.4389  0.77 210.93  2.23  0.08   94.6700  1.2470  0.34   430.   430.   430.     
 21.000   48.8680  0.3751  0.67 214.01  2.19  0.19   79.5500  1.0010  0.36   416.   416.   416.     
 22.000   41.7600  0.3374  0.74 216.20  2.31  0.48   67.3000  0.8509 -0.01   411.   411.   411.     
 23.000   35.7470  0.2939  0.62 218.23  2.24  0.59   57.0700  0.6466 -0.06   405.   405.   405.     
 24.000   30.6230  0.2692  0.48 220.02  2.40  0.43   48.4900  0.5667  0.24   406.   406.   406.     
 25.000   26.2880  0.2284  0.13 222.19  2.33  0.32   41.2200  0.4727  0.38   391.   391.   391.     
 26.000   22.5940  0.2067  0.04 224.29  2.29  0.30   35.1000  0.4010  0.67   381.   381.   381.     
 27.000   19.4430  0.1869 -0.04 226.19  2.28  0.26   29.9500  0.3287  0.19   357.   357.   357.     
 28.000   16.7560  0.1691  0.07 227.49  2.11  0.09   25.6600  0.2537  0.02   350.   350.   350.     
 29.000   14.4470  0.1495  0.23 228.59  2.16 -0.22   22.0200  0.2403  0.08   291.   291.   291.     
 30.000   12.4760  0.1359  0.22 230.33  2.34 -0.70   18.8700  0.2299  0.27   285.   285.   285.     
 32.000    9.2940  0.1394 -0.21 234.96  4.88  0.00   13.7800  0.2425  0.27    73.    76.    73.     
 34.000    6.9920  0.1325 -0.12 239.34  5.35 -0.14   10.1800  0.1717  0.19    73.    76.    73.     
 36.000    5.2860  0.1203 -0.21 243.36  4.24  0.18    7.5630  0.1138 -0.01    72.    75.    72.     
 38.000    4.0210  0.1051 -0.18 248.92  4.30  0.18    5.6220  0.1107  0.03    72.    75.    72.     
 40.000    3.0770  0.0901 -0.15 254.39  4.94  0.35    4.2130  0.0924 -0.03    72.    75.    72.     
 42.000    2.3680  0.0768 -0.08 258.93  4.51  0.20    3.1850  0.0824 -0.20    72.    75.    72.     
 44.000    1.8310  0.0631 -0.01 263.37  4.83 -0.56    2.4210  0.0810  0.00    72.    75.    72.     
 46.000    1.4220  0.0509  0.04 267.39  5.41 -0.05    1.8510  0.0662  0.16    72.    73.    72.     
 48.000    1.1060  0.0417  0.06 268.44  5.95  0.06    1.4340  0.0521  0.24    71.    68.    71.     
 50.000    0.8620  0.0360  0.41 268.42  5.57  0.42    1.1180  0.0425  0.50    71.    68.    71.     
 52.000    0.6720  0.0293  0.48 267.69  5.11  0.00    0.8730  0.0350 -0.07    71.    68.    71.     
 54.000    0.5220  0.0238  0.54 264.98  5.26 -0.06    0.6870  0.0297  0.30    70.    72.    70.     
 56.000    0.4050  0.0191  0.61 261.34  5.33 -0.24    0.5400  0.0241  0.55    70.    72.    70.     
 58.000    0.3130  0.0160  0.66 256.84  6.81  0.10    0.4240  0.0190  0.53    65.    68.    65.     
 60.000    0.2400  0.0140  0.65 251.97  8.06  0.18    0.3320  0.0174  0.90    55.    58.    55.     
 62.000    0.1810  0.0123  0.96 243.71  7.79 -0.27    0.2590  0.0154  0.47    38.    38.    38.     
 64.000    0.1350  0.0108  1.61 235.32  9.70  0.00    0.2000  0.0141  0.85    25.    25.    25.     
 66.000    0.1040  0.0114  1.20 230.16 14.74 -0.14    0.1570  0.0157  0.61    10.    10.    10.     
 68.000    0.0000  0.0000  0.00   0.00  0.00  0.00    0.0000  0.0000  0.00     0.     0.     0.     
 70.000    0.0000  0.0000  0.00   0.00  0.00  0.00    0.0000  0.0000  0.00     0.     0.     0.     
     T A B L E  II -  8.  T H E R M O D Y N A M I C  S T A T I S T I C A L  P A R A M E T E R S     
                                              AUGUST                                                
 STATION =   619020     ASCENSION ISLAND                                                            
    Z      MEAN P   SD P  SKEWP MEAN T  SD T SKEWT    MEAN D    SD D SKEWD  NOBSP  NOBST  NOBSD     
    KM       MB        MB       DEG K  DEG K            G/M3    G/M3                                
  0.000 1010.6001  1.5177  0.24 297.90  1.15 -0.72 1173.0000  5.3860  0.54   390.   390.   390.     
  0.020 1008.3000  1.4668  0.26 297.83  1.12 -0.75 1171.0000  5.1390  0.58   461.   461.   461.     
  1.000  906.3999  1.3832  0.38 288.95  0.94  0.23 1087.0000  4.0180 -0.22   477.   477.   477.     
  2.000  805.3899  1.2947  0.21 286.71  2.80 -0.30  975.5000  9.2860  0.38   477.   477.   477.     
  3.000  714.9700  1.3119 -0.02 283.08  1.45 -0.44  878.0000  4.9590  0.10   477.   477.   477.     
  4.000  633.1699  1.2189 -0.09 277.20  1.37 -0.37  794.3999  4.4080  0.14   477.   477.   477.     
  5.000  559.4399  1.1645 -0.01 272.00  1.32 -0.28  715.3999  3.8230  0.24   477.   477.   477.     
  6.000  493.1499  1.1287 -0.13 266.40  1.31 -0.17  643.8999  3.4180 -0.09   477.   477.   477.     
  7.000  433.3401  1.1177 -0.04 260.12  1.28 -0.03  579.3999  3.0470 -0.28   477.   477.   477.     
  8.000  379.6101  1.1251 -0.04 253.24  1.26  0.18  521.3999  2.9670 -0.57   476.   476.   476.     
  9.000  331.2300  1.1168  0.04 245.53  1.40  0.12  469.3000  2.9920 -0.65   474.   474.   474.     
 10.000  287.7800  1.1398  0.16 237.35  1.37  0.47  421.8000  2.5990 -0.93   473.   473.   473.     
 11.000  248.8900  1.1248  0.22 229.37  1.39  0.64  378.0000  1.9070 -0.56   471.   471.   471.     
 12.000  213.9400  1.0937  0.39 221.67  1.36  0.61  336.2000  1.5500  0.03   471.   471.   471.     
 13.000  183.2200  1.0602  0.44 214.32  1.54  0.39  297.8000  1.5960 -0.13   471.   471.   471.     
 14.000  156.0100  1.0168  0.44 207.89  1.61  0.23  261.3999  1.6860 -0.24   470.   470.   470.     
 15.000  132.2200  0.9364  0.51 202.82  1.51  0.64  227.1000  1.8350  0.06   470.   470.   470.     
 16.000  111.7100  0.8475  0.58 199.72  1.51  0.23  194.9000  1.8790  0.18   470.   470.   470.     
 17.000   94.2710  0.7394  0.71 199.58  1.79  0.29  164.6000  2.0860  0.17   467.   467.   467.     
 18.000   79.6290  0.6449  0.89 203.14  2.32  0.07  136.6000  2.0780  0.40   466.   466.   466.     
 19.000   67.5270  0.5398  0.86 207.41  2.41 -0.32  113.4000  1.6980  0.86   464.   464.   464.     
 20.000   57.4440  0.4501  0.62 211.18  2.24 -0.10   94.7700  1.2570  0.45   461.   461.   461.     
 21.000   48.9860  0.3840  0.51 214.25  2.36  0.63   79.6600  0.9979  0.09   449.   449.   449.     
 22.000   41.8620  0.3460  0.41 216.19  2.34  0.60   67.4600  0.8161  0.40   446.   446.   446.     
 23.000   35.8240  0.3090  0.28 217.84  2.33  0.40   57.2900  0.6229  0.49   441.   441.   441.     
 24.000   30.6810  0.2876  0.18 219.37  2.39  0.26   48.7300  0.5468  0.53   440.   440.   440.     
 25.000   26.3170  0.2655  0.09 221.46  2.30  0.15   41.4000  0.4570  0.31   431.   431.   431.     
 26.000   22.6070  0.2422  0.09 223.42  2.11  0.35   35.2500  0.3648  0.19   416.   416.   416.     
 27.000   19.4430  0.2219  0.14 225.07  2.14  0.25   30.1000  0.3290  0.09   389.   389.   389.     
 28.000   16.7390  0.1975  0.07 226.30  2.11 -0.03   25.7700  0.3119  0.05   380.   380.   380.     
 29.000   14.4240  0.1721  0.09 227.64  2.22  0.15   22.0700  0.2953 -0.05   328.   328.   328.     
 30.000   12.4510  0.1533  0.12 229.59  2.24 -0.22   18.8900  0.2651 -0.12   314.   314.   314.     
 32.000    9.2290  0.1461  0.15 234.59  4.00 -0.65   13.7100  0.2540  0.38    72.    74.    72.     
 34.000    6.9390  0.1289 -0.02 238.36  3.63 -0.32   10.1400  0.1441  0.03    72.    74.    72.     
 36.000    5.2400  0.1106 -0.21 243.15  4.20 -0.27    7.5100  0.1205  0.29    71.    74.    71.     
 38.000    3.9850  0.0955 -0.34 248.80  4.02 -0.18    5.5790  0.1029  0.24    71.    74.    71.     
 40.000    3.0510  0.0813 -0.40 255.00  4.37 -0.30    4.1700  0.0916 -0.11    71.    74.    71.     
 42.000    2.3500  0.0679 -0.42 260.95  4.28 -0.02    3.1360  0.0835 -0.07    71.    73.    71.     
 44.000    1.8220  0.0555 -0.45 266.24  4.59 -0.18    2.3810  0.0684 -0.27    71.    71.    71.     
 46.000    1.4180  0.0457 -0.49 269.79  3.65 -0.29    1.8290  0.0528 -0.39    71.    65.    71.     
 48.000    1.1060  0.0371 -0.47 270.68  4.34  0.13    1.4230  0.0470 -0.44    70.    67.    70.     
 50.000    0.8630  0.0297 -0.42 269.86  4.68  0.39    1.1130  0.0385 -0.45    70.    66.    70.     
 52.000    0.6720  0.0234 -0.41 267.29  4.09  0.18    0.8760  0.0313 -0.52    67.    68.    67.     
 54.000    0.5220  0.0185 -0.30 263.91  4.60 -0.28    0.6890  0.0257 -0.69    67.    67.    67.     
 56.000    0.4050  0.0158  0.15 260.07  4.72 -0.26    0.5420  0.0215  0.26    66.    67.    66.     
 58.000    0.3120  0.0125  0.12 255.63  6.26  0.33    0.4250  0.0163  0.68    62.    64.    62.     
 60.000    0.2390  0.0100  0.25 250.59  7.30  0.05    0.3320  0.0131 -0.04    58.    60.    58.     
 62.000    0.1820  0.0084  0.61 245.25  9.19 -0.10    0.2580  0.0121  1.05    44.    45.    44.     
 64.000    0.1380  0.0070  0.30 239.83  9.29  0.21    0.1990  0.0077  0.65    20.    21.    20.     
 66.000    0.1050  0.0056 -0.38 238.16 16.46 -0.27    0.1540  0.0120  1.13     7.     7.     7.     
 68.000    0.0000  0.0000  0.00   0.00  0.00  0.00    0.0000  0.0000  0.00     0.     0.     0.     
 70.000    0.0000  0.0000  0.00   0.00  0.00  0.00    0.0000  0.0000  0.00     0.     0.     0.     
     T A B L E  II -  9.  T H E R M O D Y N A M I C  S T A T I S T I C A L  P A R A M E T E R S     
                                              SEPTEMBER                                             
 STATION =   619020     ASCENSION ISLAND                                                            
    Z      MEAN P   SD P  SKEWP MEAN T  SD T SKEWT    MEAN D    SD D SKEWD  NOBSP  NOBST  NOBSD     
    KM       MB        MB       DEG K  DEG K            G/M3    G/M3                                
  0.000 1010.3000  1.3825 -0.03 297.65  1.17 -0.32 1174.0000  5.3930  0.18   365.   365.   365.     
  0.020 1007.8999  1.3714 -0.04 297.57  1.16 -0.32 1171.0000  5.3530  0.15   410.   410.   410.     
  1.000  906.0100  1.2583 -0.03 288.74  0.85  0.23 1087.0000  3.5660 -0.13   410.   410.   410.     
  2.000  805.2200  1.1663 -0.18 288.09  2.24 -0.94  970.8999  7.6030  0.92   410.   410.   410.     
  3.000  715.0601  1.1985 -0.25 283.19  1.40  0.00  877.8000  4.3510 -0.06   410.   410.   410.     
  4.000  633.2500  1.1869 -0.16 276.80  1.25 -0.21  795.7000  3.9530 -0.09   410.   410.   410.     
  5.000  559.4299  1.1112 -0.18 271.81  1.27  0.01  716.0000  3.6120 -0.05   410.   410.   410.     
  6.000  493.1101  1.0886 -0.12 266.46  1.28  0.03  643.8000  3.2950 -0.22   410.   410.   410.     
  7.000  433.3301  1.0798  0.03 260.28  1.27  0.03  579.2000  2.8260 -0.58   410.   410.   410.     
  8.000  379.5901  1.0993  0.21 253.23  1.16  0.30  521.3999  2.6670 -0.62   409.   409.   409.     
  9.000  331.2000  1.0964  0.32 245.52  1.29  0.40  469.2000  2.7030 -0.78   409.   409.   409.     
 10.000  287.7400  1.1099  0.49 237.43  1.34  0.37  421.6001  2.4740 -0.82   409.   409.   409.     
 11.000  248.8800  1.1080  0.56 229.51  1.34  0.17  377.8000  1.6600  0.14   409.   409.   409.     
 12.000  213.9100  1.0932  0.56 221.63  1.31  0.04  336.2000  1.4640  0.46   410.   410.   410.     
 13.000  183.1900  1.0425  0.59 214.22  1.37  0.70  297.8999  1.4170 -0.15   409.   409.   409.     
 14.000  155.9800  0.9927  0.70 207.81  1.47  0.63  261.5000  1.6040 -0.41   409.   409.   409.     
 15.000  132.1900  0.9038  0.84 202.80  1.29  0.32  227.1000  1.6260 -0.17   409.   409.   409.     
 16.000  111.6500  0.8189  0.77 199.47  1.23 -0.22  195.0000  1.7530  0.31   410.   410.   410.     
 17.000   94.2050  0.6888  0.83 199.02  1.67 -0.23  164.9000  2.0570  0.58   405.   405.   405.     
 18.000   79.5160  0.5643  0.91 202.65  2.44  0.35  136.7000  2.0290  0.06   402.   402.   402.     
 19.000   67.4130  0.4915  0.96 206.97  2.27 -0.11  113.5000  1.5520  0.50   403.   403.   403.     
 20.000   57.3290  0.4139  0.78 210.77  2.45  0.29   94.7700  1.2350  0.40   400.   400.   400.     
 21.000   48.8780  0.3668  0.70 213.78  2.73  0.61   79.6600  1.0200  0.25   385.   385.   385.     
 22.000   41.7620  0.3448  0.70 216.02  2.52  0.56   67.3600  0.7283  0.22   383.   383.   383.     
 23.000   35.7430  0.3227  0.74 218.00  2.20  0.44   57.1200  0.5264  0.39   372.   372.   372.     
 24.000   30.6150  0.3048  0.74 219.96  2.18  0.15   48.4900  0.5085  0.29   372.   372.   372.     
 25.000   26.2730  0.2808  0.74 221.88  2.35  0.04   41.2500  0.4796  0.16   368.   368.   368.     
 26.000   22.5700  0.2498  0.67 223.85  2.15 -0.09   35.1300  0.3875  0.14   350.   350.   350.     
 27.000   19.4170  0.2280  0.64 225.51  2.09 -0.01   30.0000  0.3560  0.29   317.   317.   317.     
 28.000   16.7240  0.2033  0.62 226.89  1.99 -0.05   25.6800  0.3285  0.31   314.   314.   314.     
 29.000   14.4170  0.1735  0.66 228.26  2.22  0.11   22.0000  0.3030  0.39   255.   255.   255.     
 30.000   12.4520  0.1546  0.58 230.33  2.06 -0.24   18.8300  0.2596  0.47   251.   251.   251.     
 32.000    9.2760  0.1944 -0.28 236.24  5.12  0.09   13.6700  0.2357 -0.07    74.    81.    73.     
 34.000    6.9990  0.1691 -0.31 241.53  4.34 -0.39   10.0900  0.2146  0.03    73.    80.    73.     
 36.000    5.3110  0.1432 -0.26 247.11  5.00  0.15    7.4850  0.1587 -0.13    73.    80.    73.     
 38.000    4.0590  0.1249 -0.29 253.53  4.83 -0.31    5.5710  0.1139  0.07    73.    80.    73.     
 40.000    3.1220  0.1050 -0.32 258.63  3.98  0.07    4.2020  0.1150 -0.07    73.    80.    73.     
 42.000    2.4120  0.0854 -0.28 262.52  4.14  0.09    3.2000  0.1027 -0.38    73.    80.    73.     
 44.000    1.8720  0.0696 -0.25 267.48  5.22  0.54    2.4380  0.0807 -0.16    73.    79.    73.     
 46.000    1.4580  0.0573 -0.16 270.27  5.50  0.07    1.8790  0.0656 -0.31    73.    74.    73.     
 48.000    1.1390  0.0471 -0.03 271.98  5.12  0.06    1.4580  0.0543 -0.40    73.    71.    73.     
 50.000    0.8900  0.0386  0.11 271.19  4.71  0.20    1.1430  0.0466 -0.40    72.    72.    72.     
 52.000    0.6930  0.0283 -0.23 268.41  4.55 -0.63    0.8990  0.0385 -0.19    71.    76.    71.     
 54.000    0.5390  0.0228 -0.17 265.16  4.76 -0.26    0.7080  0.0286 -0.25    69.    75.    69.     
 56.000    0.4180  0.0186 -0.04 260.88  5.49  0.25    0.5580  0.0206 -0.42    69.    76.    69.     
 58.000    0.3230  0.0159  0.10 256.94  6.41 -0.04    0.4380  0.0180 -0.14    69.    76.    69.     
 60.000    0.2470  0.0125  0.07 252.19  6.92 -0.15    0.3420  0.0151  0.40    66.    72.    66.     
 62.000    0.1880  0.0101  0.17 247.05  7.14 -0.29    0.2650  0.0125  0.60    53.    57.    53.     
 64.000    0.1410  0.0072  0.01 243.40  8.16 -0.28    0.2030  0.0104  1.14    31.    34.    31.     
 66.000    0.1050  0.0056 -0.07 235.66  8.85 -1.55    0.1550  0.0107  1.08    11.    12.    11.     
 68.000    0.0000  0.0000  0.00   0.00  0.00  0.00    0.0000  0.0000  0.00     0.     0.     0.     
 70.000    0.0000  0.0000  0.00   0.00  0.00  0.00    0.0000  0.0000  0.00     0.     0.     0.     
     T A B L E  II - 10.  T H E R M O D Y N A M I C  S T A T I S T I C A L  P A R A M E T E R S     
                                              OCTOBER                                               
 STATION =   619020     ASCENSION ISLAND                                                            
    Z      MEAN P   SD P  SKEWP MEAN T  SD T SKEWT    MEAN D    SD D SKEWD  NOBSP  NOBST  NOBSD     
    KM       MB        MB       DEG K  DEG K            G/M3    G/M3                                
  0.000 1009.1001  1.5166  0.00 297.71  1.16 -0.15 1172.0000  5.4130  0.22   388.   388.   388.     
  0.020 1006.8000  1.5137 -0.02 297.67  1.15 -0.19 1169.0000  5.3350  0.23   427.   427.   427.     
  1.000  905.0801  1.3011  0.15 288.87  0.86  0.34 1085.0000  3.9730 -0.18   433.   433.   433.     
  2.000  804.6699  1.2103  0.11 289.03  1.86 -1.04  966.8999  6.4020  0.71   433.   433.   433.     
  3.000  714.7600  1.1991 -0.02 283.63  1.10 -0.42  875.8999  3.5720  0.10   433.   433.   433.     
  4.000  633.1101  1.1643  0.01 277.19  1.14  0.08  794.3999  3.5440 -0.38   433.   433.   433.     
  5.000  559.3701  1.0625 -0.03 271.84  1.32 -0.04  715.8999  3.9030 -0.18   433.   433.   433.     
  6.000  493.0400  1.0592 -0.07 266.25  1.38 -0.16  644.3000  3.3790  0.02   433.   433.   433.     
  7.000  433.2500  1.0576 -0.04 260.25  1.28 -0.17  579.2000  2.7520 -0.15   433.   433.   433.     
  8.000  379.5400  1.0635  0.00 253.46  1.24 -0.21  521.0000  2.6420  0.07   433.   433.   433.     
  9.000  331.2000  1.0444  0.03 245.92  1.23 -0.14  468.6001  2.4030 -0.39   432.   432.   432.     
 10.000  287.8301  1.0967  0.01 237.93  1.23  0.12  420.8000  2.0980 -0.71   432.   432.   432.     
 11.000  249.0200  1.0936  0.00 229.91  1.26  0.43  377.3000  1.5300 -0.48   432.   432.   432.     
 12.000  214.0700  1.0540  0.10 221.97  1.14  0.41  336.0000  1.3220 -0.25   431.   431.   431.     
 13.000  183.3600  0.9793  0.08 214.31  1.13  0.32  298.1001  1.3610 -0.10   430.   430.   430.     
 14.000  156.1100  0.9057  0.15 207.48  1.23  0.23  262.1001  1.5210 -0.45   430.   430.   430.     
 15.000  132.2400  0.8307  0.21 201.94  1.34  0.36  228.1000  1.6880 -0.07   429.   429.   429.     
 16.000  111.6100  0.7506  0.27 198.45  1.39 -0.07  195.9000  1.7450  0.32   429.   429.   429.     
 17.000   94.0610  0.6341  0.31 197.56  1.86 -0.48  165.9000  2.0790  0.56   427.   427.   427.     
 18.000   79.2830  0.5380  0.32 200.60  2.63 -0.11  137.7000  2.1230  0.31   427.   427.   427.     
 19.000   67.1080  0.4639  0.45 205.30  2.50 -0.26  113.9000  1.5310  0.25   425.   425.   425.     
 20.000   57.0050  0.4095  0.26 209.31  2.62  0.34   94.8900  1.1690  0.13   421.   421.   421.     
 21.000   48.5450  0.3878  0.14 212.36  2.80  0.43   79.6500  0.9366  0.10   406.   406.   406.     
 22.000   41.4350  0.3785  0.15 214.83  2.69  0.38   67.2000  0.7196  0.01   404.   404.   404.     
 23.000   35.4400  0.3599  0.20 217.07  2.47  0.17   56.8800  0.5238  0.32   396.   396.   396.     
 24.000   30.3390  0.3442  0.24 219.45  2.63  0.21   48.1600  0.4997  0.00   395.   395.   395.     
 25.000   26.0210  0.3140  0.18 221.50  2.46 -0.27   40.9300  0.4527  0.25   385.   385.   385.     
 26.000   22.3500  0.2850  0.19 223.60  2.32 -0.15   34.8200  0.4037  0.24   369.   369.   369.     
 27.000   19.2180  0.2528  0.20 225.69  2.26  0.09   29.6700  0.3878  0.07   330.   330.   330.     
 28.000   16.5610  0.2271  0.15 227.82  2.28  0.03   25.3300  0.3657 -0.05   326.   326.   326.     
 29.000   14.2780  0.1915  0.11 229.88  2.43  0.12   21.6400  0.3411  0.01   274.   274.   274.     
 30.000   12.3430  0.1691  0.12 232.12  2.32  0.05   18.5300  0.2942  0.08   268.   268.   268.     
 32.000    9.2630  0.1427 -0.09 238.28  3.98 -0.32   13.5500  0.1609 -0.04    73.    76.    73.     
 34.000    6.9980  0.1266 -0.15 242.48  3.94 -0.15   10.0600  0.1389  0.35    73.    76.    73.     
 36.000    5.3080  0.1268 -0.53 248.45  4.14 -0.19    7.4420  0.1476 -0.42    73.    77.    73.     
 38.000    4.0660  0.0963 -0.18 253.77  4.27 -0.04    5.5810  0.1077  0.13    73.    77.    73.     
 40.000    3.1270  0.0822 -0.25 259.28  4.14 -0.61    4.2010  0.0826  0.00    73.    77.    73.     
 42.000    2.4190  0.0686 -0.31 264.95  4.08 -0.30    3.1800  0.0725  0.04    74.    76.    74.     
 44.000    1.8810  0.0574 -0.40 269.10  3.47 -0.89    2.4320  0.0602  0.02    74.    70.    74.     
 46.000    1.4680  0.0475 -0.49 272.03  3.96  0.23    1.8780  0.0539 -0.23    73.    62.    73.     
 48.000    1.1480  0.0386 -0.44 272.91  3.91 -0.05    1.4650  0.0441 -0.68    73.    64.    73.     
 50.000    0.8970  0.0314 -0.33 271.73  3.68  0.15    1.1500  0.0372 -0.53    72.    68.    72.     
 52.000    0.7000  0.0251 -0.27 268.98  3.41 -0.05    0.9060  0.0317 -0.58    72.    67.    72.     
 54.000    0.5450  0.0204 -0.13 266.02  4.39 -0.12    0.7140  0.0233 -0.74    71.    73.    71.     
 56.000    0.4210  0.0166 -0.07 261.72  5.63 -0.28    0.5610  0.0176 -0.83    70.    72.    70.     
 58.000    0.3240  0.0132 -0.06 258.16  6.61 -0.26    0.4380  0.0143 -0.47    64.    67.    64.     
 60.000    0.2490  0.0110  0.02 253.70  6.92 -0.43    0.3420  0.0121 -0.22    58.    59.    58.     
 62.000    0.1880  0.0083 -0.03 246.98  7.19  0.33    0.2650  0.0101  0.26    45.    45.    45.     
 64.000    0.1430  0.0076 -0.01 239.92  6.13 -0.43    0.2070  0.0096  0.02    25.    25.    25.     
 66.000    0.1080  0.0074 -0.25 233.08  9.64 -0.75    0.1610  0.0077  0.52    13.    13.    13.     
 68.000    0.0000  0.0000  0.00   0.00  0.00  0.00    0.0000  0.0000  0.00     0.     0.     0.     
 70.000    0.0000  0.0000  0.00   0.00  0.00  0.00    0.0000  0.0000  0.00     0.     0.     0.     
     T A B L E  II - 11.  T H E R M O D Y N A M I C  S T A T I S T I C A L  P A R A M E T E R S     
                                              NOVEMBER                                              
 STATION =   619020     ASCENSION ISLAND                                                            
    Z      MEAN P   SD P  SKEWP MEAN T  SD T SKEWT    MEAN D    SD D SKEWD  NOBSP  NOBST  NOBSD     
    KM       MB        MB       DEG K  DEG K            G/M3    G/M3                                
  0.000 1008.0000  1.6294  0.05 298.18  1.11  0.07 1168.0000  5.6580  0.02   405.   405.   405.     
  0.020 1005.6001  1.6028  0.08 298.13  1.18 -0.05 1166.0000  5.8410  0.10   429.   429.   429.     
  1.000  904.2500  1.3315  0.14 289.36  1.10  0.79 1082.0000  4.5010 -0.46   430.   430.   430.     
  2.000  804.0400  1.2994  0.14 288.54  1.80 -0.89  967.6001  6.1830  0.74   430.   430.   430.     
  3.000  714.0601  1.2514  0.14 283.30  1.25 -0.29  876.0000  3.9830  0.05   430.   430.   430.     
  4.000  632.5200  1.1866  0.01 277.68  1.27 -0.01  792.2000  3.8830 -0.21   430.   430.   430.     
  5.000  558.9800  1.1276 -0.06 272.30  1.32 -0.20  714.1001  3.6390  0.01   430.   430.   430.     
  6.000  492.7900  1.1486  0.01 266.43  1.40 -0.16  643.5000  3.4900 -0.03   430.   430.   430.     
  7.000  433.0100  1.1560 -0.01 260.00  1.41 -0.01  579.3999  3.1010 -0.21   430.   430.   430.     
  8.000  379.2800  1.1795 -0.03 253.19  1.29 -0.01  521.2000  2.6790 -0.26   430.   430.   430.     
  9.000  330.9500  1.1798 -0.08 245.70  1.37 -0.25  468.6001  2.6800 -0.45   428.   428.   428.     
 10.000  287.5500  1.2283 -0.12 237.67  1.40 -0.39  420.8999  2.4670 -0.79   426.   426.   426.     
 11.000  248.7500  1.2259 -0.17 229.68  1.39 -0.23  377.3000  1.5100  0.02   426.   426.   426.     
 12.000  213.8300  1.1920 -0.11 221.82  1.26 -0.02  335.8000  1.2960  0.08   425.   425.   425.     
 13.000  183.1300  1.1300 -0.08 214.36  1.27  0.23  297.6001  1.4470 -0.24   424.   424.   424.     
 14.000  155.9400  1.0536  0.00 207.71  1.27  0.10  261.5000  1.5820 -0.12   424.   424.   424.     
 15.000  132.0900  0.9451  0.09 201.96  1.46  0.25  227.9000  1.8600 -0.57   423.   423.   423.     
 16.000  111.4700  0.8514  0.19 197.88  1.58 -0.05  196.2000  2.0040 -0.15   421.   421.   421.     
 17.000   93.8750  0.7249  0.30 196.58  1.74 -0.14  166.4000  2.0260  0.13   415.   415.   415.     
 18.000   79.0320  0.6129  0.39 198.93  2.45  0.15  138.4000  2.0620  0.33   412.   412.   412.     
 19.000   66.7900  0.5164  0.28 203.52  2.49  0.16  114.3000  1.5660  0.24   409.   409.   409.     
 20.000   56.6570  0.4572  0.15 207.60  2.42  0.40   95.0900  1.2010  0.27   406.   406.   406.     
 21.000   48.1880  0.4133  0.09 211.16  2.50  0.87   79.5100  0.9250 -0.01   393.   393.   393.     
 22.000   41.0960  0.3895  0.10 213.97  2.35  0.59   66.9100  0.7437  0.28   392.   392.   392.     
 23.000   35.1330  0.3521  0.18 216.41  1.92  0.48   56.5600  0.5373  0.23   387.   387.   387.     
 24.000   30.0570  0.3252  0.25 218.70  2.14 -0.03   47.8800  0.5452  0.04   386.   386.   386.     
 25.000   25.7740  0.2893  0.25 221.05  2.15 -0.04   40.6200  0.5187  0.14   382.   382.   382.     
 26.000   22.1360  0.2542  0.25 223.64  2.07  0.05   34.4800  0.4624  0.17   367.   367.   367.     
 27.000   19.0400  0.2183  0.21 226.35  2.37  0.33   29.3100  0.4280  0.13   334.   334.   334.     
 28.000   16.4140  0.1891  0.11 229.07  2.50  0.30   24.9700  0.3742  0.07   324.   324.   324.     
 29.000   14.1790  0.1673  0.21 231.37  2.52 -0.03   21.3500  0.3256  0.23   266.   266.   266.     
 30.000   12.2660  0.1462  0.17 233.49  2.42  0.15   18.3000  0.2636  0.29   263.   263.   263.     
 32.000    9.2040  0.1374 -0.16 238.01  3.80 -0.08   13.5000  0.2045  0.23    57.    69.    57.     
 34.000    6.9470  0.1139  0.01 242.38  5.07  0.27    9.9960  0.1990 -0.77    57.    69.    57.     
 36.000    5.2690  0.1031 -0.15 247.16  5.06 -0.12    7.4340  0.1462  0.13    57.    69.    57.     
 38.000    4.0260  0.0827 -0.14 253.45  5.81 -0.65    5.5380  0.1116  0.08    57.    69.    57.     
 40.000    3.0970  0.0738 -0.36 260.29  5.90 -0.22    4.1520  0.0707  0.09    57.    69.    57.     
 42.000    2.3990  0.0643 -0.50 266.09  5.26 -0.42    3.1380  0.0672  0.24    57.    68.    57.     
 44.000    1.8670  0.0548 -0.75 269.48  4.56 -0.71    2.4130  0.0569  0.13    57.    65.    57.     
 46.000    1.4560  0.0456 -0.92 271.26  4.98  0.05    1.8720  0.0537 -0.09    57.    60.    57.     
 48.000    1.1360  0.0373 -1.03 271.48  4.82  0.39    1.4620  0.0410 -0.23    57.    68.    57.     
 50.000    0.8860  0.0311 -1.01 269.78  5.48  0.42    1.1470  0.0327 -0.84    57.    65.    57.     
 52.000    0.6920  0.0278 -0.55 267.60  5.76 -0.09    0.9020  0.0307 -0.12    58.    68.    58.     
 54.000    0.5390  0.0247 -0.22 264.90  6.21 -0.24    0.7090  0.0284  0.38    59.    69.    59.     
 56.000    0.4170  0.0206 -0.23 261.04  6.36 -0.28    0.5580  0.0236  0.26    56.    66.    56.     
 58.000    0.3220  0.0175 -0.19 257.38  7.41 -0.13    0.4380  0.0227  0.35    53.    64.    53.     
 60.000    0.2490  0.0130 -0.23 254.41  8.31  0.24    0.3420  0.0167  0.31    46.    56.    46.     
 62.000    0.1900  0.0096 -0.48 246.82  8.80  0.53    0.2680  0.0154  0.43    31.    38.    31.     
 64.000    0.1430  0.0088 -0.23 239.16  9.51  1.05    0.2090  0.0147 -0.11    17.    20.    17.     
 66.000    0.1080  0.0064 -0.75 227.46  8.92 -0.35    0.1670  0.0159 -0.27     9.    10.     9.     
 68.000    0.0000  0.0000  0.00   0.00  0.00  0.00    0.0000  0.0000  0.00     0.     0.     0.     
 70.000    0.0000  0.0000  0.00   0.00  0.00  0.00    0.0000  0.0000  0.00     0.     0.     0.     
     T A B L E  II - 12.  T H E R M O D Y N A M I C  S T A T I S T I C A L  P A R A M E T E R S     
                                              DECEMBER                                              
 STATION =   619020     ASCENSION ISLAND                                                            
    Z      MEAN P   SD P  SKEWP MEAN T  SD T SKEWT    MEAN D    SD D SKEWD  NOBSP  NOBST  NOBSD     
    KM       MB        MB       DEG K  DEG K            G/M3    G/M3                                
  0.000 1007.3000  1.6470 -0.04 298.66  1.20  0.01 1165.0000  5.9010  0.11   428.   428.   428.     
  0.020 1005.0000  1.6228 -0.06 298.60  1.19 -0.02 1163.0000  5.8280  0.14   453.   453.   453.     
  1.000  903.9399  1.4240 -0.08 290.09  1.25  0.67 1079.0000  5.1940 -0.47   453.   453.   453.     
  2.000  803.9900  1.3349 -0.05 288.89  1.83 -0.99  966.3000  6.0640  0.79   453.   453.   453.     
  3.000  714.1201  1.3180 -0.14 283.49  1.33 -0.54  875.3999  4.2190  0.25   453.   453.   453.     
  4.000  632.5801  1.2835 -0.17 277.33  1.36 -0.03  793.1001  3.9230 -0.07   453.   453.   453.     
  5.000  558.9900  1.2032 -0.10 272.10  1.42 -0.16  714.7000  4.1600  0.07   453.   453.   453.     
  6.000  492.7500  1.1843 -0.06 266.67  1.48  0.11  643.0000  3.5670 -0.12   453.   453.   453.     
  7.000  433.0300  1.1851  0.01 260.20  1.32  0.04  579.1001  2.6800 -0.24   452.   452.   452.     
  8.000  379.3201  1.2185  0.14 253.21  1.28 -0.15  521.3000  2.5610 -0.38   450.   450.   450.     
  9.000  330.9600  1.1971 -0.03 245.65  1.33 -0.33  468.8999  2.6100 -0.81   448.   448.   448.     
 10.000  287.5801  1.2136 -0.09 237.61  1.34 -0.35  421.2000  2.5290 -1.03   448.   448.   448.     
 11.000  248.7600  1.1946 -0.15 229.50  1.35 -0.27  377.6001  1.6990  0.24   448.   448.   448.     
 12.000  213.8100  1.1574 -0.09 221.66  1.36 -0.12  336.0000  1.5330  0.49   447.   447.   447.     
 13.000  183.1000  1.1071 -0.07 214.35  1.39 -0.11  297.6001  1.5030 -0.19   447.   447.   447.     
 14.000  155.9200  1.0521  0.01 207.73  1.50  0.39  261.5000  1.6670 -0.92   447.   447.   447.     
 15.000  132.0800  0.9638  0.19 201.97  1.69  0.53  227.8000  2.0280 -0.84   446.   446.   446.     
 16.000  111.4400  0.8707  0.30 197.56  1.80  0.36  196.5000  2.0920 -0.22   446.   446.   446.     
 17.000   93.7940  0.7436  0.38 195.37  1.99  0.04  167.3000  2.2060  0.24   439.   439.   439.     
 18.000   78.8760  0.6432  0.39 197.19  2.67  0.25  139.4000  2.2150  0.11   440.   440.   440.     
 19.000   66.5680  0.5555  0.29 201.99  2.76 -0.09  114.8000  1.6920  0.38   439.   439.   439.     
 20.000   56.4060  0.5045  0.23 206.47  2.56 -0.06   95.1800  1.2030  0.36   436.   436.   436.     
 21.000   47.9410  0.4591  0.18 210.31  2.42  0.46   79.4200  0.9404  0.25   427.   427.   427.     
 22.000   40.8630  0.4288  0.14 213.43  2.26  0.40   66.7000  0.7712  0.40   424.   424.   424.     
 23.000   34.9140  0.3817  0.16 215.78  2.05  0.55   56.3700  0.5998  0.24   420.   420.   420.     
 24.000   29.8590  0.3477  0.16 217.86  2.12  0.11   47.7500  0.5704  0.12   418.   418.   418.     
 25.000   25.5920  0.3151  0.07 220.23  2.26  0.14   40.4900  0.5382  0.06   416.   416.   416.     
 26.000   21.9750  0.2765  0.04 223.06  2.22  0.31   34.3200  0.5215 -0.03   407.   407.   407.     
 27.000   18.8990  0.2366  0.06 225.80  2.51  0.26   29.1600  0.4809 -0.02   374.   374.   374.     
 28.000   16.2880  0.2068  0.04 228.66  2.64  0.44   24.8200  0.4145  0.14   367.   367.   367.     
 29.000   14.0610  0.1801 -0.02 230.95  2.71  0.39   21.2100  0.3408  0.25   293.   293.   293.     
 30.000   12.1560  0.1585 -0.07 232.61  2.35  0.33   18.2100  0.2697  0.35   285.   285.   285.     
 32.000    9.0790  0.1805 -0.34 235.49  3.89  0.23   13.4400  0.2190 -0.36    53.    54.    53.     
 34.000    6.8350  0.1571 -0.29 240.29  4.42 -0.02    9.9150  0.1627 -0.02    53.    54.    53.     
 36.000    5.1720  0.1384 -0.25 244.70  4.51  0.23    7.3650  0.1447  0.15    53.    54.    53.     
 38.000    3.9400  0.1192 -0.32 249.31  5.99  0.08    5.5090  0.1177  0.38    53.    54.    53.     
 40.000    3.0160  0.1044 -0.25 256.68  6.00  0.02    4.0960  0.0900 -0.30    53.    54.    53.     
 42.000    2.3300  0.0906 -0.35 262.47  5.37 -0.56    3.0910  0.0927  0.26    53.    54.    53.     
 44.000    1.8060  0.0756 -0.45 266.56  4.47 -0.55    2.3610  0.0836  0.20    52.    53.    52.     
 46.000    1.4080  0.0635 -0.46 269.12  4.54 -0.20    1.8230  0.0696  0.03    53.    53.    53.     
 48.000    1.0980  0.0522 -0.54 270.01  4.98  0.12    1.4170  0.0576 -0.04    53.    54.    53.     
 50.000    0.8550  0.0427 -0.58 269.24  5.36 -0.06    1.1070  0.0500 -0.08    52.    52.    52.     
 52.000    0.6670  0.0339 -0.71 267.06  6.15  0.04    0.8700  0.0438  0.10    51.    51.    51.     
 54.000    0.5180  0.0273 -0.74 265.97  6.39  0.16    0.6790  0.0356 -0.41    50.    52.    50.     
 56.000    0.4020  0.0218 -0.74 263.74  7.44  0.31    0.5320  0.0295 -0.70    50.    52.    50.     
 58.000    0.3120  0.0175 -0.72 260.73  7.88  0.42    0.4160  0.0235 -0.60    49.    49.    49.     
 60.000    0.2400  0.0125 -0.52 257.03  8.91  0.48    0.3260  0.0180 -0.21    39.    39.    39.     
 62.000    0.1840  0.0094 -0.58 253.68 13.01  0.35    0.2540  0.0142  0.19    22.    23.    22.     
 64.000    0.1430  0.0061 -0.37 250.93 13.66  0.19    0.1970  0.0118  0.48    14.    13.    13.     
 66.000    0.1070  0.0045 -0.38 240.38 18.01  0.63    0.1560  0.0096  0.19     9.     9.     9.     
 68.000    0.0000  0.0000  0.00   0.00  0.00  0.00    0.0000  0.0000  0.00     0.     0.     0.     
 70.000    0.0000  0.0000  0.00   0.00  0.00  0.00    0.0000  0.0000  0.00     0.     0.     0.     
