 0 1 BKH911620   22.03N  159.78W   5 8631282   1 683   0  30                                        
     T A B L E  II - 13.  T H E R M O D Y N A M I C  S T A T I S T I C A L  P A R A M E T E R S     
                                              ANNUAL                                                
 STATION =   911620     BARKING SANDS, HAWAII                                                       
    Z      MEAN P   SD P  SKEWP MEAN T  SD T SKEWT    MEAN D    SD D SKEWD  NOBSP  NOBST  NOBSD     
    KM       MB        MB       DEG K  DEG K            G/M3    G/M3                                
  0.000 1016.5000  2.6578 -0.68 296.96  2.79 -0.48 1183.0000 12.6400  0.58  4124.  4124.  4124.     
  0.005 1015.8999  2.6928 -0.70 296.87  2.84 -0.51 1183.0000 12.9000  0.61  4336.  4336.  4336.     
  1.000  905.7600  2.3850 -1.21 289.83  1.87 -0.60 1083.0000  7.7400  0.41  4336.  4336.  4336.     
  2.000  804.8301  2.3441 -1.36 285.14  2.40 -0.29  979.8999  7.4700  0.27  4334.  4334.  4334.     
  3.000  713.8501  2.4296 -1.42 281.27  2.39 -0.29  882.5000  6.4700  0.08  4334.  4334.  4334.     
  4.000  631.8101  2.5892 -1.22 276.10  2.53 -0.37  796.0000  5.9790  0.09  4330.  4330.  4330.     
  5.000  557.8799  2.7002 -1.13 270.24  2.70 -0.52  718.3000  5.5290  0.14  4329.  4329.  4329.     
  6.000  491.1699  2.8852 -1.03 263.74  2.88 -0.54  648.1001  5.1020  0.02  4328.  4328.  4328.     
  7.000  430.8899  3.0429 -0.98 256.73  3.02 -0.57  584.1001  4.6460 -0.13  4326.  4326.  4326.     
  8.000  376.7500  3.1320 -0.92 249.44  3.11 -0.58  525.7000  4.2630 -0.39  4318.  4318.  4318.     
  9.000  328.0901  3.1944 -0.87 242.03  3.13 -0.46  471.8999  4.0900 -0.86  4308.  4308.  4308.     
 10.000  284.4399  3.1646 -0.81 234.63  3.08 -0.28  422.1001  4.2280 -1.21  4299.  4299.  4299.     
 11.000  245.6200  3.0597 -0.72 227.42  2.99 -0.18  376.3000  4.4260 -1.32  4291.  4291.  4291.     
 12.000  210.9600  2.7714 -0.62 220.60  2.87 -0.11  333.2000  4.7530 -1.24  4286.  4286.  4286.     
 13.000  180.5400  2.4998 -0.51 214.37  2.73  0.04  293.3999  4.9570 -0.99  4276.  4276.  4276.     
 14.000  153.8000  2.1523 -0.41 209.16  2.66  0.06  256.2000  4.9200 -0.71  4254.  4254.  4254.     
 15.000  130.5400  1.8003 -0.37 205.12  2.76  0.08  221.7000  4.5700 -0.39  4241.  4241.  4241.     
 16.000  110.5000  1.4968 -0.39 202.53  3.17  0.03  190.1000  4.1090 -0.03  4221.  4221.  4221.     
 17.000   93.4390  1.2646 -0.38 201.69  3.83 -0.29  161.4000  3.6270  0.32  4209.  4209.  4209.     
 18.000   78.9990  1.1265 -0.24 202.97  4.23 -0.51  135.6000  2.9420  0.44  4187.  4187.  4187.     
 19.000   66.9370  1.0331 -0.11 206.08  3.62 -0.69  113.2000  2.0290  0.17  4119.  4119.  4119.     
 20.000   56.8680  0.9460 -0.05 209.47  2.85 -0.62   94.5800  1.4580 -0.20  4062.  4062.  4062.     
 21.000   48.4330  0.8561 -0.04 212.38  2.51 -0.46   79.4500  1.1830 -0.23  3970.  3970.  3970.     
 22.000   41.3340  0.7806 -0.04 214.97  2.40 -0.48   66.9800  1.0450 -0.21  3921.  3921.  3921.     
 23.000   35.3540  0.7028 -0.06 217.30  2.38 -0.53   56.6800  0.8972 -0.06  3778.  3778.  3778.     
 24.000   30.2770  0.6345 -0.10 219.55  2.55 -0.54   48.0400  0.8051 -0.05  3681.  3681.  3681.     
 25.000   25.9660  0.5731 -0.14 221.62  2.62 -0.60   40.8200  0.7149 -0.06  3537.  3537.  3537.     
 26.000   22.3080  0.5181 -0.19 223.62  2.61 -0.51   34.7500  0.6380 -0.06  3240.  3240.  3240.     
 27.000   19.1850  0.4632 -0.21 225.53  2.67 -0.43   29.6300  0.5789 -0.03  2863.  2863.  2863.     
 28.000   16.5230  0.4177 -0.25 227.40  2.70 -0.49   25.3100  0.5364 -0.13  2731.  2731.  2731.     
 29.000   14.2530  0.3760 -0.27 229.12  2.83 -0.41   21.6700  0.4827 -0.16  2199.  2199.  2199.     
 30.000   12.3020  0.3396 -0.32 230.71  2.91 -0.47   18.5800  0.4339 -0.21  1921.  1921.  1921.     
 32.000    9.1740  0.2569 -0.39 234.85  4.05 -0.02   13.6200  0.3877 -0.33  1280.  1307.  1255.     
 34.000    6.9030  0.2013 -0.43 238.82  4.63 -0.14   10.0700  0.3019 -0.48  1293.  1322.  1288.     
 36.000    5.2180  0.1608 -0.37 243.18  4.90 -0.45    7.4750  0.2397 -0.43  1298.  1328.  1296.     
 38.000    3.9670  0.1253 -0.32 248.16  4.90 -0.10    5.5690  0.1884 -0.50  1289.  1321.  1289.     
 40.000    3.0330  0.0991 -0.25 253.86  5.01 -0.37    4.1620  0.1430 -0.40  1289.  1322.  1289.     
 42.000    2.3330  0.0784 -0.19 259.38  4.99 -0.46    3.1330  0.1108 -0.38  1287.  1317.  1287.     
 44.000    1.8040  0.0624 -0.14 263.74  5.10 -0.18    2.3830  0.0856 -0.37  1283.  1306.  1283.     
 46.000    1.4000  0.0496 -0.11 266.38  4.91 -0.15    1.8300  0.0664 -0.30  1273.  1271.  1273.     
 48.000    1.0880  0.0399 -0.15 267.30  4.95 -0.47    1.4170  0.0511 -0.23  1258.  1235.  1258.     
 50.000    0.8470  0.0320 -0.14 266.80  5.14 -0.49    1.1040  0.0398 -0.14  1237.  1219.  1237.     
 52.000    0.6580  0.0258 -0.07 265.41  5.27 -0.48    0.8630  0.0319 -0.15  1204.  1212.  1204.     
 54.000    0.5100  0.0208 -0.06 263.36  5.39 -0.21    0.6750  0.0257 -0.41  1162.  1182.  1162.     
 56.000    0.3950  0.0169 -0.01 260.73  5.95 -0.05    0.5270  0.0213 -0.40  1076.  1104.  1076.     
 58.000    0.3050  0.0135  0.06 257.50  6.42  0.01    0.4120  0.0175 -0.28   906.   931.   906.     
 60.000    0.2340  0.0108  0.15 253.49  6.84 -0.18    0.3210  0.0139 -0.24   623.   645.   623.     
 62.000    0.1780  0.0086  0.25 247.12  8.27  0.08    0.2500  0.0113 -0.13   349.   359.   349.     
 64.000    0.1320  0.0055  0.42 238.27  7.46  0.23    0.1930  0.0086  0.05   206.   208.   206.     
 66.000    0.0990  0.0040  0.23 230.07  6.84  0.01    0.1500  0.0066 -0.15   199.   199.   199.     
 68.000    0.0730  0.0032  0.38 217.08  8.19  0.54    0.1180  0.0055  0.11   200.   200.   200.     
 70.000    0.0540  0.0023  0.37 211.95  7.45 -0.01    0.0880  0.0045  0.04   191.   191.   191.     
     T A B L E  II -  1.  T H E R M O D Y N A M I C  S T A T I S T I C A L  P A R A M E T E R S     
                                              JANUARY                                               
 STATION =   911620     BARKING SANDS, HAWAII                                                       
    Z      MEAN P   SD P  SKEWP MEAN T  SD T SKEWT    MEAN D    SD D SKEWD  NOBSP  NOBST  NOBSD     
    KM       MB        MB       DEG K  DEG K            G/M3    G/M3                                
  0.000 1014.8000  3.6676 -0.44 293.70  2.32  0.03 1195.0000 12.7400 -0.13   313.   313.   313.     
  0.005 1014.2000  3.7665 -0.47 293.64  2.38 -0.03 1195.0000 13.1100 -0.10   344.   344.   344.     
  1.000  903.5200  3.3410 -0.52 288.12  1.85 -0.57 1087.0000  8.3820  0.14   344.   344.   344.     
  2.000  802.2900  3.1701 -0.47 283.71  2.57 -0.49  982.1001  8.0310  0.38   344.   344.   344.     
  3.000  711.1399  3.2229 -0.54 279.89  2.61 -0.41  883.3999  7.2850  0.03   344.   344.   344.     
  4.000  629.0100  3.2562 -0.55 274.54  2.66 -0.40  797.0000  6.4320 -0.13   344.   344.   344.     
  5.000  555.0200  3.3030 -0.65 268.61  2.88 -0.46  718.8999  6.0890 -0.07   344.   344.   344.     
  6.000  488.2400  3.4356 -0.69 262.14  3.25 -0.35  648.1001  6.0530 -0.15   344.   344.   344.     
  7.000  427.9600  3.5244 -0.71 255.24  3.51 -0.29  583.5000  5.8420 -0.30   343.   343.   343.     
  8.000  373.9600  3.6178 -0.72 248.29  3.79 -0.24  524.2000  5.9680 -0.43   342.   342.   342.     
  9.000  325.5100  3.6601 -0.66 241.66  3.92 -0.09  468.8000  6.0110 -0.61   342.   342.   342.     
 10.000  282.2400  3.5846 -0.56 235.27  3.84 -0.19  417.6001  5.8690 -0.58   340.   340.   340.     
 11.000  243.9200  3.4043 -0.42 228.83  3.52 -0.36  371.3000  5.2730 -0.64   337.   337.   337.     
 12.000  209.7700  3.1191 -0.31 222.54  3.24 -0.68  328.3999  4.8820 -0.81   336.   336.   336.     
 13.000  179.7500  2.8594 -0.24 216.10  3.03 -0.73  289.8000  4.7740 -0.89   335.   335.   335.     
 14.000  153.2800  2.5482 -0.20 210.09  2.96 -0.40  254.2000  4.9170 -0.96   332.   332.   332.     
 15.000  130.1100  2.1964 -0.23 204.48  2.81 -0.10  221.7000  4.7600 -0.56   331.   331.   331.     
 16.000  109.9800  1.8403 -0.28 200.21  2.69  0.42  191.4000  4.4840 -0.23   326.   326.   326.     
 17.000   92.7530  1.4795 -0.30 197.90  3.13  0.37  163.3000  4.4000 -0.25   324.   324.   324.     
 18.000   78.1220  1.1330 -0.28 198.12  3.71  0.65  137.4000  3.9840 -0.45   322.   322.   322.     
 19.000   65.9470  0.8414 -0.15 201.79  3.51  0.44  113.9000  2.9480 -0.34   317.   317.   317.     
 20.000   55.8520  0.6535 -0.05 206.28  2.76  0.35   94.3400  1.9190 -0.23   313.   313.   313.     
 21.000   47.4530  0.5346  0.02 209.78  2.50  0.29   78.8100  1.3380 -0.11   304.   304.   304.     
 22.000   40.4140  0.4647  0.04 212.43  2.48 -0.12   66.2800  0.9768 -0.07   302.   302.   302.     
 23.000   34.4950  0.4062 -0.01 214.61  2.40 -0.17   56.0000  0.7424 -0.11   294.   294.   294.     
 24.000   29.4750  0.3635 -0.02 216.56  2.58 -0.25   47.4200  0.6302 -0.20   279.   279.   279.     
 25.000   25.2290  0.3333 -0.10 218.41  2.74 -0.02   40.2500  0.5463 -0.06   273.   273.   273.     
 26.000   21.6130  0.3073 -0.10 220.36  2.62  0.08   34.1700  0.4812 -0.03   246.   246.   246.     
 27.000   18.5420  0.2669 -0.18 222.33  2.65  0.06   29.0600  0.4462 -0.01   218.   218.   218.     
 28.000   15.9260  0.2376 -0.15 224.61  2.86  0.19   24.7000  0.4119 -0.33   206.   206.   206.     
 29.000   13.7040  0.2127  0.07 226.33  2.92  0.24   21.1000  0.3607 -0.30   168.   168.   168.     
 30.000   11.7980  0.1936  0.27 227.97  3.11  0.09   18.0300  0.3075 -0.40   148.   148.   148.     
 32.000    8.8260  0.1908 -0.11 232.59  4.30  0.43   13.2200  0.3059 -0.16   107.   111.   106.     
 34.000    6.6220  0.1544 -0.03 236.38  5.20  0.12    9.7660  0.2851  0.14   110.   114.   109.     
 36.000    4.9930  0.1190  0.00 241.81  5.00 -0.33    7.1930  0.2061  0.04   109.   113.   109.     
 38.000    3.7940  0.0963  0.04 247.79  4.88 -0.06    5.3330  0.1603 -0.01   109.   113.   109.     
 40.000    2.9000  0.0781  0.14 254.09  6.49 -0.52    3.9760  0.1203 -0.55   109.   113.   109.     
 42.000    2.2330  0.0644  0.17 260.11  6.16 -0.55    2.9850  0.0975 -0.19   109.   109.   109.     
 44.000    1.7300  0.0534  0.13 265.48  6.81 -0.27    2.2690  0.0730 -0.11   109.   111.   109.     
 46.000    1.3450  0.0448  0.13 268.89  6.61  0.08    1.7430  0.0552  0.09   109.   108.   109.     
 48.000    1.0470  0.0381  0.06 268.38  6.35 -0.84    1.3590  0.0441  0.20   109.   106.   109.     
 50.000    0.8150  0.0322 -0.05 266.46  6.48 -0.56    1.0650  0.0333  0.21   107.   109.   107.     
 52.000    0.6330  0.0264  0.22 264.33  6.38 -0.49    0.8340  0.0300 -0.47   101.   104.   101.     
 54.000    0.4910  0.0222  0.33 263.90  6.43 -0.05    0.6490  0.0273 -0.29    98.   101.    98.     
 56.000    0.3800  0.0181  0.46 262.33  6.91 -0.07    0.5050  0.0211 -0.20    93.    97.    93.     
 58.000    0.2930  0.0144  0.30 260.12  6.77 -0.13    0.3920  0.0161  0.05    78.    79.    78.     
 60.000    0.2250  0.0105  0.26 256.01  6.13 -0.87    0.3060  0.0125  0.46    57.    59.    57.     
 62.000    0.1720  0.0096  0.31 250.52  7.83 -0.38    0.2380  0.0094  0.41    32.    33.    32.     
 64.000    0.1270  0.0053  0.13 241.34  7.88 -0.43    0.1830  0.0072 -0.38    17.    17.    17.     
 66.000    0.0960  0.0043  0.29 233.44  6.67 -0.37    0.1430  0.0061 -0.20    18.    18.    18.     
 68.000    0.0720  0.0035  0.45 222.83  5.95  0.91    0.1120  0.0051 -0.10    18.    18.    18.     
 70.000    0.0530  0.0026  0.93 218.66  5.83 -0.16    0.0840  0.0045  0.28    16.    16.    16.     
     T A B L E  II -  2.  T H E R M O D Y N A M I C  S T A T I S T I C A L  P A R A M E T E R S     
                                              FEBRUARY                                              
 STATION =   911620     BARKING SANDS, HAWAII                                                       
    Z      MEAN P   SD P  SKEWP MEAN T  SD T SKEWT    MEAN D    SD D SKEWD  NOBSP  NOBST  NOBSD     
    KM       MB        MB       DEG K  DEG K            G/M3    G/M3                                
  0.000 1016.3000  3.5873 -0.77 293.85  2.25  0.29 1197.0000 11.5900 -0.20   317.   317.   317.     
  0.005 1015.8999  3.5795 -0.75 293.71  2.38  0.19 1197.0000 12.2700 -0.12   341.   341.   341.     
  1.000  904.9600  3.1952 -0.93 287.98  1.73 -0.37 1089.0000  7.4870  0.31   341.   341.   341.     
  2.000  803.4700  3.0317 -0.99 283.45  2.48 -0.19  984.6001  7.7880  0.26   341.   341.   341.     
  3.000  712.0701  3.0393 -1.03 279.56  2.34  0.09  885.8000  6.6050 -0.39   341.   341.   341.     
  4.000  629.7200  3.0500 -0.98 274.37  2.71  0.14  798.5000  6.9040 -0.54   341.   341.   341.     
  5.000  555.6101  3.0541 -0.93 268.50  3.07  0.04  720.0000  7.1140 -0.55   341.   341.   341.     
  6.000  488.7400  3.1415 -0.81 262.06  3.40 -0.03  649.0000  6.9780 -0.62   341.   341.   341.     
  7.000  428.4199  3.2941 -0.73 255.23  3.86  0.01  584.2000  6.8760 -0.66   341.   341.   341.     
  8.000  374.3101  3.4156 -0.68 248.19  4.21 -0.06  524.8999  6.5450 -0.50   340.   340.   340.     
  9.000  325.8000  3.5883 -0.62 241.33  4.44 -0.11  469.8000  6.1110 -0.27   339.   339.   339.     
 10.000  282.4199  3.6834 -0.53 234.85  4.30 -0.20  418.5000  5.5090 -0.23   338.   338.   338.     
 11.000  243.9500  3.6677 -0.41 228.59  3.89 -0.57  371.7000  5.1380 -0.43   337.   337.   337.     
 12.000  209.7500  3.3797 -0.33 222.36  3.46 -1.08  328.7000  5.3170 -0.73   335.   335.   335.     
 13.000  179.7600  3.0570 -0.28 216.26  2.78 -0.73  289.6001  5.1870 -0.81   334.   334.   334.     
 14.000  153.3100  2.6569 -0.23 210.25  2.50  0.10  254.1000  5.3710 -0.63   332.   332.   332.     
 15.000  130.1700  2.2119 -0.16 204.78  2.81  0.31  221.5000  5.4560 -0.48   330.   330.   330.     
 16.000  110.0800  1.7774 -0.11 200.66  3.24  0.35  191.2000  5.2580 -0.23   328.   328.   328.     
 17.000   92.8870  1.3667 -0.10 198.29  3.71  0.29  163.3000  4.7650 -0.13   326.   326.   326.     
 18.000   78.2770  1.0235 -0.02 198.58  4.05  0.02  137.4000  3.9550  0.04   324.   324.   324.     
 19.000   66.0840  0.7925  0.14 202.17  3.44 -0.14  113.9000  2.6350  0.23   317.   317.   317.     
 20.000   55.9680  0.6175  0.08 206.53  2.63 -0.17   94.4200  1.7030  0.17   311.   311.   311.     
 21.000   47.5420  0.4867 -0.10 209.81  2.24 -0.28   78.9500  1.2350  0.18   297.   297.   297.     
 22.000   40.4910  0.4179 -0.01 212.70  2.35 -0.18   66.3200  0.9688  0.13   293.   293.   293.     
 23.000   34.5780  0.3696 -0.03 214.98  2.28 -0.07   56.0400  0.7051  0.17   283.   283.   283.     
 24.000   29.5520  0.3393 -0.03 217.07  2.48 -0.14   47.4300  0.5737  0.28   270.   270.   270.     
 25.000   25.3040  0.3159 -0.05 219.16  2.59 -0.09   40.2300  0.4980  0.29   266.   266.   266.     
 26.000   21.6970  0.2952 -0.05 221.30  2.59  0.06   34.1600  0.4370  0.34   244.   244.   244.     
 27.000   18.6280  0.2667 -0.03 223.35  2.61  0.01   29.0600  0.3783  0.18   217.   217.   217.     
 28.000   16.0160  0.2432 -0.05 225.51  2.89 -0.06   24.7400  0.3531  0.12   207.   207.   207.     
 29.000   13.8020  0.2302  0.02 227.41  2.95  0.30   21.1400  0.3259  0.28   170.   170.   170.     
 30.000   11.9000  0.2146  0.02 229.34  2.64  0.30   18.0800  0.2903  0.01   145.   145.   145.     
 32.000    8.8820  0.1685  0.30 235.19  4.25 -0.31   13.1600  0.3327  0.46   111.   114.   110.     
 34.000    6.6900  0.1259  0.20 240.50  4.97 -0.02    9.6960  0.2679  0.17   110.   114.   110.     
 36.000    5.0650  0.0968  0.04 244.95  4.74  0.16    7.2020  0.1914  0.16   110.   114.   110.     
 38.000    3.8580  0.0756 -0.03 250.04  5.38 -0.05    5.3760  0.1466  0.05   110.   114.   110.     
 40.000    2.9550  0.0622  0.04 255.84  5.26 -0.42    4.0250  0.0965  0.05   110.   114.   110.     
 42.000    2.2790  0.0542  0.12 261.34  5.47 -0.62    3.0410  0.0785  0.64   112.   117.   112.     
 44.000    1.7650  0.0452 -0.01 264.89  5.58 -0.63    2.3220  0.0626  0.60   112.   114.   112.     
 46.000    1.3710  0.0382 -0.08 267.39  5.94 -0.87    1.7860  0.0502  0.36   112.   115.   112.     
 48.000    1.0670  0.0327 -0.27 267.56  5.97 -0.35    1.3890  0.0407  0.54   110.   111.   110.     
 50.000    0.8300  0.0272 -0.27 267.30  5.88 -0.10    1.0800  0.0335 -0.09   110.   102.   110.     
 52.000    0.6450  0.0228 -0.18 266.66  5.45 -0.03    0.8430  0.0254 -0.25   108.   110.   108.     
 54.000    0.5010  0.0190 -0.08 264.21  5.81  0.25    0.6600  0.0216 -0.27   104.   109.   104.     
 56.000    0.3880  0.0157 -0.04 261.78  5.56 -0.09    0.5170  0.0184 -0.42    96.    99.    96.     
 58.000    0.3000  0.0124 -0.09 259.52  5.17 -0.28    0.4030  0.0141 -0.28    83.    86.    83.     
 60.000    0.2320  0.0102 -0.11 256.43  5.94  0.04    0.3150  0.0109 -0.06    60.    64.    60.     
 62.000    0.1770  0.0097  0.36 251.72  7.29  0.32    0.2450  0.0107  0.92    34.    34.    34.     
 64.000    0.1330  0.0080  0.95 243.30  7.20  0.68    0.1900  0.0105  1.71    21.    21.    21.     
 66.000    0.0990  0.0050  0.76 234.99  9.00  0.15    0.1470  0.0089  0.92    18.    18.    18.     
 68.000    0.0740  0.0041  0.54 219.40 11.16  0.97    0.1170  0.0065  1.54    17.    17.    17.     
 70.000    0.0540  0.0032  0.29 215.40  8.62  1.06    0.0880  0.0054  0.92    17.    17.    17.     
     T A B L E  II -  3.  T H E R M O D Y N A M I C  S T A T I S T I C A L  P A R A M E T E R S     
                                              MARCH                                                 
 STATION =   911620     BARKING SANDS, HAWAII                                                       
    Z      MEAN P   SD P  SKEWP MEAN T  SD T SKEWT    MEAN D    SD D SKEWD  NOBSP  NOBST  NOBSD     
    KM       MB        MB       DEG K  DEG K            G/M3    G/M3                                
  0.000 1017.6001  3.0135 -0.66 294.73  2.22  0.43 1195.0000 10.5900 -0.23   359.   359.   359.     
  0.005 1017.2000  2.9825 -0.72 294.64  2.25  0.44 1194.0000 10.6800 -0.27   387.   387.   387.     
  1.000  906.2000  2.6366 -0.91 288.13  1.44 -0.49 1090.0000  5.9630 -0.12   387.   387.   387.     
  2.000  804.5901  2.5242 -1.01 283.62  2.09 -0.33  985.3999  6.5580 -0.01   387.   387.   387.     
  3.000  713.1699  2.5089 -1.20 279.63  2.11  0.21  887.1001  5.9630 -0.30   387.   387.   387.     
  4.000  630.6399  2.5520 -0.92 274.22  2.36  0.12  800.1001  5.6980 -0.18   387.   387.   387.     
  5.000  556.3501  2.6200 -0.83 268.01  2.60  0.08  722.3000  5.3060 -0.20   387.   387.   387.     
  6.000  489.2400  2.7997 -0.71 261.30  2.67 -0.03  651.6001  4.6570 -0.10   387.   387.   387.     
  7.000  428.6599  2.9625 -0.61 254.09  2.89 -0.08  587.3000  4.4260 -0.06   387.   387.   387.     
  8.000  374.2600  3.0238 -0.55 246.78  3.18 -0.01  528.1001  4.4090 -0.24   387.   387.   387.     
  9.000  325.4299  3.1075 -0.46 239.59  3.42  0.16  473.0000  4.5630 -0.55   385.   385.   385.     
 10.000  281.7700  3.1435 -0.35 232.89  3.85  0.23  421.5000  5.0950 -0.67   385.   385.   385.     
 11.000  243.0900  3.1320 -0.24 226.70  4.02 -0.07  373.6001  5.4670 -0.49   385.   385.   385.     
 12.000  208.8200  2.9157 -0.16 221.10  3.70 -0.37  329.1001  5.5340 -0.33   385.   385.   385.     
 13.000  178.8200  2.6535 -0.10 215.89  3.06 -0.42  288.6001  5.4820 -0.17   385.   385.   385.     
 14.000  152.5300  2.2689 -0.06 210.79  2.91 -0.30  252.1000  5.4100 -0.15   383.   383.   383.     
 15.000  129.5800  1.8668 -0.02 205.87  3.00 -0.02  219.3000  5.0950 -0.12   382.   382.   382.     
 16.000  109.7000  1.4842  0.00 202.04  3.12  0.03  189.2000  4.6300  0.02   381.   381.   381.     
 17.000   92.6760  1.1420 -0.02 199.98  3.38 -0.06  161.5000  4.1350  0.13   378.   378.   378.     
 18.000   78.2220  0.8539 -0.02 200.57  3.41 -0.08  135.9000  3.3110  0.16   376.   376.   376.     
 19.000   66.1390  0.6393 -0.01 203.84  3.24 -0.25  113.1000  2.4510  0.25   367.   367.   367.     
 20.000   56.0990  0.5118  0.00 207.59  2.74 -0.31   94.1600  1.5780  0.36   360.   360.   360.     
 21.000   47.7130  0.4288  0.03 210.82  2.33 -0.13   78.8500  1.0490  0.20   352.   352.   352.     
 22.000   40.6690  0.3787  0.16 213.74  2.49  0.18   66.2900  0.8967 -0.16   344.   344.   344.     
 23.000   34.7460  0.3326  0.14 216.06  2.45  0.01   56.0300  0.6911  0.05   325.   325.   325.     
 24.000   29.7250  0.3124  0.11 218.27  2.57 -0.07   47.4500  0.5890  0.02   301.   301.   301.     
 25.000   25.4770  0.2803 -0.06 220.41  2.42 -0.17   40.2700  0.4574  0.09   289.   289.   289.     
 26.000   21.8790  0.2587 -0.14 222.62  2.23  0.02   34.2400  0.3786  0.24   274.   274.   274.     
 27.000   18.8240  0.2344 -0.18 224.96  2.28  0.17   29.1500  0.3332  0.03   243.   243.   243.     
 28.000   16.2180  0.2135 -0.22 227.32  2.30  0.12   24.8600  0.3106 -0.13   230.   230.   230.     
 29.000   13.9870  0.1938 -0.13 229.21  2.47  0.12   21.2600  0.2896 -0.25   177.   177.   177.     
 30.000   12.0720  0.1784 -0.06 230.95  2.74 -0.16   18.2100  0.2696 -0.07   147.   147.   147.     
 32.000    8.9940  0.1509 -0.49 237.00  4.31 -0.17   13.2300  0.2591  0.20   102.   102.   101.     
 34.000    6.7890  0.1362 -0.45 241.56  4.43 -0.16    9.7900  0.2077 -0.28   103.   103.   103.     
 36.000    5.1470  0.1150 -0.35 245.62  4.79 -0.36    7.2980  0.1832 -0.68   103.   103.   103.     
 38.000    3.9230  0.0928 -0.38 250.35  4.52  0.11    5.4540  0.1469 -0.61   102.   101.   102.     
 40.000    3.0060  0.0748 -0.41 255.35  4.07 -0.56    4.1000  0.1051 -0.17   102.   102.   102.     
 42.000    2.3150  0.0567 -0.42 259.63  4.97 -0.53    3.1050  0.1029 -0.09   102.   103.   102.     
 44.000    1.7900  0.0437 -0.35 263.22  4.86  0.74    2.3690  0.0688 -0.58   101.   101.   101.     
 46.000    1.3880  0.0354 -0.20 264.97  4.58 -0.38    1.8250  0.0458 -0.28   100.   101.   100.     
 48.000    1.0770  0.0299 -0.24 266.19  4.48 -0.50    1.4090  0.0401 -0.21   100.    99.   100.     
 50.000    0.8380  0.0234 -0.07 266.72  4.17  0.12    1.0940  0.0301 -0.41    99.    98.    99.     
 52.000    0.6520  0.0193 -0.01 265.96  4.18 -0.31    0.8540  0.0248  0.09   100.   101.   100.     
 54.000    0.5060  0.0158  0.06 264.46  4.11 -0.38    0.6660  0.0196 -0.27    98.    97.    98.     
 56.000    0.3930  0.0129  0.13 262.43  4.59  0.06    0.5210  0.0169 -0.30    96.    97.    96.     
 58.000    0.3040  0.0103  0.23 259.17  4.49  0.59    0.4080  0.0131 -0.41    80.    81.    80.     
 60.000    0.2350  0.0087  0.21 255.76  4.73  0.49    0.3190  0.0107 -0.10    58.    58.    58.     
 62.000    0.1810  0.0067 -0.12 251.22  6.69  0.32    0.2500  0.0085 -0.63    33.    33.    33.     
 64.000    0.1350  0.0050  0.11 241.69  5.06  0.60    0.1940  0.0054 -0.44    17.    17.    17.     
 66.000    0.1020  0.0039  0.24 233.05  3.36 -0.03    0.1520  0.0056  0.13    18.    18.    18.     
 68.000    0.0760  0.0031  0.19 219.45  5.35  0.08    0.1210  0.0039 -0.18    17.    17.    17.     
 70.000    0.0560  0.0023  0.41 213.92  5.68 -0.14    0.0910  0.0051  0.21    17.    17.    17.     
     T A B L E  II -  4.  T H E R M O D Y N A M I C  S T A T I S T I C A L  P A R A M E T E R S     
                                              APRIL                                                 
 STATION =   911620     BARKING SANDS, HAWAII                                                       
    Z      MEAN P   SD P  SKEWP MEAN T  SD T SKEWT    MEAN D    SD D SKEWD  NOBSP  NOBST  NOBSD     
    KM       MB        MB       DEG K  DEG K            G/M3    G/M3                                
  0.000 1017.8000  2.6748 -0.91 296.64  1.88  0.08 1187.0000  8.5440  0.16   374.   374.   374.     
  0.005 1017.3000  2.6744 -0.90 296.59  1.92  0.02 1186.0000  8.7950  0.22   392.   392.   392.     
  1.000  906.5801  2.3475 -1.20 288.69  1.25 -0.73 1088.0000  5.5670  0.39   392.   392.   392.     
  2.000  805.1101  2.2237 -1.10 283.77  1.93  0.08  985.3000  6.0150 -0.02   392.   392.   392.     
  3.000  713.7100  2.1445 -1.05 279.87  1.84 -0.03  887.0000  5.3470 -0.02   392.   392.   392.     
  4.000  631.2100  2.1157 -0.74 274.55  1.87  0.02  800.0000  5.0030 -0.18   392.   392.   392.     
  5.000  556.9500  2.0340 -0.60 268.64  2.02  0.01  721.5000  4.8700 -0.28   392.   392.   392.     
  6.000  489.9399  2.0523 -0.38 261.90  2.11  0.09  651.1001  4.3040 -0.30   391.   391.   391.     
  7.000  429.3999  2.1332 -0.32 254.74  2.19  0.02  586.7000  3.8890 -0.17   391.   391.   391.     
  8.000  375.0300  2.1314 -0.22 247.26  2.33 -0.01  527.8999  3.5410 -0.18   391.   391.   391.     
  9.000  326.1599  2.2087 -0.17 239.67  2.48  0.03  473.7000  3.2650 -0.23   391.   391.   391.     
 10.000  282.3301  2.2508 -0.11 232.04  2.59  0.08  423.7000  3.2870 -0.48   391.   391.   391.     
 11.000  243.3800  2.2617 -0.06 224.83  2.77  0.31  377.1001  3.5300 -0.93   389.   389.   389.     
 12.000  208.7700  2.1183  0.03 218.59  2.99  0.22  332.8000  4.2600 -0.78   389.   389.   389.     
 13.000  178.4300  1.9689  0.11 213.49  2.97  0.16  291.2000  4.5490 -0.43   386.   386.   386.     
 14.000  151.9500  1.7019  0.19 209.51  2.78 -0.22  252.7000  4.4070 -0.02   383.   383.   383.     
 15.000  129.0400  1.4170  0.23 206.11  2.63 -0.37  218.2000  4.0010  0.12   383.   383.   383.     
 16.000  109.3200  1.1472  0.23 203.34  2.63 -0.06  187.3000  3.5580  0.17   381.   381.   381.     
 17.000   92.4860  0.9042  0.18 202.03  2.83 -0.13  159.5000  3.1470  0.26   381.   381.   381.     
 18.000   78.2090  0.7074  0.06 202.99  2.94 -0.30  134.3000  2.5710  0.39   380.   380.   380.     
 19.000   66.2790  0.5683 -0.15 206.37  2.59 -0.40  111.9000  1.8180  0.52   374.   374.   374.     
 20.000   56.3260  0.4754 -0.35 209.90  2.30 -0.35   93.4900  1.2840  0.42   369.   369.   369.     
 21.000   47.9860  0.4135 -0.43 212.60  2.19 -0.14   78.6400  0.9713 -0.10   360.   360.   360.     
 22.000   40.9520  0.3692 -0.48 215.06  2.12 -0.11   66.3400  0.7670 -0.13   355.   355.   355.     
 23.000   35.0360  0.3292 -0.43 217.57  1.99 -0.09   56.1000  0.5900 -0.23   344.   344.   344.     
 24.000   30.0060  0.2993 -0.38 220.12  2.08 -0.18   47.4900  0.4996 -0.32   339.   339.   339.     
 25.000   25.7530  0.2704 -0.30 222.46  2.07 -0.24   40.3300  0.4375 -0.44   328.   328.   328.     
 26.000   22.1450  0.2448 -0.35 224.70  1.97 -0.09   34.3300  0.3650 -0.40   308.   308.   308.     
 27.000   19.0680  0.2243 -0.30 226.88  1.96 -0.23   29.2800  0.3422 -0.21   268.   268.   268.     
 28.000   16.4370  0.2023 -0.35 229.07  2.03 -0.23   25.0000  0.3078 -0.16   249.   249.   249.     
 29.000   14.1910  0.1769 -0.35 230.94  2.04 -0.11   21.4100  0.2647 -0.15   198.   198.   198.     
 30.000   12.2670  0.1559 -0.51 232.77  2.05  0.10   18.3600  0.2280 -0.46   170.   170.   170.     
 32.000    9.1850  0.1467 -0.14 238.14  3.36  0.14   13.4400  0.2007 -0.08   123.   126.   119.     
 34.000    6.9360  0.1231 -0.07 242.35  3.43  0.18    9.9690  0.1748 -0.02   122.   125.   121.     
 36.000    5.2620  0.1022 -0.03 246.55  4.17  0.73    7.4330  0.1502 -0.64   122.   125.   121.     
 38.000    4.0130  0.0820  0.17 251.04  3.70  0.46    5.5660  0.1163 -0.35   121.   124.   121.     
 40.000    3.0770  0.0665  0.28 256.27  3.92  0.06    4.1820  0.0947 -0.06   120.   123.   120.     
 42.000    2.3720  0.0539  0.35 260.97  4.06  0.03    3.1640  0.0648  0.17   120.   123.   120.     
 44.000    1.8360  0.0452  0.41 265.00  4.31 -0.17    2.4130  0.0518 -0.12   119.   122.   119.     
 46.000    1.4270  0.0373  0.43 267.13  3.18  0.00    1.8590  0.0472  0.18   117.   116.   117.     
 48.000    1.1080  0.0283  0.19 268.29  3.95 -0.08    1.4380  0.0358  0.05   114.   114.   114.     
 50.000    0.8630  0.0234  0.21 267.98  4.24 -0.18    1.1210  0.0280  0.19   113.   111.   113.     
 52.000    0.6720  0.0194  0.22 267.00  3.93 -0.17    0.8760  0.0229  0.14   112.   110.   112.     
 54.000    0.5220  0.0157  0.27 264.31  3.99 -0.13    0.6880  0.0173 -0.08   109.   111.   109.     
 56.000    0.4050  0.0133  0.34 260.72  4.72  0.14    0.5400  0.0131  0.08   100.   104.   100.     
 58.000    0.3120  0.0114  0.38 256.92  5.06  0.12    0.4230  0.0111  0.39    85.    88.    85.     
 60.000    0.2390  0.0101  0.47 252.02  5.30 -0.02    0.3310  0.0097  0.53    62.    65.    62.     
 62.000    0.1810  0.0075  0.85 245.01  5.95  0.60    0.2570  0.0074  0.50    31.    33.    31.     
 64.000    0.1360  0.0039  1.41 235.28  5.27  1.11    0.2010  0.0049  0.19    16.    17.    16.     
 66.000    0.1010  0.0037  1.49 229.87  5.91  1.04    0.1540  0.0043  0.42    17.    17.    17.     
 68.000    0.0750  0.0033  1.76 219.22  9.88  1.48    0.1200  0.0035  0.26    17.    17.    17.     
 70.000    0.0550  0.0015  0.15 213.16  4.41 -0.24    0.0890  0.0025 -0.41    16.    16.    16.     
     T A B L E  II -  5.  T H E R M O D Y N A M I C  S T A T I S T I C A L  P A R A M E T E R S     
                                              MAY                                                   
 STATION =   911620     BARKING SANDS, HAWAII                                                       
    Z      MEAN P   SD P  SKEWP MEAN T  SD T SKEWT    MEAN D    SD D SKEWD  NOBSP  NOBST  NOBSD     
    KM       MB        MB       DEG K  DEG K            G/M3    G/M3                                
  0.000 1017.3999  2.0431 -0.62 298.18  1.67  0.61 1179.0000  7.4500 -0.67   356.   356.   356.     
  0.005 1016.8000  2.0329 -0.62 298.16  1.66  0.59 1179.0000  7.4100 -0.66   369.   369.   369.     
  1.000  906.5000  1.7003 -0.60 289.64  1.03  0.51 1084.0000  4.8260 -0.57   369.   369.   369.     
  2.000  805.4099  1.6269 -0.63 284.68  1.89  0.28  982.3000  5.9880 -0.04   368.   368.   368.     
  3.000  714.2500  1.6363 -0.67 280.95  1.93 -0.07  884.1001  5.4010 -0.02   368.   368.   368.     
  4.000  632.1599  1.7749 -0.52 276.16  2.02  0.19  796.5000  5.0540 -0.32   368.   368.   368.     
  5.000  558.1699  1.8151 -0.30 270.27  2.08  0.00  718.7000  4.6280 -0.21   368.   368.   368.     
  6.000  491.4199  1.9463 -0.19 263.76  2.21 -0.13  648.5000  4.2420  0.03   368.   368.   368.     
  7.000  431.1499  2.0716 -0.15 256.82  2.29 -0.21  584.3999  3.8350  0.24   368.   368.   368.     
  8.000  376.9700  2.1352 -0.14 249.48  2.23 -0.18  526.1001  3.2390  0.22   368.   368.   368.     
  9.000  328.2600  2.1973 -0.12 241.79  2.29 -0.15  472.7000  3.0240 -0.09   366.   366.   366.     
 10.000  284.5000  2.2034 -0.10 234.02  2.25  0.01  423.3999  2.9550 -0.73   366.   366.   366.     
 11.000  245.5400  2.1716 -0.06 226.37  2.22  0.00  377.8999  2.9410 -1.16   366.   366.   366.     
 12.000  210.7200  2.0064 -0.02 219.16  2.27  0.06  335.0000  3.2110 -1.14   366.   366.   366.     
 13.000  180.1300  1.8568 -0.02 212.71  2.44  0.45  295.0000  3.7560 -0.77   365.   365.   365.     
 14.000  153.2800  1.6274 -0.02 207.89  2.71  0.51  256.8999  4.2860 -0.28   364.   364.   364.     
 15.000  130.0100  1.3488  0.05 204.88  2.90 -0.07  221.1000  4.2370  0.02   363.   363.   363.     
 16.000  110.0900  1.0829  0.10 203.36  2.60  0.21  188.6000  3.4850 -0.04   359.   359.   359.     
 17.000   93.1870  0.8598  0.09 203.34  2.63  0.04  159.7000  2.8490  0.15   358.   358.   358.     
 18.000   78.9040  0.6970  0.03 205.08  2.71 -0.11  134.1000  2.2840  0.19   356.   356.   356.     
 19.000   66.9630  0.5791 -0.03 207.83  2.17 -0.20  112.3000  1.6420  0.25   352.   352.   352.     
 20.000   56.9630  0.4840 -0.08 210.74  1.83 -0.20   94.1700  1.2070  0.17   347.   347.   347.     
 21.000   48.5600  0.4032 -0.08 213.50  1.76 -0.03   79.2400  0.9299  0.07   340.   340.   340.     
 22.000   41.4730  0.3516 -0.03 216.06  1.83 -0.14   66.8700  0.7559 -0.01   333.   333.   333.     
 23.000   35.5090  0.3104  0.01 218.64  1.70 -0.10   56.5800  0.5500  0.00   320.   320.   320.     
 24.000   30.4300  0.2834  0.04 221.05  1.85  0.09   47.9600  0.4579  0.06   313.   313.   313.     
 25.000   26.1330  0.2575  0.06 223.35  1.71  0.07   40.7600  0.3752  0.11   300.   300.   300.     
 26.000   22.4920  0.2310  0.14 225.61  1.60 -0.03   34.7300  0.3083  0.07   270.   270.   270.     
 27.000   19.3760  0.2027  0.19 227.75  1.67  0.07   29.6400  0.2784  0.05   242.   242.   242.     
 28.000   16.7120  0.1824  0.19 229.63  1.54  0.18   25.3500  0.2518  0.27   231.   231.   231.     
 29.000   14.4330  0.1647  0.09 231.43  1.74  0.30   21.7300  0.2425  0.18   184.   184.   184.     
 30.000   12.4730  0.1479  0.06 233.00  1.80  0.03   18.6500  0.2152  0.40   160.   160.   160.     
 32.000    9.3240  0.1142 -0.91 236.70  2.80  0.10   13.7300  0.1853 -0.17   120.   122.   117.     
 34.000    7.0330  0.0830  0.00 240.90  3.40  0.07   10.1700  0.1720  0.00   123.   125.   123.     
 36.000    5.3270  0.0659  0.18 245.06  3.28  0.02    7.5690  0.1291 -0.31   123.   125.   123.     
 38.000    4.0540  0.0542  0.46 249.47  3.93 -0.11    5.6610  0.1009  0.47   121.   123.   121.     
 40.000    3.1030  0.0469  0.59 255.26  3.63  0.28    4.2340  0.0697 -0.23   120.   122.   120.     
 42.000    2.3910  0.0388  0.81 260.64  3.74 -1.15    3.1950  0.0554  0.59   121.   123.   121.     
 44.000    1.8510  0.0326  0.90 264.96  3.94 -0.69    2.4320  0.0457  0.29   120.   121.   120.     
 46.000    1.4380  0.0275  0.86 267.38  3.86 -0.25    1.8720  0.0338  0.70   119.   119.   119.     
 48.000    1.1190  0.0235  0.71 268.30  3.94 -0.14    1.4500  0.0289 -0.08   117.   109.   117.     
 50.000    0.8720  0.0200  0.60 267.60  4.26 -0.48    1.1330  0.0233  0.33   113.   108.   113.     
 52.000    0.6770  0.0162  0.38 265.80  4.83 -1.08    0.8870  0.0189  0.09   108.   108.   108.     
 54.000    0.5250  0.0133  0.26 262.97  5.03 -0.56    0.6950  0.0142  0.19   101.   103.   101.     
 56.000    0.4060  0.0117  0.24 260.55  5.34 -0.22    0.5420  0.0126 -0.17    92.    95.    92.     
 58.000    0.3120  0.0095  0.35 256.69  4.47 -0.06    0.4230  0.0098 -0.42    76.    79.    76.     
 60.000    0.2390  0.0081  0.70 251.01  4.98  0.73    0.3310  0.0096 -0.75    59.    60.    59.     
 62.000    0.1830  0.0062  0.63 244.02  6.93  0.40    0.2610  0.0079 -0.28    35.    36.    35.     
 64.000    0.1360  0.0027  1.10 234.66  5.38  0.32    0.2010  0.0046 -1.03    20.    20.    20.     
 66.000    0.1010  0.0017  0.21 226.95  4.43  0.39    0.1550  0.0027 -0.79    19.    19.    19.     
 68.000    0.0750  0.0016  0.07 212.99  7.54 -0.85    0.1220  0.0049  1.57    23.    23.    23.     
 70.000    0.0540  0.9984  0.23 207.66  5.82  0.56    0.0910  0.0028  0.04    20.    20.    20.     
     T A B L E  II -  6.  T H E R M O D Y N A M I C  S T A T I S T I C A L  P A R A M E T E R S     
                                              JUNE                                                  
 STATION =   911620     BARKING SANDS, HAWAII                                                       
    Z      MEAN P   SD P  SKEWP MEAN T  SD T SKEWT    MEAN D    SD D SKEWD  NOBSP  NOBST  NOBSD     
    KM       MB        MB       DEG K  DEG K            G/M3    G/M3                                
  0.000 1017.3000  1.6824 -0.45 298.96  1.51  0.48 1176.0000  6.4030 -0.41   343.   343.   343.     
  0.005 1016.7000  1.6797 -0.43 298.96  1.49  0.42 1175.0000  6.2920 -0.38   370.   370.   370.     
  1.000  906.7400  1.4969 -0.48 290.43  1.02 -0.07 1081.0000  4.2630  0.08   370.   370.   370.     
  2.000  805.9700  1.5190 -0.40 286.07  2.14  0.20  978.0000  6.4050 -0.20   370.   370.   370.     
  3.000  715.1899  1.5748 -0.27 282.61  2.02 -0.08  879.8999  5.6440 -0.20   370.   370.   370.     
  4.000  633.4199  1.7510 -0.22 277.46  1.98 -0.08  794.1001  4.9930  0.02   370.   370.   370.     
  5.000  559.6201  1.8487 -0.05 271.52  2.01 -0.36  717.1001  4.7080  0.39   370.   370.   370.     
  6.000  493.0100  1.9258  0.02 264.95  2.19 -0.51  647.6001  4.6950  0.38   370.   370.   370.     
  7.000  432.7600  1.9508  0.00 257.80  2.25 -0.53  584.3000  4.2710  0.24   370.   370.   370.     
  8.000  378.5801  2.0333  0.00 250.48  2.19 -0.33  526.1001  3.6530 -0.11   369.   369.   369.     
  9.000  329.8601  2.0544 -0.09 242.90  2.18 -0.27  472.8000  3.3320 -0.15   369.   369.   369.     
 10.000  286.1001  2.0586 -0.11 235.15  2.11 -0.15  423.6001  2.7980 -0.21   368.   368.   368.     
 11.000  247.1200  2.0348 -0.15 227.48  1.94  0.06  378.5000  2.3740 -0.23   368.   368.   368.     
 12.000  212.1700  1.8768 -0.07 220.00  1.80  0.09  336.0000  2.5390 -0.71   368.   368.   368.     
 13.000  181.4800  1.7355  0.02 213.32  1.83  0.24  296.3999  3.1100 -1.09   367.   367.   367.     
 14.000  154.4800  1.5069  0.19 208.38  2.36  0.32  258.3000  3.8690 -0.60   366.   366.   366.     
 15.000  131.1000  1.2515  0.28 205.50  2.70  0.21  222.3000  3.9090 -0.10   365.   365.   365.     
 16.000  111.0800  1.0148  0.29 204.19  2.65  0.01  189.5000  3.2600  0.17   364.   364.   364.     
 17.000   94.0910  0.8286  0.28 204.33  2.31 -0.18  160.4000  2.4990  0.28   364.   364.   364.     
 18.000   79.7420  0.6858  0.26 205.93  2.18  0.11  134.9000  1.9480  0.22   360.   360.   360.     
 19.000   67.7140  0.5534  0.00 208.55  1.78 -0.12  113.1000  1.3630  0.30   352.   352.   352.     
 20.000   57.6200  0.4689 -0.06 211.38  1.51 -0.16   94.9600  0.9807  0.25   345.   345.   345.     
 21.000   49.1380  0.4081 -0.11 214.12  1.54  0.03   79.9500  0.7996  0.05   340.   340.   340.     
 22.000   41.9930  0.3609 -0.16 216.70  1.44  0.09   67.5100  0.6516  0.19   337.   337.   337.     
 23.000   35.9690  0.3152 -0.15 219.14  1.43 -0.05   57.1800  0.5543  0.17   321.   321.   321.     
 24.000   30.8390  0.2776 -0.13 221.52  1.52  0.11   48.5000  0.4905  0.00   319.   319.   319.     
 25.000   26.4950  0.2474 -0.13 223.68  1.48 -0.09   41.2600  0.4167  0.07   304.   304.   304.     
 26.000   22.8030  0.2182 -0.08 225.80  1.42 -0.10   35.1800  0.3351 -0.04   281.   281.   281.     
 27.000   19.6400  0.1987  0.04 227.71  1.57 -0.10   30.0500  0.2912  0.02   238.   238.   238.     
 28.000   16.9350  0.1714 -0.19 229.38  1.55  0.08   25.7200  0.2396  0.14   221.   221.   221.     
 29.000   14.6310  0.1531 -0.08 230.99  1.56  0.34   22.0700  0.2241  0.03   178.   178.   178.     
 30.000   12.6440  0.1355 -0.25 232.38  1.71 -0.06   18.9500  0.1911  0.00   153.   153.   153.     
 32.000    9.4130  0.1457  0.09 235.50  3.06  0.58   13.9300  0.2414  0.16   109.   111.   107.     
 34.000    7.0850  0.1181  0.38 239.35  3.53  0.23   10.3100  0.1549 -0.10   111.   113.   111.     
 36.000    5.3590  0.1011  0.56 244.04  3.86 -0.64    7.6480  0.1440  0.24   111.   113.   111.     
 38.000    4.0760  0.0839  0.70 248.79  3.69  0.05    5.7040  0.1224  0.23   109.   111.   109.     
 40.000    3.1190  0.0681  0.89 254.80  4.24  0.33    4.2620  0.1027 -0.17   109.   111.   109.     
 42.000    2.4010  0.0550  0.91 260.53  4.13 -0.72    3.2090  0.0757  0.61   107.   109.   107.     
 44.000    1.8590  0.0446  0.90 265.00  4.02 -0.53    2.4430  0.0555  0.42   108.   109.   108.     
 46.000    1.4430  0.0361  0.92 266.66  3.72 -0.71    1.8830  0.0437  0.50   106.   102.   106.     
 48.000    1.1220  0.0297  0.91 267.52  3.54  0.01    1.4590  0.0365  0.75   104.    97.   104.     
 50.000    0.8720  0.0237  0.94 266.76  4.27 -0.18    1.1370  0.0297  0.69   101.    95.   101.     
 52.000    0.6770  0.0195  0.88 265.29  4.07 -0.50    0.8890  0.0232  0.79   100.   100.   100.     
 54.000    0.5260  0.0163  0.78 262.67  4.55 -0.39    0.6970  0.0185  0.51    97.    98.    97.     
 56.000    0.4060  0.0132  0.73 258.26  4.50 -0.13    0.5470  0.0147  0.46    87.    88.    87.     
 58.000    0.3120  0.0118  0.72 253.13  6.02 -0.32    0.4300  0.0114 -0.06    72.    73.    72.     
 60.000    0.2370  0.0090  1.28 248.37  6.20  0.12    0.3330  0.0087  0.38    47.    47.    47.     
 62.000    0.1800  0.0060  0.28 244.84  7.56  0.24    0.2560  0.0066 -0.85    28.    28.    28.     
 64.000    0.1320  0.0021 -0.02 233.08  6.32 -0.33    0.1970  0.0052  0.32    12.    12.    12.     
 66.000    0.0990  0.0018  0.12 226.70  5.39  0.18    0.1510  0.0038 -0.72    13.    13.    13.     
 68.000    0.0730  0.0016  0.06 213.70  6.44  0.41    0.1190  0.0033 -0.45    13.    13.    13.     
 70.000    0.0530  0.0012 -0.12 209.08  8.39 -0.98    0.0890  0.0036 -0.04    13.    13.    13.     
     T A B L E  II -  7.  T H E R M O D Y N A M I C  S T A T I S T I C A L  P A R A M E T E R S     
                                              JULY                                                  
 STATION =   911620     BARKING SANDS, HAWAII                                                       
    Z      MEAN P   SD P  SKEWP MEAN T  SD T SKEWT    MEAN D    SD D SKEWD  NOBSP  NOBST  NOBSD     
    KM       MB        MB       DEG K  DEG K            G/M3    G/M3                                
  0.000 1016.8999  1.4146 -0.11 299.39  1.31  0.45 1174.0000  5.7740 -0.61   329.   329.   329.     
  0.005 1016.3999  1.4109 -0.13 299.37  1.30  0.45 1173.0000  5.7500 -0.61   339.   339.   339.     
  1.000  906.6699  1.1619 -0.33 290.98  0.95 -0.02 1079.0000  4.1880  0.07   339.   339.   339.     
  2.000  806.0500  1.1269 -0.14 286.48  1.92  0.39  976.7000  5.8150 -0.30   339.   339.   339.     
  3.000  715.2600  1.1711 -0.03 282.23  1.79 -0.05  881.3000  5.0740 -0.09   339.   339.   339.     
  4.000  633.3799  1.2696 -0.31 277.05  1.96 -0.45  795.3999  5.3150  0.53   337.   337.   337.     
  5.000  559.5100  1.3532 -0.12 271.41  2.04 -0.52  717.3000  4.7460  0.46   337.   337.   337.     
  6.000  492.9099  1.5294 -0.29 265.05  2.16 -0.39  647.2000  4.2590  0.29   337.   337.   337.     
  7.000  432.7200  1.6771 -0.41 258.07  2.18 -0.18  583.6001  3.6220  0.14   337.   337.   337.     
  8.000  378.6101  1.8211 -0.37 250.69  2.19 -0.13  525.7000  3.1670 -0.06   336.   336.   336.     
  9.000  329.9199  1.9331 -0.32 243.11  2.22  0.09  472.5000  2.7440 -0.29   336.   336.   336.     
 10.000  286.1899  1.9813 -0.32 235.32  2.17  0.11  423.5000  2.4660 -0.37   335.   335.   335.     
 11.000  247.2100  1.9861 -0.28 227.63  2.01 -0.03  378.3000  2.1070 -0.31   335.   335.   335.     
 12.000  212.2900  1.8637 -0.21 220.27  1.77 -0.20  335.7000  2.2910 -0.54   335.   335.   335.     
 13.000  181.6300  1.7356 -0.15 213.85  1.74  0.02  295.8999  3.0180 -0.79   332.   332.   332.     
 14.000  154.6900  1.4907 -0.02 209.19  2.32  0.31  257.7000  4.0980 -0.74   331.   331.   331.     
 15.000  131.3700  1.1895  0.15 206.38  2.74  0.42  221.8000  4.1050 -0.36   330.   330.   330.     
 16.000  111.4000  0.9174  0.11 205.27  2.75  0.15  189.1000  3.4850  0.19   329.   329.   329.     
 17.000   94.4470  0.7082 -0.08 205.63  2.21 -0.23  160.0000  2.4010  0.53   327.   327.   327.     
 18.000   80.1260  0.5756 -0.21 207.05  1.73 -0.11  134.8000  1.6340  0.18   324.   324.   324.     
 19.000   68.0910  0.4718 -0.27 209.27  1.38 -0.12  113.4000  1.1830 -0.06   320.   320.   320.     
 20.000   57.9680  0.3919 -0.23 211.79  1.35  0.27   95.3500  0.9487 -0.29   316.   316.   316.     
 21.000   49.4420  0.3315 -0.18 214.48  1.38  0.03   80.3100  0.7309 -0.22   306.   306.   306.     
 22.000   42.2640  0.2909 -0.17 216.74  1.29 -0.22   67.9300  0.5683  0.17   303.   303.   303.     
 23.000   36.1970  0.2563 -0.20 218.90  1.29 -0.10   57.6100  0.4788 -0.05   289.   289.   289.     
 24.000   31.0290  0.2286 -0.22 221.07  1.50  0.40   48.9000  0.4487 -0.34   286.   286.   286.     
 25.000   26.6450  0.2028 -0.19 223.11  1.57  0.14   41.6100  0.3840 -0.32   277.   277.   277.     
 26.000   22.9090  0.1807 -0.15 224.91  1.58  0.33   35.4900  0.3219 -0.22   251.   251.   251.     
 27.000   19.7170  0.1626 -0.14 226.64  1.70  0.14   30.3100  0.2874 -0.15   216.   216.   216.     
 28.000   16.9970  0.1450 -0.08 228.38  1.65 -0.05   25.9300  0.2402 -0.04   205.   205.   205.     
 29.000   14.6590  0.1346 -0.07 230.04  1.85  0.06   22.2000  0.2072 -0.38   169.   169.   169.     
 30.000   12.6560  0.1164 -0.35 231.33  1.71  0.16   19.0600  0.1695 -0.53   150.   150.   150.     
 32.000    9.4140  0.1198  0.55 233.96  2.84  0.18   14.0200  0.1819  0.25   118.   119.   116.     
 34.000    7.0730  0.0991  0.57 237.71  3.33 -0.45   10.3600  0.1639  1.03   121.   123.   120.     
 36.000    5.3420  0.0892  0.14 242.40  4.03  0.25    7.6750  0.1533  0.22   122.   124.   122.     
 38.000    4.0550  0.0721  0.54 246.99  3.70 -0.17    5.7170  0.0860  0.41   122.   124.   122.     
 40.000    3.0950  0.0623  0.57 252.43  4.24 -0.68    4.2690  0.0825  0.81   122.   124.   122.     
 42.000    2.3780  0.0522  0.50 258.52  4.17 -1.19    3.2040  0.0691  0.76   121.   123.   121.     
 44.000    1.8360  0.0435  0.41 262.01  3.64 -0.14    2.4390  0.0567  0.30   119.   120.   119.     
 46.000    1.4220  0.0357  0.38 264.29  4.03 -0.46    1.8740  0.0450  0.28   118.   119.   118.     
 48.000    1.1030  0.0294  0.29 265.61  3.80 -0.15    1.4470  0.0358  0.28   117.   119.   117.     
 50.000    0.8560  0.0246  0.35 264.49  4.11 -0.24    1.1280  0.0303  0.33   114.   115.   114.     
 52.000    0.6630  0.0205  0.40 261.72  4.88 -0.78    0.8830  0.0237  0.19   106.   108.   106.     
 54.000    0.5120  0.0168  0.40 259.39  5.33 -0.56    0.6880  0.0200  0.05   101.   102.   101.     
 56.000    0.3950  0.0141  0.43 257.15  5.93 -0.01    0.5350  0.0166  0.45    95.    96.    95.     
 58.000    0.3030  0.0119  0.52 254.03  7.03  0.83    0.4160  0.0153  0.32    77.    77.    77.     
 60.000    0.2320  0.0091  0.64 248.99  9.05  0.77    0.3250  0.0111  0.39    46.    46.    46.     
 62.000    0.1740  0.0068  0.58 240.89 10.84  0.17    0.2520  0.0102  0.93    26.    26.    26.     
 64.000    0.1290  0.0045  0.82 231.38  7.12 -0.86    0.1930  0.0066  0.42    18.    18.    18.     
 66.000    0.0960  0.0035  0.52 224.87  6.24 -0.63    0.1480  0.0074  0.92    17.    17.    17.     
 68.000    0.0710  0.0024  0.72 214.10  7.94  0.55    0.1150  0.0062  0.06    17.    17.    17.     
 70.000    0.0520  0.0015  0.54 208.81  8.75 -0.69    0.0860  0.0051  0.80    17.    17.    17.     
     T A B L E  II -  8.  T H E R M O D Y N A M I C  S T A T I S T I C A L  P A R A M E T E R S     
                                              AUGUST                                                
 STATION =   911620     BARKING SANDS, HAWAII                                                       
    Z      MEAN P   SD P  SKEWP MEAN T  SD T SKEWT    MEAN D    SD D SKEWD  NOBSP  NOBST  NOBSD     
    KM       MB        MB       DEG K  DEG K            G/M3    G/M3                                
  0.000 1016.1001  1.5974 -0.54 299.40  1.18  0.36 1172.0000  5.2650 -0.27   385.   385.   385.     
  0.005 1015.6001  1.6047 -0.55 299.35  1.19  0.34 1172.0000  5.2960 -0.25   393.   393.   393.     
  1.000  906.0701  1.4196 -0.57 291.44  0.94 -0.52 1076.0000  4.3140 -0.19   393.   393.   393.     
  2.000  805.7100  1.2828 -0.18 286.59  1.80  0.34  975.7000  5.5270 -0.24   392.   392.   392.     
  3.000  715.0100  1.3361 -0.47 282.46  1.67  0.02  880.0000  4.7360 -0.10   392.   392.   392.     
  4.000  633.2500  1.3691 -0.44 277.50  1.67  0.00  793.8000  4.6160 -0.12   391.   391.   391.     
  5.000  559.5200  1.3732 -0.24 271.97  1.77 -0.13  715.8000  4.2920 -0.13   391.   391.   391.     
  6.000  493.0601  1.4718 -0.30 265.68  1.85 -0.10  645.7000  3.8720 -0.27   391.   391.   391.     
  7.000  432.9900  1.5680 -0.54 258.83  1.87 -0.25  582.1001  3.3440 -0.17   390.   390.   390.     
  8.000  379.0100  1.6607 -0.43 251.50  1.91 -0.28  524.3999  2.9990 -0.11   388.   388.   388.     
  9.000  330.4199  1.7422 -0.40 243.96  1.90 -0.28  471.3999  2.6490 -0.39   385.   385.   385.     
 10.000  286.7800  1.7606 -0.42 236.24  1.95 -0.26  422.5000  2.5640 -0.61   383.   383.   383.     
 11.000  247.8800  1.7651 -0.43 228.50  1.98 -0.22  377.8999  2.2010 -0.47   382.   382.   382.     
 12.000  212.9600  1.6803 -0.39 221.03  1.87 -0.17  335.7000  2.1230 -0.59   382.   382.   382.     
 13.000  182.2800  1.5971 -0.36 214.22  1.77  0.06  296.3999  2.5490 -0.70   382.   382.   382.     
 14.000  155.2600  1.3994 -0.30 208.81  2.03  0.37  259.0000  3.4370 -0.66   378.   378.   378.     
 15.000  131.7900  1.1497 -0.23 205.65  2.45  0.21  223.3000  3.7540 -0.28   376.   376.   376.     
 16.000  111.6900  0.9027 -0.21 204.60  2.43 -0.19  190.2000  3.1350  0.08   376.   376.   376.     
 17.000   94.6480  0.7192 -0.18 205.10  2.01 -0.45  160.8000  2.1660  0.20   375.   375.   375.     
 18.000   80.2670  0.6042 -0.10 206.91  1.65  0.29  135.2000  1.5110 -0.18   374.   374.   374.     
 19.000   68.2110  0.5092  0.06 209.16  1.46 -0.15  113.6000  1.1340 -0.05   369.   369.   369.     
 20.000   58.0690  0.4417  0.22 211.60  1.51 -0.17   95.6100  0.8977  0.00   366.   366.   366.     
 21.000   49.5210  0.3880  0.27 214.07  1.47  0.16   80.5900  0.7292 -0.06   362.   362.   362.     
 22.000   42.3200  0.3467  0.25 216.29  1.44 -0.18   68.1600  0.6081  0.14   359.   359.   359.     
 23.000   36.2270  0.3088  0.18 218.39  1.50 -0.21   57.7900  0.5152  0.32   345.   345.   345.     
 24.000   31.0380  0.2808  0.13 220.44  1.65  0.05   49.0500  0.4487  0.14   338.   338.   338.     
 25.000   26.6420  0.2548  0.15 222.55  1.54 -0.13   41.7100  0.3788  0.11   315.   315.   315.     
 26.000   22.9020  0.2272  0.33 224.47  1.55 -0.07   35.5400  0.3302  0.07   283.   283.   283.     
 27.000   19.7100  0.2048  0.47 226.15  1.62 -0.23   30.3600  0.3059  0.18   249.   249.   249.     
 28.000   16.9840  0.1837  0.48 227.75  1.59 -0.09   25.9800  0.2691  0.27   240.   240.   240.     
 29.000   14.6470  0.1675  0.65 229.31  1.83  0.08   22.2500  0.2361  0.20   210.   210.   210.     
 30.000   12.6450  0.1533  0.73 230.81  1.90  0.26   19.0900  0.1987  0.50   191.   191.   191.     
 32.000    9.3910  0.1430  0.03 233.64  2.86  0.63   14.0100  0.2009 -0.58   119.   123.   117.     
 34.000    7.0540  0.1148  0.27 237.75  3.24  0.77   10.3300  0.1544 -0.31   120.   124.   120.     
 36.000    5.3260  0.1012  0.05 242.02  3.42  0.22    7.6630  0.1340 -0.33   121.   126.   121.     
 38.000    4.0440  0.0812  0.36 246.54  3.91 -0.90    5.7130  0.1127  0.18   121.   126.   121.     
 40.000    3.0880  0.0701  0.42 252.14  4.20 -0.10    4.2640  0.0897  0.73   122.   127.   122.     
 42.000    2.3720  0.0581  0.47 257.95  4.43  0.38    3.2010  0.0819 -0.15   121.   126.   121.     
 44.000    1.8310  0.0485  0.43 260.98  4.67 -0.55    2.4420  0.0591  0.10   120.   125.   120.     
 46.000    1.4180  0.0393  0.40 263.73  3.86 -0.19    1.8720  0.0478  0.42   121.   125.   121.     
 48.000    1.0990  0.0318  0.29 264.97  5.16 -0.83    1.4440  0.0421 -0.14   120.   124.   120.     
 50.000    0.8530  0.0260  0.24 265.05  5.81 -0.92    1.1210  0.0305  0.19   118.   122.   118.     
 52.000    0.6610  0.0216  0.28 264.33  4.93 -0.45    0.8700  0.0232 -0.10   113.   117.   113.     
 54.000    0.5120  0.0173  0.22 261.88  4.81 -0.44    0.6800  0.0186 -0.29   110.   113.   110.     
 56.000    0.3950  0.0148  0.30 259.36  6.48 -0.37    0.5290  0.0174 -0.24    98.   100.    98.     
 58.000    0.3040  0.0120  0.31 256.55  7.00  0.58    0.4130  0.0144 -0.67    78.    82.    78.     
 60.000    0.2320  0.0097  0.87 252.96  7.24 -0.55    0.3190  0.0121 -0.22    41.    45.    41.     
 62.000    0.1750  0.0068  1.77 244.53  6.00  0.69    0.2490  0.0068  0.56    28.    30.    28.     
 64.000    0.1310  0.0024  0.42 238.66  7.70  1.43    0.1910  0.0059 -0.81    24.    24.    24.     
 66.000    0.0980  0.0022 -0.10 229.21  6.34 -0.88    0.1490  0.0036 -0.19    22.    22.    22.     
 68.000    0.0730  0.0021 -0.45 217.21  7.64  0.18    0.1170  0.0034  0.06    20.    20.    20.     
 70.000    0.0530  0.0019 -0.16 211.21  5.89  0.28    0.0880  0.0026 -0.13    19.    19.    19.     
     T A B L E  II -  9.  T H E R M O D Y N A M I C  S T A T I S T I C A L  P A R A M E T E R S     
                                              SEPTEMBER                                             
 STATION =   911620     BARKING SANDS, HAWAII                                                       
    Z      MEAN P   SD P  SKEWP MEAN T  SD T SKEWT    MEAN D    SD D SKEWD  NOBSP  NOBST  NOBSD     
    KM       MB        MB       DEG K  DEG K            G/M3    G/M3                                
  0.000 1015.5000  1.6088 -0.01 298.97  1.19  0.14 1173.0000  5.5860 -0.09   352.   352.   352.     
  0.005 1014.8999  1.6049 -0.01 298.93  1.19  0.14 1173.0000  5.5390 -0.10   361.   361.   361.     
  1.000  905.5200  1.4225 -0.13 291.64  0.93 -0.55 1075.0000  4.1110  0.50   361.   361.   361.     
  2.000  805.1799  1.3211 -0.19 286.41  1.57  0.25  975.3999  4.7480  0.00   361.   361.   361.     
  3.000  714.6001  1.2868 -0.17 282.75  1.75 -0.02  878.5000  5.0280 -0.05   361.   361.   361.     
  4.000  632.9500  1.4067 -0.29 277.79  1.74 -0.28  792.3999  4.6020  0.09   361.   361.   361.     
  5.000  559.3101  1.4816 -0.30 272.01  1.69 -0.27  715.2000  4.0750 -0.08   361.   361.   361.     
  6.000  492.8601  1.5752 -0.35 265.60  1.79 -0.38  645.6001  3.7820  0.01   361.   361.   361.     
  7.000  432.7700  1.6644 -0.42 258.54  1.88 -0.29  582.5000  3.4520 -0.18   361.   361.   361.     
  8.000  378.7400  1.7538 -0.36 251.13  1.97 -0.15  524.8000  3.2220 -0.29   360.   360.   360.     
  9.000  330.1101  1.8398 -0.33 243.52  2.11 -0.14  471.8000  2.9310 -0.43   360.   360.   360.     
 10.000  286.4199  1.8827 -0.32 235.80  2.14 -0.09  422.8000  2.6550 -0.62   359.   359.   359.     
 11.000  247.4900  1.9021 -0.29 228.13  2.09  0.00  377.8999  2.2970 -0.63   358.   358.   358.     
 12.000  212.6000  1.7983 -0.19 220.89  1.99  0.23  335.3000  2.5660 -0.74   357.   357.   357.     
 13.000  181.9700  1.6912 -0.13 214.26  2.02  0.02  295.8999  3.0360 -0.59   357.   357.   357.     
 14.000  154.9800  1.4973 -0.05 208.87  1.95  0.20  258.5000  3.3530 -0.32   356.   356.   356.     
 15.000  131.5400  1.2530  0.02 205.31  2.24 -0.09  223.2000  3.5780 -0.02   355.   355.   355.     
 16.000  111.4100  1.0105  0.02 203.47  2.33 -0.14  190.8000  3.1470  0.22   354.   354.   354.     
 17.000   94.3160  0.8186 -0.04 203.61  2.27 -0.49  161.4000  2.5340  0.58   354.   354.   354.     
 18.000   79.8980  0.6812 -0.03 205.84  1.85 -0.18  135.2000  1.7230  0.29   354.   354.   354.     
 19.000   67.8430  0.5783  0.02 208.35  1.64 -0.08  113.4000  1.2520  0.21   349.   349.   349.     
 20.000   57.7240  0.5060  0.00 211.04  1.59  0.21   95.2900  1.0130  0.09   347.   347.   347.     
 21.000   49.2120  0.4428 -0.02 213.50  1.50  0.41   80.3000  0.8075  0.21   341.   341.   341.     
 22.000   42.0360  0.3960 -0.05 215.90  1.51  0.23   67.8300  0.6573  0.00   338.   338.   338.     
 23.000   35.9750  0.3490 -0.05 218.18  1.56  0.21   57.4400  0.5353  0.06   330.   330.   330.     
 24.000   30.8230  0.3119  0.10 220.32  1.70 -0.08   48.7400  0.4573  0.06   325.   325.   325.     
 25.000   26.4520  0.2769  0.11 222.32  1.69 -0.11   41.4500  0.3983 -0.21   306.   306.   306.     
 26.000   22.7440  0.2444  0.48 224.20  1.68  0.21   35.3400  0.3421  0.21   281.   281.   281.     
 27.000   19.5610  0.2199  0.63 225.97  1.83  0.39   30.1600  0.3389  0.20   249.   249.   249.     
 28.000   16.8560  0.1975  0.66 227.70  1.64  0.36   25.7900  0.2973  0.47   238.   238.   238.     
 29.000   14.5430  0.1810  0.72 229.44  1.73  0.56   22.0800  0.2724  0.51   186.   186.   186.     
 30.000   12.5530  0.1536  0.65 231.12  1.93  0.38   18.9200  0.2272  0.35   162.   162.   162.     
 32.000    9.3330  0.1323  0.03 234.15  3.36 -0.01   13.8900  0.2030 -0.20    98.   100.    97.     
 34.000    7.0150  0.1063  0.41 238.34  3.40  0.24   10.2500  0.1427 -0.05    99.   101.    99.     
 36.000    5.3000  0.0988  0.24 242.38  3.73 -0.35    7.6170  0.1264 -0.12   100.   102.   100.     
 38.000    4.0270  0.0806  0.66 246.93  3.69 -0.61    5.6790  0.1006  0.10   100.   103.   100.     
 40.000    3.0740  0.0673  0.71 252.08  4.12  0.03    4.2460  0.0901  0.11   101.   104.   101.     
 42.000    2.3610  0.0557  0.71 258.22  4.32 -0.89    3.1850  0.0795  0.45   101.   104.   101.     
 44.000    1.8250  0.0459  0.68 262.88  4.89 -0.49    2.4170  0.0623  0.31   101.   104.   101.     
 46.000    1.4160  0.0383  0.69 266.47  3.93  0.29    1.8500  0.0432  0.55    99.    99.    99.     
 48.000    1.1000  0.0323  0.32 267.77  4.43 -0.87    1.4310  0.0374  0.26    97.    97.    97.     
 50.000    0.8560  0.0259  0.58 267.22  4.38 -0.70    1.1150  0.0272  0.40    96.    93.    96.     
 52.000    0.6660  0.0218  0.50 266.14  4.54 -0.76    0.8710  0.0225  0.57    96.    95.    96.     
 54.000    0.5170  0.0186  0.48 264.23  5.11 -0.52    0.6820  0.0183  0.21    91.    94.    91.     
 56.000    0.4010  0.0154  0.20 260.92  5.30 -0.44    0.5350  0.0151  0.17    84.    87.    84.     
 58.000    0.3090  0.0129  0.26 257.48  5.20 -0.28    0.4180  0.0141 -0.32    72.    75.    72.     
 60.000    0.2390  0.0113  0.20 253.53  6.30 -0.44    0.3280  0.0122 -0.24    47.    49.    47.     
 62.000    0.1810  0.0095  0.72 245.75  8.51 -0.41    0.2560  0.0100  0.60    28.    29.    28.     
 64.000    0.1320  0.0034  0.50 237.69  4.03 -0.10    0.1940  0.0056  0.61    15.    15.    15.     
 66.000    0.0990  0.0026  0.48 230.16  3.46  0.78    0.1500  0.0046  0.40    14.    14.    14.     
 68.000    0.0730  0.0021 -0.71 214.87  4.84 -0.60    0.1180  0.0030  0.15    14.    14.    14.     
 70.000    0.0530  0.0015 -0.84 209.80  4.86  0.65    0.0890  0.0040 -0.81    14.    14.    14.     
     T A B L E  II - 10.  T H E R M O D Y N A M I C  S T A T I S T I C A L  P A R A M E T E R S     
                                              OCTOBER                                               
 STATION =   911620     BARKING SANDS, HAWAII                                                       
    Z      MEAN P   SD P  SKEWP MEAN T  SD T SKEWT    MEAN D    SD D SKEWD  NOBSP  NOBST  NOBSD     
    KM       MB        MB       DEG K  DEG K            G/M3    G/M3                                
  0.000 1015.6001  1.8998 -0.52 298.21  1.66  0.17 1177.0000  7.6260 -0.13   370.   370.   370.     
  0.005 1015.0000  1.9469 -0.56 298.18  1.66  0.15 1176.0000  7.6650 -0.14   377.   377.   377.     
  1.000  905.4700  1.7265 -0.58 291.30  1.07  0.01 1076.0000  4.6270 -0.39   377.   377.   377.     
  2.000  805.0801  1.6175 -0.38 286.33  1.77  0.13  975.7000  5.3120 -0.02   377.   377.   377.     
  3.000  714.4700  1.6105 -0.33 282.56  1.84 -0.37  879.1001  5.1790  0.21   377.   377.   377.     
  4.000  632.7400  1.7230 -0.32 277.32  1.94 -0.33  793.6001  4.9710  0.19   377.   377.   377.     
  5.000  559.0000  1.7539 -0.24 271.38  2.03 -0.50  716.7000  4.5090  0.38   377.   377.   377.     
  6.000  492.4399  1.8955 -0.28 264.95  2.12 -0.33  646.8000  4.0530  0.06   377.   377.   377.     
  7.000  432.2800  2.0246 -0.41 257.99  2.26 -0.31  583.3000  3.7220 -0.07   377.   377.   377.     
  8.000  378.2100  2.1081 -0.38 250.64  2.32 -0.30  525.3000  3.3630 -0.08   377.   377.   377.     
  9.000  329.5801  2.1575 -0.42 243.11  2.30 -0.23  472.0000  3.0650 -0.05   376.   376.   376.     
 10.000  285.8899  2.1766 -0.39 235.41  2.30 -0.21  422.8000  2.9960 -0.32   376.   376.   376.     
 11.000  246.9800  2.1457 -0.37 227.88  2.45 -0.20  377.6001  3.1220 -0.59   376.   376.   376.     
 12.000  212.1400  2.0179 -0.32 220.68  2.47 -0.26  334.8999  3.2300 -0.75   375.   375.   375.     
 13.000  181.5400  1.9062 -0.33 214.08  2.48 -0.26  295.3999  3.4630 -0.51   375.   375.   375.     
 14.000  154.6000  1.7178 -0.34 208.64  2.31 -0.21  258.2000  3.6110 -0.36   374.   374.   374.     
 15.000  131.1600  1.4748 -0.36 204.30  2.24 -0.06  223.7000  3.6450 -0.18   372.   372.   372.     
 16.000  110.9600  1.2010 -0.38 201.69  2.50  0.25  191.7000  3.6770 -0.22   371.   371.   371.     
 17.000   93.7790  0.9282 -0.38 201.35  2.96  0.07  162.3000  3.4130 -0.03   370.   370.   370.     
 18.000   79.2850  0.7184 -0.39 203.42  2.91 -0.21  135.8000  2.6110  0.09   366.   366.   366.     
 19.000   67.2080  0.5744 -0.32 206.81  2.45 -0.10  113.2000  1.7410 -0.06   359.   359.   359.     
 20.000   57.1290  0.4905 -0.25 209.95  2.01  0.15   94.8000  1.1670 -0.22   354.   354.   354.     
 21.000   48.6680  0.4310 -0.18 212.78  1.88  0.34   79.6800  0.9073 -0.29   345.   345.   345.     
 22.000   41.5480  0.3864 -0.12 215.43  1.86  0.49   67.1900  0.7317 -0.24   341.   341.   341.     
 23.000   35.5480  0.3453 -0.03 217.74  1.79  0.52   56.8800  0.5958 -0.12   331.   331.   331.     
 24.000   30.4450  0.3130  0.01 219.88  1.95  0.34   48.2400  0.5202 -0.22   324.   324.   324.     
 25.000   26.1210  0.2775 -0.14 221.75  2.09  0.29   41.0400  0.4385 -0.33   306.   306.   306.     
 26.000   22.4450  0.2517 -0.01 223.73  2.15  0.20   34.9500  0.3599 -0.24   274.   274.   274.     
 27.000   19.3090  0.2283  0.07 225.67  2.28  0.04   29.8100  0.3052  0.07   244.   244.   244.     
 28.000   16.6380  0.2136  0.05 227.35  2.40 -0.04   25.4900  0.2753 -0.11   236.   236.   236.     
 29.000   14.3540  0.2033  0.02 229.29  2.74  0.11   21.8100  0.2517 -0.22   184.   184.   184.     
 30.000   12.3980  0.1951  0.05 231.16  2.79 -0.01   18.6800  0.2185 -0.09   168.   168.   168.     
 32.000    9.2180  0.1480  0.47 234.67  3.79 -0.23   13.6900  0.1987 -0.37   100.   104.    99.     
 34.000    6.9270  0.1294  0.65 237.49  4.23 -0.58   10.1700  0.1616  0.44   100.   104.   100.     
 36.000    5.2270  0.1171  0.66 241.67  4.08 -0.28    7.5370  0.1678  0.46   101.   105.   101.     
 38.000    3.9700  0.0931  0.88 246.46  5.33 -0.44    5.6150  0.1398  0.19   102.   106.   102.     
 40.000    3.0290  0.0754  0.95 252.49  4.58 -0.72    4.1830  0.1107  0.65   102.   106.   102.     
 42.000    2.3290  0.0611  0.85 258.27  4.89 -0.51    3.1410  0.0888  0.75   102.   106.   102.     
 44.000    1.8010  0.0498  0.78 263.62  5.02 -0.54    2.3780  0.0688  0.88   102.   105.   102.     
 46.000    1.3980  0.0408  0.75 266.60  4.38  0.05    1.8240  0.0506  0.55   102.   100.   102.     
 48.000    1.0870  0.0360  0.37 268.01  4.63 -0.09    1.4100  0.0402  0.58   102.    99.   102.     
 50.000    0.8470  0.0293  0.53 267.31  4.47 -0.68    1.1030  0.0345  1.06   100.   100.   100.     
 52.000    0.6600  0.0253  0.63 265.16  4.71 -1.01    0.8670  0.0321  1.19    98.   100.    98.     
 54.000    0.5120  0.0194  0.51 263.44  4.50  0.74    0.6770  0.0211  0.02    94.    96.    94.     
 56.000    0.3960  0.0162  0.54 260.35  4.89 -0.27    0.5300  0.0188  0.18    88.    91.    88.     
 58.000    0.3060  0.0132  0.49 256.01  5.88 -0.66    0.4160  0.0158  0.67    77.    80.    77.     
 60.000    0.2340  0.0096 -0.19 251.85  5.87 -0.51    0.3230  0.0103 -0.07    52.    55.    52.     
 62.000    0.1780  0.0083  0.12 246.13  9.24  1.60    0.2520  0.0115 -1.16    29.    30.    29.     
 64.000    0.1330  0.0062  0.38 237.27  6.14 -0.37    0.1950  0.0088  0.65    18.    18.    18.     
 66.000    0.0990  0.0042 -0.02 227.83  4.93 -0.34    0.1510  0.0055  0.01    18.    18.    18.     
 68.000    0.0730  0.0029 -0.25 214.27  6.38  0.83    0.1190  0.0054 -0.37    18.    18.    18.     
 70.000    0.0530  0.0022 -0.18 209.72  7.00 -0.40    0.0880  0.0040 -0.27    18.    18.    18.     
     T A B L E  II - 11.  T H E R M O D Y N A M I C  S T A T I S T I C A L  P A R A M E T E R S     
                                              NOVEMBER                                              
 STATION =   911620     BARKING SANDS, HAWAII                                                       
    Z      MEAN P   SD P  SKEWP MEAN T  SD T SKEWT    MEAN D    SD D SKEWD  NOBSP  NOBST  NOBSD     
    KM       MB        MB       DEG K  DEG K            G/M3    G/M3                                
  0.000 1015.8999  2.5817 -1.02 296.24  1.79  0.37 1185.0000  8.9160 -0.56   327.   327.   327.     
  0.005 1015.3999  2.5795 -1.00 296.19  1.79  0.29 1185.0000  8.9450 -0.45   346.   346.   346.     
  1.000  905.4099  2.2396 -1.05 290.31  1.47 -0.65 1080.0000  6.4330  0.12   346.   346.   346.     
  2.000  804.6899  2.1048 -0.80 285.63  2.23 -0.26  977.8000  7.2530  0.10   346.   346.   346.     
  3.000  713.9299  2.0953 -0.80 281.94  2.24 -0.09  880.2000  6.1160 -0.19   346.   346.   346.     
  4.000  632.0400  2.2498 -0.65 276.69  2.34 -0.32  794.5000  5.6430  0.14   345.   345.   345.     
  5.000  558.2600  2.2974 -0.61 270.79  2.27 -0.40  717.1001  4.8600  0.01   344.   344.   344.     
  6.000  491.6299  2.4142 -0.56 264.27  2.35 -0.37  647.1001  4.5530 -0.12   344.   344.   344.     
  7.000  431.4299  2.5158 -0.60 257.36  2.39 -0.51  583.2000  4.0400 -0.28   344.   344.   344.     
  8.000  377.3501  2.5086 -0.58 250.05  2.42 -0.44  525.1001  3.6010 -0.53   344.   344.   344.     
  9.000  328.7000  2.5462 -0.61 242.43  2.49 -0.24  471.8000  3.3370 -0.62   344.   344.   344.     
 10.000  285.0100  2.5253 -0.62 234.76  2.53 -0.08  422.5000  3.4390 -0.67   343.   343.   343.     
 11.000  246.1300  2.4694 -0.59 227.35  2.54  0.10  377.2000  3.3890 -0.77   343.   343.   343.     
 12.000  211.3600  2.2834 -0.49 220.32  2.59 -0.01  334.2000  3.6270 -0.88   343.   343.   343.     
 13.000  180.8400  2.1276 -0.38 213.89  2.71 -0.33  294.6001  3.9670 -0.81   343.   343.   343.     
 14.000  153.9700  1.9102 -0.28 208.37  2.72 -0.45  257.3999  4.0620 -0.59   341.   341.   341.     
 15.000  130.5600  1.6606 -0.25 203.58  2.49  0.02  223.5000  3.8570 -0.52   340.   340.   340.     
 16.000  110.3500  1.3856 -0.24 200.33  2.53  0.45  191.9000  3.8320 -0.34   338.   338.   338.     
 17.000   93.1320  1.0960 -0.27 199.12  2.72  0.32  163.0000  3.4720 -0.21   338.   338.   338.     
 18.000   78.5770  0.8601 -0.36 200.66  2.97  0.38  136.5000  2.9510 -0.17   337.   337.   337.     
 19.000   66.4820  0.6764 -0.50 204.67  2.55  0.26  113.2000  2.0400 -0.06   332.   332.   332.     
 20.000   56.4340  0.5653 -0.73 208.62  2.05  0.04   94.2500  1.3070  0.08   327.   327.   327.     
 21.000   48.0390  0.4929 -0.87 211.63  1.88  0.03   79.0800  0.9503  0.14   320.   320.   320.     
 22.000   40.9710  0.4403 -0.89 214.31  1.92  0.07   66.6000  0.7831 -0.24   318.   318.   318.     
 23.000   35.0330  0.3908 -0.87 216.77  1.93 -0.08   56.3000  0.6015 -0.65   309.   309.   309.     
 24.000   29.9820  0.3548 -0.77 219.01  2.17 -0.09   47.6900  0.5373 -0.78   304.   304.   304.     
 25.000   25.7070  0.3255 -0.67 220.92  2.20 -0.23   40.5400  0.5212 -0.74   294.   294.   294.     
 26.000   22.0770  0.2951 -0.61 222.63  2.29  0.05   34.5500  0.4504 -0.80   278.   278.   278.     
 27.000   18.9720  0.2596 -0.51 224.45  2.46  0.20   29.4500  0.3678 -0.60   255.   255.   255.     
 28.000   16.3280  0.2398 -0.41 226.32  2.68  0.00   25.1300  0.3223 -0.62   250.   250.   250.     
 29.000   14.0740  0.2114 -0.32 227.92  2.73  0.09   21.5100  0.2698 -0.43   197.   197.   197.     
 30.000   12.1170  0.1926 -0.25 229.31  2.78  0.08   18.4100  0.2336 -0.28   166.   166.   166.     
 32.000    9.0480  0.1604 -0.61 233.32  4.17  0.07   13.5500  0.2223  0.24    85.    85.    79.     
 34.000    6.8020  0.1361 -0.36 236.91  4.91  0.06   10.0100  0.1989 -0.16    83.    83.    81.     
 36.000    5.1310  0.1082 -0.09 240.71  4.91  0.13    7.4340  0.1891  0.01    85.    85.    84.     
 38.000    3.8930  0.0791 -0.04 245.62  5.33  0.41    5.5260  0.1604  0.25    83.    85.    83.     
 40.000    2.9680  0.0616 -0.12 251.37  6.07 -0.98    4.1160  0.1189  0.88    83.    85.    83.     
 42.000    2.2760  0.0495 -0.05 256.28  4.85 -0.40    3.0930  0.0829  0.24    82.    84.    82.     
 44.000    1.7560  0.0403 -0.03 261.74  4.66 -0.20    2.3360  0.0559  0.20    82.    83.    82.     
 46.000    1.3610  0.0343 -0.18 265.70  5.51 -0.84    1.7840  0.0419 -0.01    82.    82.    82.     
 48.000    1.0580  0.0283 -0.45 267.51  4.87 -0.32    1.3780  0.0280 -0.04    80.    80.    80.     
 50.000    0.8230  0.0240 -0.50 267.32  5.37 -0.76    1.0720  0.0275 -0.02    79.    79.    79.     
 52.000    0.6400  0.0204 -0.52 265.67  6.11 -0.55    0.8390  0.0228 -0.28    77.    75.    77.     
 54.000    0.4970  0.0173 -0.37 264.07  5.79 -0.65    0.6560  0.0179 -0.92    76.    77.    76.     
 56.000    0.3860  0.0148 -0.24 261.85  6.29  0.00    0.5130  0.0173 -1.33    69.    71.    69.     
 58.000    0.2980  0.0124 -0.04 258.08  6.60 -0.21    0.4020  0.0125 -0.93    61.    63.    61.     
 60.000    0.2290  0.0108 -0.09 255.29  5.82 -0.66    0.3130  0.0119 -0.46    44.    46.    44.     
 62.000    0.1750  0.0078  0.45 249.99  5.71 -0.12    0.2440  0.0088 -0.07    22.    23.    22.     
 64.000    0.1300  0.0041 -0.31 239.78  3.15  0.08    0.1890  0.0062 -0.07    13.    13.    13.     
 66.000    0.0980  0.0032 -0.36 233.08  6.22 -0.03    0.1460  0.0054 -0.38    13.    13.    13.     
 68.000    0.0730  0.0026 -0.61 217.73  8.31 -0.10    0.1170  0.0045  0.64    14.    14.    14.     
 70.000    0.0530  0.0021 -0.35 210.33  4.34 -0.21    0.0880  0.0029 -0.56    12.    12.    12.     
     T A B L E  II - 12.  T H E R M O D Y N A M I C  S T A T I S T I C A L  P A R A M E T E R S     
                                              DECEMBER                                              
 STATION =   911620     BARKING SANDS, HAWAII                                                       
    Z      MEAN P   SD P  SKEWP MEAN T  SD T SKEWT    MEAN D    SD D SKEWD  NOBSP  NOBST  NOBSD     
    KM       MB        MB       DEG K  DEG K            G/M3    G/M3                                
  0.000 1016.1001  3.1271 -0.35 294.11  2.09 -0.05 1195.0000 10.9800 -0.06   299.   299.   299.     
  0.005 1015.6001  3.1200 -0.36 294.02  2.14 -0.11 1195.0000 11.1400 -0.02   317.   317.   317.     
  1.000  905.1499  2.7413 -0.67 289.09  1.69 -0.25 1085.0000  7.4680  0.14   317.   317.   317.     
  2.000  804.0901  2.6263 -0.72 284.94  2.40 -0.56  980.0000  7.4340  0.35   317.   317.   317.     
  3.000  713.0801  2.6413 -0.88 280.78  2.20 -0.38  883.2000  6.2510  0.14   317.   317.   317.     
  4.000  630.9199  2.6446 -0.88 275.52  2.40 -0.21  796.6001  5.8900  0.02   317.   317.   317.     
  5.000  556.9700  2.6987 -1.05 269.66  2.66 -0.49  718.7000  5.4990  0.33   317.   317.   317.     
  6.000  490.2300  2.8482 -1.00 263.22  2.85 -0.66  648.2000  5.0880  0.30   317.   317.   317.     
  7.000  429.9099  3.0142 -1.04 256.06  2.91 -0.73  584.3000  4.3670  0.28   317.   317.   317.     
  8.000  375.7800  3.0777 -1.02 248.79  2.92 -0.75  525.7000  3.9390  0.12   316.   316.   316.     
  9.000  327.1299  3.1337 -1.00 241.40  2.94 -0.62  471.7000  3.8040 -0.56   315.   315.   315.     
 10.000  283.5100  3.0908 -0.96 234.06  2.93 -0.32  421.7000  4.0020 -0.89   315.   315.   315.     
 11.000  244.7200  3.0019 -0.87 227.02  2.92 -0.05  375.5000  4.3240 -0.86   315.   315.   315.     
 12.000  210.1700  2.7195 -0.73 220.61  2.82 -0.19  331.8999  4.6860 -0.95   315.   315.   315.     
 13.000  179.8900  2.4562 -0.57 214.64  2.69 -0.13  292.0000  4.6880 -1.09   315.   315.   315.     
 14.000  153.2500  2.1376 -0.42 209.19  2.49  0.00  255.2000  4.5250 -0.93   314.   314.   314.     
 15.000  130.0400  1.7952 -0.30 204.36  2.54  0.20  221.7000  4.4520 -0.56   314.   314.   314.     
 16.000  109.9500  1.4605 -0.18 200.62  2.67  0.47  191.0000  4.1470 -0.49   314.   314.   314.     
 17.000   92.7800  1.1487 -0.02 198.67  2.95  0.38  162.7000  3.7530 -0.31   314.   314.   314.     
 18.000   78.2220  0.8885  0.12 199.42  3.24  0.40  136.7000  3.1770 -0.16   314.   314.   314.     
 19.000   66.1020  0.6942  0.16 203.20  2.99  0.16  113.4000  2.3140  0.00   311.   311.   311.     
 20.000   56.0480  0.5668  0.14 207.45  2.52  0.17   94.1400  1.5790  0.25   307.   307.   307.     
 21.000   47.6720  0.4795  0.03 210.78  2.17  0.18   78.8000  1.1130  0.36   303.   303.   303.     
 22.000   40.6310  0.4182  0.01 213.67  2.07  0.68   66.2500  0.8793  0.06   298.   298.   298.     
 23.000   34.7160  0.3565 -0.05 216.07  1.98  0.17   55.9800  0.6847  0.12   287.   287.   287.     
 24.000   29.6960  0.3213 -0.12 218.43  2.39  0.18   47.3700  0.6141  0.04   283.   283.   283.     
 25.000   25.4550  0.2872 -0.27 220.51  2.58  0.17   40.2200  0.5330  0.01   279.   279.   279.     
 26.000   21.8500  0.2588 -0.42 222.28  2.59  0.11   34.2500  0.4593  0.09   250.   250.   250.     
 27.000   18.7840  0.2339 -0.40 223.90  2.55  0.29   29.2300  0.3890  0.13   224.   224.   224.     
 28.000   16.1540  0.2125 -0.36 225.31  2.71  0.20   24.9800  0.3487  0.07   218.   218.   218.     
 29.000   13.9150  0.1913 -0.34 226.69  2.97 -0.16   21.3900  0.3190  0.37   178.   178.   178.     
 30.000   11.9830  0.1710 -0.38 228.08  3.36 -0.11   18.3000  0.2797  0.48   161.   161.   161.     
 32.000    8.9380  0.1633 -0.15 232.09  4.58  0.18   13.4300  0.2487  0.14    88.    90.    87.     
 34.000    6.7030  0.1416  0.09 235.13  5.11  0.03    9.9380  0.2486  0.71    91.    93.    91.     
 36.000    5.0410  0.1142 -0.16 239.33  7.08 -0.90    7.3470  0.2331  0.75    91.    93.    91.     
 38.000    3.8260  0.0942 -0.28 246.93  6.85  0.32    5.4020  0.1680  0.16    89.    91.    89.     
 40.000    2.9220  0.0775 -0.21 253.52  5.80  0.27    4.0180  0.1206 -0.49    89.    91.    89.     
 42.000    2.2480  0.0631  0.04 259.05  6.09 -0.31    3.0230  0.0983 -0.19    89.    90.    89.     
 44.000    1.7400  0.0535  0.34 265.01  5.46  0.02    2.2870  0.0749  0.07    90.    91.    90.     
 46.000    1.3520  0.0431  0.32 267.88  5.73 -0.62    1.7570  0.0611  0.45    88.    85.    88.     
 48.000    1.0530  0.0347  0.38 268.28  5.86 -0.75    1.3660  0.0512  0.09    88.    80.    88.     
 50.000    0.8200  0.0280  0.48 268.22  5.98 -0.51    1.0650  0.0374  0.27    87.    87.    87.     
 52.000    0.6390  0.0231  0.48 267.45  6.49 -0.27    0.8310  0.0287 -0.01    85.    84.    85.     
 54.000    0.4970  0.0194  0.50 265.48  6.28 -0.23    0.6510  0.0228  0.06    83.    81.    83.     
 56.000    0.3850  0.0159  0.28 263.62  7.22 -0.10    0.5090  0.0184  0.15    78.    79.    78.     
 58.000    0.3000  0.0129  0.22 262.60  7.09 -0.66    0.3980  0.0147  0.23    67.    68.    67.     
 60.000    0.2310  0.0111  0.41 258.47  6.65 -0.70    0.3110  0.0126  0.27    50.    51.    50.     
 62.000    0.1730  0.0074  0.27 250.58  6.88 -0.28    0.2410  0.0103  0.14    23.    24.    23.     
 64.000    0.1320  0.0058  0.25 243.97  8.03 -0.44    0.1880  0.0082  0.08    15.    16.    15.     
 66.000    0.0980  0.0039  0.53 231.08  9.21 -1.24    0.1480  0.0070 -0.20    12.    12.    12.     
 68.000    0.0730  0.0032  0.65 220.41  6.50 -0.69    0.1160  0.0046  0.31    12.    12.    12.     
 70.000    0.0540  0.0026  0.57 217.08  8.10 -0.46    0.0860  0.0050  0.49    12.    12.    12.     
