        911650   21.98N  159.34W
     T A B L E  II -   1.  T H E R M O D Y N A M I C  S T A T I S T I C A L  P A R A M E T E R S
                                   January
 Station =   911650     Barking Sands, Hawaii (Lihue)
    Z      MEAN P   SD P   SKEWP  MEAN T  SD T  SKEWT    MEAN D   SD D  SKEWD  NOBSP  NOBST  NOBSD
    KM       MB       MB             K      K             G/M3    G/M3                           
  0.000 1020.0000  5.0000   0.00 290.00   5.00   0.00 1221.0000 25.0000  0.00    100    100    100
  0.036 1012.1400  3.5250  -0.45 295.49   2.80  -0.47 1184.3831 12.6280  0.26   1222   1222   1222
  0.500  958.7630  3.2970  -0.48 291.87   1.32  -0.13 1136.6230  7.3890 -0.08   1222   1222   1222
  1.000  904.0600  3.1100  -0.51 288.16   1.63  -0.28 1086.5360  7.8750  0.08   1222   1222   1222
  1.500  852.1860  2.9540  -0.56 285.63   2.22   0.07 1034.6071  8.5500  0.18   1222   1222   1222
  2.000  803.0250  2.8270  -0.62 284.61   2.79  -0.07  980.2350  9.0640  0.23   1222   1222   1222
  2.500  756.3320  2.7800  -0.66 283.29   2.72  -0.35  928.5200  7.9400  0.33   1222   1222   1222
  3.000  712.0650  2.7840  -0.68 281.17   2.66  -0.36  881.1470  7.1840  0.18   1222   1222   1222
  3.500  670.0970  2.7730  -0.73 278.61   2.73  -0.35  837.0740  6.9200  0.12   1222   1222   1222
  4.000  630.1510  2.8080  -0.75 275.86   2.80  -0.36  795.2020  6.6730  0.06   1222   1222   1222
  4.500  592.2040  2.8640  -0.77 272.88   2.89  -0.31  755.6040  6.5010  0.03   1222   1222   1222
  5.000  556.1930  2.9360  -0.80 269.79   2.98  -0.37  717.8520  6.2680  0.01   1222   1222   1222
  5.500  522.0620  2.9990  -0.81 266.66   3.12  -0.42  681.7990  6.1680 -0.01   1222   1222   1222
  6.000  489.6880  3.0700  -0.80 263.43   3.23  -0.43  647.3970  6.0990 -0.08   1222   1222   1222
  6.500  458.7940  3.0810  -0.80 260.11   3.36  -0.38  614.3310  6.0840 -0.33   1222   1222   1222
  7.000  429.5730  3.1350  -0.78 256.64   3.46  -0.38  583.0200  5.9180 -0.39   1222   1222   1222
  7.500  401.9890  3.1740  -0.78 253.11   3.59  -0.42  553.2360  5.8640 -0.41   1222   1222   1222
  8.000  375.5970  3.2550  -0.75 249.57   3.73  -0.40  524.2710  5.7190 -0.43   1222   1222   1222
  8.500  350.6150  3.2790  -0.75 246.08   3.91  -0.40  496.3730  5.7080 -0.45   1222   1222   1222
  9.000  327.0610  3.3060  -0.74 242.60   4.06  -0.41  469.6960  5.6390 -0.39   1222   1222   1222
  9.500  304.8930  3.3310  -0.72 239.17   4.14  -0.46  444.1430  5.4940 -0.38   1222   1222   1222
 10.000  283.8280  3.3830  -0.67 235.83   4.14  -0.56  419.3170  5.3430 -0.40   1222   1222   1222
 10.500  263.9380  3.3500  -0.67 232.50   4.08  -0.70  395.5360  5.2030 -0.45   1222   1222   1222
 11.000  245.3020  3.3700  -0.63 229.24   3.94  -0.82  372.8350  5.0240 -0.58   1222   1222   1222
 11.500  227.5210  3.2520  -0.62 225.97   3.66  -0.97  350.7940  4.8820 -0.78   1222   1222   1222
 12.000  210.9260  3.1300  -0.61 222.79   3.33  -1.07  329.8470  4.8770 -1.07   1222   1222   1222
 12.500  195.4500  3.0680  -0.57 219.64   3.01  -0.98  310.0250  5.0460 -1.17   1222   1222   1222
 13.000  180.6660  2.8500  -0.56 216.46   2.73  -0.59  290.7910  5.0580 -1.21   1222   1222   1222
 13.500  166.9200  2.6570  -0.51 213.34   2.49   0.04  272.6040  5.1310 -1.13   1222   1222   1222
 14.000  154.1140  2.4490  -0.49 210.24   2.42   0.51  255.4070  5.1590 -1.05   1222   1222   1222
 14.500  142.1060  2.2890  -0.44 207.21   2.46   0.73  238.9520  5.2760 -0.90   1222   1222   1222
 15.000  130.7690  2.0450  -0.38 204.30   2.61   0.69  223.0390  5.2160 -0.75   1222   1222   1222
 15.500  120.2540  1.8030  -0.37 201.64   2.80   0.68  207.8190  5.0880 -0.67   1222   1222   1222
 16.000  110.5250  1.6020  -0.30 199.26   3.02   0.64  193.2910  4.9120 -0.61   1222   1222   1222
 16.500  101.5220  1.4010  -0.26 197.34   3.30   0.56  179.2910  4.7600 -0.57   1222   1222   1222
 17.000   93.1890  1.2310  -0.17 195.92   3.54   0.54  165.7740  4.5120 -0.51   1222   1222   1222
 17.500   85.4460  1.0540  -0.09 195.17   3.75   0.48  152.5930  4.2020 -0.44   1222   1222   1222
 18.000   78.3370  0.9110   0.09 195.51   3.93   0.36  139.6530  3.8210 -0.32   1222   1222   1222
 18.500   71.8410  0.7770   0.19 196.93   3.94   0.29  127.1490  3.3200 -0.23   1222   1222   1222
 19.000   65.9600  0.6820   0.35 198.96   3.62   0.09  115.5360  2.6780 -0.05   1222   1222   1222
 19.500   60.6020  0.6180   0.49 201.34   3.32   0.02  104.8850  2.1310 -0.00   1222   1222   1222
 20.000   55.7260  0.5740   0.62 203.54   3.01  -0.00   95.4000  1.6970 -0.05   1222   1222   1222
 20.500   51.2630  0.5350   0.63 205.45   2.74  -0.13   86.9360  1.3400 -0.06   1222   1222   1222
 21.000   47.2460  0.5080   0.73 207.10   2.66   0.02   79.4850  1.1270 -0.20   1222   1222   1222
 21.500   43.5430  0.4970   0.72 208.56   2.65   0.08   72.7390  0.9630 -0.22   1222   1222   1222
 22.000   40.1520  0.4840   0.72 209.88   2.73   0.03   66.6530  0.8500 -0.22   1222   1222   1222
 22.500   37.0380  0.4700   0.76 211.10   2.79   0.03   61.1280  0.7890 -0.18   1222   1222   1222
 23.000   34.1750  0.4560   0.73 212.27   2.84  -0.04   56.0930  0.7330 -0.12   1222   1222   1222
 23.500   31.5420  0.4400   0.68 213.34   2.82  -0.06   51.5110  0.6570 -0.10   1222   1222   1222
 24.000   29.1780  0.4060   0.70 214.32   2.79  -0.03   47.4300  0.5490 -0.12   1222   1222   1222
 24.500   26.9490  0.4070   0.76 215.27   2.79  -0.09   43.6130  0.5470 -0.03   1222   1222   1222
 25.000   24.9080  0.3980   0.74 216.25   2.88  -0.05   40.1270  0.5330 -0.12   1222   1222   1222
 25.500   23.0300  0.3880   0.67 217.27   2.91  -0.10   36.9270  0.5050  0.00   1222   1222   1222
 26.000   21.2990  0.3700   0.66 218.19   2.93  -0.14   34.0080  0.4770 -0.09   1222   1222   1222
 26.500   19.7450  0.3330   0.64 219.02   2.92  -0.10   31.4070  0.4040  0.02   1222   1222   1222
 27.000   18.2650  0.3440   0.71 219.85   2.92  -0.09   28.9440  0.4240  0.04   1222   1222   1222
 27.500   16.9040  0.3350   0.71 220.65   3.00  -0.02   26.6900  0.4320 -0.04   1222   1222   1222
 28.000   15.6570  0.3230   0.64 221.49   3.07  -0.01   24.6260  0.4220 -0.05   1222   1222   1222
 28.500   14.5070  0.3070   0.65 222.35   3.13  -0.06   22.7300  0.4060 -0.11   1222   1222   1222
 29.000   13.4430  0.2940   0.66 223.21   3.22  -0.10   20.9810  0.3910 -0.14   1222   1222   1222
 29.500   12.4600  0.2820   0.63 223.96   3.32   0.02   19.3830  0.3760 -0.19   1222   1222   1222
 30.000   11.5530  0.2690   0.57 224.71   3.42   0.04   17.9110  0.3700 -0.23   1222   1222   1222
     T A B L E  II -   2.  T H E R M O D Y N A M I C  S T A T I S T I C A L  P A R A M E T E R S
                                  February
 Station =   911650     Barking Sands, Hawaii (Lihue)
    Z      MEAN P   SD P   SKEWP  MEAN T  SD T  SKEWT    MEAN D   SD D  SKEWD  NOBSP  NOBST  NOBSD
    KM       MB       MB             K      K             G/M3    G/M3                           
  0.000 1020.0000  5.0000   0.00 290.00   5.00   0.00 1221.0000 25.0000  0.00    100    100    100
  0.036 1013.6020  3.4910  -0.83 295.53   2.50  -0.33 1185.9940 11.6860  0.09   1034   1034   1034
  0.500  960.1180  3.2030  -0.87 291.57   1.31  -0.17 1139.4790  7.6710 -0.07   1034   1034   1034
  1.000  905.2440  2.9540  -0.90 287.86   1.62  -0.22 1089.2030  8.0930  0.01   1034   1034   1034
  1.500  853.2180  2.8150  -1.00 285.02   2.03  -0.20 1037.9871  8.5080  0.20   1034   1034   1034
  2.000  803.8980  2.6510  -1.07 283.86   2.58  -0.04  983.7520  8.4280  0.31   1034   1034   1034
  2.500  757.0180  2.5830  -1.06 282.53   2.43   0.02  931.7560  7.0300  0.24   1034   1034   1034
  3.000  712.5830  2.5710  -0.98 280.30   2.36   0.05  884.5010  6.3830 -0.03   1034   1034   1034
  3.500  670.4470  2.5450  -0.97 277.70   2.41   0.11  840.2580  6.2360 -0.19   1034   1034   1034
  4.000  630.3580  2.5650  -0.89 274.86   2.49   0.00  798.3580  6.1000 -0.11   1034   1034   1034
  4.500  592.2720  2.5800  -0.82 271.89   2.59  -0.02  758.4390  6.1440 -0.22   1034   1034   1034
  5.000  556.1260  2.5900  -0.75 268.85   2.71  -0.01  720.2850  6.1000 -0.22   1034   1034   1034
  5.500  521.8830  2.6150  -0.69 265.78   2.96   0.07  683.8240  6.2790 -0.35   1034   1034   1034
  6.000  489.4070  2.6860  -0.63 262.59   3.20   0.08  649.1200  6.3770 -0.35   1034   1034   1034
  6.500  458.4410  2.7190  -0.55 259.26   3.39   0.08  615.8850  6.3140 -0.35   1034   1034   1034
  7.000  429.1560  2.7840  -0.47 255.83   3.58   0.13  584.3240  6.2200 -0.39   1034   1034   1034
  7.500  401.5350  2.8330  -0.40 252.43   3.80   0.10  554.1170  6.3710 -0.47   1034   1034   1034
  8.000  375.0950  2.9520  -0.34 248.99   3.95   0.06  524.8220  6.2790 -0.47   1034   1034   1034
  8.500  350.0840  2.9980  -0.31 245.54   4.11  -0.01  496.7340  6.2420 -0.42   1034   1034   1034
  9.000  326.5250  3.0550  -0.29 242.16   4.25  -0.08  469.7920  6.1850 -0.41   1034   1034   1034
  9.500  304.3590  3.1170  -0.24 238.80   4.40  -0.18  444.0690  6.1760 -0.40   1034   1034   1034
 10.000  283.2870  3.1930  -0.23 235.49   4.46  -0.30  419.1550  6.0010 -0.37   1034   1034   1034
 10.500  263.4180  3.1910  -0.24 232.15   4.46  -0.42  395.3620  5.7550 -0.33   1034   1034   1034
 11.000  244.7790  3.2350  -0.21 228.85   4.41  -0.54  372.6910  5.4890 -0.35   1034   1034   1034
 11.500  227.0260  3.1570  -0.22 225.63   4.17  -0.67  350.5840  5.2090 -0.34   1034   1034   1034
 12.000  210.4540  3.0910  -0.21 222.52   3.77  -0.83  329.5300  4.9780 -0.39   1034   1034   1034
 12.500  194.9680  3.0470  -0.22 219.50   3.30  -0.86  309.4720  4.8200 -0.75   1034   1034   1034
 13.000  180.2150  2.8380  -0.22 216.50   2.73  -0.56  290.0070  4.7470 -0.75   1034   1034   1034
 13.500  166.5050  2.6420  -0.22 213.47   2.37  -0.04  271.7510  4.8250 -0.72   1034   1034   1034
 14.000  153.7570  2.4630  -0.20 210.48   2.23   0.42  254.5210  4.9880 -0.62   1034   1034   1034
 14.500  141.7900  2.2890  -0.15 207.58   2.32   0.57  237.9980  5.2050 -0.53   1034   1034   1034
 15.000  130.4980  2.0400  -0.13 204.73   2.50   0.69  222.1090  5.1880 -0.50   1034   1034   1034
 15.500  120.0330  1.8180  -0.06 202.01   2.72   0.67  207.0600  5.0900 -0.45   1034   1034   1034
 16.000  110.3280  1.6130   0.05 199.55   2.98   0.64  192.6690  4.9430 -0.40   1034   1034   1034
 16.500  101.3550  1.3920  -0.00 197.64   3.27   0.53  178.7260  4.7890 -0.33   1034   1034   1034
 17.000   93.0730  1.2280   0.06 196.32   3.45   0.40  165.2290  4.5340 -0.20   1034   1034   1034
 17.500   85.3520  1.0530   0.15 195.65   3.68   0.25  152.0460  4.2100 -0.09   1034   1034   1034
 18.000   78.2700  0.9130   0.33 195.87   3.79   0.06  139.2750  3.7850  0.01   1034   1034   1034
 18.500   71.7880  0.7840   0.39 197.06   3.72  -0.06  126.9650  3.2380  0.13   1034   1034   1034
 19.000   65.9070  0.6710   0.37 198.83   3.61  -0.29  115.5180  2.6750  0.30   1034   1034   1034
 19.500   60.5540  0.6140   0.45 201.09   3.28  -0.22  104.9320  2.1340  0.28   1034   1034   1034
 20.000   55.6670  0.5550   0.54 203.29   3.03  -0.29   95.4170  1.7420  0.30   1034   1034   1034
 20.500   51.2120  0.5160   0.58 205.15   2.69  -0.29   86.9780  1.3760  0.31   1034   1034   1034
 21.000   47.1870  0.4840   0.64 206.83   2.54  -0.14   79.4870  1.1390  0.10   1034   1034   1034
 21.500   43.4870  0.4690   0.63 208.31   2.48  -0.02   72.7320  1.0040 -0.04   1034   1034   1034
 22.000   40.0920  0.4470   0.67 209.65   2.47  -0.14   66.6240  0.9030  0.02   1034   1034   1034
 22.500   36.9800  0.4290   0.66 210.84   2.52  -0.18   61.1080  0.8140 -0.13   1034   1034   1034
 23.000   34.1200  0.4090   0.65 211.99   2.53  -0.21   56.0730  0.7290 -0.14   1034   1034   1034
 23.500   31.4850  0.3980   0.53 213.07   2.58  -0.22   51.4830  0.6550 -0.19   1034   1034   1034
 24.000   29.1230  0.3630   0.63 214.10   2.67  -0.14   47.3900  0.5650 -0.15   1034   1034   1034
 24.500   26.8990  0.3660   0.62 215.04   2.69  -0.18   43.5800  0.5330 -0.11   1034   1034   1034
 25.000   24.8600  0.3560   0.58 216.02   2.70  -0.05   40.0930  0.5010 -0.11   1034   1034   1034
 25.500   22.9860  0.3450   0.53 217.10   2.72   0.08   36.8860  0.4890 -0.17   1034   1034   1034
 26.000   21.2570  0.3350   0.45 218.20   2.72   0.14   33.9400  0.4640 -0.20   1034   1034   1034
 26.500   19.7020  0.2940   0.52 219.30   2.74   0.12   31.2990  0.4110 -0.10   1034   1034   1034
 27.000   18.2320  0.3040   0.59 220.46   2.75   0.13   28.8120  0.4270 -0.00   1034   1034   1034
 27.500   16.8830  0.2970   0.54 221.54   2.84   0.13   26.5490  0.4250 -0.07   1034   1034   1034
 28.000   15.6410  0.2840   0.51 222.52   2.87   0.12   24.4900  0.4140 -0.26   1034   1034   1034
 28.500   14.4960  0.2700   0.54 223.49   2.86   0.10   22.5970  0.3930 -0.11   1034   1034   1034
 29.000   13.4380  0.2540   0.60 224.47   2.90   0.19   20.8570  0.3750 -0.08   1034   1034   1034
 29.500   12.4620  0.2450   0.50 225.47   3.01   0.18   19.2560  0.3660 -0.06   1034   1034   1034
 30.000   11.5600  0.2310   0.52 226.44   3.11   0.17   17.7870  0.3520 -0.09   1034   1034   1034
     T A B L E  II -   3.  T H E R M O D Y N A M I C  S T A T I S T I C A L  P A R A M E T E R S
                                     March
 Station =   911650     Barking Sands, Hawaii (Lihue)
    Z      MEAN P   SD P   SKEWP  MEAN T  SD T  SKEWT    MEAN D   SD D  SKEWD  NOBSP  NOBST  NOBSD
    KM       MB       MB             K      K             G/M3    G/M3                           
  0.000 1020.0000  5.0000   0.00 290.00   5.00   0.00 1221.0000 25.0000  0.00    100    100    100
  0.036 1014.3790  3.1040  -0.75 295.76   2.51  -0.28 1185.7629 11.1530 -0.01   1186   1186   1186
  0.500  960.8500  2.9530  -0.76 291.53   1.27  -0.23 1140.3890  6.8200 -0.22   1186   1186   1186
  1.000  905.9520  2.7710  -0.76 287.82   1.59  -0.26 1090.1639  7.4300 -0.13   1186   1186   1186
  1.500  853.9050  2.6130  -0.80 284.86   1.99  -0.32 1039.2230  8.0390  0.07   1186   1186   1186
  2.000  804.4770  2.5410  -0.77 283.36   2.46  -0.19  985.9460  8.0740  0.37   1186   1186   1186
  2.500  757.5060  2.5100  -0.76 282.17   2.32  -0.35  933.4130  6.6700  0.46   1186   1186   1186
  3.000  712.9970  2.5210  -0.71 280.10   2.20  -0.13  885.5910  5.6640  0.01   1186   1186   1186
  3.500  670.8130  2.5140  -0.67 277.59   2.23  -0.09  841.0230  5.4190 -0.08   1186   1186   1186
  4.000  630.7120  2.5290  -0.65 274.83   2.29   0.02  798.8550  5.2570 -0.18   1186   1186   1186
  4.500  592.5810  2.5660  -0.57 271.84   2.38   0.09  758.9310  5.1840 -0.29   1186   1186   1186
  5.000  556.3880  2.6030  -0.53 268.70   2.46   0.02  721.0110  5.1070 -0.10   1186   1186   1186
  5.500  522.1010  2.6500  -0.49 265.44   2.52   0.09  684.9560  4.8240 -0.27   1186   1186   1186
  6.000  489.5770  2.7360  -0.43 262.05   2.60   0.10  650.6410  4.6330 -0.31   1186   1186   1186
  6.500  458.5290  2.7470  -0.42 258.61   2.71   0.12  617.5300  4.5220 -0.36   1186   1186   1186
  7.000  429.1620  2.7890  -0.37 255.05   2.86   0.15  586.0770  4.5440 -0.56   1186   1186   1186
  7.500  401.4450  2.8290  -0.35 251.43   2.99   0.19  556.1410  4.5550 -0.63   1186   1186   1186
  8.000  374.8890  2.9140  -0.30 247.83   3.14   0.20  526.9270  4.5410 -0.63   1186   1186   1186
  8.500  349.7660  2.9340  -0.26 244.19   3.28   0.23  498.9670  4.5300 -0.61   1186   1186   1186
  9.000  326.0940  2.9550  -0.22 240.57   3.41   0.22  472.2230  4.5480 -0.61   1186   1186   1186
  9.500  303.8240  2.9720  -0.19 237.01   3.60   0.20  446.5950  4.8460 -0.67   1186   1186   1186
 10.000  282.6440  3.0390  -0.15 233.53   3.78   0.15  421.6670  5.0150 -0.69   1186   1186   1186
 10.500  262.6630  3.0260  -0.12 230.20   3.92   0.02  397.5530  5.1230 -0.56   1186   1186   1186
 11.000  243.9160  3.0400  -0.08 226.99   4.03  -0.11  374.4090  5.2080 -0.49   1186   1186   1186
 11.500  226.0860  2.9460  -0.07 223.83   3.95  -0.25  351.9360  5.0790 -0.47   1186   1186   1186
 12.000  209.4690  2.8810  -0.05 220.79   3.77  -0.42  330.5640  5.0580 -0.41   1186   1186   1186
 12.500  193.9380  2.8370  -0.01 217.95   3.54  -0.64  310.0390  5.1530 -0.44   1186   1186   1186
 13.000  179.2060  2.6530   0.01 215.11   3.29  -0.76  290.2630  5.1370 -0.45   1186   1186   1186
 13.500  165.5140  2.4920   0.04 212.42   2.95  -0.68  271.4840  5.1240 -0.43   1186   1186   1186
 14.000  152.8090  2.3480   0.10 209.91   2.65  -0.29  253.6470  5.1280 -0.36   1186   1186   1186
 14.500  140.8510  2.1450   0.06 207.47   2.57   0.12  236.5550  5.2010 -0.27   1186   1186   1186
 15.000  129.6620  1.9070   0.08 205.13   2.63   0.27  220.2560  5.1350 -0.16   1186   1186   1186
 15.500  119.2930  1.6950   0.15 202.94   2.81   0.20  204.8350  5.0450 -0.06   1186   1186   1186
 16.000  109.6860  1.4690   0.12 200.91   2.98   0.11  190.2590  4.8100 -0.04   1186   1186   1186
 16.500  100.8410  1.2800   0.15 199.29   3.27   0.17  176.3480  4.6240 -0.05   1186   1186   1186
 17.000   92.6450  1.1160   0.18 198.22   3.49   0.23  162.8910  4.3250 -0.06   1186   1186   1186
 17.500   85.0370  0.9630   0.29 197.77   3.58   0.20  149.8560  3.9130  0.01   1186   1186   1186
 18.000   78.0530  0.8250   0.42 198.16   3.62   0.15  137.2750  3.4450  0.06   1186   1186   1186
 18.500   71.6590  0.7070   0.49 199.27   3.53   0.05  125.3220  2.9430  0.13   1186   1186   1186
 19.000   65.8560  0.6120   0.42 201.03   3.31   0.06  114.1610  2.3910  0.16   1186   1186   1186
 19.500   60.5580  0.5590   0.49 203.07   3.04   0.14  103.9120  1.9060  0.14   1186   1186   1186
 20.000   55.7160  0.5100   0.56 205.01   2.78   0.04   94.6940  1.5240  0.22   1186   1186   1186
 20.500   51.2940  0.4790   0.55 206.73   2.53   0.08   86.4510  1.2410  0.12   1186   1186   1186
 21.000   47.2940  0.4470   0.62 208.28   2.37  -0.00   79.1100  1.0410 -0.02   1186   1186   1186
 21.500   43.6030  0.4330   0.63 209.65   2.34  -0.10   72.4600  0.9300 -0.09   1186   1186   1186
 22.000   40.2280  0.4190   0.66 210.95   2.34   0.03   66.4370  0.8400 -0.07   1186   1186   1186
 22.500   37.1230  0.3990   0.66 212.12   2.37   0.15   60.9720  0.7710 -0.03   1186   1186   1186
 23.000   34.2740  0.3750   0.62 213.34   2.41   0.18   55.9720  0.7130  0.04   1186   1186   1186
 23.500   31.6450  0.3630   0.51 214.52   2.42   0.17   51.3930  0.6720  0.06   1186   1186   1186
 24.000   29.2810  0.3270   0.50 215.63   2.44   0.18   47.3090  0.5840  0.05   1186   1186   1186
 24.500   27.0590  0.3280   0.59 216.75   2.48   0.03   43.4930  0.5690  0.07   1186   1186   1186
 25.000   25.0240  0.3200   0.55 217.93   2.48  -0.00   40.0050  0.5310 -0.01   1186   1186   1186
 25.500   23.1510  0.3120   0.41 219.08   2.57   0.05   36.8150  0.5010 -0.09   1186   1186   1186
 26.000   21.4250  0.2980   0.39 220.25   2.62   0.13   33.8890  0.4680 -0.13   1186   1186   1186
 26.500   19.8700  0.2540   0.61 221.38   2.65   0.22   31.2690  0.3850 -0.03   1186   1186   1186
 27.000   18.4060  0.2670   0.63 222.56   2.78   0.22   28.8140  0.3950 -0.16   1186   1186   1186
 27.500   17.0550  0.2640   0.55 223.69   2.85   0.26   26.5620  0.3820 -0.30   1186   1186   1186
 28.000   15.8110  0.2550   0.57 224.84   2.96   0.32   24.5000  0.3710 -0.32   1186   1186   1186
 28.500   14.6650  0.2460   0.52 225.91   2.94   0.21   22.6150  0.3450 -0.08   1186   1186   1186
 29.000   13.6060  0.2340   0.54 226.93   2.95   0.16   20.8870  0.3200 -0.04   1186   1186   1186
 29.500   12.6280  0.2220   0.59 227.91   3.01   0.13   19.3040  0.3050 -0.05   1186   1186   1186
 30.000   11.7230  0.2130   0.60 228.86   3.01   0.07   17.8460  0.2940 -0.02   1186   1186   1186
     T A B L E  II -   4.  T H E R M O D Y N A M I C  S T A T I S T I C A L  P A R A M E T E R S
                                     April
 Station =   911650     Barking Sands, Hawaii (Lihue)
    Z      MEAN P   SD P   SKEWP  MEAN T  SD T  SKEWT    MEAN D   SD D  SKEWD  NOBSP  NOBST  NOBSD
    KM       MB       MB             K      K             G/M3    G/M3                           
  0.000 1020.0000  5.0000   0.00 290.00   5.00   0.00 1221.0000 25.0000  0.00    100    100    100
  0.036 1015.0720  2.4720  -0.42 296.48   2.18  -0.16 1183.2920  9.7610  0.01   1119   1119   1119
  0.500  961.6110  2.2890  -0.44 291.84   1.07  -0.26 1139.7100  5.8050 -0.06   1119   1119   1119
  1.000  906.7230  2.1160  -0.48 288.13   1.32  -0.20 1089.6899  6.2290 -0.05   1119   1119   1119
  1.500  854.6970  1.9920  -0.52 285.11   1.61  -0.22 1038.9650  6.5470  0.09   1119   1119   1119
  2.000  805.2460  1.9290  -0.53 283.41   2.11  -0.15  986.3400  6.9080  0.44   1119   1119   1119
  2.500  758.2940  1.8670  -0.48 282.45   2.19  -0.04  933.3680  6.4560  0.25   1119   1119   1119
  3.000  713.7880  1.8650  -0.45 280.63   2.11  -0.13  884.8920  5.7610  0.26   1119   1119   1119
  3.500  671.6460  1.8690  -0.45 278.23   2.07  -0.05  840.1170  5.3790  0.05   1119   1119   1119
  4.000  631.5750  1.8920  -0.43 275.50   2.08   0.01  797.9930  5.1240  0.02   1119   1119   1119
  4.500  593.4970  1.9290  -0.38 272.55   2.10  -0.08  758.1240  4.8590  0.07   1119   1119   1119
  5.000  557.3550  1.9610  -0.32 269.45   2.13  -0.15  720.2530  4.6040  0.07   1119   1119   1119
  5.500  523.0980  2.0000  -0.29 266.20   2.17  -0.10  684.2920  4.3700  0.00   1119   1119   1119
  6.000  490.6050  2.0690  -0.28 262.85   2.20  -0.13  650.0250  4.1130 -0.02   1119   1119   1119
  6.500  459.5670  2.0940  -0.29 259.33   2.22  -0.13  617.1960  3.8490 -0.01   1119   1119   1119
  7.000  430.2000  2.1200  -0.28 255.67   2.27  -0.08  586.0670  3.6540 -0.09   1119   1119   1119
  7.500  402.4720  2.1590  -0.27 251.95   2.33  -0.05  556.4120  3.5290 -0.10   1119   1119   1119
  8.000  375.9040  2.2390  -0.24 248.19   2.40   0.04  527.5720  3.4070 -0.23   1119   1119   1119
  8.500  350.7230  2.2660  -0.20 244.38   2.48   0.09  499.9170  3.2960 -0.32   1119   1119   1119
  9.000  326.9910  2.2990  -0.15 240.54   2.55   0.19  473.5480  3.1650 -0.51   1119   1119   1119
  9.500  304.6650  2.3090  -0.14 236.71   2.64   0.28  448.3780  3.1830 -0.68   1119   1119   1119
 10.000  283.3870  2.3720  -0.12 232.88   2.76   0.31  423.9210  3.2410 -0.78   1119   1119   1119
 10.500  263.2960  2.3830  -0.08 229.11   2.90   0.31  400.3730  3.3850 -0.83   1119   1119   1119
 11.000  244.4050  2.3860  -0.03 225.45   3.05   0.30  377.6900  3.6300 -0.93   1119   1119   1119
 11.500  226.4080  2.3390  -0.01 221.94   3.19   0.26  355.4220  3.8320 -0.88   1119   1119   1119
 12.000  209.6440  2.3140   0.03 218.68   3.29   0.19  334.0150  4.1100 -0.75   1119   1119   1119
 12.500  193.9440  2.2840   0.05 215.77   3.39   0.09  313.1810  4.4780 -0.68   1119   1119   1119
 13.000  179.0850  2.1600   0.05 213.15   3.36  -0.04  292.7460  4.5800 -0.44   1119   1119   1119
 13.500  165.2840  2.0520   0.05 210.82   3.19  -0.14  273.1760  4.5330 -0.24   1119   1119   1119
 14.000  152.4870  1.9510   0.05 208.77   2.89  -0.21  254.4910  4.4470  0.02   1119   1119   1119
 14.500  140.5350  1.8250   0.04 206.89   2.66  -0.26  236.6820  4.4050  0.08   1119   1119   1119
 15.000  129.3670  1.6370   0.06 205.14   2.56  -0.19  219.7360  4.3260  0.07   1119   1119   1119
 15.500  119.0430  1.4670   0.03 203.48   2.67  -0.22  203.8560  4.3120  0.05   1119   1119   1119
 16.000  109.4990  1.3090   0.08 201.98   2.71  -0.06  188.9080  4.1320  0.06   1119   1119   1119
 16.500  100.6930  1.1470   0.10 200.91   2.88   0.16  174.6520  3.9590 -0.02   1119   1119   1119
 17.000   92.5840  1.0120   0.13 200.20   3.22   0.24  161.1610  3.8040 -0.08   1119   1119   1119
 17.500   85.0610  0.8800   0.23 200.12   3.34   0.31  148.1290  3.4740 -0.09   1119   1119   1119
 18.000   78.1530  0.7520   0.22 200.77   3.44   0.13  135.6600  3.1310 -0.00   1119   1119   1119
 18.500   71.8230  0.6470   0.29 202.07   3.33  -0.06  123.8630  2.6740  0.14   1119   1119   1119
 19.000   66.0920  0.5780   0.30 203.78   3.13  -0.10  113.0180  2.2140  0.22   1119   1119   1119
 19.500   60.8410  0.5220   0.38 205.68   2.85  -0.12  103.0710  1.7890  0.31   1119   1119   1119
 20.000   56.0380  0.4750   0.37 207.38   2.63  -0.12   94.1520  1.4370  0.19   1119   1119   1119
 20.500   51.6280  0.4470   0.42 208.72   2.45   0.05   86.1830  1.1660  0.07   1119   1119   1119
 21.000   47.6380  0.4170   0.45 209.93   2.39   0.18   79.0610  0.9860 -0.07   1119   1119   1119
 21.500   43.9530  0.4090   0.50 211.16   2.39   0.33   72.5210  0.9030 -0.20   1119   1119   1119
 22.000   40.5670  0.3960   0.41 212.44   2.43   0.31   66.5290  0.8330 -0.24   1119   1119   1119
 22.500   37.4550  0.3830   0.40 213.70   2.42   0.19   61.0650  0.7470 -0.09   1119   1119   1119
 23.000   34.5990  0.3700   0.41 214.95   2.44   0.02   56.0800  0.6810  0.04   1119   1119   1119
 23.500   31.9720  0.3510   0.36 216.18   2.39  -0.13   51.5260  0.6070  0.01   1119   1119   1119
 24.000   29.6010  0.3090   0.51 217.41   2.32  -0.11   47.4320  0.5040  0.04   1119   1119   1119
 24.500   27.3780  0.3240   0.52 218.67   2.32  -0.11   43.6170  0.5020 -0.13   1119   1119   1119
 25.000   25.3310  0.3220   0.45 219.89   2.32  -0.25   40.1340  0.4810 -0.04   1119   1119   1119
 25.500   23.4550  0.3110   0.40 221.13   2.30  -0.18   36.9530  0.4540 -0.11   1119   1119   1119
 26.000   21.7210  0.3040   0.27 222.34   2.28  -0.08   34.0350  0.4370 -0.36   1119   1119   1119
 26.500   20.1280  0.2710   0.57 223.49   2.25  -0.02   31.3760  0.3850 -0.29   1119   1119   1119
 27.000   18.6890  0.2670   0.56 224.57   2.29   0.10   28.9930  0.3690 -0.15   1119   1119   1119
 27.500   17.3290  0.2640   0.44 225.65   2.33   0.07   26.7540  0.3590 -0.14   1119   1119   1119
 28.000   16.0770  0.2560   0.42 226.75   2.39   0.12   24.7000  0.3480 -0.27   1119   1119   1119
 28.500   14.9180  0.2490   0.32 227.81   2.45   0.04   22.8140  0.3340 -0.32   1119   1119   1119
 29.000   13.8490  0.2370   0.36 228.82   2.50  -0.13   21.0840  0.3180 -0.33   1119   1119   1119
 29.500   12.8620  0.2240   0.42 229.77   2.49  -0.12   19.5000  0.2980 -0.29   1119   1119   1119
 30.000   11.9480  0.2140   0.41 230.76   2.54  -0.03   18.0380  0.2820 -0.20   1119   1119   1119
     T A B L E  II -   5.  T H E R M O D Y N A M I C  S T A T I S T I C A L  P A R A M E T E R S
                                       May
 Station =   911650     Barking Sands, Hawaii (Lihue)
    Z      MEAN P   SD P   SKEWP  MEAN T  SD T  SKEWT    MEAN D   SD D  SKEWD  NOBSP  NOBST  NOBSD
    KM       MB       MB             K      K             G/M3    G/M3                           
  0.000 1020.0000  5.0000   0.00 290.00   5.00   0.00 1221.0000 25.0000  0.00    100    100    100
  0.036 1014.2780  2.1100  -0.45 297.49   2.24  -0.22 1177.8160  9.4170  0.03   1240   1240   1240
  0.500  961.0210  2.0380  -0.56 292.71   1.06  -0.34 1135.1210  4.9380  0.14   1240   1240   1240
  1.000  906.3530  1.9350  -0.68 289.10   1.29  -0.15 1085.1910  5.4310 -0.02   1240   1240   1240
  1.500  854.5370  1.8600  -0.74 286.20   1.54  -0.02 1034.5229  5.7560  0.04   1240   1240   1240
  2.000  805.3190  1.8580  -0.73 284.61   2.26   0.29  982.0690  7.0200  0.13   1240   1240   1240
  2.500  758.5430  1.8520  -0.69 283.71   2.27  -0.29  929.3320  6.3820  0.49   1240   1240   1240
  3.000  714.2230  1.8700  -0.62 281.89   2.05  -0.34  881.2750  5.5430  0.39   1240   1240   1240
  3.500  672.2440  1.8630  -0.58 279.44   2.00  -0.19  837.0620  5.2590  0.16   1240   1240   1240
  4.000  632.3220  1.8670  -0.53 276.67   2.05  -0.25  795.4310  5.1440  0.15   1240   1240   1240
  4.500  594.3790  1.8860  -0.49 273.76   2.08  -0.27  755.7820  4.9040  0.25   1240   1240   1240
  5.000  558.3470  1.9140  -0.43 270.71   2.10  -0.26  718.0580  4.6080  0.27   1240   1240   1240
  5.500  524.1820  1.9490  -0.37 267.56   2.12  -0.26  682.1450  4.2910  0.31   1240   1240   1240
  6.000  491.7980  2.0070  -0.32 264.27   2.14  -0.26  648.0330  4.0370  0.33   1240   1240   1240
  6.500  460.8570  2.0360  -0.29 260.90   2.17  -0.29  615.1760  3.7740  0.36   1240   1240   1240
  7.000  431.5940  2.0790  -0.25 257.40   2.21  -0.36  583.9890  3.5470  0.47   1240   1240   1240
  7.500  403.9420  2.1120  -0.23 253.77   2.23  -0.38  554.4090  3.3310  0.36   1240   1240   1240
  8.000  377.4740  2.1630  -0.23 250.06   2.24  -0.41  525.7960  3.0900  0.29   1240   1240   1240
  8.500  352.3510  2.1820  -0.21 246.26   2.25  -0.38  498.3920  2.8880  0.19   1240   1240   1240
  9.000  328.6660  2.1850  -0.21 242.37   2.25  -0.33  472.3790  2.6840 -0.07   1240   1240   1240
  9.500  306.3850  2.1930  -0.23 238.46   2.25  -0.32  447.5870  2.5890 -0.39   1240   1240   1240
 10.000  285.1830  2.2370  -0.25 234.55   2.25  -0.25  423.5720  2.5010 -0.76   1240   1240   1240
 10.500  265.0730  2.2220  -0.25 230.63   2.26  -0.20  400.4030  2.4470 -0.83   1240   1240   1240
 11.000  246.1890  2.2300  -0.26 226.75   2.25  -0.14  378.2400  2.4850 -0.90   1240   1240   1240
 11.500  228.1080  2.1620  -0.24 222.93   2.22  -0.12  356.4650  2.5770 -0.86   1240   1240   1240
 12.000  211.2570  2.1200  -0.18 219.22   2.20   0.03  335.7200  2.7780 -0.73   1240   1240   1240
 12.500  195.5100  2.0800  -0.23 215.72   2.25   0.17  315.7450  3.0760 -0.88   1240   1240   1240
 13.000  180.5010  1.9570  -0.20 212.55   2.33   0.30  295.8640  3.5110 -0.71   1240   1240   1240
 13.500  166.5480  1.8460  -0.12 209.82   2.43   0.47  276.5470  3.9590 -0.56   1240   1240   1240
 14.000  153.5850  1.7350  -0.15 207.55   2.58   0.38  257.8290  4.3150 -0.42   1240   1240   1240
 14.500  141.4890  1.5940  -0.10 205.68   2.75   0.19  239.6950  4.4970 -0.28   1240   1240   1240
 15.000  130.2030  1.4090  -0.05 204.15   2.83   0.11  222.2350  4.4030 -0.19   1240   1240   1240
 15.500  119.7740  1.2480  -0.06 202.90   2.90   0.05  205.6950  4.1850 -0.13   1240   1240   1240
 16.000  110.1510  1.1020   0.01 201.93   2.95   0.05  190.0840  3.9180 -0.08   1240   1240   1240
 16.500  101.2920  0.9830   0.07 201.49   3.04   0.09  175.1770  3.6590 -0.02   1240   1240   1240
 17.000   93.1630  0.8750   0.14 201.39   3.18   0.05  161.2030  3.3890  0.04   1240   1240   1240
 17.500   85.6500  0.7680   0.23 201.82   3.29  -0.01  147.8880  3.0530  0.10   1240   1240   1240
 18.000   78.7590  0.6980   0.35 202.68   3.08  -0.28  135.4030  2.5730  0.32   1240   1240   1240
 18.500   72.4390  0.6300   0.42 203.82   2.80  -0.34  123.8350  2.1030  0.34   1240   1240   1240
 19.000   66.6940  0.5740   0.42 205.10   2.57  -0.27  113.2990  1.7090  0.20   1240   1240   1240
 19.500   61.4190  0.5500   0.52 206.39   2.39  -0.01  103.6840  1.4050  0.03   1240   1240   1240
 20.000   56.5860  0.5190   0.70 207.80   2.24   0.08   94.8710  1.1580 -0.03   1240   1240   1240
 20.500   52.1460  0.4870   0.67 209.28   2.08   0.07   86.8080  0.9740 -0.03   1240   1240   1240
 21.000   48.1340  0.4650   0.74 210.72   2.00   0.18   79.5790  0.8550 -0.07   1240   1240   1240
 21.500   44.4210  0.4570   0.69 212.08   1.95   0.15   72.9700  0.8050  0.01   1240   1240   1240
 22.000   41.0170  0.4440   0.68 213.44   1.93   0.26   66.9480  0.7560  0.07   1240   1240   1240
 22.500   37.8880  0.4280   0.72 214.76   1.96   0.22   61.4630  0.7060  0.22   1240   1240   1240
 23.000   35.0130  0.4100   0.79 216.08   1.95   0.21   56.4500  0.6480  0.29   1240   1240   1240
 23.500   32.3600  0.3890   0.69 217.41   1.92   0.20   51.8550  0.5960  0.12   1240   1240   1240
 24.000   29.9600  0.3300   1.04 218.65   1.93   0.16   47.7360  0.4910  0.27   1240   1240   1240
 24.500   27.7370  0.3510   0.78 219.84   1.92   0.07   43.9550  0.5050  0.09   1240   1240   1240
 25.000   25.6720  0.3450   0.70 221.02   1.98   0.16   40.4650  0.4970 -0.06   1240   1240   1240
 25.500   23.7770  0.3320   0.62 222.21   1.97   0.25   37.2760  0.4710 -0.08   1240   1240   1240
 26.000   22.0280  0.3170   0.65 223.29   1.97   0.30   34.3670  0.4450 -0.18   1240   1240   1240
 26.500   20.4030  0.3090   0.57 224.37   1.96   0.24   31.6790  0.4340 -0.21   1240   1240   1240
 27.000   18.9690  0.2750   0.88 225.37   1.99   0.26   29.3230  0.3790 -0.01   1240   1240   1240
 27.500   17.5860  0.2730   0.78 226.41   1.97   0.19   27.0600  0.3780 -0.06   1240   1240   1240
 28.000   16.3170  0.2640   0.68 227.38   1.98   0.16   25.0000  0.3710 -0.10   1240   1240   1240
 28.500   15.1440  0.2550   0.63 228.27   2.00   0.19   23.1110  0.3560 -0.03   1240   1240   1240
 29.000   14.0600  0.2410   0.58 229.12   2.05   0.17   21.3780  0.3320 -0.07   1240   1240   1240
 29.500   13.0570  0.2280   0.60 229.92   2.10   0.19   19.7850  0.3170 -0.07   1240   1240   1240
 30.000   12.1290  0.2160   0.51 230.74   2.14   0.23   18.3130  0.3020 -0.14   1240   1240   1240
     T A B L E  II -   6.  T H E R M O D Y N A M I C  S T A T I S T I C A L  P A R A M E T E R S
                                      June
 Station =   911650     Barking Sands, Hawaii (Lihue)
    Z      MEAN P   SD P   SKEWP  MEAN T  SD T  SKEWT    MEAN D   SD D  SKEWD  NOBSP  NOBST  NOBSD
    KM       MB       MB             K      K             G/M3    G/M3                           
  0.000 1020.0000  5.0000   0.00 290.00   5.00   0.00 1221.0000 25.0000  0.00    100    100    100
  0.036 1014.2850  1.7640  -0.19 298.61   1.85   0.27 1172.7810  7.8080 -0.28   1252   1252   1252
  0.500  961.2210  1.6310  -0.23 293.50   0.68  -0.23 1131.7400  3.5930  0.02   1252   1252   1252
  1.000  906.6690  1.4750  -0.17 289.86   0.83  -0.05 1082.3090  3.9340 -0.02   1252   1252   1252
  1.500  854.9840  1.3810  -0.15 286.96   1.14   0.54 1031.9940  4.4330 -0.09   1252   1252   1252
  2.000  805.9070  1.3870  -0.17 285.51   2.11   0.66  979.4620  6.1150 -0.29   1252   1252   1252
  2.500  759.2520  1.3940  -0.16 284.63   2.32  -0.03  927.2340  6.4100  0.18   1252   1252   1252
  3.000  715.0420  1.4600  -0.10 282.96   2.17  -0.26  879.0490  5.7650  0.33   1252   1252   1252
  3.500  673.1540  1.4820  -0.10 280.55   2.07  -0.26  834.9770  5.3090  0.29   1252   1252   1252
  4.000  633.3170  1.5320  -0.11 277.73   2.04  -0.34  793.7410  4.9680  0.39   1252   1252   1252
  4.500  595.4390  1.5880  -0.13 274.69   2.12  -0.49  754.6260  4.8610  0.56   1252   1252   1252
  5.000  559.4730  1.6490  -0.20 271.54   2.20  -0.56  717.3540  4.7450  0.61   1252   1252   1252
  5.500  525.3460  1.7300  -0.27 268.30   2.23  -0.61  681.8050  4.4880  0.59   1252   1252   1252
  6.000  492.9920  1.8330  -0.31 264.99   2.28  -0.64  647.8490  4.3190  0.59   1252   1252   1252
  6.500  462.0710  1.8690  -0.37 261.56   2.31  -0.57  615.2460  4.1510  0.49   1252   1252   1252
  7.000  432.7980  1.9350  -0.42 258.02   2.33  -0.54  584.2100  3.9100  0.32   1252   1252   1252
  7.500  405.1050  1.9890  -0.49 254.33   2.35  -0.56  554.7780  3.6790  0.23   1252   1252   1252
  8.000  378.6460  2.0500  -0.52 250.59   2.38  -0.55  526.3110  3.4740  0.22   1252   1252   1252
  8.500  353.5040  2.0700  -0.55 246.79   2.39  -0.54  498.9540  3.2450  0.26   1252   1252   1252
  9.000  329.7830  2.1010  -0.58 242.93   2.38  -0.50  472.8820  2.9670  0.23   1252   1252   1252
  9.500  307.4400  2.1260  -0.63 239.00   2.34  -0.47  448.1130  2.6380  0.12   1252   1252   1252
 10.000  286.2290  2.1960  -0.62 235.09   2.29  -0.49  424.1380  2.4050  0.07   1252   1252   1252
 10.500  266.0850  2.1960  -0.60 231.20   2.21  -0.44  400.9400  2.2880 -0.06   1252   1252   1252
 11.000  247.1920  2.1930  -0.58 227.33   2.12  -0.39  378.8040  2.3650 -0.53   1252   1252   1252
 11.500  229.0690  2.1150  -0.53 223.54   2.04  -0.32  356.9870  2.4880 -0.97   1252   1252   1252
 12.000  212.1810  2.0470  -0.46 219.86   1.97  -0.20  336.2040  2.7340 -1.32   1252   1252   1252
 12.500  196.4330  2.0080  -0.42 216.43   1.99  -0.06  316.1990  3.1790 -1.46   1252   1252   1252
 13.000  181.3940  1.8690  -0.32 213.26   2.14   0.25  296.3310  3.6680 -1.32   1252   1252   1252
 13.500  167.4220  1.7570  -0.15 210.54   2.35   0.46  277.0570  4.1300 -1.01   1252   1252   1252
 14.000  154.4260  1.6270  -0.01 208.30   2.64   0.50  258.3120  4.5030 -0.71   1252   1252   1252
 14.500  142.3330  1.4600  -0.13 206.59   2.96   0.41  240.0770  4.7660 -0.50   1252   1252   1252
 15.000  131.0270  1.2800  -0.06 205.26   3.26   0.22  222.4520  4.8000 -0.23   1252   1252   1252
 15.500  120.5940  1.1160   0.02 204.23   3.49   0.03  205.7810  4.6240 -0.04   1252   1252   1252
 16.000  110.9680  0.9680   0.04 203.43   3.48   0.03  190.0920  4.1700 -0.04   1252   1252   1252
 16.500  102.0970  0.8470   0.11 203.02   3.31  -0.06  175.2430  3.6010  0.02   1252   1252   1252
 17.000   93.9630  0.7490   0.16 202.85   3.09  -0.15  161.4090  3.0530  0.08   1252   1252   1252
 17.500   86.4350  0.6830   0.34 202.98   2.83  -0.24  148.3810  2.5510  0.14   1252   1252   1252
 18.000   79.5130  0.6220   0.39 203.48   2.51  -0.29  136.1500  2.0320  0.17   1252   1252   1252
 18.500   73.1520  0.5710   0.47 204.37   2.30  -0.21  124.7080  1.6370  0.12   1252   1252   1252
 19.000   67.3700  0.5370   0.50 205.53   2.08  -0.16  114.1990  1.3350  0.20   1252   1252   1252
 19.500   62.0550  0.5160   0.52 206.85   1.96  -0.07  104.5180  1.1520  0.26   1252   1252   1252
 20.000   57.1810  0.4910   0.59 208.34   1.85  -0.09   95.6190  0.9780  0.23   1252   1252   1252
 20.500   52.7040  0.4640   0.57 209.84   1.83   0.05   87.5000  0.8600  0.10   1252   1252   1252
 21.000   48.6580  0.4380   0.59 211.26   1.78   0.12   80.2410  0.7640  0.02   1252   1252   1252
 21.500   44.9120  0.4370   0.58 212.60   1.77   0.15   73.5970  0.7240 -0.05   1252   1252   1252
 22.000   41.4780  0.4270   0.59 213.90   1.82   0.23   67.5560  0.7060 -0.04   1252   1252   1252
 22.500   38.3200  0.4090   0.67 215.16   1.81   0.18   62.0470  0.6510 -0.04   1252   1252   1252
 23.000   35.4120  0.3930   0.64 216.44   1.82   0.22   56.9990  0.6130  0.02   1252   1252   1252
 23.500   32.7380  0.3750   0.57 217.69   1.80   0.17   52.3910  0.5650  0.01   1252   1252   1252
 24.000   30.2700  0.3540   0.67 218.91   1.84   0.21   48.1730  0.5410  0.03   1252   1252   1252
 24.500   28.0660  0.3300   0.78 220.04   1.82   0.19   44.4350  0.4830  0.07   1252   1252   1252
 25.000   25.9800  0.3260   0.72 221.16   1.84   0.17   40.9260  0.4700  0.04   1252   1252   1252
 25.500   24.0630  0.3220   0.62 222.21   1.85   0.23   37.7250  0.4640 -0.02   1252   1252   1252
 26.000   22.2900  0.3100   0.59 223.19   1.86   0.31   34.7930  0.4440 -0.03   1252   1252   1252
 26.500   20.6470  0.3000   0.36 224.17   1.88   0.32   32.0870  0.4270 -0.38   1252   1252   1252
 27.000   19.1960  0.2580   0.86 225.06   1.91   0.26   29.7130  0.3520  0.11   1252   1252   1252
 27.500   17.7910  0.2620   0.76 225.94   1.98   0.18   27.4320  0.3650 -0.04   1252   1252   1252
 28.000   16.5060  0.2550   0.69 226.80   2.04   0.12   25.3540  0.3520  0.04   1252   1252   1252
 28.500   15.3170  0.2440   0.65 227.64   2.05   0.15   23.4400  0.3350  0.03   1252   1252   1252
 29.000   14.2160  0.2350   0.58 228.48   2.09   0.23   21.6760  0.3240 -0.14   1252   1252   1252
 29.500   13.1970  0.2270   0.49 229.27   2.17   0.24   20.0530  0.3140 -0.33   1252   1252   1252
 30.000   12.2610  0.2120   0.54 230.06   2.22   0.23   18.5660  0.2900 -0.25   1252   1252   1252
     T A B L E  II -   7.  T H E R M O D Y N A M I C  S T A T I S T I C A L  P A R A M E T E R S
                                      July
 Station =   911650     Barking Sands, Hawaii (Lihue)
    Z      MEAN P   SD P   SKEWP  MEAN T  SD T  SKEWT    MEAN D   SD D  SKEWD  NOBSP  NOBST  NOBSD
    KM       MB       MB             K      K             G/M3    G/M3                           
  0.000 1020.0000  5.0000   0.00 290.00   5.00   0.00 1221.0000 25.0000  0.00    100    100    100
  0.036 1013.7240  1.6570  -0.04 299.14   1.91   0.24 1169.7371  7.9790 -0.25   1233   1233   1233
  0.500  960.7900  1.5360  -0.09 293.99   0.69   0.06 1129.0031  3.5530 -0.34   1233   1233   1233
  1.000  906.3550  1.3930  -0.15 290.37   0.89   0.38 1079.7490  4.0670 -0.58   1233   1233   1233
  1.500  854.8020  1.3310  -0.13 287.48   1.23   0.84 1029.7200  4.6740 -0.63   1233   1233   1233
  2.000  805.8050  1.3510   0.02 285.86   2.01   0.49  977.9900  5.9940 -0.27   1233   1233   1233
  2.500  759.2060  1.3560   0.07 284.85   2.07  -0.22  926.3260  5.7950  0.35   1233   1233   1233
  3.000  715.0270  1.3980   0.12 283.02   1.95  -0.01  878.7080  5.2440  0.07   1233   1233   1233
  3.500  673.1940  1.3930   0.09 280.63   1.99   0.14  834.6780  5.2220 -0.06   1233   1233   1233
  4.000  633.4350  1.4310   0.05 278.01   2.00  -0.03  793.0120  5.0430  0.13   1233   1233   1233
  4.500  595.6010  1.4500   0.01 275.22   1.93  -0.03  753.3550  4.6420  0.10   1233   1233   1233
  5.000  559.6720  1.4650  -0.02 272.18   1.89  -0.16  715.9090  4.3060  0.24   1233   1233   1233
  5.500  525.5900  1.4870  -0.04 268.99   1.85  -0.15  680.3650  3.9470  0.21   1233   1233   1233
  6.000  493.2860  1.5390  -0.00 265.68   1.85  -0.17  646.5430  3.7160  0.35   1233   1233   1233
  6.500  462.4130  1.5560  -0.02 262.26   1.88  -0.16  614.0470  3.5070  0.40   1233   1233   1233
  7.000  433.1970  1.5920   0.00 258.74   1.91  -0.19  583.1090  3.2560  0.44   1233   1233   1233
  7.500  405.5660  1.6260   0.00 255.09   1.92  -0.21  553.7320  3.0410  0.42   1233   1233   1233
  8.000  379.1680  1.6710   0.02 251.37   1.97  -0.25  525.3900  2.9770  0.42   1233   1233   1233
  8.500  354.0670  1.6900  -0.01 247.57   1.98  -0.25  498.1630  2.8040  0.42   1233   1233   1233
  9.000  330.3890  1.7100  -0.02 243.71   1.95  -0.18  472.2170  2.5740  0.24   1233   1233   1233
  9.500  308.0750  1.7230  -0.01 239.81   1.91  -0.08  447.5100  2.3550  0.03   1233   1233   1233
 10.000  286.8860  1.7660   0.01 235.93   1.87  -0.07  423.5880  2.2360 -0.15   1233   1233   1233
 10.500  266.7670  1.7660   0.02 232.03   1.84  -0.08  400.5130  2.1450 -0.37   1233   1233   1233
 11.000  247.8880  1.7400   0.00 228.15   1.84  -0.07  378.5050  2.1810 -0.57   1233   1233   1233
 11.500  229.7700  1.6990   0.07 224.29   1.82  -0.06  356.8830  2.2300 -0.69   1233   1233   1233
 12.000  212.8750  1.6480   0.11 220.51   1.81  -0.01  336.3080  2.3670 -0.91   1233   1233   1233
 12.500  197.1300  1.6180   0.07 216.96   1.83   0.10  316.5330  2.6630 -0.97   1233   1233   1233
 13.000  182.0740  1.5150   0.16 213.74   1.92   0.34  296.7730  3.0290 -0.91   1233   1233   1233
 13.500  168.0790  1.4340   0.27 210.94   2.15   0.47  277.6030  3.5070 -0.65   1233   1233   1233
 14.000  155.0520  1.3330   0.33 208.65   2.40   0.43  258.9140  3.8850 -0.45   1233   1233   1233
 14.500  142.9220  1.2060   0.24 206.83   2.61   0.18  240.7710  4.0770 -0.16   1233   1233   1233
 15.000  131.5930  1.0580   0.32 205.30   2.80  -0.05  223.3430  4.0570  0.06   1233   1233   1233
 15.500  121.1140  0.9190   0.28 204.07   2.81  -0.08  206.7980  3.7790  0.15   1233   1233   1233
 16.000  111.4450  0.8030   0.33 203.30   2.79  -0.16  191.0130  3.4230  0.26   1233   1233   1233
 16.500  102.5270  0.7070   0.37 203.07   2.62  -0.22  175.9200  2.9110  0.33   1233   1233   1233
 17.000   94.3570  0.6310   0.37 203.16   2.41  -0.26  161.8270  2.3710  0.37   1233   1233   1233
 17.500   86.8150  0.5760   0.43 203.58   2.13  -0.29  148.5750  1.8530  0.39   1233   1233   1233
 18.000   79.8840  0.5390   0.56 204.36   1.97  -0.12  136.1900  1.5270  0.19   1233   1233   1233
 18.500   73.5180  0.4960   0.59 205.36   1.91  -0.05  124.7250  1.2730  0.11   1233   1233   1233
 19.000   67.7320  0.4780   0.70 206.53   1.82   0.16  114.2540  1.0950  0.00   1233   1233   1233
 19.500   62.4130  0.4710   0.75 207.78   1.85   0.09  104.6480  1.0300  0.07   1233   1233   1233
 20.000   57.5260  0.4490   0.83 209.07   1.83   0.14   95.8600  0.9100  0.07   1233   1233   1233
 20.500   53.0360  0.4320   0.84 210.38   1.77   0.24   87.8250  0.7930  0.05   1233   1233   1233
 21.000   48.9750  0.3980   0.91 211.68   1.77   0.36   80.6040  0.6850  0.02   1233   1233   1233
 21.500   45.2060  0.4070   0.93 212.90   1.78   0.21   73.9720  0.6630 -0.06   1233   1233   1233
 22.000   41.7490  0.4010   0.89 214.09   1.84   0.24   67.9360  0.6370 -0.11   1233   1233   1233
 22.500   38.5730  0.3910   0.88 215.25   1.88   0.25   62.4310  0.6090 -0.13   1233   1233   1233
 23.000   35.6480  0.3820   0.90 216.36   1.88   0.20   57.4000  0.5820 -0.14   1233   1233   1233
 23.500   32.9530  0.3690   0.94 217.45   1.86   0.22   52.7940  0.5390  0.08   1233   1233   1233
 24.000   30.4600  0.3670   0.89 218.50   1.88   0.29   48.5660  0.5310  0.15   1233   1233   1233
 24.500   28.2460  0.3220   1.12 219.47   1.89   0.38   44.8370  0.4350  0.10   1233   1233   1233
 25.000   26.1350  0.3260   0.96 220.40   1.92   0.31   41.3090  0.4390  0.03   1233   1233   1233
 25.500   24.1980  0.3210   0.84 221.36   1.98   0.27   38.0820  0.4350 -0.05   1233   1233   1233
 26.000   22.4110  0.3070   0.82 222.32   2.00   0.24   35.1170  0.4110 -0.17   1233   1233   1233
 26.500   20.7510  0.3060   0.62 223.29   2.02   0.25   32.3760  0.4090 -0.24   1233   1233   1233
 27.000   19.2930  0.2570   1.13 224.15   2.06   0.27   29.9860  0.3260  0.20   1233   1233   1233
 27.500   17.8760  0.2650   1.02 225.06   2.10   0.23   27.6700  0.3460  0.13   1233   1233   1233
 28.000   16.5710  0.2620   0.90 225.93   2.18   0.18   25.5520  0.3510 -0.00   1233   1233   1233
 28.500   15.3760  0.2510   0.88 226.75   2.21   0.20   23.6230  0.3320  0.08   1233   1233   1233
 29.000   14.2700  0.2400   0.86 227.49   2.23   0.19   21.8530  0.3110  0.16   1233   1233   1233
 29.500   13.2470  0.2280   0.86 228.21   2.23   0.21   20.2210  0.2930  0.17   1233   1233   1233
 30.000   12.2990  0.2140   0.86 228.94   2.28   0.19   18.7160  0.2740  0.17   1233   1233   1233
     T A B L E  II -   8.  T H E R M O D Y N A M I C  S T A T I S T I C A L  P A R A M E T E R S
                                    August
 Station =   911650     Barking Sands, Hawaii (Lihue)
    Z      MEAN P   SD P   SKEWP  MEAN T  SD T  SKEWT    MEAN D   SD D  SKEWD  NOBSP  NOBST  NOBSD
    KM       MB       MB             K      K             G/M3    G/M3                           
  0.000 1020.0000  5.0000   0.00 290.00   5.00   0.00 1221.0000 25.0000  0.00    100    100    100
  0.036 1013.1680  1.6520  -0.26 299.48   1.88   0.25 1167.5530  7.9920 -0.31   1312   1312   1312
  0.500  960.3200  1.4980  -0.33 294.38   0.68   0.22 1126.7679  3.6740 -0.24   1312   1312   1312
  1.000  906.0230  1.3820  -0.35 290.78   0.89   0.41 1077.7490  4.1930 -0.31   1312   1312   1312
  1.500  854.5470  1.2890  -0.34 287.86   1.20   0.81 1027.9340  4.6620 -0.41   1312   1312   1312
  2.000  805.6330  1.2710  -0.22 286.13   1.95   0.54  976.5970  5.9850 -0.18   1312   1312   1312
  2.500  759.0940  1.2550  -0.09 285.16   2.01  -0.16  924.9500  5.6230  0.32   1312   1312   1312
  3.000  714.9580  1.2900  -0.07 283.39   1.91  -0.28  877.3710  5.0580  0.35   1312   1312   1312
  3.500  673.2080  1.3190  -0.04 281.02   1.85  -0.08  833.4880  4.7930  0.09   1312   1312   1312
  4.000  633.4840  1.3430  -0.10 278.39   1.72  -0.12  791.9340  4.2860  0.13   1312   1312   1312
  4.500  595.6970  1.3480  -0.15 275.56   1.67  -0.16  752.5220  4.0540  0.15   1312   1312   1312
  5.000  559.8330  1.3570  -0.23 272.58   1.68  -0.14  715.0510  3.8760  0.06   1312   1312   1312
  5.500  525.8040  1.3680  -0.30 269.55   1.67  -0.26  679.2200  3.5640  0.15   1312   1312   1312
  6.000  493.5480  1.4050  -0.33 266.38   1.69  -0.26  645.1920  3.3600  0.14   1312   1312   1312
  6.500  462.7590  1.4250  -0.33 263.03   1.69  -0.28  612.6730  3.1270  0.21   1312   1312   1312
  7.000  433.6060  1.4500  -0.32 259.59   1.68  -0.31  581.7320  2.8800  0.23   1312   1312   1312
  7.500  406.0310  1.4740  -0.37 256.01   1.72  -0.35  552.3750  2.7380  0.15   1312   1312   1312
  8.000  379.7120  1.5070  -0.39 252.35   1.73  -0.39  524.0950  2.5840  0.07   1312   1312   1312
  8.500  354.6660  1.5340  -0.40 248.60   1.75  -0.38  496.9350  2.4430  0.11   1312   1312   1312
  9.000  331.0290  1.5520  -0.39 244.76   1.77  -0.32  471.1130  2.3340  0.10   1312   1312   1312
  9.500  308.7680  1.5520  -0.42 240.87   1.78  -0.23  446.5400  2.2360 -0.07   1312   1312   1312
 10.000  287.6260  1.5930  -0.43 236.95   1.79  -0.10  422.8570  2.1670 -0.30   1312   1312   1312
 10.500  267.5450  1.5930  -0.43 232.98   1.81  -0.02  400.0440  2.1180 -0.43   1312   1312   1312
 11.000  248.6890  1.5870  -0.42 229.06   1.84   0.09  378.2200  2.0590 -0.46   1312   1312   1312
 11.500  230.5950  1.5720  -0.36 225.20   1.82   0.11  356.7210  2.0100 -0.37   1312   1312   1312
 12.000  213.7020  1.5550  -0.27 221.42   1.80   0.15  336.2300  2.1000 -0.39   1312   1312   1312
 12.500  197.9560  1.5240  -0.33 217.81   1.80   0.13  316.6270  2.2720 -0.79   1312   1312   1312
 13.000  182.8790  1.4590  -0.26 214.39   1.80   0.10  297.1780  2.5470 -0.83   1312   1312   1312
 13.500  168.8340  1.3860  -0.12 211.24   1.84   0.04  278.4420  2.8690 -0.70   1312   1312   1312
 14.000  155.7700  1.3110  -0.07 208.54   1.99   0.14  260.2410  3.2580 -0.59   1312   1312   1312
 14.500  143.5780  1.2010  -0.12 206.26   2.26   0.24  242.5310  3.6290 -0.50   1312   1312   1312
 15.000  132.1560  1.0730  -0.01 204.41   2.54   0.32  225.2700  3.8450 -0.33   1312   1312   1312
 15.500  121.5910  0.9500   0.16 202.99   2.75   0.27  208.7200  3.8550 -0.18   1312   1312   1312
 16.000  111.8290  0.7960   0.01 202.26   2.82   0.12  192.6610  3.4970 -0.05   1312   1312   1312
 16.500  102.8410  0.7010   0.13 202.01   2.67  -0.00  177.3850  2.9480  0.05   1312   1312   1312
 17.000   94.6020  0.6240   0.20 202.38   2.46   0.00  162.8700  2.3480  0.10   1312   1312   1312
 17.500   87.0230  0.5980   0.59 203.02   2.25   0.20  149.3400  1.9000 -0.00   1312   1312   1312
 18.000   80.0520  0.5410   0.46 204.02   2.08   0.19  136.7020  1.5110 -0.02   1312   1312   1312
 18.500   73.6700  0.5170   0.63 205.15   1.97   0.14  125.1070  1.2190  0.03   1312   1312   1312
 19.000   67.8630  0.4950   0.70 206.37   1.87   0.24  114.5630  0.9990 -0.08   1312   1312   1312
 19.500   62.5310  0.4970   0.75 207.67   1.80   0.23  104.9020  0.9030 -0.04   1312   1312   1312
 20.000   57.6400  0.4890   0.88 208.92   1.79   0.31   96.1170  0.8240  0.22   1312   1312   1312
 20.500   53.1370  0.4720   0.86 210.14   1.78   0.36   88.0940  0.7550  0.12   1312   1312   1312
 21.000   49.0520  0.4250   0.80 211.30   1.82   0.39   80.8760  0.6470 -0.05   1312   1312   1312
 21.500   45.2770  0.4410   0.92 212.47   1.84   0.34   74.2400  0.6430 -0.09   1312   1312   1312
 22.000   41.8110  0.4360   0.88 213.62   1.87   0.32   68.1870  0.6260 -0.09   1312   1312   1312
 22.500   38.6240  0.4280   0.88 214.76   1.95   0.22   62.6560  0.6150  0.17   1312   1312   1312
 23.000   35.6840  0.4180   0.90 215.82   1.96   0.22   57.6010  0.5870  0.35   1312   1312   1312
 23.500   32.9800  0.4000   0.75 216.83   1.94   0.23   52.9890  0.5370 -0.03   1312   1312   1312
 24.000   30.4820  0.3900   0.72 217.78   1.96   0.24   48.7620  0.5240 -0.05   1312   1312   1312
 24.500   28.2560  0.3540   1.01 218.72   1.97   0.29   45.0050  0.4430  0.03   1312   1312   1312
 25.000   26.1400  0.3540   0.90 219.66   2.04   0.34   41.4560  0.4520 -0.00   1312   1312   1312
 25.500   24.1980  0.3470   0.84 220.59   2.08   0.32   38.2150  0.4430  0.11   1312   1312   1312
 26.000   22.4060  0.3350   0.83 221.48   2.11   0.26   35.2420  0.4240  0.07   1312   1312   1312
 26.500   20.7380  0.3300   0.72 222.37   2.11   0.34   32.4890  0.4090 -0.08   1312   1312   1312
 27.000   19.2730  0.2850   1.04 223.26   2.13   0.47   30.0730  0.3410  0.21   1312   1312   1312
 27.500   17.8520  0.2910   0.97 224.12   2.13   0.41   27.7490  0.3590  0.15   1312   1312   1312
 28.000   16.5500  0.2840   0.89 224.92   2.18   0.41   25.6330  0.3580  0.07   1312   1312   1312
 28.500   15.3460  0.2730   0.87 225.70   2.19   0.35   23.6860  0.3460  0.01   1312   1312   1312
 29.000   14.2370  0.2600   0.88 226.47   2.21   0.30   21.9000  0.3310  0.10   1312   1312   1312
 29.500   13.2110  0.2480   0.85 227.21   2.28   0.32   20.2560  0.3140  0.08   1312   1312   1312
 30.000   12.2610  0.2360   0.84 227.96   2.33   0.35   18.7380  0.3020  0.06   1312   1312   1312
     T A B L E  II -   9.  T H E R M O D Y N A M I C  S T A T I S T I C A L  P A R A M E T E R S
                                 September
 Station =   911650     Barking Sands, Hawaii (Lihue)
    Z      MEAN P   SD P   SKEWP  MEAN T  SD T  SKEWT    MEAN D   SD D  SKEWD  NOBSP  NOBST  NOBSD
    KM       MB       MB             K      K             G/M3    G/M3                           
  0.000 1020.0000  5.0000   0.00 290.00   5.00   0.00 1221.0000 25.0000  0.00    100    100    100
  0.036 1012.3500  1.8220  -0.29 299.39   2.02   0.06 1167.0990  8.6670 -0.22   1206   1206   1206
  0.500  959.5650  1.6420  -0.36 294.58   0.76   0.44 1125.0760  4.0740 -0.33   1206   1206   1206
  1.000  905.3690  1.5050  -0.34 290.97   0.93   0.38 1076.2531  4.4320 -0.35   1206   1206   1206
  1.500  853.9450  1.4190  -0.33 288.00   1.14   0.38 1026.7290  4.7500 -0.31   1206   1206   1206
  2.000  805.0280  1.3640  -0.27 285.88   1.66   0.37  976.4980  5.4370 -0.17   1206   1206   1206
  2.500  758.4830  1.2880  -0.19 284.63   2.00  -0.04  925.6210  5.6530  0.26   1206   1206   1206
  3.000  714.3370  1.2940  -0.17 283.21   1.89  -0.22  877.0690  4.9910  0.27   1206   1206   1206
  3.500  672.6640  1.3400  -0.21 281.02   1.86  -0.22  832.7530  4.7830  0.31   1206   1206   1206
  4.000  632.9780  1.3790  -0.22 278.43   1.82  -0.02  791.1490  4.4580  0.13   1206   1206   1206
  4.500  595.2260  1.4070  -0.17 275.62   1.87  -0.10  751.7340  4.3190  0.14   1206   1206   1206
  5.000  559.3840  1.4340  -0.14 272.62   1.84  -0.19  714.3540  4.0240  0.17   1206   1206   1206
  5.500  525.3680  1.4610  -0.14 269.46   1.82  -0.30  678.8530  3.6790  0.24   1206   1206   1206
  6.000  493.1280  1.5180  -0.17 266.21   1.83  -0.51  645.0220  3.4530  0.37   1206   1206   1206
  6.500  462.3630  1.5660  -0.22 262.86   1.80  -0.53  612.5340  3.1860  0.29   1206   1206   1206
  7.000  433.2130  1.6020  -0.27 259.38   1.81  -0.61  581.6630  2.9390  0.34   1206   1206   1206
  7.500  405.6410  1.6210  -0.32 255.78   1.81  -0.66  552.3270  2.7070  0.38   1206   1206   1206
  8.000  379.3210  1.6460  -0.37 252.11   1.77  -0.64  524.0470  2.5460  0.33   1206   1206   1206
  8.500  354.2920  1.6690  -0.40 248.35   1.78  -0.64  496.8940  2.4730  0.29   1206   1206   1206
  9.000  330.6680  1.6820  -0.38 244.51   1.79  -0.68  471.0710  2.3920  0.09   1206   1206   1206
  9.500  308.4080  1.6820  -0.36 240.62   1.78  -0.60  446.4710  2.2710 -0.14   1206   1206   1206
 10.000  287.2530  1.6760  -0.51 236.72   1.74  -0.53  422.7140  2.2030 -0.38   1206   1206   1206
 10.500  267.1890  1.6620  -0.50 232.80   1.73  -0.42  399.8180  2.2290 -0.56   1206   1206   1206
 11.000  248.3250  1.6400  -0.52 228.94   1.71  -0.35  377.8620  2.3170 -0.84   1206   1206   1206
 11.500  230.2670  1.5910  -0.47 225.13   1.68  -0.25  356.3240  2.4260 -1.04   1206   1206   1206
 12.000  213.4060  1.5510  -0.36 221.41   1.64   0.02  335.7890  2.5840 -1.08   1206   1206   1206
 12.500  197.6580  1.4710  -0.47 217.83   1.65   0.31  316.1230  2.8250 -1.06   1206   1206   1206
 13.000  182.6290  1.3980  -0.33 214.48   1.73   0.44  296.6580  3.0970 -0.88   1206   1206   1206
 13.500  168.6220  1.3120  -0.10 211.38   1.84   0.35  277.9270  3.2730 -0.65   1206   1206   1206
 14.000  155.5870  1.2180   0.15 208.61   2.01   0.29  259.8460  3.4310 -0.46   1206   1206   1206
 14.500  143.3810  1.0660  -0.22 206.18   2.22   0.25  242.2900  3.4750 -0.40   1206   1206   1206
 15.000  131.9440  0.9560  -0.05 204.10   2.35   0.13  225.2380  3.4000 -0.18   1206   1206   1206
 15.500  121.3670  0.8410  -0.04 202.38   2.41   0.06  208.9500  3.1670 -0.16   1206   1206   1206
 16.000  111.6010  0.7500   0.01 201.19   2.50   0.08  193.2730  2.9810 -0.14   1206   1206   1206
 16.500  102.5910  0.6690   0.07 200.62   2.60   0.10  178.1730  2.7500 -0.06   1206   1206   1206
 17.000   94.3200  0.6090   0.14 200.72   2.61   0.14  163.7250  2.4270  0.01   1206   1206   1206
 17.500   86.7010  0.5740   0.26 201.48   2.44   0.19  149.9330  2.0180  0.10   1206   1206   1206
 18.000   79.7220  0.5430   0.49 202.70   2.31   0.08  137.0300  1.6930  0.18   1206   1206   1206
 18.500   73.3200  0.5020   0.42 204.04   2.12   0.03  125.1950  1.3520  0.12   1206   1206   1206
 19.000   67.5110  0.4790   0.43 205.48   1.96   0.21  114.4640  1.0970 -0.05   1206   1206   1206
 19.500   62.1880  0.4750   0.49 206.86   1.88   0.14  104.7360  0.9810  0.09   1206   1206   1206
 20.000   57.3020  0.4710   0.59 208.16   1.86   0.07   95.9050  0.8870  0.22   1206   1206   1206
 20.500   52.8150  0.4550   0.58 209.47   1.83   0.15   87.8390  0.8120  0.31   1206   1206   1206
 21.000   48.7420  0.4150   0.63 210.73   1.81   0.30   80.5800  0.6890  0.19   1206   1206   1206
 21.500   44.9870  0.4200   0.62 211.95   1.79   0.26   73.9460  0.6720  0.09   1206   1206   1206
 22.000   41.5300  0.4170   0.67 213.12   1.79   0.35   67.8880  0.6450  0.04   1206   1206   1206
 22.500   38.3570  0.4070   0.57 214.21   1.82   0.36   62.3800  0.6090 -0.19   1206   1206   1206
 23.000   35.4380  0.3990   0.63 215.36   1.83   0.38   57.3260  0.5790  0.05   1206   1206   1206
 23.500   32.7460  0.3830   0.66 216.40   1.86   0.43   52.7160  0.5390  0.18   1206   1206   1206
 24.000   30.2640  0.3650   0.73 217.41   1.88   0.28   48.4950  0.5170  0.16   1206   1206   1206
 24.500   28.0430  0.3300   0.84 218.38   1.91   0.29   44.7360  0.4440 -0.07   1206   1206   1206
 25.000   25.9420  0.3310   0.75 219.35   1.98   0.21   41.2020  0.4460 -0.05   1206   1206   1206
 25.500   24.0130  0.3210   0.74 220.31   2.02   0.11   37.9720  0.4330 -0.00   1206   1206   1206
 26.000   22.2320  0.3130   0.68 221.22   2.04   0.14   35.0110  0.4270  0.06   1206   1206   1206
 26.500   20.5790  0.3080   0.45 222.07   2.02   0.25   32.2840  0.4190 -0.25   1206   1206   1206
 27.000   19.1150  0.2650   0.95 222.92   2.07   0.22   29.8720  0.3450  0.05   1206   1206   1206
 27.500   17.7050  0.2670   0.86 223.79   2.16   0.12   27.5610  0.3620  0.02   1206   1206   1206
 28.000   16.4120  0.2610   0.76 224.65   2.21   0.10   25.4510  0.3560 -0.04   1206   1206   1206
 28.500   15.2200  0.2510   0.70 225.51   2.28   0.04   23.5130  0.3420 -0.11   1206   1206   1206
 29.000   14.1170  0.2420   0.64 226.38   2.30   0.12   21.7240  0.3290 -0.12   1206   1206   1206
 29.500   13.0970  0.2320   0.62 227.21   2.31   0.19   20.0820  0.3190 -0.22   1206   1206   1206
 30.000   12.1560  0.2230   0.50 227.95   2.37   0.20   18.5790  0.3040 -0.32   1206   1206   1206
     T A B L E  II -  10.  T H E R M O D Y N A M I C  S T A T I S T I C A L  P A R A M E T E R S
                                   October
 Station =   911650     Barking Sands, Hawaii (Lihue)
    Z      MEAN P   SD P   SKEWP  MEAN T  SD T  SKEWT    MEAN D   SD D  SKEWD  NOBSP  NOBST  NOBSD
    KM       MB       MB             K      K             G/M3    G/M3                           
  0.000 1020.0000  5.0000   0.00 290.00   5.00   0.00 1221.0000 25.0000  0.00    100    100    100
  0.036 1012.1620  2.1860  -0.18 298.90   2.06  -0.29 1168.9680  9.0020  0.07   1273   1273   1273
  0.500  959.3130  2.0140  -0.28 294.40   0.88   0.34 1125.6600  4.8460 -0.37   1273   1273   1273
  1.000  905.0960  1.8640  -0.29 290.77   1.09   0.32 1076.6820  5.2980 -0.31   1273   1273   1273
  1.500  853.6620  1.7240  -0.34 287.84   1.37   0.37 1026.9780  5.6820 -0.24   1273   1273   1273
  2.000  804.7520  1.6410  -0.33 285.87   1.81   0.35  976.2650  5.9800 -0.13   1273   1273   1273
  2.500  758.2170  1.5720  -0.31 284.66   1.91  -0.11  925.3000  5.4410  0.25   1273   1273   1273
  3.000  714.0660  1.5670  -0.34 282.93   1.78  -0.44  877.6390  4.6850  0.61   1273   1273   1273
  3.500  672.3210  1.5860  -0.28 280.55   1.68  -0.37  833.7210  4.1790  0.25   1273   1273   1273
  4.000  632.5620  1.5860  -0.29 277.81   1.67  -0.49  792.3870  4.0090  0.38   1273   1273   1273
  4.500  594.7450  1.5990  -0.32 274.86   1.70  -0.34  753.1420  3.8710  0.22   1273   1273   1273
  5.000  558.8440  1.6140  -0.36 271.76   1.73  -0.32  715.8610  3.7040  0.14   1273   1273   1273
  5.500  524.7700  1.6330  -0.38 268.54   1.75  -0.39  680.3610  3.5570  0.22   1273   1273   1273
  6.000  492.4690  1.6760  -0.37 265.27   1.79  -0.40  646.3890  3.5350  0.29   1273   1273   1273
  6.500  461.6460  1.6850  -0.41 261.86   1.80  -0.42  613.8840  3.4110  0.30   1273   1273   1273
  7.000  432.4400  1.6990  -0.37 258.40   1.85  -0.47  582.7890  3.2900  0.25   1273   1273   1273
  7.500  404.8070  1.7060  -0.39 254.86   1.88  -0.36  553.1680  3.2000  0.04   1273   1273   1273
  8.000  378.4450  1.7400  -0.40 251.19   1.98  -0.29  524.7370  3.2360  0.02   1273   1273   1273
  8.500  353.4130  1.7500  -0.40 247.44   2.04  -0.22  497.4940  3.1590 -0.01   1273   1273   1273
  9.000  329.7720  1.7500  -0.41 243.63   2.09  -0.16  471.4920  3.0570 -0.16   1273   1273   1273
  9.500  307.4780  1.7440  -0.41 239.79   2.12  -0.14  446.6810  2.9270 -0.28   1273   1273   1273
 10.000  286.3210  1.7620  -0.40 235.93   2.13  -0.13  422.7630  2.8060 -0.36   1273   1273   1273
 10.500  266.2600  1.7660  -0.39 232.07   2.14  -0.14  399.6950  2.7030 -0.39   1273   1273   1273
 11.000  247.3950  1.7670  -0.35 228.23   2.13  -0.10  377.6330  2.6310 -0.61   1273   1273   1273
 11.500  229.3820  1.7390  -0.30 224.46   2.08  -0.02  356.0180  2.6200 -0.66   1273   1273   1273
 12.000  212.5500  1.7290  -0.13 220.82   1.99   0.01  335.3270  2.6990 -0.56   1273   1273   1273
 12.500  196.7900  1.6470  -0.24 217.33   1.94  -0.01  315.4490  2.8270 -0.62   1273   1273   1273
 13.000  181.8040  1.5740  -0.17 214.04   1.97  -0.06  295.9150  3.1170 -0.48   1273   1273   1273
 13.500  167.8510  1.5160   0.05 211.01   2.03  -0.09  277.1360  3.3370 -0.36   1273   1273   1273
 14.000  154.8470  1.4270   0.22 208.27   2.07  -0.01  259.0300  3.4010 -0.39   1273   1273   1273
 14.500  142.6540  1.2780  -0.07 205.73   2.13   0.13  241.5870  3.4310 -0.38   1273   1273   1273
 15.000  131.2510  1.1730   0.08 203.49   2.18   0.04  224.7260  3.4240 -0.17   1273   1273   1273
 15.500  120.6880  1.0530   0.20 201.58   2.34  -0.05  208.6010  3.3880 -0.05   1273   1273   1273
 16.000  110.9310  0.9310   0.20 200.12   2.63  -0.01  193.1450  3.3510 -0.05   1273   1273   1273
 16.500  101.9370  0.8300   0.21 199.33   2.83   0.12  178.1920  3.2140 -0.12   1273   1273   1273
 17.000   93.6720  0.7440   0.17 199.08   2.95   0.13  163.9560  2.9500 -0.10   1273   1273   1273
 17.500   86.0320  0.6900   0.37 199.60   2.94  -0.01  150.1910  2.6000  0.08   1273   1273   1273
 18.000   79.0400  0.6290   0.34 200.71   2.79  -0.04  137.2130  2.1650  0.14   1273   1273   1273
 18.500   72.6460  0.5850   0.38 202.23   2.57  -0.00  125.1600  1.7250  0.15   1273   1273   1273
 19.000   66.8350  0.5420   0.32 203.96   2.36   0.12  114.1660  1.3870  0.05   1273   1273   1273
 19.500   61.5310  0.5440   0.47 205.51   2.28   0.13  104.3120  1.2110  0.14   1273   1273   1273
 20.000   56.6690  0.5340   0.52 207.06   2.15   0.11   95.3510  1.0420  0.19   1273   1273   1273
 20.500   52.2050  0.5120   0.56 208.54   2.12   0.13   87.2130  0.9160  0.18   1273   1273   1273
 21.000   48.1630  0.4670   0.51 209.92   2.07   0.20   79.9330  0.7860 -0.18   1273   1273   1273
 21.500   44.4390  0.4770   0.51 211.24   2.08   0.21   73.2890  0.7740 -0.03   1273   1273   1273
 22.000   41.0160  0.4720   0.54 212.52   2.09   0.25   67.2370  0.7410  0.02   1273   1273   1273
 22.500   37.8750  0.4570   0.55 213.74   2.12   0.25   61.7350  0.7110  0.09   1273   1273   1273
 23.000   34.9810  0.4360   0.56 214.90   2.13   0.34   56.7100  0.6560  0.02   1273   1273   1273
 23.500   32.3200  0.4190   0.52 216.00   2.16   0.34   52.1270  0.6050 -0.06   1273   1273   1273
 24.000   29.9100  0.3550   0.89 217.03   2.23   0.42   48.0120  0.5120  0.07   1273   1273   1273
 24.500   27.6680  0.3680   0.70 217.99   2.24   0.36   44.2170  0.5050 -0.07   1273   1273   1273
 25.000   25.5910  0.3700   0.58 218.96   2.33   0.27   40.7160  0.5090 -0.10   1273   1273   1273
 25.500   23.6830  0.3620   0.56 219.92   2.43   0.23   37.5170  0.4990 -0.08   1273   1273   1273
 26.000   21.9230  0.3490   0.54 220.82   2.50   0.14   34.5880  0.4850 -0.10   1273   1273   1273
 26.500   20.2950  0.3310   0.58 221.70   2.54   0.13   31.8920  0.4600 -0.16   1273   1273   1273
 27.000   18.8440  0.3000   0.82 222.56   2.59   0.09   29.4970  0.4000  0.01   1273   1273   1273
 27.500   17.4550  0.2960   0.78 223.43   2.62   0.09   27.2150  0.3980  0.07   1273   1273   1273
 28.000   16.1750  0.2900   0.73 224.25   2.61   0.14   25.1290  0.3910 -0.03   1273   1273   1273
 28.500   14.9980  0.2820   0.63 225.01   2.69   0.12   23.2200  0.3810 -0.16   1273   1273   1273
 29.000   13.9110  0.2700   0.65 225.79   2.71   0.11   21.4630  0.3590 -0.14   1273   1273   1273
 29.500   12.9100  0.2530   0.71 226.62   2.68   0.11   19.8470  0.3360 -0.01   1273   1273   1273
 30.000   11.9780  0.2410   0.70 227.45   2.72   0.13   18.3470  0.3190  0.03   1273   1273   1273
     T A B L E  II -  11.  T H E R M O D Y N A M I C  S T A T I S T I C A L  P A R A M E T E R S
                                  November
 Station =   911650     Barking Sands, Hawaii (Lihue)
    Z      MEAN P   SD P   SKEWP  MEAN T  SD T  SKEWT    MEAN D   SD D  SKEWD  NOBSP  NOBST  NOBSD
    KM       MB       MB             K      K             G/M3    G/M3                           
  0.000 1020.0000  5.0000   0.00 290.00   5.00   0.00 1221.0000 25.0000  0.00    100    100    100
  0.036 1012.5630  2.7200  -0.92 297.67   2.15  -0.49 1174.8979  9.7630  0.09   1163   1163   1163
  0.500  959.5070  2.5440  -0.92 293.54   1.02   0.03 1129.8680  5.7730 -0.41   1163   1163   1163
  1.000  905.0870  2.3390  -0.91 289.81   1.26   0.01 1080.6790  6.3160 -0.28   1163   1163   1163
  1.500  853.4870  2.2000  -0.99 286.93   1.76   0.51 1030.4520  7.1560 -0.20   1163   1163   1163
  2.000  804.4710  2.0840  -0.92 285.46   2.30   0.31  978.0700  7.4090  0.05   1163   1163   1163
  2.500  757.8690  2.0330  -0.86 284.40   2.23  -0.03  926.2320  6.2790  0.14   1163   1163   1163
  3.000  713.6770  2.0440  -0.80 282.36   2.10  -0.20  879.1160  5.5050  0.22   1163   1163   1163
  3.500  671.8180  2.0320  -0.76 279.81   2.06  -0.28  835.3990  5.1550  0.21   1163   1163   1163
  4.000  631.9750  2.0570  -0.76 276.97   2.07  -0.30  794.1180  4.9650  0.16   1163   1163   1163
  4.500  594.0790  2.0780  -0.75 273.95   2.10  -0.29  754.8540  4.8110  0.11   1163   1163   1163
  5.000  558.0830  2.1040  -0.72 270.81   2.12  -0.30  717.4510  4.5230  0.12   1163   1163   1163
  5.500  523.9350  2.1440  -0.65 267.55   2.18  -0.27  681.8150  4.4220  0.12   1163   1163   1163
  6.000  491.5580  2.1900  -0.61 264.24   2.26  -0.28  647.7670  4.4010  0.02   1163   1163   1163
  6.500  460.6580  2.1750  -0.63 260.85   2.25  -0.31  615.0040  4.1040  0.06   1163   1163   1163
  7.000  431.3980  2.1960  -0.57 257.34   2.27  -0.38  583.8270  3.8850  0.02   1163   1163   1163
  7.500  403.7470  2.2230  -0.51 253.76   2.28  -0.32  554.1550  3.6710 -0.16   1163   1163   1163
  8.000  377.3050  2.2820  -0.51 250.06   2.31  -0.28  525.5450  3.5350 -0.25   1163   1163   1163
  8.500  352.2220  2.2920  -0.49 246.30   2.40  -0.19  498.1190  3.4470 -0.38   1163   1163   1163
  9.000  328.5570  2.2830  -0.46 242.50   2.47  -0.15  471.9630  3.3720 -0.46   1163   1163   1163
  9.500  306.2670  2.2720  -0.42 238.69   2.47  -0.15  446.9830  3.2860 -0.46   1163   1163   1163
 10.000  285.0970  2.2970  -0.39 234.92   2.45  -0.22  422.7640  3.2220 -0.52   1163   1163   1163
 10.500  265.0460  2.2790  -0.36 231.20   2.42  -0.25  399.3650  3.1640 -0.68   1163   1163   1163
 11.000  246.1990  2.2560  -0.33 227.53   2.41  -0.24  376.9670  3.2250 -0.82   1163   1163   1163
 11.500  228.2240  2.1690  -0.32 223.98   2.36  -0.27  354.9900  3.2810 -0.71   1163   1163   1163
 12.000  211.4270  2.1030  -0.28 220.53   2.37  -0.30  334.0080  3.4380 -0.62   1163   1163   1163
 12.500  195.7440  2.0580  -0.25 217.26   2.35  -0.22  313.8940  3.6000 -0.59   1163   1163   1163
 13.000  180.8100  1.9310  -0.23 214.03   2.34  -0.16  294.3150  3.7080 -0.44   1163   1163   1163
 13.500  166.9120  1.8140  -0.17 211.05   2.31  -0.12  275.5390  3.7760 -0.30   1163   1163   1163
 14.000  154.0050  1.7180  -0.07 208.28   2.31  -0.09  257.6130  3.8420 -0.22   1163   1163   1163
 14.500  141.8860  1.5750  -0.14 205.74   2.29  -0.16  240.2800  3.8630 -0.23   1163   1163   1163
 15.000  130.5350  1.4310  -0.04 203.33   2.25  -0.11  223.6750  3.7680 -0.16   1163   1163   1163
 15.500  120.0100  1.2740  -0.05 201.17   2.34   0.06  207.8540  3.7010 -0.20   1163   1163   1163
 16.000  110.2920  1.1350  -0.02 199.44   2.52   0.21  192.6930  3.6720 -0.28   1163   1163   1163
 16.500  101.3140  1.0110   0.04 198.24   2.76   0.27  178.0840  3.6010 -0.24   1163   1163   1163
 17.000   93.0430  0.9010   0.11 197.61   2.90   0.08  164.0660  3.3640 -0.03   1163   1163   1163
 17.500   85.3870  0.7960   0.26 197.65   3.11   0.04  150.5420  3.0880  0.02   1163   1163   1163
 18.000   78.3840  0.7060   0.46 198.64   3.08  -0.09  137.5020  2.6930  0.12   1163   1163   1163
 18.500   71.9760  0.6180   0.35 200.44   2.91  -0.22  125.1210  2.2310  0.22   1163   1163   1163
 19.000   66.1860  0.5700   0.37 202.47   2.72  -0.27  113.8970  1.8550  0.22   1163   1163   1163
 19.500   60.8980  0.5350   0.37 204.54   2.47  -0.33  103.7370  1.5070  0.19   1163   1163   1163
 20.000   56.0670  0.5140   0.55 206.32   2.31  -0.11   94.6780  1.2610  0.20   1163   1163   1163
 20.500   51.6350  0.4830   0.40 207.89   2.12   0.04   86.5360  1.0330  0.11   1163   1163   1163
 21.000   47.6280  0.4490   0.34 209.32   2.12   0.07   79.2730  0.8970  0.04   1163   1163   1163
 21.500   43.9290  0.4430   0.39 210.65   2.13   0.19   72.6540  0.8140  0.00   1163   1163   1163
 22.000   40.5380  0.4360   0.40 211.90   2.13   0.21   66.6490  0.7440  0.14   1163   1163   1163
 22.500   37.4250  0.4090   0.52 213.15   2.15   0.20   61.1690  0.6880  0.13   1163   1163   1163
 23.000   34.5650  0.3900   0.49 214.36   2.20   0.23   56.1770  0.6530 -0.10   1163   1163   1163
 23.500   31.9290  0.3780   0.46 215.44   2.23   0.31   51.6330  0.6150 -0.07   1163   1163   1163
 24.000   29.5510  0.3300   0.47 216.47   2.30   0.15   47.5590  0.5350 -0.12   1163   1163   1163
 24.500   27.3160  0.3440   0.58 217.47   2.40  -0.07   43.7600  0.5410 -0.18   1163   1163   1163
 25.000   25.2680  0.3390   0.46 218.42   2.45  -0.08   40.3020  0.5190 -0.16   1163   1163   1163
 25.500   23.3790  0.3240   0.53 219.33   2.53  -0.07   37.1350  0.4850 -0.18   1163   1163   1163
 26.000   21.6380  0.3150   0.50 220.23   2.56  -0.04   34.2290  0.4490 -0.14   1163   1163   1163
 26.500   20.0490  0.2760   0.85 221.12   2.62  -0.03   31.5890  0.3920  0.01   1163   1163   1163
 27.000   18.5870  0.2820   0.64 222.05   2.65  -0.06   29.1620  0.3860 -0.09   1163   1163   1163
 27.500   17.2160  0.2770   0.61 222.87   2.73  -0.06   26.9120  0.3820 -0.12   1163   1163   1163
 28.000   15.9520  0.2700   0.55 223.77   2.77   0.03   24.8360  0.3750 -0.23   1163   1163   1163
 28.500   14.7880  0.2610   0.49 224.60   2.78   0.06   22.9380  0.3630 -0.21   1163   1163   1163
 29.000   13.7130  0.2520   0.45 225.40   2.80   0.08   21.1950  0.3480 -0.27   1163   1163   1163
 29.500   12.7230  0.2380   0.47 226.22   2.82   0.14   19.5930  0.3200 -0.10   1163   1163   1163
 30.000   11.8080  0.2260   0.46 227.02   2.87   0.09   18.1200  0.3090 -0.11   1163   1163   1163
     T A B L E  II -  12.  T H E R M O D Y N A M I C  S T A T I S T I C A L  P A R A M E T E R S
                                  December
 Station =   911650     Barking Sands, Hawaii (Lihue)
    Z      MEAN P   SD P   SKEWP  MEAN T  SD T  SKEWT    MEAN D   SD D  SKEWD  NOBSP  NOBST  NOBSD
    KM       MB       MB             K      K             G/M3    G/M3                           
  0.000 1020.0000  5.0000   0.00 290.00   5.00   0.00 1221.0000 25.0000  0.00    100    100    100
  0.036 1012.6450  3.3070  -0.64 296.48   2.38  -0.55 1180.2820 10.8530  0.19   1147   1147   1147
  0.500  959.4090  3.1160  -0.70 292.65   1.11  -0.21 1133.7050  6.4380 -0.30   1147   1147   1147
  1.000  904.8400  2.8500  -0.76 288.98   1.34  -0.10 1083.9120  6.9260 -0.24   1147   1147   1147
  1.500  853.0800  2.6920  -0.84 286.24   1.83   0.18 1032.8920  7.7580 -0.13   1147   1147   1147
  2.000  804.0040  2.5400  -0.88 285.17   2.43   0.11  979.0520  7.9030  0.25   1147   1147   1147
  2.500  757.3330  2.4510  -0.87 283.86   2.37  -0.25  927.5960  6.8100  0.40   1147   1147   1147
  3.000  713.0960  2.4460  -0.82 281.82   2.31  -0.29  880.2430  6.0550  0.31   1147   1147   1147
  3.500  671.1770  2.4140  -0.87 279.25   2.25  -0.38  836.3960  5.6360  0.25   1147   1147   1147
  4.000  631.2830  2.4260  -0.85 276.42   2.31  -0.51  794.9240  5.5240  0.22   1147   1147   1147
  4.500  593.3570  2.4700  -0.83 273.41   2.42  -0.51  755.5150  5.4840  0.26   1147   1147   1147
  5.000  557.3290  2.5120  -0.81 270.28   2.52  -0.46  717.9370  5.3960  0.16   1147   1147   1147
  5.500  523.1600  2.5550  -0.79 267.06   2.58  -0.49  682.1100  5.0870  0.16   1147   1147   1147
  6.000  490.7500  2.6190  -0.77 263.73   2.64  -0.50  647.9830  4.8320  0.22   1147   1147   1147
  6.500  459.8270  2.6370  -0.81 260.33   2.68  -0.59  615.1440  4.6470  0.22   1147   1147   1147
  7.000  430.5650  2.6680  -0.78 256.77   2.74  -0.58  584.0260  4.4810  0.14   1147   1147   1147
  7.500  402.9190  2.6960  -0.75 253.11   2.79  -0.52  554.4460  4.3150  0.02   1147   1147   1147
  8.000  376.4760  2.7630  -0.70 249.49   2.86  -0.50  525.6170  4.1100 -0.02   1147   1147   1147
  8.500  351.4150  2.7700  -0.66 245.84   2.94  -0.48  497.9330  4.0380 -0.11   1147   1147   1147
  9.000  327.7690  2.7810  -0.61 242.16   2.97  -0.37  471.5060  3.9490 -0.29   1147   1147   1147
  9.500  305.4970  2.7730  -0.58 238.45   3.02  -0.30  446.3100  3.9370 -0.44   1147   1147   1147
 10.000  284.3470  2.8060  -0.53 234.87   3.05  -0.23  421.7740  4.0220 -0.58   1147   1147   1147
 10.500  264.3490  2.7710  -0.48 231.35   3.10  -0.27  398.0910  4.1860 -0.71   1147   1147   1147
 11.000  245.5650  2.7470  -0.42 227.85   3.14  -0.22  375.4920  4.3300 -0.90   1147   1147   1147
 11.500  227.6630  2.6390  -0.36 224.47   3.11  -0.27  353.3550  4.3860 -0.88   1147   1147   1147
 12.000  210.9700  2.5370  -0.30 221.27   3.02  -0.34  332.1890  4.4690 -0.80   1147   1147   1147
 12.500  195.3690  2.4810  -0.22 218.19   2.91  -0.33  311.9620  4.5640 -0.87   1147   1147   1147
 13.000  180.5270  2.3140  -0.16 215.19   2.76  -0.30  292.2850  4.6120 -0.78   1147   1147   1147
 13.500  166.7240  2.1620  -0.05 212.32   2.59  -0.18  273.5980  4.6110 -0.71   1147   1147   1147
 14.000  153.8860  2.0150   0.06 209.56   2.48   0.10  255.8520  4.5880 -0.65   1147   1147   1147
 14.500  141.8550  1.8530   0.00 206.92   2.47   0.29  238.8720  4.5970 -0.53   1147   1147   1147
 15.000  130.5320  1.6520   0.06 204.32   2.54   0.47  222.5980  4.4740 -0.39   1147   1147   1147
 15.500  120.0580  1.4710   0.10 201.93   2.70   0.45  207.1720  4.3940 -0.30   1147   1147   1147
 16.000  110.3540  1.3080   0.18 199.72   2.84   0.38  192.5430  4.1910 -0.23   1147   1147   1147
 16.500  101.3820  1.1460   0.18 197.90   3.13   0.37  178.5260  4.1060 -0.22   1147   1147   1147
 17.000   93.0970  1.0120   0.23 196.68   3.33   0.34  164.9540  3.9250 -0.15   1147   1147   1147
 17.500   85.3970  0.8760   0.36 196.29   3.53   0.22  151.6200  3.6550 -0.09   1147   1147   1147
 18.000   78.3330  0.7660   0.52 196.72   3.68   0.20  138.7770  3.3340 -0.02   1147   1147   1147
 18.500   71.8610  0.6610   0.52 198.10   3.64   0.08  126.4220  2.8510  0.09   1147   1147   1147
 19.000   66.0150  0.5900   0.56 200.08   3.51  -0.13  114.9810  2.3520  0.22   1147   1147   1147
 19.500   60.6810  0.5520   0.58 202.32   3.26  -0.18  104.5120  1.9190  0.28   1147   1147   1147
 20.000   55.8190  0.5180   0.55 204.45   2.95  -0.08   95.1280  1.5250  0.19   1147   1147   1147
 20.500   51.3720  0.5020   0.55 206.36   2.67   0.07   86.7350  1.2260  0.13   1147   1147   1147
 21.000   47.3580  0.4710   0.51 208.06   2.52   0.14   79.3030  1.0200  0.09   1147   1147   1147
 21.500   43.6600  0.4610   0.51 209.58   2.50   0.09   72.5800  0.9170  0.11   1147   1147   1147
 22.000   40.2710  0.4550   0.44 211.03   2.48   0.08   66.4850  0.8140  0.05   1147   1147   1147
 22.500   37.1640  0.4520   0.35 212.34   2.48   0.05   60.9760  0.7470 -0.01   1147   1147   1147
 23.000   34.3130  0.4240   0.40 213.54   2.49  -0.03   55.9820  0.6910  0.08   1147   1147   1147
 23.500   31.6900  0.4070   0.45 214.65   2.59   0.02   51.4360  0.6600  0.04   1147   1147   1147
 24.000   29.3210  0.3650   0.49 215.61   2.62   0.14   47.3770  0.5650 -0.02   1147   1147   1147
 24.500   27.0920  0.3780   0.50 216.58   2.69   0.09   43.5790  0.5510 -0.06   1147   1147   1147
 25.000   25.0500  0.3700   0.45 217.47   2.76   0.03   40.1300  0.5240 -0.20   1147   1147   1147
 25.500   23.1720  0.3560   0.48 218.35   2.84  -0.01   36.9720  0.4930 -0.12   1147   1147   1147
 26.000   21.4380  0.3480   0.40 219.22   2.93   0.05   34.0690  0.4810 -0.41   1147   1147   1147
 26.500   19.8770  0.2990   0.67 220.02   2.95   0.10   31.4740  0.3940 -0.09   1147   1147   1147
 27.000   18.3990  0.3170   0.60 220.83   2.96   0.07   29.0260  0.4060 -0.11   1147   1147   1147
 27.500   17.0330  0.3130   0.56 221.60   2.98   0.01   26.7770  0.3940 -0.17   1147   1147   1147
 28.000   15.7800  0.3010   0.53 222.36   3.02  -0.04   24.7230  0.3830 -0.23   1147   1147   1147
 28.500   14.6220  0.2910   0.55 223.08   3.14  -0.05   22.8350  0.3760 -0.16   1147   1147   1147
 29.000   13.5510  0.2790   0.52 223.78   3.26  -0.03   21.0970  0.3750 -0.09   1147   1147   1147
 29.500   12.5710  0.2630   0.55 224.49   3.34   0.03   19.5080  0.3600  0.14   1147   1147   1147
 30.000   11.6560  0.2500   0.56 225.27   3.44  -0.00   18.0270  0.3530  0.22   1147   1147   1147
     T A B L E  II -  13.  T H E R M O D Y N A M I C  S T A T I S T I C A L  P A R A M E T E R S
                                    Annual
 Station =   911650     Barking Sands, Hawaii (Lihue)
    Z      MEAN P   SD P   SKEWP  MEAN T  SD T  SKEWT    MEAN D   SD D  SKEWD  NOBSP  NOBST  NOBSD
    KM       MB       MB             K      K             G/M3    G/M3                           
  0.000 1020.0000  5.0000   0.00 290.00   5.00   0.00 1221.0000 25.0000  0.00    100    100    100
  0.036 1013.3520  2.7230  -0.62 297.60   2.67  -0.44 1176.2581 12.0190  0.35  14387  14387  14387
  0.500  960.2140  2.5290  -0.81 293.09   1.50  -0.49 1132.5530  7.6510  0.38  14387  14387  14387
  1.000  905.6540  2.3430  -0.95 289.43   1.69  -0.52 1082.9900  7.6730  0.38  14387  14387  14387
  1.500  853.9400  2.2350  -1.13 286.56   1.96  -0.39 1032.4950  7.7750  0.39  14387  14387  14387
  2.000  804.8200  2.1730  -1.15 285.01   2.41  -0.08  980.0630  7.8430  0.34  14387  14387  14387
  2.500  758.1250  2.1530  -1.15 283.90   2.45  -0.28  928.1910  7.0110  0.41  14387  14387  14387
  3.000  713.8530  2.1880  -1.10 282.03   2.41  -0.36  880.4330  6.3440  0.35  14387  14387  14387
  3.500  671.9390  2.2310  -1.08 279.59   2.43  -0.37  836.3000  5.9940  0.27  14387  14387  14387
  4.000  632.0600  2.3020  -1.05 276.85   2.46  -0.43  794.6560  5.6950  0.28  14387  14387  14387
  4.500  594.1400  2.3750  -1.01 273.91   2.53  -0.46  755.1240  5.4720  0.27  14387  14387  14387
  5.000  558.1430  2.4490  -0.99 270.83   2.58  -0.50  717.5300  5.2090  0.29  14387  14387  14387
  5.500  524.0020  2.5180  -0.96 267.65   2.64  -0.54  681.7220  4.9490  0.25  14387  14387  14387
  6.000  491.6310  2.6110  -0.92 264.37   2.71  -0.56  647.6000  4.7600  0.21  14387  14387  14387
  6.500  460.7260  2.6610  -0.89 260.97   2.77  -0.58  614.8350  4.5430  0.11  14387  14387  14387
  7.000  431.4770  2.7200  -0.86 257.46   2.84  -0.59  583.6910  4.3450  0.02  14387  14387  14387
  7.500  403.8360  2.7580  -0.84 253.86   2.90  -0.59  554.0730  4.2090 -0.14  14387  14387  14387
  8.000  377.4070  2.8410  -0.82 250.21   2.95  -0.58  525.4070  4.0500 -0.30  14387  14387  14387
  8.500  352.3310  2.8590  -0.80 246.50   3.00  -0.56  497.9000  3.9520 -0.49  14387  14387  14387
  9.000  328.6790  2.8690  -0.78 242.75   3.03  -0.51  471.6660  3.8720 -0.74  14387  14387  14387
  9.500  306.4080  2.8680  -0.77 238.99   3.05  -0.46  446.6400  3.8760 -1.00  14387  14387  14387
 10.000  285.2420  2.9030  -0.75 235.26   3.05  -0.43  422.3970  3.9240 -1.21  14387  14387  14387
 10.500  265.2030  2.8650  -0.73 231.54   3.05  -0.40  399.0330  4.0030 -1.29  14387  14387  14387
 11.000  246.3840  2.8390  -0.71 227.88   3.04  -0.33  376.6860  4.1350 -1.34  14387  14387  14387
 11.500  228.4020  2.7300  -0.68 224.28   2.97  -0.28  354.7930  4.2250 -1.31  14387  14387  14387
 12.000  211.6260  2.6330  -0.63 220.81   2.89  -0.22  333.9080  4.3940 -1.23  14387  14387  14387
 12.500  195.9580  2.5580  -0.62 217.51   2.81  -0.14  313.8800  4.6190 -1.19  14387  14387  14387
 13.000  181.0290  2.3890  -0.57 214.38   2.72  -0.04  294.2070  4.7360 -1.02  14387  14387  14387
 13.500  167.1420  2.2310  -0.49 211.50   2.62   0.06  275.3460  4.7930 -0.86  14387  14387  14387
 14.000  154.2290  2.0720  -0.44 208.90   2.55   0.17  257.2360  4.7890 -0.70  14387  14387  14387
 14.500  142.1460  1.9040  -0.46 206.57   2.57   0.24  239.7670  4.7860 -0.58  14387  14387  14387
 15.000  130.8230  1.7100  -0.42 204.47   2.68   0.30  222.9450  4.6730 -0.44  14387  14387  14387
 15.500  120.3450  1.5310  -0.40 202.63   2.91   0.30  206.9610  4.5180 -0.34  14387  14387  14387
 16.000  110.6600  1.3710  -0.38 201.13   3.20   0.22  191.7250  4.2870 -0.23  14387  14387  14387
 16.500  101.7240  1.2290  -0.37 200.14   3.58   0.05  177.1280  4.0720 -0.08  14387  14387  14387
 17.000   93.5010  1.1260  -0.32 199.64   3.95  -0.12  163.2250  3.7970  0.11  14387  14387  14387
 17.500   85.8890  1.0550  -0.18 199.70   4.24  -0.30  149.8890  3.4540  0.29  14387  14387  14387
 18.000   78.9040  1.0030  -0.06 200.42   4.35  -0.47  137.2030  3.0280  0.45  14387  14387  14387
 18.500   72.5040  0.9620   0.03 201.69   4.19  -0.59  125.2760  2.5130  0.49  14387  14387  14387
 19.000   66.6990  0.9340   0.09 203.28   3.86  -0.67  114.3300  2.0190  0.38  14387  14387  14387
 19.500   61.3870  0.9140   0.15 205.01   3.44  -0.63  104.3270  1.6460  0.08  14387  14387  14387
 20.000   56.5250  0.8860   0.18 206.69   3.09  -0.57   95.2820  1.3900 -0.14  14387  14387  14387
 20.500   52.0670  0.8530   0.18 208.23   2.83  -0.46   87.1120  1.2050 -0.21  14387  14387  14387
 21.000   48.0350  0.8130   0.15 209.66   2.68  -0.36   79.8180  1.0830 -0.29  14387  14387  14387
 21.500   44.3120  0.7880   0.17 210.99   2.62  -0.32   73.1660  1.0280 -0.22  14387  14387  14387
 22.000   40.8970  0.7590   0.17 212.27   2.61  -0.30   67.1190  0.9790 -0.13  14387  14387  14387
 22.500   37.7600  0.7280   0.17 213.48   2.63  -0.31   61.6180  0.9310 -0.07  14387  14387  14387
 23.000   34.8760  0.6940   0.17 214.67   2.65  -0.33   56.5960  0.8820 -0.01  14387  14387  14387
 23.500   32.2190  0.6630   0.14 215.80   2.68  -0.35   52.0110  0.8310 -0.00  14387  14387  14387
 24.000   29.8040  0.6020   0.18 216.87   2.72  -0.33   47.8740  0.7380  0.12  14387  14387  14387
 24.500   27.5800  0.6010   0.11 217.91   2.77  -0.37   44.0910  0.7360  0.01  14387  14387  14387
 25.000   25.5110  0.5770   0.11 218.93   2.83  -0.36   40.5930  0.7090  0.03  14387  14387  14387
 25.500   23.6100  0.5520   0.10 219.96   2.88  -0.34   37.3930  0.6820  0.05  14387  14387  14387
 26.000   21.8560  0.5270   0.08 220.95   2.91  -0.33   34.4600  0.6540  0.02  14387  14387  14387
 26.500   20.2480  0.4800   0.19 221.90   2.95  -0.30   31.7860  0.5920  0.13  14387  14387  14387
 27.000   18.7880  0.4740   0.03 222.85   2.98  -0.28   29.3700  0.5850 -0.01  14387  14387  14387
 27.500   17.4050  0.4550   0.05 223.77   3.05  -0.29   27.0960  0.5670 -0.01  14387  14387  14387
 28.000   16.1350  0.4340   0.04 224.67   3.11  -0.27   25.0170  0.5460 -0.04  14387  14387  14387
 28.500   14.9630  0.4130   0.03 225.54   3.16  -0.29   23.1100  0.5220 -0.04  14387  14387  14387
 29.000   13.8800  0.3920   0.03 226.39   3.20  -0.29   21.3570  0.4980 -0.06  14387  14387  14387
 29.500   12.8800  0.3710   0.02 227.21   3.25  -0.28   19.7470  0.4740 -0.07  14387  14387  14387
 30.000   11.9550  0.3520   0.00 228.04   3.31  -0.29   18.2630  0.4520 -0.10  14387  14387  14387
