      74794      28.47N   80.57W
     T A B L E  II -   1.  T H E R M O D Y N A M I C  S T A T I S T I C A L  P A R A M E T E R S
                                   January
 Station =   74794      Cape Canaveral Air Force Station
    Z      MEAN P   SD P  SKEWP MEAN T  SD T SKEWT    MEAN D    SD D SKEWD  NOBSP  NOBST  NOBSD
    KM       MB        MB      KELVIN KELVIN            G/M3    G/M3                           
  0.000 1020.0000  5.0000  0.00 290.00  5.00  0.00 1221.0000 25.0000  0.00    100    100    100
  0.004 1019.0100  6.0020 -0.67 289.25  6.09 -0.39 1220.7900 32.5000  0.20   1108   1108   1108
  0.500  962.0770  4.3030 -0.04 288.38  4.81 -0.76 1156.3940 23.5280  0.62   1108   1108   1108
  1.000  906.8090  3.9200 -0.13 285.64  4.30 -0.68 1101.2330 19.5510  0.53   1108   1108   1108
  1.500  854.3140  3.7070 -0.29 283.65  3.99 -0.49 1045.6990 16.2800  0.45   1108   1108   1108
  2.000  804.5620  3.6190 -0.44 282.10  3.87 -0.19  991.1060 13.8010  0.20   1108   1108   1108
  2.500  757.3420  3.6450 -0.55 280.31  3.70 -0.04  939.3820 11.4460  0.05   1108   1108   1108
  3.000  712.5970  3.7270 -0.60 278.03  3.38 -0.09  891.4200  9.2690  0.06   1108   1108   1108
  3.500  670.1680  3.8140 -0.60 275.35  3.14 -0.08  846.7180  7.6480  0.05   1108   1108   1108
  4.000  629.8140  3.8910 -0.58 272.51  3.02  0.01  804.2100  6.6650 -0.07   1108   1108   1108
  4.500  591.4970  3.9520 -0.56 269.62  2.96 -0.02  763.5480  5.9430 -0.13   1108   1108   1108
  5.000  555.1860  4.0000 -0.54 266.63  3.00  0.09  724.8460  5.6050 -0.24   1108   1108   1108
  5.500  520.6770  4.0430 -0.50 263.48  3.11  0.19  688.0220  5.4860 -0.28   1108   1108   1108
  6.000  487.9030  4.0850 -0.46 260.20  3.26  0.32  652.9180  5.2930 -0.37   1108   1108   1108
  6.500  456.8820  4.1260 -0.40 256.82  3.36  0.49  619.5070  5.0960 -0.45   1108   1108   1108
  7.000  427.4150  4.1620 -0.33 253.37  3.44  0.55  587.4830  4.9040 -0.45   1108   1108   1108
  7.500  399.4530  4.1910 -0.25 249.83  3.47  0.58  556.8600  4.6000 -0.40   1108   1108   1108
  8.000  373.0280  4.2080 -0.17 246.21  3.50  0.57  527.7090  4.3870 -0.37   1108   1108   1108
  8.500  347.9500  4.2120 -0.10 242.55  3.53  0.59  499.6970  4.3160 -0.41   1108   1108   1108
  9.000  324.2020  4.1920 -0.01 238.82  3.46  0.65  472.8740  4.2900 -0.71   1108   1108   1108
  9.500  301.8030  4.1450  0.08 235.06  3.40  0.64  447.2600  4.5180 -1.18   1108   1108   1108
 10.000  280.5700  4.0690  0.18 231.33  3.38  0.60  422.5090  4.9270 -1.55   1108   1108   1108
 10.500  260.5360  3.9630  0.29 227.73  3.37  0.64  398.5640  5.3360 -1.63   1108   1108   1108
 11.000  241.7070  3.8320  0.40 224.30  3.40  0.67  375.4270  5.7250 -1.42   1108   1108   1108
 11.500  223.9330  3.6720  0.50 221.25  3.44  0.64  352.6350  6.2050 -1.11   1108   1108   1108
 12.000  207.2780  3.4850  0.61 218.60  3.60  0.41  330.3850  6.6750 -0.67   1108   1108   1108
 12.500  191.7370  3.2770  0.69 216.36  3.75  0.08  308.7970  6.9520 -0.29   1108   1108   1108
 13.000  177.1720  3.0560  0.74 214.35  3.51 -0.20  288.0090  6.5750  0.01   1108   1108   1108
 13.500  163.6230  2.8350  0.76 212.56  3.15 -0.34  268.2200  6.1190  0.29   1108   1108   1108
 14.000  150.9960  2.6070  0.76 210.76  2.86 -0.32  249.6340  5.8230  0.55   1108   1108   1108
 14.500  139.2790  2.3790  0.75 208.77  2.66 -0.23  232.4650  5.5440  0.68   1108   1108   1108
 15.000  128.3510  2.1550  0.73 206.63  2.71 -0.38  216.4480  5.3540  0.80   1108   1108   1108
 15.500  118.1700  1.9330  0.69 204.67  2.90 -0.52  201.1980  5.1830  0.83   1108   1108   1108
 16.000  108.7450  1.7240  0.66 202.88  3.03 -0.63  186.7920  4.9520  0.84   1108   1108   1108
 16.500   99.9920  1.5230  0.62 201.39  3.21 -0.55  173.0330  4.7070  0.82   1108   1108   1108
 17.000   91.8770  1.3350  0.58 200.40  3.45 -0.40  159.7840  4.4640  0.71   1105   1105   1105
 17.500   84.4270  1.1660  0.52 200.00  3.47 -0.25  147.1200  3.9950  0.60   1099   1099   1099
 18.000   77.5690  1.0180  0.48 200.20  3.52 -0.19  135.0350  3.5690  0.61   1085   1085   1085
 18.500   71.2510  0.8870  0.43 200.94  3.38 -0.13  123.5760  3.0730  0.59   1049   1049   1049
 19.000   65.5210  0.7760  0.36 201.98  3.32 -0.22  113.0480  2.6820  0.55   1022   1022   1022
 19.500   60.2120  0.6880  0.28 203.34  3.20 -0.28  103.1870  2.3130  0.49   1016   1016   1016
 20.000   55.4130  0.6130  0.25 204.83  3.11 -0.22   94.2690  1.9710  0.45    979    979    979
 20.500   51.0480  0.5500  0.27 206.28  3.00  0.01   86.2320  1.6530  0.38    945    945    945
 21.000   46.9670  0.5010  0.17 207.72  2.94  0.04   78.7830  1.4220  0.32    932    932    932
 21.500   43.3270  0.4650  0.11 208.96  2.85  0.09   72.2470  1.2020  0.25    908    908    908
 22.000   40.0040  0.4350  0.11 210.18  2.85  0.14   66.3150  1.0400  0.13    894    894    894
 22.500   36.8370  0.4060  0.05 211.37  2.87  0.16   60.7230  0.9250  0.01    891    891    891
 23.000   34.0400  0.3880  0.06 212.36  2.83  0.09   55.8500  0.8170 -0.05    878    878    878
 23.500   31.4710  0.3670  0.09 213.27  2.88  0.09   51.4130  0.7340 -0.03    860    860    860
 24.000   29.0030  0.3500  0.11 214.19  2.85  0.09   47.1780  0.6560 -0.15    854    854    854
 24.500   26.8400  0.3350  0.19 215.11  2.87  0.13   43.4710  0.6050 -0.28    837    837    837
 25.000   24.8430  0.3150  0.11 215.96  2.96  0.16   40.0790  0.5600 -0.33    813    813    813
 25.500   22.9120  0.2990  0.11 217.00  3.12  0.21   36.7860  0.5300 -0.47    807    807    807
 26.000   21.2290  0.2890  0.15 217.97  3.27  0.45   33.9330  0.4850 -0.52    788    788    788
 26.500   19.5890  0.2770  0.16 218.98  3.50  0.48   31.1680  0.4780 -0.64    766    766    766
 27.000   18.1630  0.2700  0.18 219.83  3.67  0.54   28.7870  0.4430 -0.64    736    736    736
 27.500   16.8450  0.2620  0.18 220.56  3.70  0.47   26.6100  0.4010 -0.59    696    696    696
 28.000   15.5560  0.2500  0.14 221.58  3.78  0.55   24.4610  0.3850 -0.47    674    674    674
 28.500   14.4440  0.2480  0.18 222.53  3.89  0.50   22.6150  0.3650 -0.34    623    623    623
 29.000   13.4140  0.2450  0.23 223.43  4.01  0.43   20.9170  0.3340 -0.25    580    580    580
 29.500   12.3920  0.2370  0.24 224.46  4.03  0.40   19.2350  0.3260 -0.29    554    554    554
 30.000   11.5170  0.2310  0.31 225.21  4.06  0.23   17.8160  0.3010 -0.29    521    521    521
     T A B L E  II -   2.  T H E R M O D Y N A M I C  S T A T I S T I C A L  P A R A M E T E R S
                                  February
 Station =   74794      Cape Canaveral Air Force Station
    Z      MEAN P   SD P  SKEWP MEAN T  SD T SKEWT    MEAN D    SD D SKEWD  NOBSP  NOBST  NOBSD
    KM       MB        MB      KELVIN KELVIN            G/M3    G/M3                           
  0.000 1020.0000  5.0000  0.00 290.00  5.00  0.00 1221.0000 25.0000  0.00    100    100    100
  0.004 1018.1240  5.8970 -0.73 290.08  5.82 -0.37 1216.0330 30.4130  0.14   1248   1248   1248
  0.500  961.3120  4.4920 -0.38 288.73  4.89 -0.79 1154.0050 22.9650  0.54   1248   1248   1248
  1.000  906.1480  4.2660 -0.54 285.92  4.43 -0.70 1099.3590 19.1700  0.44   1248   1248   1248
  1.500  853.7350  4.1620 -0.71 283.83  3.95 -0.50 1044.3149 15.4730  0.31   1248   1248   1248
  2.000  804.0280  4.1290 -0.84 282.04  3.79 -0.20  990.5950 13.0470  0.16   1248   1248   1248
  2.500  756.8170  4.1640 -0.89 280.07  3.59 -0.01  939.4880 10.7450 -0.01   1248   1248   1248
  3.000  712.0650  4.2300 -0.89 277.76  3.35 -0.06  891.6160  8.7200  0.02   1248   1248   1248
  3.500  669.6280  4.3020 -0.85 275.14  3.14 -0.01  846.7070  7.2550 -0.00   1248   1248   1248
  4.000  629.2730  4.3580 -0.80 272.25  3.05  0.00  804.3130  6.4680  0.00   1248   1248   1248
  4.500  590.9440  4.3980 -0.74 269.23  3.07 -0.00  763.9300  6.0200 -0.01   1248   1248   1248
  5.000  554.6110  4.4340 -0.68 266.19  3.11  0.07  725.2820  5.7370 -0.13   1248   1248   1248
  5.500  520.0820  4.4620 -0.62 263.08  3.21  0.16  688.2710  5.6570 -0.33   1248   1248   1248
  6.000  487.3070  4.4800 -0.56 259.87  3.35  0.24  652.9470  5.5650 -0.55   1248   1248   1248
  6.500  456.2840  4.5050 -0.50 256.49  3.54  0.30  619.5050  5.6010 -0.70   1248   1248   1248
  7.000  426.8130  4.5230 -0.44 252.97  3.65  0.36  587.6070  5.4890 -0.66   1248   1248   1248
  7.500  398.8460  4.5330 -0.38 249.40  3.67  0.40  557.0030  5.2450 -0.61   1248   1248   1248
  8.000  372.4210  4.5280 -0.30 245.80  3.69  0.39  527.7390  5.1740 -0.58   1248   1248   1248
  8.500  347.3390  4.5000 -0.23 242.17  3.71  0.35  499.5960  5.2600 -0.68   1248   1248   1248
  9.000  323.6020  4.4510 -0.14 238.51  3.76  0.28  472.6290  5.3740 -1.02   1248   1248   1248
  9.500  301.2160  4.3900 -0.06 234.79  3.79  0.25  446.9240  5.4950 -1.27   1248   1248   1248
 10.000  280.0000  4.3050  0.03 231.09  3.78  0.23  422.1080  5.6440 -1.34   1248   1248   1248
 10.500  259.9900  4.1950  0.11 227.56  3.82  0.26  398.0450  6.0300 -1.36   1248   1248   1248
 11.000  241.1880  4.0610  0.19 224.25  3.94  0.28  374.7240  6.5150 -1.23   1248   1248   1248
 11.500  223.4570  3.8940  0.29 221.48  4.06  0.25  351.5500  7.0230 -0.91   1248   1248   1248
 12.000  206.8640  3.7000  0.37 219.09  4.09  0.12  329.0140  7.3000 -0.55   1248   1248   1248
 12.500  191.3930  3.4860  0.43 217.02  3.91 -0.08  307.3080  7.2870 -0.15   1248   1248   1248
 13.000  176.9020  3.2360  0.47 215.17  3.44 -0.34  286.4780  7.0180  0.16   1248   1248   1248
 13.500  163.4190  2.9760  0.48 213.21  3.13 -0.42  267.0760  6.7180  0.36   1248   1248   1248
 14.000  150.8370  2.7110  0.47 211.05  2.93 -0.39  249.0380  6.3830  0.56   1248   1248   1248
 14.500  139.1420  2.4550  0.44 208.97  2.78 -0.31  232.0260  5.9900  0.67   1248   1248   1248
 15.000  128.2360  2.2040  0.40 206.88  2.87 -0.39  216.0060  5.7350  0.72   1248   1248   1248
 15.500  118.0720  1.9640  0.34 204.84  3.01 -0.41  200.8720  5.5080  0.69   1248   1248   1248
 16.000  108.6620  1.7360  0.29 203.04  3.20 -0.36  186.5110  5.2570  0.62   1248   1248   1248
 16.500   99.9220  1.5190  0.23 201.54  3.39 -0.38  172.7890  4.9570  0.58   1248   1248   1248
 17.000   91.8210  1.3170  0.18 200.55  3.52 -0.35  159.5740  4.5990  0.51   1247   1247   1247
 17.500   84.3780  1.1350  0.14 200.08  3.60 -0.23  146.9820  4.1630  0.39   1243   1243   1243
 18.000   77.5200  0.9760  0.09 200.17  3.74 -0.06  134.9760  3.7500  0.24   1230   1230   1230
 18.500   71.2200  0.8420  0.06 200.72  3.66  0.05  123.6610  3.2410  0.10   1206   1206   1206
 19.000   65.4720  0.7330  0.04 201.82  3.53  0.05  113.0540  2.7470  0.06   1174   1174   1174
 19.500   60.1640  0.6470 -0.00 203.24  3.40  0.15  103.1560  2.3120  0.02   1157   1157   1157
 20.000   55.3750  0.5770 -0.01 204.73  3.21  0.12   94.2530  1.9420  0.07   1119   1119   1119
 20.500   51.0100  0.5260 -0.02 206.23  3.04  0.12   86.1870  1.6390  0.11   1063   1063   1063
 21.000   46.9270  0.4760 -0.08 207.70  3.02  0.08   78.7270  1.4210  0.11   1042   1042   1042
 21.500   43.2900  0.4420 -0.04 209.09  2.93  0.14   72.1370  1.2070  0.11   1014   1014   1014
 22.000   39.9700  0.4180 -0.05 210.40  2.85  0.08   66.1910  1.0270  0.12   1003   1003   1003
 22.500   36.8100  0.3890 -0.07 211.60  2.85  0.14   60.6120  0.9120  0.00    997    997    997
 23.000   34.0220  0.3720 -0.03 212.48  2.82  0.17   55.7860  0.8160 -0.19    986    986    986
 23.500   31.4610  0.3540  0.02 213.38  2.81  0.17   51.3700  0.7270 -0.26    976    976    976
 24.000   28.9900  0.3370  0.04 214.27  2.75  0.19   47.1380  0.6670 -0.28    969    969    969
 24.500   26.8350  0.3190  0.13 215.14  2.82  0.31   43.4580  0.6000 -0.24    944    944    944
 25.000   24.8480  0.3070  0.17 216.03  2.83  0.34   40.0740  0.5520 -0.22    925    925    925
 25.500   22.9130  0.2920  0.18 216.98  2.88  0.58   36.7910  0.5250 -0.44    910    910    910
 26.000   21.2350  0.2810  0.19 217.90  2.96  0.72   33.9520  0.4920 -0.53    889    889    889
 26.500   19.5910  0.2670  0.24 218.89  3.08  0.83   31.1830  0.4750 -0.50    870    870    870
 27.000   18.1640  0.2550  0.24 219.77  3.15  0.86   28.7960  0.4350 -0.50    824    824    824
 27.500   16.8540  0.2450  0.30 220.75  3.31  0.83   26.6000  0.4070 -0.40    768    768    768
 28.000   15.5590  0.2350  0.32 221.72  3.49  0.71   24.4490  0.3960 -0.36    739    739    739
 28.500   14.4440  0.2250  0.32 222.57  3.74  0.66   22.6120  0.3750 -0.28    683    683    683
 29.000   13.4130  0.2150  0.32 223.52  3.89  0.64   20.9090  0.3460 -0.29    637    637    637
 29.500   12.3910  0.2040  0.27 224.55  3.89  0.48   19.2270  0.3300 -0.25    624    624    624
 30.000   11.5170  0.1970  0.34 225.56  3.84  0.34   17.7900  0.3050 -0.07    577    577    577
     T A B L E  II -   3.  T H E R M O D Y N A M I C  S T A T I S T I C A L  P A R A M E T E R S
                                     March
 Station =   74794      Cape Canaveral Air Force Station
    Z      MEAN P   SD P  SKEWP MEAN T  SD T SKEWT    MEAN D    SD D SKEWD  NOBSP  NOBST  NOBSD
    KM       MB        MB      KELVIN KELVIN            G/M3    G/M3                           
  0.000 1020.0000  5.0000  0.00 290.00  5.00  0.00 1221.0000 25.0000  0.00    100    100    100
  0.004 1016.5490  6.1910 -0.38 292.01  5.45 -0.42 1205.5439 28.9180  0.14   1424   1424   1424
  0.500  960.2330  4.6700  0.08 289.99  4.41 -0.78 1147.2520 21.4960  0.48   1424   1424   1424
  1.000  905.3460  4.3010 -0.06 286.77  4.37 -0.64 1094.8120 19.4670  0.39   1424   1424   1424
  1.500  853.1050  4.0890 -0.30 284.24  4.19 -0.46 1041.8300 16.8430  0.28   1424   1424   1424
  2.000  803.5060  4.0030 -0.55 282.43  3.99 -0.21  988.5370 14.0320  0.11   1424   1424   1424
  2.500  756.3830  4.0240 -0.71 280.34  3.70 -0.10  938.0500 11.3760 -0.02   1424   1424   1424
  3.000  711.6880  4.0910 -0.77 277.90  3.45 -0.00  890.7060  9.3860 -0.10   1424   1424   1424
  3.500  669.2840  4.1620 -0.77 275.15  3.30  0.09  846.2710  8.0870 -0.15   1424   1424   1424
  4.000  628.9470  4.2260 -0.74 272.27  3.24  0.12  803.8900  7.2010 -0.12   1424   1424   1424
  4.500  590.6390  4.2860 -0.69 269.26  3.28  0.21  763.5160  6.6860 -0.16   1424   1424   1424
  5.000  554.3220  4.3560 -0.63 266.12  3.42  0.32  725.1300  6.3820 -0.25   1424   1424   1424
  5.500  519.7960  4.4260 -0.55 262.93  3.58  0.41  688.3140  6.1970 -0.30   1424   1424   1424
  6.000  487.0160  4.4930 -0.47 259.69  3.68  0.49  653.0380  5.8910 -0.29   1424   1424   1424
  6.500  455.9910  4.5530 -0.38 256.35  3.75  0.54  619.4380  5.7070 -0.34   1424   1424   1424
  7.000  426.5290  4.5960 -0.28 252.89  3.87  0.55  587.4050  5.6340 -0.40   1424   1424   1424
  7.500  398.5750  4.6290 -0.18 249.37  3.94  0.56  556.6990  5.4990 -0.34   1424   1424   1424
  8.000  372.1640  4.6510 -0.08 245.79  4.02  0.58  527.4040  5.3730 -0.41   1424   1424   1424
  8.500  347.0990  4.6550  0.02 242.13  4.08  0.58  499.3470  5.2860 -0.51   1424   1424   1424
  9.000  323.3700  4.6430  0.11 238.41  4.09  0.56  472.4850  5.1680 -0.66   1424   1424   1424
  9.500  300.9910  4.6120  0.20 234.65  4.09  0.53  446.8540  5.0510 -0.78   1424   1424   1424
 10.000  279.7770  4.5620  0.27 230.93  4.02  0.55  422.0590  5.0620 -0.91   1424   1424   1424
 10.500  259.7670  4.4810  0.36 227.38  3.90  0.56  398.0100  5.3260 -1.03   1424   1424   1424
 11.000  240.9700  4.3630  0.45 224.08  3.80  0.51  374.6440  5.9130 -1.13   1424   1424   1424
 11.500  223.2380  4.1950  0.55 221.15  3.70  0.44  351.6960  6.5760 -1.02   1424   1424   1424
 12.000  206.6380  3.9820  0.66 218.72  3.65  0.33  329.1870  7.2260 -0.71   1424   1424   1424
 12.500  191.1620  3.7270  0.75 216.66  3.68  0.06  307.4490  7.6830 -0.29   1424   1424   1424
 13.000  176.6660  3.4400  0.82 214.87  3.50 -0.17  286.5070  7.6270  0.11   1424   1424   1424
 13.500  163.1890  3.1460  0.86 213.13  3.29 -0.36  266.8250  7.3470  0.47   1424   1424   1424
 14.000  150.6280  2.8500  0.87 211.28  3.15 -0.41  248.4360  7.0020  0.76   1424   1424   1424
 14.500  138.9640  2.5580  0.84 209.34  3.12 -0.43  231.3360  6.7030  0.97   1424   1424   1424
 15.000  128.0920  2.2780  0.79 207.37  3.24 -0.60  215.2710  6.3820  1.09   1424   1424   1424
 15.500  117.9690  2.0090  0.73 205.48  3.41 -0.75  200.0940  6.0430  1.12   1424   1424   1424
 16.000  108.5940  1.7590  0.65 203.79  3.57 -0.86  185.7290  5.6750  1.12   1424   1424   1424
 16.500   99.8930  1.5290  0.56 202.45  3.81 -0.75  171.9850  5.3000  1.05   1424   1424   1424
 17.000   91.8290  1.3200  0.47 201.55  3.95 -0.62  158.8070  4.8300  0.93   1424   1424   1424
 17.500   84.4270  1.1320  0.41 201.23  3.93 -0.55  146.2340  4.3110  0.84   1409   1409   1409
 18.000   77.6110  0.9720  0.37 201.46  3.77 -0.33  134.2710  3.6800  0.66   1384   1384   1384
 18.500   71.3530  0.8460  0.29 202.16  3.50 -0.20  123.0080  3.0780  0.53   1355   1355   1355
 19.000   65.6440  0.7420  0.23 203.23  3.38 -0.05  112.5610  2.6110  0.42   1300   1300   1300
 19.500   60.3570  0.6580  0.19 204.59  3.35 -0.02  102.8030  2.2170  0.43   1292   1292   1292
 20.000   55.5930  0.5960  0.17 206.15  3.10 -0.06   93.9680  1.8140  0.54   1244   1244   1244
 20.500   51.2470  0.5430  0.23 207.76  2.86 -0.13   85.9480  1.4860  0.56   1212   1212   1212
 21.000   47.1710  0.5010  0.24 209.18  2.67 -0.22   78.5720  1.2350  0.58   1197   1197   1197
 21.500   43.5410  0.4710  0.22 210.52  2.52 -0.22   72.0590  1.0250  0.70   1175   1175   1175
 22.000   40.2230  0.4470  0.17 211.75  2.41 -0.23   66.1810  0.8740  0.57   1149   1149   1149
 22.500   37.0610  0.4200  0.18 212.96  2.38 -0.10   60.6320  0.7640  0.31   1140   1140   1140
 23.000   34.2700  0.4040  0.19 213.93  2.31  0.09   55.8090  0.6840  0.18   1128   1128   1128
 23.500   31.7090  0.3860  0.16 214.92  2.28  0.23   51.4000  0.6360  0.04   1114   1114   1114
 24.000   29.2410  0.3590  0.31 215.91  2.32  0.26   47.1820  0.5830  0.00   1103   1103   1103
 24.500   27.0760  0.3460  0.31 216.89  2.39  0.28   43.4920  0.5480  0.03   1071   1071   1071
 25.000   25.0940  0.3260  0.35 217.93  2.47  0.41   40.1150  0.5080 -0.12   1043   1043   1043
 25.500   23.1560  0.3100  0.37 219.02  2.55  0.44   36.8330  0.4700 -0.15   1031   1031   1031
 26.000   21.4710  0.2970  0.40 220.03  2.63  0.37   33.9970  0.4320  0.03   1011   1011   1011
 26.500   19.8220  0.2820  0.44 221.09  2.75  0.30   31.2350  0.4260 -0.14    998    998    998
 27.000   18.3920  0.2690  0.44 222.24  2.74  0.22   28.8310  0.3920 -0.16    954    954    954
 27.500   17.0760  0.2600  0.47 223.33  2.82  0.21   26.6380  0.3630 -0.11    903    903    903
 28.000   15.7780  0.2480  0.51 224.58  2.89  0.12   24.4770  0.3530 -0.07    879    879    879
 28.500   14.6650  0.2420  0.50 225.72  2.91  0.16   22.6340  0.3340  0.05    831    831    831
 29.000   13.6370  0.2320  0.50 226.85  3.04  0.03   20.9440  0.3180  0.28    794    794    794
 29.500   12.6080  0.2210  0.47 228.07  3.09  0.09   19.2600  0.3160  0.22    764    764    764
 30.000   11.7330  0.2090  0.58 229.14  3.12  0.09   17.8390  0.3020  0.39    712    712    712
     T A B L E  II -   4.  T H E R M O D Y N A M I C  S T A T I S T I C A L  P A R A M E T E R S
                                     April
 Station =   74794      Cape Canaveral Air Force Station
    Z      MEAN P   SD P  SKEWP MEAN T  SD T SKEWT    MEAN D    SD D SKEWD  NOBSP  NOBST  NOBSD
    KM       MB        MB      KELVIN KELVIN            G/M3    G/M3                           
  0.000 1020.0000  5.0000  0.00 290.00  5.00  0.00 1221.0000 25.0000  0.00    100    100    100
  0.004 1015.9680  5.1950 -0.54 294.78  4.55 -0.69 1192.3640 22.9810  0.42   1274   1274   1274
  0.500  960.0080  3.9790 -0.07 292.06  3.23 -0.56 1137.8650 15.6390  0.40   1274   1274   1274
  1.000  905.5540  3.7050 -0.20 288.85  3.45 -0.60 1086.4750 15.0030  0.48   1274   1274   1274
  1.500  853.6880  3.5490 -0.37 286.24  3.43 -0.55 1034.7690 13.2370  0.52   1274   1274   1274
  2.000  804.3880  3.4900 -0.52 284.17  3.21 -0.36  983.2100 10.8870  0.23   1274   1274   1274
  2.500  757.4960  3.5020 -0.63 281.95  3.12 -0.27  933.8350  9.3200  0.06   1274   1274   1274
  3.000  712.9840  3.5460 -0.68 279.41  2.97 -0.28  887.3710  8.0190  0.11   1274   1274   1274
  3.500  670.7280  3.5950 -0.71 276.65  2.80 -0.12  843.4160  6.8060 -0.00   1274   1274   1274
  4.000  630.5180  3.6440 -0.69 273.71  2.77 -0.04  801.5530  6.1530 -0.02   1274   1274   1274
  4.500  592.3080  3.6900 -0.65 270.61  2.81  0.04  761.7700  5.6780 -0.10   1274   1274   1274
  5.000  556.0630  3.7430 -0.61 267.41  2.91  0.13  723.8440  5.3880 -0.20   1274   1274   1274
  5.500  521.5910  3.7980 -0.55 264.18  3.03  0.30  687.3950  5.2610 -0.31   1274   1274   1274
  6.000  488.8440  3.8460 -0.49 260.85  3.11  0.40  652.5250  5.0150 -0.34   1274   1274   1274
  6.500  457.8390  3.8920 -0.41 257.47  3.19  0.47  619.2260  4.7780 -0.35   1274   1274   1274
  7.000  428.3820  3.9310 -0.34 254.03  3.31  0.51  587.2890  4.6600 -0.37   1274   1274   1274
  7.500  400.4320  3.9680 -0.25 250.51  3.40  0.63  556.7170  4.4950 -0.43   1274   1274   1274
  8.000  374.0130  3.9960 -0.17 246.91  3.52  0.67  527.6110  4.4260 -0.45   1274   1274   1274
  8.500  348.9330  4.0160 -0.08 243.22  3.58  0.67  499.7330  4.3060 -0.48   1274   1274   1274
  9.000  325.1820  4.0230  0.01 239.48  3.61  0.68  472.9950  4.2010 -0.59   1274   1274   1274
  9.500  302.7750  4.0130  0.10 235.69  3.61  0.74  447.5000  4.0830 -0.70   1274   1274   1274
 10.000  281.5250  3.9860  0.19 231.87  3.58  0.76  422.9690  4.0580 -0.89   1274   1274   1274
 10.500  261.4600  3.9370  0.28 228.13  3.49  0.77  399.2610  4.2040 -1.07   1274   1274   1274
 11.000  242.5900  3.8610  0.37 224.49  3.43  0.72  376.4700  4.5120 -1.10   1274   1274   1274
 11.500  224.7540  3.7520  0.47 221.09  3.32  0.66  354.1620  4.9870 -1.11   1274   1274   1274
 12.000  208.0140  3.6040  0.58 218.08  3.27  0.51  332.3190  5.6280 -0.97   1274   1274   1274
 12.500  192.3730  3.4200  0.69 215.60  3.35  0.32  310.8920  6.3470 -0.68   1274   1274   1274
 13.000  177.7150  3.1890  0.80 213.69  3.36  0.09  289.7880  6.7760 -0.31   1274   1274   1274
 13.500  164.0910  2.9380  0.88 212.14  3.34 -0.03  269.5400  6.9010  0.04   1274   1274   1274
 14.000  151.4130  2.6650  0.92 210.75  3.22 -0.07  250.3610  6.7120  0.42   1274   1274   1274
 14.500  139.6730  2.3930  0.93 209.24  3.16 -0.15  232.6280  6.4580  0.74   1274   1274   1274
 15.000  128.7480  2.1210  0.90 207.57  3.34 -0.34  216.1680  6.2370  0.93   1274   1274   1274
 15.500  118.5880  1.8620  0.87 205.96  3.52 -0.58  200.6710  5.9210  1.03   1274   1274   1274
 16.000  109.1930  1.6210  0.80 204.48  3.75 -0.76  186.1220  5.6210  1.11   1274   1274   1274
 16.500  100.4700  1.3930  0.73 203.19  3.99 -0.77  172.3470  5.2720  1.08   1274   1274   1274
 17.000   92.3900  1.1890  0.65 202.36  4.01 -0.75  159.1410  4.7460  1.02   1274   1274   1274
 17.500   84.9680  1.0110  0.60 202.08  3.97 -0.56  146.5560  4.1710  0.86   1269   1269   1269
 18.000   78.1300  0.8660  0.55 202.22  3.88 -0.23  134.6620  3.6020  0.58   1252   1252   1252
 18.500   71.8420  0.7420  0.53 202.95  3.79 -0.07  123.3700  3.1000  0.44   1238   1238   1238
 19.000   66.1080  0.6460  0.52 204.08  3.66  0.00  112.8920  2.6000  0.42   1212   1212   1212
 19.500   60.8010  0.5720  0.55 205.56  3.50 -0.09  103.0760  2.1670  0.55   1191   1191   1191
 20.000   56.0150  0.5180  0.55 207.08  3.19 -0.25   94.2540  1.7280  0.67   1150   1150   1150
 20.500   51.6510  0.4790  0.50 208.58  2.99 -0.21   86.2830  1.4310  0.62   1126   1126   1126
 21.000   47.5640  0.4460  0.52 210.20  2.85 -0.12   78.8410  1.1890  0.47   1113   1113   1113
 21.500   43.9140  0.4230  0.49 211.77  2.62 -0.25   72.2500  0.9660  0.43   1087   1087   1087
 22.000   40.5870  0.3990  0.38 213.16  2.52 -0.20   66.3390  0.8250  0.33   1069   1069   1069
 22.500   37.4150  0.3820  0.39 214.57  2.38 -0.09   60.7490  0.7100  0.27   1063   1063   1063
 23.000   34.6210  0.3630  0.39 215.81  2.27 -0.03   55.8900  0.6210  0.34   1049   1049   1049
 23.500   32.0620  0.3510  0.37 216.99  2.31 -0.00   51.4770  0.5850  0.38   1038   1038   1038
 24.000   29.5830  0.3330  0.40 218.22  2.27 -0.06   47.2300  0.5400  0.33   1034   1034   1034
 24.500   27.4190  0.3140  0.27 219.36  2.23  0.06   43.5470  0.4880  0.21   1010   1010   1010
 25.000   25.4270  0.2960  0.25 220.48  2.27  0.01   40.1780  0.4430  0.19    993    993    993
 25.500   23.4800  0.2840  0.23 221.64  2.25  0.01   36.9060  0.4160 -0.03    984    984    984
 26.000   21.7970  0.2720  0.22 222.70  2.27 -0.03   34.0990  0.3910 -0.01    965    965    965
 26.500   20.1410  0.2620  0.21 223.88  2.38 -0.06   31.3410  0.3860  0.02    956    956    956
 27.000   18.7130  0.2480  0.19 224.96  2.40 -0.09   28.9800  0.3620  0.02    917    917    917
 27.500   17.3970  0.2370  0.19 225.97  2.39 -0.14   26.8220  0.3370  0.07    869    869    869
 28.000   16.0860  0.2250  0.19 227.11  2.41 -0.06   24.6760  0.3370 -0.08    836    836    836
 28.500   14.9640  0.2140  0.13 228.11  2.44  0.07   22.8540  0.3220 -0.12    771    771    771
 29.000   13.9270  0.2040  0.20 229.15  2.47  0.13   21.1740  0.3090 -0.00    714    714    714
 29.500   12.8850  0.1920  0.17 230.27  2.64  0.11   19.4940  0.3110 -0.11    699    699    699
 30.000   12.0010  0.1780  0.03 231.34  2.82  0.06   18.0730  0.2920 -0.04    660    660    660
     T A B L E  II -   5.  T H E R M O D Y N A M I C  S T A T I S T I C A L  P A R A M E T E R S
                                       May
 Station =   74794      Cape Canaveral Air Force Station
    Z      MEAN P   SD P  SKEWP MEAN T  SD T SKEWT    MEAN D    SD D SKEWD  NOBSP  NOBST  NOBSD
    KM       MB        MB      KELVIN KELVIN            G/M3    G/M3                           
  0.000 1020.0000  5.0000  0.00 290.00  5.00  0.00 1221.0000 25.0000  0.00    100    100    100
  0.004 1015.4500  4.4120 -0.55 297.80  3.50 -0.77 1177.9860 16.2960  0.56   1517   1517   1517
  0.500  960.0340  3.4910 -0.34 294.63  2.10  0.09 1126.5330 10.3440  0.03   1517   1517   1517
  1.000  906.1070  3.2250 -0.50 291.45  2.38 -0.27 1076.3199 10.4380  0.26   1517   1517   1517
  1.500  854.6960  3.0430 -0.66 288.55  2.31 -0.40 1026.6360  8.9960  0.37   1517   1517   1517
  2.000  805.7240  2.9460 -0.75 285.98  2.29 -0.17  977.7350  7.7690  0.17   1517   1517   1517
  2.500  759.0590  2.8980 -0.80 283.54  2.35 -0.05  929.9480  7.0130  0.05   1517   1517   1517
  3.000  714.7190  2.8820 -0.79 280.98  2.23  0.07  884.1730  6.1120  0.00   1517   1517   1517
  3.500  672.6110  2.8760 -0.76 278.25  2.17  0.09  840.6140  5.4710 -0.09   1517   1517   1517
  4.000  632.5300  2.8810 -0.71 275.34  2.25  0.12  799.1230  5.2880 -0.13   1517   1517   1517
  4.500  594.4360  2.8890 -0.65 272.32  2.23  0.22  759.5290  4.8920 -0.22   1517   1517   1517
  5.000  558.2980  2.9010 -0.61 269.27  2.29  0.23  721.6000  4.7390 -0.18   1517   1517   1517
  5.500  523.9340  2.9160 -0.56 266.17  2.42  0.40  685.2010  4.7120 -0.34   1517   1517   1517
  6.000  491.2920  2.9370 -0.49 262.96  2.50  0.33  650.4610  4.4440 -0.19   1517   1517   1517
  6.500  460.3810  2.9680 -0.43 259.64  2.61  0.30  617.3880  4.2470 -0.20   1517   1517   1517
  7.000  431.0070  3.0080 -0.37 256.23  2.74  0.24  585.7620  4.0670 -0.20   1517   1517   1517
  7.500  403.1230  3.0520 -0.32 252.72  2.88  0.27  555.5170  3.9010 -0.21   1517   1517   1517
  8.000  376.7560  3.0990 -0.26 249.13  2.96  0.31  526.7170  3.6990 -0.22   1517   1517   1517
  8.500  351.7110  3.1390 -0.20 245.46  3.05  0.30  499.0830  3.4690 -0.18   1517   1517   1517
  9.000  327.9850  3.1750 -0.15 241.69  3.08  0.32  472.6970  3.2160 -0.08   1517   1517   1517
  9.500  305.5830  3.2010 -0.09 237.89  3.10  0.37  447.4570  3.0250 -0.13   1517   1517   1517
 10.000  284.3310  3.2090 -0.04 234.05  3.08  0.38  423.1910  2.8900 -0.23   1517   1517   1517
 10.500  264.2460  3.2010  0.02 230.20  3.00  0.41  399.8740  2.7930 -0.45   1517   1517   1517
 11.000  245.3380  3.1730  0.08 226.40  2.93  0.45  377.4980  2.9190 -0.82   1517   1517   1517
 11.500  227.4340  3.1200  0.14 222.72  2.82  0.45  355.7430  3.2000 -1.14   1517   1517   1517
 12.000  210.6020  3.0380  0.21 219.26  2.74  0.51  334.6220  3.7170 -1.14   1517   1517   1517
 12.500  194.8320  2.9250  0.29 216.07  2.74  0.55  314.1400  4.4250 -1.07   1517   1517   1517
 13.000  179.9890  2.7700  0.37 213.37  2.71  0.52  293.8960  5.0130 -0.84   1517   1517   1517
 13.500  166.1470  2.5840  0.45 211.14  2.88  0.44  274.1760  5.6410 -0.56   1517   1517   1517
 14.000  153.2440  2.3640  0.52 209.43  3.17  0.32  254.9740  6.0610 -0.21   1517   1517   1517
 14.500  141.2890  2.1270  0.57 207.95  3.23  0.18  236.7730  5.9810  0.10   1517   1517   1517
 15.000  130.1820  1.8920  0.58 206.63  3.29 -0.06  219.5550  5.7230  0.39   1517   1517   1517
 15.500  119.8720  1.6670  0.57 205.38  3.31 -0.24  203.4060  5.3470  0.60   1516   1516   1516
 16.000  110.3570  1.4530  0.53 204.24  3.42 -0.49  188.3120  5.0240  0.78   1516   1516   1516
 16.500  101.5430  1.2560  0.47 203.32  3.57 -0.70  174.0620  4.6650  0.90   1516   1516   1516
 17.000   93.3850  1.0790  0.40 202.70  3.67 -0.75  160.5690  4.2610  0.90   1515   1515   1515
 17.500   85.8970  0.9280  0.34 202.52  3.53 -0.64  147.8170  3.6780  0.81   1508   1508   1508
 18.000   79.0000  0.8020  0.29 202.95  3.37 -0.49  135.6510  3.1100  0.69   1497   1497   1497
 18.500   72.6700  0.7040  0.24 204.03  3.19 -0.37  124.1180  2.5890  0.57   1472   1472   1472
 19.000   66.9020  0.6270  0.22 205.51  3.02 -0.36  113.4350  2.1630  0.54   1430   1430   1430
 19.500   61.5640  0.5640  0.21 207.34  2.82 -0.50  103.4580  1.7660  0.64   1418   1418   1418
 20.000   56.7610  0.5210  0.19 209.06  2.62 -0.52   94.5990  1.4460  0.65   1383   1383   1383
 20.500   52.3960  0.4880  0.17 210.73  2.43 -0.43   86.6300  1.2020  0.49   1323   1323   1323
 21.000   48.2820  0.4570  0.16 212.26  2.28 -0.41   79.2500  1.0210  0.30   1311   1311   1311
 21.500   44.6170  0.4310  0.16 213.54  2.13 -0.36   72.7950  0.8980  0.17   1274   1274   1274
 22.000   41.2650  0.4050  0.15 214.85  2.07 -0.22   66.9150  0.8030  0.06   1254   1254   1254
 22.500   38.0600  0.3810  0.19 216.15  2.01 -0.16   61.3440  0.7360  0.03   1243   1243   1243
 23.000   35.2390  0.3590  0.20 217.26  1.95  0.03   56.5080  0.6560 -0.03   1220   1220   1220
 23.500   32.6500  0.3390  0.15 218.36  1.95  0.03   52.0920  0.6010 -0.01   1206   1206   1206
 24.000   30.1360  0.3210  0.16 219.57  1.92  0.04   47.8150  0.5590  0.02   1200   1200   1200
 24.500   27.9490  0.3030  0.15 220.65  1.87  0.09   44.1270  0.5050  0.06   1175   1175   1175
 25.000   25.9310  0.2840  0.09 221.68  1.86  0.08   40.7530  0.4760  0.12   1141   1141   1141
 25.500   23.9560  0.2710  0.13 222.83  1.84  0.15   37.4540  0.4480  0.15   1127   1127   1127
 26.000   22.2460  0.2550  0.10 223.85  1.86  0.02   34.6220  0.4160  0.09   1109   1109   1109
 26.500   20.5610  0.2400  0.13 224.96  1.99  0.04   31.8420  0.4040  0.02   1098   1098   1098
 27.000   19.1070  0.2280  0.07 225.98  1.96 -0.01   29.4550  0.3770 -0.04   1058   1058   1058
 27.500   17.7690  0.2130  0.12 226.97  2.03  0.06   27.2740  0.3580 -0.06   1012   1012   1012
 28.000   16.4350  0.2020  0.14 227.99  2.13 -0.01   25.1140  0.3430 -0.10    991    991    991
 28.500   15.2980  0.1910  0.10 229.00  2.09 -0.03   23.2740  0.3140 -0.15    923    923    923
 29.000   14.2430  0.1790  0.18 229.91  2.05  0.01   21.5830  0.2870 -0.19    841    841    841
 29.500   13.1820  0.1690  0.16 230.78  2.07 -0.00   19.9000  0.2690 -0.26    808    808    808
 30.000   12.2780  0.1640  0.28 231.60  2.04 -0.03   18.4690  0.2480 -0.24    748    748    748
     T A B L E  II -   6.  T H E R M O D Y N A M I C  S T A T I S T I C A L  P A R A M E T E R S
                                      June
 Station =   74794      Cape Canaveral Air Force Station
    Z      MEAN P   SD P  SKEWP MEAN T  SD T SKEWT    MEAN D    SD D SKEWD  NOBSP  NOBST  NOBSD
    KM       MB        MB      KELVIN KELVIN            G/M3    G/M3                           
  0.000 1020.0000  5.0000  0.00 290.00  5.00  0.00 1221.0000 25.0000  0.00    100    100    100
  0.004 1015.8980  3.5830 -0.73 299.47  2.92 -0.11 1169.9210 12.5620  0.23   1614   1614   1614
  0.500  960.8960  2.7510 -0.23 296.54  1.55  0.55 1118.4210  6.9260 -0.38   1614   1614   1614
  1.000  907.3550  2.6030 -0.23 293.51  1.76 -0.04 1068.7510  7.1290  0.06   1614   1614   1614
  1.500  856.2860  2.4950 -0.23 290.49  1.71 -0.47 1020.3410  6.3580  0.47   1614   1614   1614
  2.000  807.5880  2.4150 -0.24 287.66  1.60 -0.29  972.8720  5.4080  0.34   1614   1614   1614
  2.500  761.1250  2.3440 -0.27 284.98  1.61  0.15  926.4360  5.0500 -0.13   1614   1614   1614
  3.000  716.9240  2.2710 -0.31 282.18  1.58  0.31  881.9520  4.7100 -0.29   1614   1614   1614
  3.500  674.8990  2.2000 -0.37 279.30  1.54  0.29  839.3230  4.4380 -0.31   1614   1614   1614
  4.000  634.8700  2.1280 -0.42 276.39  1.53  0.45  798.2240  4.3170 -0.38   1614   1614   1614
  4.500  596.8200  2.0560 -0.46 273.53  1.54  0.56  758.5360  4.2050 -0.35   1614   1614   1614
  5.000  560.7430  1.9910 -0.50 270.77  1.55  0.38  720.1980  4.0250 -0.18   1614   1614   1614
  5.500  526.4580  1.9380 -0.54 267.99  1.59  0.14  683.4040  3.8480 -0.06   1614   1614   1614
  6.000  493.9100  1.9010 -0.57 265.06  1.61  0.07  648.4030  3.5670 -0.14   1614   1614   1614
  6.500  463.1080  1.8780 -0.60 262.08  1.67 -0.09  615.0030  3.3950 -0.07   1614   1614   1614
  7.000  433.8530  1.8690 -0.62 258.95  1.79 -0.12  583.2300  3.3290 -0.14   1614   1614   1614
  7.500  406.0930  1.8690 -0.66 255.68  1.89 -0.21  552.9870  3.2020 -0.13   1614   1614   1614
  8.000  379.8500  1.8780 -0.68 252.29  1.96 -0.24  524.2640  3.0560 -0.07   1614   1614   1614
  8.500  354.9220  1.8870 -0.69 248.78  1.98 -0.26  496.8290  2.8700  0.02   1614   1614   1614
  9.000  331.2970  1.8920 -0.67 245.12  1.98 -0.20  470.7340  2.6900  0.02   1614   1614   1614
  9.500  308.9820  1.8960 -0.63 241.32  2.01 -0.17  445.9590  2.5390 -0.04   1614   1614   1614
 10.000  287.7880  1.8960 -0.59 237.41  2.02 -0.17  422.2400  2.3580 -0.16   1614   1614   1614
 10.500  267.7360  1.8910 -0.55 233.42  1.99 -0.14  399.5550  2.1870 -0.27   1614   1614   1614
 11.000  248.8250  1.8800 -0.51 229.39  1.97 -0.08  377.8610  2.0910 -0.54   1614   1614   1614
 11.500  230.8860  1.8600 -0.47 225.37  1.95 -0.01  356.8880  2.0160 -0.79   1614   1614   1614
 12.000  213.9750  1.8330 -0.42 221.39  1.91  0.14  336.7010  2.0550 -1.01   1614   1614   1614
 12.500  198.0810  1.7930 -0.37 217.53  1.91  0.29  317.2230  2.2680 -1.04   1614   1614   1614
 13.000  183.0560  1.7360 -0.31 213.91  1.88  0.43  298.1330  2.5810 -0.96   1614   1614   1614
 13.500  168.9820  1.6560 -0.25 210.62  1.94  0.38  279.5160  3.0440 -0.88   1614   1614   1614
 14.000  155.7970  1.5560 -0.18 207.82  2.17  0.25  261.1840  3.5560 -0.69   1614   1614   1614
 14.500  143.5370  1.4370 -0.12 205.75  2.39  0.28  243.0660  3.8410 -0.51   1614   1614   1614
 15.000  132.1310  1.3040 -0.07 204.25  2.55  0.20  225.4040  3.9600 -0.31   1614   1614   1614
 15.500  121.5510  1.1610 -0.06 203.17  2.70 -0.01  208.4660  3.9460 -0.02   1614   1614   1614
 16.000  111.8180  1.0200 -0.06 202.56  2.87 -0.34  192.3580  3.7910  0.26   1614   1614   1614
 16.500  102.8280  0.8880 -0.07 202.31  3.01 -0.52  177.1130  3.5470  0.41   1614   1614   1614
 17.000   94.5470  0.7730 -0.08 202.53  3.15 -0.55  162.6740  3.2310  0.47   1613   1613   1613
 17.500   86.9790  0.6810 -0.09 203.20  3.19 -0.58  149.1590  2.8510  0.49   1603   1603   1603
 18.000   80.0280  0.6120 -0.13 204.14  3.16 -0.62  136.6040  2.4850  0.56   1582   1582   1582
 18.500   73.6570  0.5560 -0.17 205.35  3.01 -0.71  124.9800  2.0580  0.69   1556   1556   1556
 19.000   67.8450  0.5150 -0.22 206.81  2.86 -0.77  114.3050  1.7210  0.63   1517   1517   1517
 19.500   62.4660  0.4900 -0.26 208.36  2.66 -0.78  104.4530  1.4220  0.51   1504   1504   1504
 20.000   57.6160  0.4660 -0.29 209.86  2.38 -0.76   95.6510  1.1430  0.30   1485   1485   1485
 20.500   53.1900  0.4440 -0.32 211.37  2.19 -0.54   87.6700  0.9560  0.07   1453   1453   1453
 21.000   49.0300  0.4290 -0.33 212.80  2.08 -0.36   80.2690  0.8430  0.08   1437   1437   1437
 21.500   45.3170  0.4090 -0.34 214.11  1.96 -0.24   73.7380  0.7440 -0.00   1403   1403   1403
 22.000   41.9110  0.3890 -0.33 215.32  1.95 -0.22   67.8130  0.6840 -0.08   1363   1363   1363
 22.500   38.6700  0.3740 -0.36 216.54  1.96 -0.25   62.2140  0.6540 -0.04   1342   1342   1342
 23.000   35.8030  0.3530 -0.33 217.65  1.95 -0.36   57.3080  0.6010 -0.08   1324   1324   1324
 23.500   33.1730  0.3360 -0.35 218.68  1.96 -0.23   52.8490  0.5660 -0.11   1300   1300   1300
 24.000   30.6290  0.3200 -0.34 219.77  1.96 -0.08   48.5530  0.5520 -0.10   1291   1291   1291
 24.500   28.4070  0.2990 -0.40 220.82  1.88 -0.11   44.8170  0.5070 -0.17   1256   1256   1256
 25.000   26.3560  0.2820 -0.38 221.83  1.91 -0.08   41.3920  0.4800 -0.15   1235   1235   1235
 25.500   24.3500  0.2700 -0.42 222.79  1.89 -0.07   38.0770  0.4550 -0.22   1221   1221   1221
 26.000   22.6080  0.2520 -0.41 223.73  1.87 -0.06   35.2040  0.4180 -0.22   1187   1187   1187
 26.500   20.9000  0.2390 -0.45 224.73  1.98 -0.04   32.4010  0.4160 -0.25   1174   1174   1174
 27.000   19.4170  0.2230 -0.40 225.63  2.00 -0.10   29.9820  0.3800 -0.21   1139   1139   1139
 27.500   18.0540  0.2100 -0.40 226.59  2.08 -0.03   27.7590  0.3530 -0.18   1080   1080   1080
 28.000   16.7020  0.1980 -0.31 227.61  2.18  0.13   25.5660  0.3390 -0.15   1043   1043   1043
 28.500   15.5370  0.1860 -0.31 228.44  2.14 -0.04   23.6950  0.3010 -0.06    972    972    972
 29.000   14.4690  0.1680 -0.05 229.36  2.18 -0.18   21.9780  0.2750  0.13    895    895    895
 29.500   13.3920  0.1580 -0.10 230.26  2.28 -0.28   20.2620  0.2590  0.05    859    859    859
 30.000   12.4740  0.1490 -0.24 231.08  2.19 -0.14   18.8060  0.2390 -0.19    803    803    803
     T A B L E  II -   7.  T H E R M O D Y N A M I C  S T A T I S T I C A L  P A R A M E T E R S
                                      July
 Station =   74794      Cape Canaveral Air Force Station
    Z      MEAN P   SD P  SKEWP MEAN T  SD T SKEWT    MEAN D    SD D SKEWD  NOBSP  NOBST  NOBSD
    KM       MB        MB      KELVIN KELVIN            G/M3    G/M3                           
  0.000 1020.0000  5.0000  0.00 290.00  5.00  0.00 1221.0000 25.0000  0.00    100    100    100
  0.004 1016.8950  3.2660 -0.82 300.13  2.90 -0.10 1167.7970 12.0810  0.28   1522   1522   1522
  0.500  961.8890  2.5820 -0.23 297.45  1.44 -0.18 1115.6429  6.3600 -0.04   1522   1522   1522
  1.000  908.4760  2.4420 -0.22 294.42  1.51 -0.83 1066.2930  6.2380  0.31   1522   1522   1522
  1.500  857.5130  2.3300 -0.22 291.31  1.47 -1.12 1018.4650  5.5740  0.47   1522   1522   1522
  2.000  808.8910  2.2330 -0.23 288.41  1.29 -0.88  971.5220  4.6940  0.40   1522   1522   1522
  2.500  762.4830  2.1290 -0.22 285.66  1.16 -0.18  925.5700  4.1960 -0.13   1522   1522   1522
  3.000  718.3160  2.0200 -0.20 282.83  1.18 -0.19  881.3760  4.1050 -0.20   1522   1522   1522
  3.500  676.3160  1.9110 -0.19 279.99  1.15 -0.00  838.7850  3.9890 -0.29   1522   1522   1522
  4.000  636.3100  1.8000 -0.17 277.11  1.23  0.02  797.7510  4.0940 -0.27   1522   1522   1522
  4.500  598.2820  1.6940 -0.16 274.28  1.30  0.14  758.1230  4.0330 -0.24   1522   1522   1522
  5.000  562.2180  1.5980 -0.15 271.51  1.30  0.06  719.9700  3.8450 -0.19   1522   1522   1522
  5.500  527.9390  1.5140 -0.16 268.70  1.28 -0.04  683.3520  3.5920 -0.09   1522   1522   1522
  6.000  495.3940  1.4450 -0.17 265.84  1.28  0.03  648.3260  3.3570 -0.16   1522   1522   1522
  6.500  464.5940  1.3850 -0.20 262.88  1.32 -0.07  614.9960  3.2390 -0.07   1522   1522   1522
  7.000  435.3390  1.3340 -0.25 259.83  1.39 -0.10  583.1820  3.1690 -0.00   1522   1522   1522
  7.500  407.5820  1.2940 -0.30 256.63  1.41  0.02  552.9020  2.9860  0.04   1522   1522   1522
  8.000  381.3410  1.2650 -0.32 253.29  1.48 -0.01  524.1990  2.8540  0.11   1522   1522   1522
  8.500  356.4170  1.2490 -0.34 249.82  1.56 -0.07  496.8310  2.7280  0.12   1522   1522   1522
  9.000  332.7890  1.2430 -0.34 246.18  1.63 -0.05  470.7940  2.6080  0.12   1522   1522   1522
  9.500  310.4690  1.2460 -0.31 242.40  1.70  0.01  446.1020  2.4740  0.06   1522   1522   1522
 10.000  289.2630  1.2580 -0.28 238.48  1.72 -0.02  422.4890  2.2500  0.11   1522   1522   1522
 10.500  269.1970  1.2690 -0.25 234.47  1.74 -0.05  399.9380  2.0710  0.08   1522   1522   1522
 11.000  250.2650  1.2820 -0.22 230.43  1.76 -0.03  378.3310  1.9100  0.02   1522   1522   1522
 11.500  232.3020  1.2910 -0.18 226.36  1.75 -0.00  357.5040  1.7320 -0.11   1522   1522   1522
 12.000  215.3560  1.2960 -0.15 222.35  1.72  0.06  337.4010  1.6160 -0.36   1522   1522   1522
 12.500  199.4260  1.2940 -0.12 218.43  1.70  0.05  318.0600  1.6170 -0.58   1522   1522   1522
 13.000  184.3540  1.2780 -0.09 214.67  1.66 -0.09  299.1750  1.7620 -0.71   1522   1522   1522
 13.500  170.2230  1.2450 -0.08 211.18  1.67 -0.13  280.8110  2.0500 -0.73   1522   1522   1522
 14.000  156.9680  1.1940 -0.06 208.12  1.81 -0.03  262.7640  2.5360 -0.63   1522   1522   1522
 14.500  144.6220  1.1130 -0.05 205.68  2.14  0.31  244.9740  3.1300 -0.48   1522   1522   1522
 15.000  133.1160  1.0140 -0.07 203.85  2.59  0.31  227.5300  3.6310 -0.26   1522   1522   1522
 15.500  122.4360  0.8970 -0.09 202.74  2.97  0.06  210.4320  3.8150  0.01   1522   1522   1522
 16.000  112.6140  0.7850 -0.12 202.28  3.08 -0.19  193.9910  3.5720  0.22   1522   1522   1522
 16.500  103.5570  0.6940 -0.12 202.47  3.11 -0.45  178.2250  3.1590  0.32   1522   1522   1522
 17.000   95.2340  0.6300 -0.16 203.16  2.92 -0.63  163.3340  2.5920  0.38   1520   1520   1520
 17.500   87.6380  0.5880 -0.22 204.01  2.66 -0.61  149.6710  2.0500  0.24   1510   1510   1510
 18.000   80.6600  0.5580 -0.31 205.02  2.42 -0.57  137.0740  1.6610  0.15   1488   1488   1488
 18.500   74.2580  0.5340 -0.40 206.19  2.20 -0.49  125.4700  1.3650  0.04   1471   1471   1471
 19.000   68.4220  0.5120 -0.47 207.51  2.07 -0.37  114.8770  1.1570  0.02   1440   1440   1440
 19.500   63.0160  0.4940 -0.51 208.93  2.12 -0.23  105.0810  1.0840  0.07   1431   1431   1431
 20.000   58.1300  0.4740 -0.57 210.38  2.01 -0.16   96.2630  0.9370  0.09   1395   1395   1395
 20.500   53.6740  0.4510 -0.59 211.81  1.99 -0.09   88.2830  0.8600  0.07   1355   1355   1355
 21.000   49.4850  0.4350 -0.61 213.13  1.98 -0.01   80.8900  0.8110 -0.03   1343   1343   1343
 21.500   45.7410  0.4140 -0.60 214.31  1.89 -0.06   74.3570  0.7230 -0.02   1305   1305   1305
 22.000   42.3060  0.3930 -0.62 215.43  1.92 -0.19   68.4160  0.6850  0.03   1264   1264   1264
 22.500   39.0370  0.3770 -0.64 216.55  1.89 -0.16   62.8010  0.6620  0.02   1250   1250   1250
 23.000   36.1420  0.3570 -0.66 217.58  1.91 -0.08   57.8690  0.6050  0.02   1230   1230   1230
 23.500   33.4820  0.3370 -0.65 218.59  2.04 -0.06   53.3630  0.5750  0.03   1207   1207   1207
 24.000   30.9180  0.3270 -0.68 219.63  2.04  0.02   49.0430  0.5430 -0.04   1203   1203   1203
 24.500   28.6680  0.3070 -0.67 220.66  2.01  0.04   45.2610  0.5090 -0.01   1179   1179   1179
 25.000   26.5960  0.2920 -0.66 221.62  2.07  0.12   41.8090  0.4930 -0.14   1160   1160   1160
 25.500   24.5760  0.2760 -0.68 222.62  2.04 -0.04   38.4590  0.4750 -0.14   1153   1153   1153
 26.000   22.8190  0.2620 -0.68 223.50  2.04  0.07   35.5700  0.4430 -0.22   1119   1119   1119
 26.500   21.0960  0.2460 -0.70 224.45  2.07  0.09   32.7450  0.4200 -0.22   1112   1112   1112
 27.000   19.5970  0.2320 -0.68 225.32  2.05  0.17   30.3000  0.3850 -0.23   1091   1091   1091
 27.500   18.2170  0.2160 -0.63 226.17  2.08  0.18   28.0610  0.3500 -0.22   1045   1045   1045
 28.000   16.8510  0.2070 -0.61 227.03  2.23  0.16   25.8590  0.3360 -0.26   1022   1022   1022
 28.500   15.6690  0.1940 -0.62 227.82  2.25 -0.03   23.9600  0.3030 -0.32    977    977    977
 29.000   14.5810  0.1820 -0.57 228.63  2.34  0.06   22.2180  0.2820 -0.36    918    918    918
 29.500   13.4940  0.1740 -0.47 229.46  2.39  0.19   20.4890  0.2760 -0.31    888    888    888
 30.000   12.5640  0.1600 -0.38 230.17  2.36  0.08   19.0160  0.2550 -0.24    840    840    840
     T A B L E  II -   8.  T H E R M O D Y N A M I C  S T A T I S T I C A L  P A R A M E T E R S
                                    August
 Station =   74794      Cape Canaveral Air Force Station
    Z      MEAN P   SD P  SKEWP MEAN T  SD T SKEWT    MEAN D    SD D SKEWD  NOBSP  NOBST  NOBSD
    KM       MB        MB      KELVIN KELVIN            G/M3    G/M3                           
  0.000 1020.0000  5.0000  0.00 290.00  5.00  0.00 1221.0000 25.0000  0.00    100    100    100
  0.004 1015.7640  3.4020 -0.83 300.34  2.95 -0.27 1165.6240 12.4560  0.40   1601   1601   1601
  0.500  960.8070  2.9480 -0.85 297.60  1.39 -0.69 1113.6140  6.6790  0.42   1601   1601   1601
  1.000  907.4830  2.7750 -0.85 294.51  1.48 -1.23 1064.6160  6.5600  0.61   1601   1601   1601
  1.500  856.6000  2.6240 -0.84 291.45  1.45 -1.52 1016.7770  5.9460  0.68   1601   1601   1601
  2.000  808.0650  2.4830 -0.80 288.66  1.24 -0.55  969.6080  5.0190  0.07   1601   1601   1601
  2.500  761.7490  2.3440 -0.76 285.89  1.22 -0.06  923.7640  4.7030 -0.29   1601   1601   1601
  3.000  717.6680  2.2140 -0.72 283.11  1.22 -0.05  879.5670  4.5230 -0.46   1601   1601   1601
  3.500  675.7590  2.0900 -0.68 280.32  1.23  0.02  836.9910  4.4330 -0.48   1601   1601   1601
  4.000  635.8370  1.9700 -0.63 277.46  1.32  0.05  796.0420  4.4170 -0.38   1601   1601   1601
  4.500  597.8890  1.8630 -0.57 274.64  1.33  0.10  756.5650  4.1320 -0.47   1601   1601   1601
  5.000  561.9010  1.7620 -0.52 271.92  1.36  0.17  718.4380  4.0070 -0.56   1601   1601   1601
  5.500  527.6940  1.6680 -0.46 269.20  1.38  0.18  681.8010  3.8550 -0.57   1601   1601   1601
  6.000  495.2230  1.5840 -0.41 266.36  1.33  0.19  646.8690  3.5860 -0.58   1601   1601   1601
  6.500  464.4930  1.5120 -0.37 263.40  1.36  0.12  613.7100  3.3790 -0.49   1600   1600   1600
  7.000  435.2960  1.4540 -0.35 260.33  1.38  0.01  582.0270  3.1930 -0.46   1600   1600   1600
  7.500  407.5910  1.4090 -0.34 257.11  1.41 -0.13  551.9130  2.9950 -0.40   1600   1600   1600
  8.000  381.3950  1.3730 -0.35 253.76  1.48 -0.17  523.3280  2.8750 -0.39   1600   1600   1600
  8.500  356.5110  1.3470 -0.38 250.27  1.55 -0.13  496.0610  2.7570 -0.45   1600   1600   1600
  9.000  332.9210  1.3330 -0.42 246.65  1.61 -0.08  470.0800  2.6330 -0.49   1600   1600   1600
  9.500  310.6320  1.3220 -0.46 242.92  1.68 -0.03  445.3840  2.5180 -0.51   1600   1600   1600
 10.000  289.4640  1.3200 -0.49 239.06  1.70  0.00  421.7680  2.3360 -0.47   1600   1600   1600
 10.500  269.4300  1.3200 -0.50 235.07  1.73  0.13  399.2480  2.1790 -0.61   1600   1600   1600
 11.000  250.5320  1.3220 -0.49 231.07  1.78  0.20  377.6890  2.0790 -0.81   1600   1600   1600
 11.500  232.5960  1.3220 -0.47 227.02  1.82  0.36  356.9120  2.0060 -1.09   1600   1600   1600
 12.000  215.6790  1.3190 -0.43 222.98  1.85  0.51  336.9580  1.9760 -1.29   1600   1600   1600
 12.500  199.7630  1.3110 -0.38 219.03  1.85  0.56  317.7270  1.9880 -1.27   1600   1600   1600
 13.000  184.7040  1.2930 -0.30 215.18  1.84  0.63  299.0360  2.0380 -1.28   1600   1600   1600
 13.500  170.5760  1.2630 -0.22 211.59  1.83  0.61  280.8520  2.1780 -1.20   1600   1600   1600
 14.000  157.3150  1.2160 -0.14 208.41  1.86  0.44  262.9700  2.4550 -1.01   1600   1600   1600
 14.500  144.9490  1.1460 -0.05 205.78  1.93  0.35  245.4060  2.7920 -0.73   1600   1600   1600
 15.000  133.4220  1.0570  0.01 203.82  2.20  0.34  228.0680  3.1590 -0.39   1600   1600   1600
 15.500  122.7160  0.9550  0.03 202.63  2.52  0.11  211.0200  3.3770  0.00   1600   1600   1600
 16.000  112.8630  0.8490 -0.00 202.07  2.73 -0.16  194.6170  3.3430  0.33   1600   1600   1600
 16.500  103.7740  0.7500 -0.06 202.19  2.88 -0.44  178.8400  3.1290  0.56   1600   1600   1600
 17.000   95.4230  0.6690 -0.12 202.91  2.67 -0.48  163.8600  2.6110  0.47   1600   1600   1600
 17.500   87.8090  0.6080 -0.17 203.87  2.46 -0.46  150.0670  2.1290  0.43   1595   1595   1595
 18.000   80.8180  0.5560 -0.33 205.02  2.37 -0.37  137.3450  1.7730  0.35   1572   1572   1572
 18.500   74.4080  0.5270 -0.40 206.32  2.26 -0.28  125.6490  1.4910  0.25   1532   1532   1532
 19.000   68.5630  0.4930 -0.45 207.71  2.18 -0.13  115.0000  1.2680  0.20   1492   1492   1492
 19.500   63.1530  0.4740 -0.47 209.10  2.16 -0.12  105.2230  1.1250  0.07   1468   1468   1468
 20.000   58.2620  0.4540 -0.48 210.43  2.03 -0.12   96.4610  0.9470  0.06   1430   1430   1430
 20.500   53.7920  0.4370 -0.47 211.71  1.92 -0.07   88.5180  0.8340  0.14   1393   1393   1393
 21.000   49.5960  0.4190 -0.51 212.90  1.89 -0.06   81.1580  0.7750  0.11   1374   1374   1374
 21.500   45.8370  0.3990 -0.56 214.03  1.81 -0.06   74.6090  0.7050 -0.05   1326   1326   1326
 22.000   42.3940  0.3780 -0.55 215.12  1.87 -0.10   68.6570  0.6520 -0.09   1291   1291   1291
 22.500   39.1180  0.3640 -0.54 216.19  1.90  0.04   63.0360  0.6240 -0.06   1279   1279   1279
 23.000   36.2130  0.3460 -0.55 217.21  1.85  0.12   58.0820  0.5680 -0.25   1249   1249   1249
 23.500   33.5420  0.3280 -0.49 218.16  1.87  0.03   53.5650  0.5380 -0.26   1236   1236   1236
 24.000   30.9700  0.3140 -0.49 219.17  1.84  0.06   49.2280  0.5050 -0.13   1223   1223   1223
 24.500   28.7080  0.2970 -0.52 220.13  1.87  0.05   45.4350  0.4830 -0.18   1197   1197   1197
 25.000   26.6280  0.2790 -0.53 221.07  1.92  0.12   41.9640  0.4660 -0.30   1173   1173   1173
 25.500   24.6040  0.2670 -0.47 222.03  1.92  0.16   38.6070  0.4540 -0.35   1162   1162   1162
 26.000   22.8360  0.2480 -0.50 222.89  1.91  0.23   35.6930  0.4220 -0.38   1135   1135   1135
 26.500   21.1090  0.2310 -0.42 223.76  1.99  0.02   32.8670  0.4060 -0.34   1123   1123   1123
 27.000   19.6040  0.2180 -0.42 224.58  1.96  0.03   30.4100  0.3640 -0.37   1076   1076   1076
 27.500   18.2170  0.2020 -0.34 225.35  2.04  0.06   28.1620  0.3280 -0.39   1022   1022   1022
 28.000   16.8510  0.1900 -0.28 226.18  2.15  0.07   25.9570  0.3120 -0.28    982    982    982
 28.500   15.6650  0.1730 -0.20 227.01  2.15  0.12   24.0410  0.2730 -0.18    923    923    923
 29.000   14.5770  0.1570  0.24 227.83  2.17  0.16   22.2900  0.2450 -0.13    851    851    851
 29.500   13.4890  0.1500  0.36 228.62  2.25  0.12   20.5560  0.2510 -0.07    820    820    820
 30.000   12.5550  0.1360  0.43 229.29  2.27 -0.07   19.0760  0.2280  0.22    760    760    760
     T A B L E  II -   9.  T H E R M O D Y N A M I C  S T A T I S T I C A L  P A R A M E T E R S
                                 September
 Station =   74794      Cape Canaveral Air Force Station
    Z      MEAN P   SD P  SKEWP MEAN T  SD T SKEWT    MEAN D    SD D SKEWD  NOBSP  NOBST  NOBSD
    KM       MB        MB      KELVIN KELVIN            G/M3    G/M3                           
  0.000 1020.0000  5.0000  0.00 290.00  5.00  0.00 1221.0000 25.0000  0.00    100    100    100
  0.004 1014.2740  3.3410 -0.77 299.40  2.68 -0.39 1168.1560 11.0780  0.57   1502   1502   1502
  0.500  959.5260  2.6730 -0.92 296.41  1.53 -0.81 1117.0920  7.1740  0.63   1502   1502   1502
  1.000  906.0260  2.5420 -0.90 293.14  1.74 -1.03 1068.2230  7.3250  0.72   1502   1502   1502
  1.500  854.9870  2.4430 -0.86 290.24  1.73 -1.32 1019.4430  6.5930  0.88   1502   1502   1502
  2.000  806.3740  2.3570 -0.86 287.92  1.42 -0.36  970.4560  5.0010  0.11   1502   1502   1502
  2.500  760.0480  2.2650 -0.87 285.44  1.51  0.10  923.5260  4.9370 -0.21   1502   1502   1502
  3.000  715.9960  2.1770 -0.87 282.81  1.47 -0.16  878.7680  4.5650 -0.24   1502   1502   1502
  3.500  674.1360  2.1020 -0.86 280.14  1.45 -0.18  835.8500  4.2410 -0.33   1502   1502   1502
  4.000  634.2810  2.0370 -0.85 277.37  1.50 -0.10  794.6870  4.1430 -0.28   1502   1502   1502
  4.500  596.4040  1.9740 -0.83 274.61  1.51 -0.13  755.0380  3.9740 -0.31   1502   1502   1502
  5.000  560.4930  1.9190 -0.81 271.89  1.53 -0.28  716.9530  3.7920 -0.31   1502   1502   1502
  5.500  526.3590  1.8750 -0.81 269.07  1.53 -0.28  680.5510  3.6340 -0.30   1502   1502   1502
  6.000  493.9450  1.8340 -0.82 266.15  1.51 -0.27  645.8060  3.3680 -0.48   1502   1502   1502
  6.500  463.2600  1.8000 -0.83 263.10  1.56 -0.28  612.8240  3.2640 -0.40   1502   1502   1502
  7.000  434.1060  1.7740 -0.85 259.97  1.65 -0.23  581.2780  3.2340 -0.32   1502   1502   1502
  7.500  406.4390  1.7580 -0.86 256.71  1.74 -0.25  551.2410  3.1230 -0.21   1502   1502   1502
  8.000  380.2730  1.7510 -0.84 253.32  1.83 -0.31  522.7160  3.0740 -0.08   1502   1502   1502
  8.500  355.4160  1.7480 -0.82 249.79  1.91 -0.29  495.5070  2.9710 -0.10   1502   1502   1502
  9.000  331.8540  1.7480 -0.80 246.14  1.95 -0.28  469.5500  2.7940 -0.11   1502   1502   1502
  9.500  309.5950  1.7520 -0.76 242.40  2.04 -0.20  444.8510  2.6910 -0.22   1502   1502   1502
 10.000  288.4530  1.7600 -0.73 238.54  2.11 -0.09  421.2160  2.5790 -0.37   1502   1502   1502
 10.500  268.4500  1.7650 -0.68 234.61  2.10  0.00  398.5840  2.3940 -0.46   1502   1502   1502
 11.000  249.5870  1.7660 -0.62 230.64  2.09  0.10  376.9660  2.2790 -0.63   1502   1502   1502
 11.500  231.6880  1.7550 -0.56 226.63  2.07  0.26  356.1310  2.2220 -0.81   1502   1502   1502
 12.000  214.8120  1.7340 -0.48 222.67  2.05  0.43  336.0730  2.2800 -1.00   1502   1502   1502
 12.500  198.9450  1.7020 -0.39 218.85  2.07  0.52  316.6890  2.4750 -1.07   1502   1502   1502
 13.000  183.9440  1.6550 -0.30 215.22  2.12  0.67  297.7530  2.7090 -1.03   1502   1502   1502
 13.500  169.8830  1.5930 -0.20 211.83  2.13  0.76  279.3940  2.9230 -0.82   1502   1502   1502
 14.000  156.6900  1.5140 -0.10 208.68  2.15  0.69  261.5920  3.1470 -0.63   1502   1502   1502
 14.500  144.3910  1.4200  0.01 205.95  2.18  0.50  244.2640  3.3090 -0.43   1502   1502   1502
 15.000  132.9090  1.3130  0.11 203.62  2.29  0.32  227.4160  3.4460 -0.30   1502   1502   1502
 15.500  122.2160  1.1960  0.21 201.74  2.42  0.23  211.0830  3.5030 -0.16   1502   1502   1502
 16.000  112.3450  1.0740  0.29 200.53  2.63  0.10  195.2070  3.5140 -0.02   1502   1502   1502
 16.500  103.2230  0.9610  0.36 200.19  2.90 -0.14  179.6700  3.4210  0.18   1502   1502   1502
 17.000   94.8320  0.8560  0.37 200.71  3.07 -0.30  164.6400  3.1700  0.33   1502   1502   1502
 17.500   87.1840  0.7660  0.29 201.80  3.03 -0.28  150.5390  2.7550  0.47   1494   1494   1494
 18.000   80.1810  0.7000  0.17 203.34  2.92 -0.36  137.3950  2.3600  0.68   1473   1473   1473
 18.500   73.7740  0.6460  0.04 205.11  2.65 -0.44  125.3230  1.9000  0.76   1457   1457   1457
 19.000   67.9490  0.6020 -0.08 206.76  2.40 -0.37  114.4990  1.5500  0.70   1419   1419   1419
 19.500   62.5570  0.5680 -0.19 208.28  2.24 -0.25  104.6450  1.3180  0.55   1399   1399   1399
 20.000   57.6990  0.5340 -0.27 209.65  2.04 -0.30   95.8810  1.1070  0.62   1367   1367   1367
 20.500   53.2610  0.5060 -0.33 210.97  1.90 -0.28   87.9540  0.9570  0.57   1340   1340   1340
 21.000   49.0850  0.4830 -0.35 212.19  1.90 -0.03   80.5930  0.8770  0.16   1327   1327   1327
 21.500   45.3590  0.4560 -0.38 213.34  1.89 -0.03   74.0700  0.7980  0.04   1279   1279   1279
 22.000   41.9410  0.4240 -0.34 214.42  1.94 -0.09   68.1450  0.7330  0.05   1243   1243   1243
 22.500   38.6870  0.4010 -0.26 215.57  1.97  0.07   62.5210  0.6830 -0.18   1227   1227   1227
 23.000   35.8050  0.3810 -0.25 216.58  1.96  0.16   57.5940  0.6230 -0.11   1205   1205   1205
 23.500   33.1590  0.3600 -0.25 217.60  1.99  0.14   53.0900  0.5810  0.07   1186   1186   1186
 24.000   30.6030  0.3430 -0.26 218.56  1.96  0.22   48.7810  0.5500 -0.00   1180   1180   1180
 24.500   28.3670  0.3220 -0.23 219.44  1.94  0.17   45.0340  0.5110 -0.10   1155   1155   1155
 25.000   26.3030  0.3010 -0.24 220.35  1.97  0.13   41.5860  0.4890 -0.29   1132   1132   1132
 25.500   24.2940  0.2870 -0.23 221.27  1.96  0.11   38.2490  0.4680 -0.25   1122   1122   1122
 26.000   22.5430  0.2680 -0.19 222.10  1.98  0.16   35.3600  0.4350 -0.26   1096   1096   1096
 26.500   20.8320  0.2530 -0.15 222.95  2.07  0.16   32.5520  0.4270 -0.15   1085   1085   1085
 27.000   19.3420  0.2390 -0.15 223.75  2.08  0.20   30.1150  0.3910 -0.07   1053   1053   1053
 27.500   17.9710  0.2230 -0.17 224.47  2.14  0.16   27.8920  0.3580 -0.00   1018   1018   1018
 28.000   16.6180  0.2100 -0.21 225.31  2.23  0.06   25.6950  0.3430  0.00    987    987    987
 28.500   15.4470  0.1960 -0.23 226.11  2.22 -0.05   23.8010  0.3080 -0.04    923    923    923
 29.000   14.3690  0.1810 -0.11 226.89  2.28  0.00   22.0620  0.2800 -0.00    842    842    842
 29.500   13.2900  0.1690 -0.11 227.66  2.38  0.02   20.3380  0.2650  0.07    811    811    811
 30.000   12.3670  0.1590 -0.11 228.37  2.44  0.03   18.8670  0.2460  0.21    757    757    757
     T A B L E  II -  10.  T H E R M O D Y N A M I C  S T A T I S T I C A L  P A R A M E T E R S
                                   October
 Station =   74794      Cape Canaveral Air Force Station
    Z      MEAN P   SD P  SKEWP MEAN T  SD T SKEWT    MEAN D    SD D SKEWD  NOBSP  NOBST  NOBSD
    KM       MB        MB      KELVIN KELVIN            G/M3    G/M3                           
  0.000 1020.0000  5.0000  0.00 290.00  5.00  0.00 1221.0000 25.0000  0.00    100    100    100
  0.004 1015.0680  4.7160 -0.47 297.04  3.47 -1.48 1180.2540 17.7040  1.27   1356   1356   1356
  0.500  959.8250  3.7180 -0.57 294.26  2.40 -1.43 1127.2581 12.8270  0.81   1356   1356   1356
  1.000  905.8340  3.3910 -0.62 290.71  2.60 -0.97 1078.0770 12.5480  0.58   1356   1356   1356
  1.500  854.3520  3.1100 -0.66 288.12  2.60 -0.77 1027.3640 11.5270  0.52   1356   1356   1356
  2.000  805.4050  2.8770 -0.72 286.20  2.56 -0.59  976.2360 10.2310  0.55   1356   1356   1356
  2.500  758.8500  2.7030 -0.75 284.24  2.30 -0.35  926.9710  8.3020  0.33   1356   1356   1356
  3.000  714.6720  2.5840 -0.72 281.94  1.98 -0.27  880.6750  6.6750  0.09   1356   1356   1356
  3.500  672.7410  2.4870 -0.66 279.35  1.87 -0.39  837.0820  5.8220 -0.05   1356   1356   1356
  4.000  632.8340  2.4120 -0.58 276.64  1.90 -0.32  795.4810  5.4350 -0.15   1356   1356   1356
  4.500  594.9200  2.3510 -0.52 273.82  1.86 -0.13  755.7730  4.9250 -0.29   1356   1356   1356
  5.000  558.9680  2.3080 -0.48 270.91  1.94 -0.18  717.9090  4.7520 -0.18   1356   1356   1356
  5.500  524.7830  2.2850 -0.45 267.93  2.06 -0.25  681.6360  4.6430 -0.09   1356   1356   1356
  6.000  492.3100  2.2820 -0.43 264.80  2.19 -0.31  647.1370  4.5370 -0.09   1356   1356   1356
  6.500  461.5540  2.2930 -0.42 261.57  2.37 -0.31  614.3080  4.5360 -0.05   1356   1356   1356
  7.000  432.3260  2.3230 -0.43 258.26  2.56 -0.34  582.8520  4.5160 -0.00   1356   1356   1356
  7.500  404.5780  2.3640 -0.43 254.83  2.70 -0.31  552.8380  4.3770 -0.04   1356   1356   1356
  8.000  378.3390  2.4160 -0.43 251.33  2.83 -0.29  524.2400  4.1800 -0.09   1356   1356   1356
  8.500  353.4140  2.4680 -0.43 247.77  2.93 -0.28  496.7930  4.0020 -0.17   1356   1356   1356
  9.000  329.7920  2.5200 -0.43 244.11  2.99 -0.28  470.5720  3.7630 -0.17   1356   1356   1356
  9.500  307.4920  2.5600 -0.43 240.41  2.98 -0.31  445.5260  3.4820 -0.22   1356   1356   1356
 10.000  286.3270  2.5840 -0.42 236.67  2.90 -0.30  421.4430  3.1910 -0.34   1356   1356   1356
 10.500  266.3260  2.5900 -0.41 232.90  2.76 -0.22  398.3490  2.9650 -0.52   1356   1356   1356
 11.000  247.4830  2.5720 -0.38 229.09  2.60 -0.17  376.3280  2.8610 -0.64   1356   1356   1356
 11.500  229.6250  2.5300 -0.35 225.27  2.43 -0.16  355.1010  2.8820 -0.81   1356   1356   1356
 12.000  212.8080  2.4660 -0.32 221.48  2.30 -0.11  334.7280  3.0090 -0.93   1356   1356   1356
 12.500  197.0140  2.3830 -0.27 217.81  2.19 -0.09  315.1150  3.2650 -0.86   1356   1356   1356
 13.000  182.0950  2.2720 -0.22 214.34  2.02  0.05  295.9650  3.5230 -0.80   1356   1356   1356
 13.500  168.1220  2.1430 -0.16 211.02  1.95  0.08  277.5600  3.8180 -0.75   1356   1356   1356
 14.000  155.0230  1.9940 -0.08 207.95  1.95  0.29  259.7190  4.0440 -0.65   1356   1356   1356
 14.500  142.8130  1.8320 -0.01 205.29  2.03  0.51  242.3810  4.1960 -0.55   1356   1356   1356
 15.000  131.4200  1.6590  0.07 202.94  2.28  0.48  225.6400  4.3680 -0.44   1356   1356   1356
 15.500  120.8110  1.4800  0.17 201.04  2.58  0.25  209.3980  4.4400 -0.30   1356   1356   1356
 16.000  111.0180  1.2980  0.27 199.69  2.87  0.13  193.7310  4.3960 -0.12   1356   1356   1356
 16.500  101.9610  1.1240  0.36 199.04  3.16  0.04  178.5190  4.2320  0.06   1356   1356   1356
 17.000   93.6170  0.9640  0.40 199.15  3.38 -0.05  163.8240  3.9170  0.21   1356   1356   1356
 17.500   86.0040  0.8260  0.43 200.05  3.43  0.05  149.8250  3.4600  0.22   1354   1354   1354
 18.000   79.0380  0.7170  0.41 201.58  3.33  0.00  136.6330  2.9030  0.30   1338   1338   1338
 18.500   72.6700  0.6350  0.40 203.50  3.13 -0.03  124.4350  2.3790  0.40   1319   1319   1319
 19.000   66.8950  0.5750  0.36 205.37  2.99 -0.01  113.5010  1.9700  0.46   1285   1285   1285
 19.500   61.5500  0.5300  0.31 207.14  2.80 -0.06  103.5300  1.6300  0.46   1272   1272   1272
 20.000   56.7430  0.4910  0.26 208.74  2.44 -0.20   94.7110  1.2970  0.59   1241   1241   1241
 20.500   52.3650  0.4560  0.24 210.11  2.22 -0.12   86.8320  1.0740  0.55   1199   1199   1199
 21.000   48.2340  0.4310  0.23 211.35  2.16 -0.11   79.5130  0.9560  0.48   1187   1187   1187
 21.500   44.5590  0.4050  0.19 212.41  2.05 -0.05   73.0830  0.8330  0.49   1151   1151   1151
 22.000   41.1900  0.3820  0.15 213.50  2.04  0.08   67.2120  0.7360  0.43   1127   1127   1127
 22.500   37.9710  0.3630  0.16 214.60  2.01  0.07   61.6420  0.6700  0.32   1112   1112   1112
 23.000   35.1380  0.3410  0.17 215.62  1.96  0.02   56.7740  0.6040  0.20   1087   1087   1087
 23.500   32.5320  0.3220  0.18 216.57  2.00  0.00   52.3310  0.5600  0.15   1076   1076   1076
 24.000   30.0130  0.3080  0.17 217.54  2.00 -0.05   48.0650  0.5280  0.15   1073   1073   1073
 24.500   27.8100  0.2920  0.18 218.49  2.09 -0.06   44.3430  0.4950 -0.02   1061   1061   1061
 25.000   25.7810  0.2760  0.12 219.34  2.24  0.01   40.9490  0.4660 -0.06   1035   1035   1035
 25.500   23.8000  0.2650  0.13 220.26  2.20  0.12   37.6450  0.4360  0.09   1019   1019   1019
 26.000   22.0830  0.2540  0.10 221.03  2.23  0.16   34.8060  0.4100  0.13   1000   1000   1000
 26.500   20.3940  0.2400  0.10 221.83  2.37  0.20   32.0300  0.3980  0.06    985    985    985
 27.000   18.9300  0.2310  0.11 222.68  2.37  0.21   29.6160  0.3620  0.04    954    954    954
 27.500   17.5880  0.2200  0.06 223.52  2.45  0.15   27.4140  0.3380 -0.00    907    907    907
 28.000   16.2550  0.2090  0.10 224.35  2.48  0.11   25.2420  0.3230 -0.09    878    878    878
 28.500   15.1080  0.1980  0.15 225.07  2.51  0.05   23.3860  0.2920 -0.13    813    813    813
 29.000   14.0490  0.1880  0.18 225.88  2.59  0.13   21.6690  0.2650 -0.14    753    753    753
 29.500   12.9890  0.1810  0.12 226.57  2.64  0.23   19.9730  0.2570 -0.13    719    719    719
 30.000   12.0830  0.1730  0.14 227.22  2.68  0.17   18.5260  0.2400 -0.11    670    670    670
     T A B L E  II -  11.  T H E R M O D Y N A M I C  S T A T I S T I C A L  P A R A M E T E R S
                                  November
 Station =   74794      Cape Canaveral Air Force Station
    Z      MEAN P   SD P  SKEWP MEAN T  SD T SKEWT    MEAN D    SD D SKEWD  NOBSP  NOBST  NOBSD
    KM       MB        MB      KELVIN KELVIN            G/M3    G/M3                           
  0.000 1020.0000  5.0000  0.00 290.00  5.00  0.00 1221.0000 25.0000  0.00    100    100    100
  0.004 1017.3970  5.4270 -0.76 293.64  4.47 -0.92 1198.4790 23.3790  0.68   1284   1284   1284
  0.500  961.4910  3.9260 -0.43 291.71  3.22 -1.26 1140.6320 15.9080  0.94   1284   1284   1284
  1.000  906.8960  3.6430 -0.50 288.40  3.02 -0.80 1089.2440 13.9790  0.59   1284   1284   1284
  1.500  854.9220  3.4100 -0.57 286.06  2.87 -0.37 1036.4301 12.1940  0.30   1284   1284   1284
  2.000  805.5920  3.2110 -0.68 284.54  2.88 -0.10  983.0360 10.8830  0.16   1284   1284   1284
  2.500  758.7440  3.0880 -0.77 282.77  2.72 -0.16  932.3500  9.1130  0.08   1284   1284   1284
  3.000  714.3270  3.0270 -0.82 280.60  2.65 -0.31  885.0680  7.8930  0.17   1284   1284   1284
  3.500  672.2030  3.0030 -0.85 278.20  2.58 -0.41  840.4830  6.9980  0.26   1284   1284   1284
  4.000  632.1520  2.9950 -0.86 275.59  2.55 -0.32  798.1150  6.4120  0.11   1284   1284   1284
  4.500  594.1210  2.9940 -0.86 272.78  2.55 -0.28  758.0110  5.9030 -0.02   1284   1284   1284
  5.000  558.0630  3.0060 -0.83 269.78  2.59 -0.18  720.0500  5.5480 -0.14   1284   1284   1284
  5.500  523.7710  3.0300 -0.81 266.64  2.67 -0.15  683.8760  5.2290 -0.15   1284   1284   1284
  6.000  491.1890  3.0640 -0.76 263.40  2.75 -0.15  649.3040  4.8870 -0.14   1284   1284   1284
  6.500  460.3300  3.1070 -0.72 260.02  2.85 -0.13  616.4740  4.6240 -0.23   1284   1284   1284
  7.000  430.9940  3.1520 -0.68 256.52  2.90 -0.09  585.1110  4.3940 -0.29   1284   1284   1284
  7.500  403.1360  3.1880 -0.64 252.95  2.95 -0.04  555.0680  4.1740 -0.35   1284   1284   1284
  8.000  376.7910  3.2190 -0.60 249.35  2.97 -0.01  526.2970  3.8960 -0.51   1284   1284   1284
  8.500  351.7700  3.2370 -0.56 245.73  2.95 -0.03  498.6160  3.7280 -0.65   1284   1284   1284
  9.000  328.0680  3.2390 -0.52 242.02  2.96 -0.08  472.1770  3.6070 -0.73   1284   1284   1284
  9.500  305.6940  3.2290 -0.48 238.29  2.94 -0.12  446.8850  3.5510 -0.79   1284   1284   1284
 10.000  284.4700  3.2010 -0.46 234.53  2.94 -0.17  422.5390  3.5370 -0.84   1284   1284   1284
 10.500  264.4180  3.1610 -0.43 230.72  2.89 -0.12  399.2390  3.4400 -0.83   1284   1284   1284
 11.000  245.5400  3.1080 -0.41 226.96  2.80 -0.09  376.8840  3.4940 -0.84   1284   1284   1284
 11.500  227.6670  3.0290 -0.37 223.25  2.69 -0.05  355.2550  3.6770 -0.85   1284   1284   1284
 12.000  210.8550  2.9290 -0.33 219.71  2.54  0.02  334.3260  3.9550 -0.93   1284   1284   1284
 12.500  195.0900  2.8050 -0.28 216.32  2.46 -0.01  314.1960  4.3150 -0.90   1284   1284   1284
 13.000  180.2310  2.6510 -0.21 213.17  2.35  0.19  294.5600  4.5700 -0.83   1284   1284   1284
 13.500  166.3400  2.4800 -0.15 210.29  2.32  0.34  275.5930  4.8210 -0.69   1284   1284   1284
 14.000  153.3480  2.2920 -0.07 207.73  2.45  0.34  257.2020  5.0730 -0.54   1284   1284   1284
 14.500  141.2750  2.0910  0.01 205.60  2.49  0.33  239.4260  5.0130 -0.41   1284   1284   1284
 15.000  130.0340  1.8940  0.08 203.78  2.59  0.21  222.3410  4.8930 -0.23   1284   1284   1284
 15.500  119.5860  1.6980  0.14 202.17  2.69  0.08  206.1190  4.7000 -0.05   1284   1284   1284
 16.000  109.9480  1.5100  0.19 200.87  2.79 -0.03  190.7380  4.4940  0.05   1284   1284   1284
 16.500  101.0230  1.3320  0.25 199.89  2.91 -0.04  176.1140  4.2370  0.06   1284   1284   1284
 17.000   92.7770  1.1610  0.31 199.40  3.13 -0.05  162.1490  4.0100  0.11   1284   1284   1284
 17.500   85.2320  1.0080  0.37 199.49  3.35 -0.11  148.8950  3.7340  0.20   1281   1281   1281
 18.000   78.3010  0.8710  0.42 200.28  3.51  0.06  136.2520  3.3670  0.18   1268   1268   1268
 18.500   71.9510  0.7570  0.43 201.68  3.42  0.08  124.3280  2.8530  0.21   1259   1259   1259
 19.000   66.1740  0.6750  0.44 203.40  3.28  0.11  113.3720  2.3960  0.21   1224   1224   1224
 19.500   60.8450  0.6040  0.40 205.29  3.20  0.24  103.2770  2.0350  0.10   1209   1209   1209
 20.000   56.0600  0.5480  0.44 207.01  2.96  0.12   94.3610  1.6890  0.08   1177   1177   1177
 20.500   51.6950  0.5050  0.45 208.51  2.78  0.09   86.3830  1.4030  0.10   1134   1134   1134
 21.000   47.5870  0.4680  0.42 210.04  2.67 -0.07   78.9370  1.1850  0.31   1121   1121   1121
 21.500   43.9400  0.4370  0.40 211.34  2.62 -0.04   72.4410  1.0330  0.28   1086   1086   1086
 22.000   40.6070  0.4120  0.37 212.46  2.52 -0.12   66.5890  0.8890  0.37   1065   1065   1065
 22.500   37.4170  0.3910  0.34 213.55  2.47 -0.10   61.0440  0.7990  0.32   1058   1058   1058
 23.000   34.6120  0.3720  0.32 214.54  2.45 -0.06   56.2080  0.7160  0.26   1049   1049   1049
 23.500   32.0320  0.3590  0.32 215.48  2.49 -0.02   51.7920  0.6610  0.24   1036   1036   1036
 24.000   29.5370  0.3390  0.28 216.48  2.55  0.05   47.5370  0.6090  0.28   1032   1032   1032
 24.500   27.3630  0.3240  0.30 217.37  2.65  0.08   43.8570  0.5680  0.25   1013   1013   1013
 25.000   25.3620  0.3110  0.23 218.27  2.81  0.04   40.4810  0.5270  0.34    990    990    990
 25.500   23.4020  0.2950  0.25 219.17  2.92 -0.00   37.2020  0.4930  0.28    975    975    975
 26.000   21.7040  0.2850  0.23 219.97  3.00  0.04   34.3760  0.4420  0.21    955    955    955
 26.500   20.0360  0.2720  0.21 220.88  3.17  0.06   31.6040  0.4240  0.08    936    936    936
 27.000   18.5900  0.2640  0.27 221.79  3.25  0.07   29.2020  0.3840  0.07    912    912    912
 27.500   17.2650  0.2510  0.15 222.73  3.26  0.10   27.0060  0.3490  0.09    867    867    867
 28.000   15.9460  0.2430  0.11 223.57  3.33  0.16   24.8500  0.3370  0.16    844    844    844
 28.500   14.8170  0.2310  0.20 224.30  3.38  0.19   23.0150  0.3050  0.09    782    782    782
 29.000   13.7710  0.2240  0.19 224.93  3.59  0.20   21.3310  0.2940 -0.00    720    720    720
 29.500   12.7280  0.2140  0.20 225.65  3.75  0.20   19.6520  0.2940 -0.02    695    695    695
 30.000   11.8330  0.2110  0.21 226.37  3.77  0.18   18.2120  0.2800 -0.06    638    638    638
     T A B L E  II -  12.  T H E R M O D Y N A M I C  S T A T I S T I C A L  P A R A M E T E R S
                                  December
 Station =   74794      Cape Canaveral Air Force Station
    Z      MEAN P   SD P  SKEWP MEAN T  SD T SKEWT    MEAN D    SD D SKEWD  NOBSP  NOBST  NOBSD
    KM       MB        MB      KELVIN KELVIN            G/M3    G/M3                           
  0.000 1020.0000  5.0000  0.00 290.00  5.00  0.00 1221.0000 25.0000  0.00    100    100    100
  0.004 1018.8950  5.4280 -0.95 290.79  5.35 -0.52 1213.4500 27.4960  0.31   1363   1363   1363
  0.500  962.2260  4.1030 -0.49 289.51  4.04 -1.02 1151.3480 18.8000  0.78   1363   1363   1363
  1.000  907.1680  3.9390 -0.57 286.57  3.58 -0.84 1097.5310 15.5950  0.60   1363   1363   1363
  1.500  854.8370  3.8110 -0.69 284.51  3.40 -0.56 1042.7280 13.7000  0.41   1363   1363   1363
  2.000  805.2300  3.6940 -0.80 283.11  3.31 -0.18  988.0460 11.9070  0.13   1363   1363   1363
  2.500  758.1620  3.6320 -0.86 281.51  3.14 -0.12  936.1990  9.9670  0.00   1363   1363   1363
  3.000  713.5780  3.6280 -0.85 279.42  3.00 -0.22  888.1230  8.4760  0.11   1363   1363   1363
  3.500  671.3110  3.6520 -0.81 276.92  2.88 -0.24  843.3290  7.2240  0.11   1363   1363   1363
  4.000  631.1170  3.6890 -0.76 274.16  2.88 -0.20  801.0080  6.5460  0.13   1363   1363   1363
  4.500  592.9490  3.7280 -0.71 271.27  2.86 -0.22  760.7680  5.8340  0.15   1363   1363   1363
  5.000  556.7610  3.7710 -0.67 268.24  2.90 -0.22  722.5340  5.4270  0.11   1363   1363   1363
  5.500  522.3580  3.8140 -0.63 265.11  3.01 -0.13  685.9620  5.2620 -0.04   1363   1363   1363
  6.000  489.6760  3.8560 -0.58 261.80  3.12 -0.09  651.2420  5.0570 -0.13   1363   1363   1363
  6.500  458.7310  3.9000 -0.55 258.47  3.21 -0.12  618.0120  4.7980 -0.10   1363   1363   1363
  7.000  429.3280  3.9390 -0.51 255.00  3.27 -0.14  586.3090  4.6160 -0.10   1363   1363   1363
  7.500  401.4170  3.9640 -0.47 251.44  3.26 -0.11  555.9960  4.3410 -0.19   1363   1363   1363
  8.000  375.0300  3.9730 -0.44 247.80  3.25 -0.10  527.1260  4.1760 -0.21   1363   1363   1363
  8.500  349.9700  3.9640 -0.41 244.08  3.24 -0.09  499.4260  4.0220 -0.25   1363   1363   1363
  9.000  326.2290  3.9430 -0.37 240.31  3.20 -0.08  472.8720  3.8670 -0.37   1363   1363   1363
  9.500  303.8230  3.9050 -0.34 236.49  3.18 -0.05  447.5240  3.8090 -0.56   1363   1363   1363
 10.000  282.5680  3.8510 -0.30 232.65  3.14  0.03  423.1010  3.8320 -0.78   1363   1363   1363
 10.500  262.4980  3.7780 -0.26 228.93  3.07  0.13  399.4470  3.9830 -0.99   1363   1363   1363
 11.000  243.6200  3.6810 -0.21 225.33  3.00  0.22  376.6420  4.4140 -1.14   1363   1363   1363
 11.500  225.7710  3.5520 -0.15 221.88  2.96  0.33  354.4840  4.8960 -1.15   1363   1363   1363
 12.000  209.0080  3.3980 -0.08 218.65  3.00  0.37  333.0240  5.4170 -1.01   1363   1363   1363
 12.500  193.3230  3.2200 -0.00 215.73  3.13  0.38  312.2190  5.8650 -0.83   1363   1363   1363
 13.000  178.5780  3.0180  0.07 213.23  3.15  0.29  291.8020  6.0740 -0.54   1363   1363   1363
 13.500  164.8400  2.8020  0.14 211.10  3.17  0.08  272.0890  6.1300 -0.29   1363   1363   1363
 14.000  152.0310  2.5790  0.20 209.17  3.08 -0.14  253.2610  5.8780 -0.09   1363   1363   1363
 14.500  140.1460  2.3620  0.26 207.28  2.84 -0.20  235.5900  5.4720  0.02   1363   1363   1363
 15.000  129.0860  2.1520  0.30 205.56  2.71 -0.23  218.8150  5.1150  0.15   1363   1363   1363
 15.500  118.8020  1.9500  0.33 203.91  2.67 -0.16  203.0100  4.8390  0.17   1363   1363   1363
 16.000  109.2990  1.7540  0.36 202.32  2.71 -0.29  188.2420  4.6200  0.24   1363   1363   1363
 16.500  100.4820  1.5650  0.39 200.98  2.95 -0.33  174.2260  4.4980  0.27   1363   1363   1363
 17.000   92.3130  1.3820  0.42 200.00  3.16 -0.30  160.8570  4.2990  0.29   1363   1363   1363
 17.500   84.8130  1.2110  0.46 199.57  3.31 -0.22  148.1060  4.0100  0.28   1357   1357   1357
 18.000   77.9050  1.0530  0.48 199.78  3.48 -0.07  135.9100  3.7150  0.23   1345   1345   1345
 18.500   71.5620  0.9130  0.51 200.55  3.48 -0.00  124.3610  3.2910  0.22   1330   1330   1330
 19.000   65.7880  0.8000  0.51 201.83  3.55 -0.00  113.5970  2.9030  0.22   1299   1299   1299
 19.500   60.4520  0.6980  0.51 203.37  3.57  0.08  103.5920  2.5370  0.21   1283   1283   1283
 20.000   55.6490  0.6120  0.51 205.10  3.26  0.10   94.5500  2.0840  0.27   1224   1224   1224
 20.500   51.2800  0.5500  0.50 206.58  3.05  0.14   86.4980  1.7290  0.33   1175   1175   1175
 21.000   47.1740  0.4950  0.41 208.08  2.96  0.21   78.9980  1.4630  0.25   1157   1157   1157
 21.500   43.5280  0.4570  0.42 209.38  2.81  0.28   72.4330  1.2150  0.21   1116   1116   1116
 22.000   40.1940  0.4250  0.46 210.62  2.76  0.39   66.4920  1.0480  0.21   1097   1097   1097
 22.500   37.0150  0.3940  0.40 211.77  2.77  0.47   60.9000  0.9240  0.16   1086   1086   1086
 23.000   34.2130  0.3700  0.32 212.73  2.78  0.41   56.0350  0.8140  0.08   1066   1066   1066
 23.500   31.6400  0.3540  0.30 213.69  2.86  0.40   51.5890  0.7280  0.13   1050   1050   1050
 24.000   29.1620  0.3350  0.26 214.60  2.96  0.45   47.3460  0.6770  0.08   1041   1041   1041
 24.500   26.9900  0.3250  0.27 215.45  2.99  0.41   43.6460  0.6140  0.02   1009   1009   1009
 25.000   24.9970  0.3150  0.32 216.41  3.03  0.31   40.2440  0.5620 -0.04    976    976    976
 25.500   23.0540  0.2990  0.27 217.33  3.07  0.27   36.9570  0.5330 -0.12    960    960    960
 26.000   21.3690  0.2870  0.35 218.20  3.15  0.26   34.1210  0.4870 -0.30    929    929    929
 26.500   19.7160  0.2740  0.32 219.07  3.32  0.20   31.3580  0.4710 -0.22    915    915    915
 27.000   18.2840  0.2620  0.34 219.88  3.33  0.23   28.9720  0.4200 -0.28    872    872    872
 27.500   16.9680  0.2560  0.40 220.73  3.46  0.22   26.7830  0.3940 -0.28    817    817    817
 28.000   15.6660  0.2440  0.38 221.60  3.60  0.09   24.6310  0.3840 -0.18    791    791    791
 28.500   14.5490  0.2360  0.44 222.43  3.65  0.08   22.7900  0.3460 -0.17    724    724    724
 29.000   13.5170  0.2270  0.42 223.16  3.76  0.17   21.1040  0.3220 -0.31    671    671    671
 29.500   12.4880  0.2140  0.49 224.16  4.01  0.31   19.4110  0.3220 -0.50    642    642    642
 30.000   11.6120  0.2130  0.49 225.07  4.14  0.42   17.9750  0.3120 -0.48    588    588    588
     T A B L E  II -  13.  T H E R M O D Y N A M I C  S T A T I S T I C A L  P A R A M E T E R S
                                    Annual
 Station =   74794      Cape Canaveral Air Force Station
    Z      MEAN P   SD P  SKEWP MEAN T  SD T SKEWT    MEAN D    SD D SKEWD  NOBSP  NOBST  NOBSD
    KM       MB        MB      KELVIN KELVIN            G/M3    G/M3                           
  0.000 1020.0000  5.0000  0.00 290.00  5.00  0.00 1221.0000 25.0000  0.00    100    100    100
  0.004 1016.5120  4.9680 -0.39 295.75  5.79 -0.94 1187.9260 28.9450  1.02  16813  16813  16813
  0.500  960.8290  3.7540 -0.25 293.40  4.53 -1.21 1132.4611 21.2820  1.17  16813  16813  16813
  1.000  906.6320  3.5230 -0.52 290.28  4.41 -0.98 1081.3850 18.7190  0.99  16813  16813  16813
  1.500  855.0040  3.4810 -0.72 287.65  4.05 -0.92 1030.2910 15.5380  0.94  16813  16813  16813
  2.000  805.9030  3.5350 -0.84 285.48  3.64 -0.92  979.5680 12.4590  0.89  16813  16813  16813
  2.500  759.1770  3.6320 -0.91 283.24  3.34 -0.87  930.8140 10.0280  0.73  16813  16813  16813
  3.000  714.7980  3.7370 -0.95 280.74  3.12 -0.88  884.7190  8.2710  0.62  16813  16813  16813
  3.500  672.6700  3.8340 -0.99 278.04  3.01 -0.83  841.0250  7.1200  0.48  16813  16813  16813
  4.000  632.5750  3.9210 -1.01 275.21  3.01 -0.76  799.3130  6.4710  0.33  16813  16813  16813
  4.500  594.4760  4.0010 -1.02 272.31  3.06 -0.73  759.4060  5.9610  0.24  16813  16813  16813
  5.000  558.3520  4.0830 -1.03 269.38  3.19 -0.69  721.2180  5.6650  0.20  16813  16813  16813
  5.500  524.0230  4.1680 -1.03 266.38  3.37 -0.65  684.6370  5.4680  0.17  16813  16813  16813
  6.000  491.4010  4.2560 -1.01 263.27  3.53 -0.62  649.7420  5.2000  0.15  16813  16813  16813
  6.500  460.5310  4.3460 -0.99 260.06  3.70 -0.59  616.5260  4.9970  0.13  16812  16812  16812
  7.000  431.2020  4.4330 -0.96 256.75  3.88 -0.55  584.7950  4.8330  0.12  16812  16812  16812
  7.500  403.3650  4.5170 -0.92 253.33  4.01 -0.50  554.4900  4.5810  0.10  16812  16812  16812
  8.000  377.0480  4.5900 -0.88 249.82  4.13 -0.47  525.6420  4.3520  0.06  16812  16812  16812
  8.500  352.0590  4.6490 -0.84 246.22  4.21 -0.45  498.0150  4.1370 -0.04  16812  16812  16812
  9.000  328.3850  4.6910 -0.79 242.53  4.25 -0.43  471.6200  3.9210 -0.26  16812  16812  16812
  9.500  306.0350  4.7130 -0.75 238.77  4.26 -0.41  446.4650  3.7630 -0.60  16812  16812  16812
 10.000  284.8270  4.7110 -0.71 234.96  4.21 -0.40  422.2880  3.6830 -1.04  16812  16812  16812
 10.500  264.7860  4.6800 -0.66 231.15  4.07 -0.38  399.0410  3.7610 -1.55  16812  16812  16812
 11.000  245.9170  4.6150 -0.62 227.41  3.88 -0.36  376.7060  4.0830 -1.87  16812  16812  16812
 11.500  228.0530  4.5060 -0.56 223.79  3.59 -0.33  354.9890  4.6340 -1.91  16812  16812  16812
 12.000  211.2550  4.3490 -0.51 220.38  3.27 -0.29  333.9510  5.3610 -1.68  16812  16812  16812
 12.500  195.5080  4.1460 -0.46 217.19  3.01 -0.21  313.6160  6.1480 -1.36  16812  16812  16812
 13.000  180.6860  3.8890 -0.41 214.28  2.77  0.01  293.7860  6.7680 -1.06  16812  16812  16812
 13.500  166.8370  3.5970 -0.36 211.61  2.74  0.26  274.7090  7.2230 -0.81  16812  16812  16812
 14.000  153.8870  3.2810 -0.32 209.19  2.89  0.38  256.3460  7.4120 -0.59  16812  16812  16812
 14.500  141.8500  2.9590 -0.29 207.04  3.02  0.38  238.7590  7.2530 -0.43  16812  16812  16812
 15.000  130.6350  2.6470 -0.27 205.16  3.17  0.25  221.9060  6.8860 -0.29  16812  16812  16812
 15.500  120.2080  2.3570 -0.26 203.59  3.29  0.06  205.7760  6.3540 -0.17  16811  16811  16811
 16.000  110.5840  2.1000 -0.26 202.38  3.37 -0.14  190.4290  5.7240 -0.06  16811  16811  16811
 16.500  101.6760  1.8800 -0.25 201.62  3.49 -0.31  175.7490  5.0570  0.03  16811  16811  16811
 17.000   93.4500  1.7010 -0.22 201.37  3.61 -0.41  161.7220  4.3820  0.09  16803  16803  16803
 17.500   85.9210  1.5610 -0.18 201.63  3.70 -0.42  148.5020  3.7470  0.10  16722  16722  16722
 18.000   79.0010  1.4490 -0.12 202.34  3.77 -0.40  136.0520  3.2010  0.06  16514  16514  16514
 18.500   72.6530  1.3610 -0.06 203.47  3.74 -0.41  124.4190  2.7010  0.01  16244  16244  16244
 19.000   66.8730  1.2890 -0.01 204.86  3.70 -0.44  113.7400  2.3150 -0.06  15814  15814  15814
 19.500   61.5250  1.2260  0.03 206.41  3.63 -0.47  103.8540  2.0220 -0.12  15640  15640  15640
 20.000   56.7100  1.1680  0.04 207.96  3.40 -0.52   95.0070  1.7480 -0.15  15194  15194  15194
 20.500   52.3190  1.1160  0.04 209.43  3.25 -0.51   87.0310  1.5510 -0.18  14718  14718  14718
 21.000   48.1910  1.0640  0.05 210.84  3.14 -0.50   79.6280  1.4250 -0.16  14541  14541  14541
 21.500   44.5080  1.0140  0.05 212.10  3.02 -0.50   73.1010  1.3090 -0.11  14124  14124  14124
 22.000   41.1340  0.9620  0.04 213.29  2.97 -0.46   67.1830  1.2190 -0.05  13819  13819  13819
 22.500   37.9200  0.9160  0.05 214.47  2.95 -0.44   61.5930  1.1520 -0.01  13688  13688  13688
 23.000   35.0830  0.8710  0.03 215.50  2.96 -0.44   56.7120  1.0720  0.01  13471  13471  13471
 23.500   32.4790  0.8280  0.01 216.50  3.01 -0.43   52.2610  1.0110  0.04  13285  13285  13285
 24.000   29.9650  0.7870  0.01 217.52  3.06 -0.43   47.9880  0.9550  0.07  13203  13203  13203
 24.500   27.7670  0.7480 -0.02 218.49  3.10 -0.45   44.2690  0.9000  0.07  12907  12907  12907
 25.000   25.7440  0.7100 -0.05 219.46  3.17 -0.45   40.8640  0.8550  0.08  12616  12616  12616
 25.500   23.7700  0.6750 -0.05 220.46  3.20 -0.47   37.5580  0.8180  0.07  12471  12471  12471
 26.000   22.0530  0.6400 -0.08 221.37  3.25 -0.46   34.7030  0.7750  0.06  12183  12183  12183
 26.500   20.3730  0.6070 -0.09 222.34  3.35 -0.45   31.9190  0.7490  0.03  12018  12018  12018
 27.000   18.9170  0.5760 -0.12 223.27  3.38 -0.47   29.5140  0.7080  0.02  11586  11586  11586
 27.500   17.5770  0.5470 -0.17 224.17  3.44 -0.47   27.3130  0.6730  0.00  11004  11004  11004
 28.000   16.2480  0.5180 -0.18 225.13  3.52 -0.45   25.1410  0.6480 -0.01  10666  10666  10666
 28.500   15.1070  0.4910 -0.22 226.02  3.56 -0.48   23.2830  0.6110 -0.07   9945   9945   9945
 29.000   14.0490  0.4680 -0.24 226.88  3.65 -0.49   21.5710  0.5820 -0.09   9216   9216   9216
 29.500   12.9930  0.4430 -0.25 227.79  3.71 -0.45   19.8700  0.5630 -0.12   8883   8883   8883
 30.000   12.0920  0.4200 -0.28 228.62  3.74 -0.45   18.4250  0.5370 -0.14   8274   8274   8274
