 0 1XMR 747940   28.47N   80.55W   3 1571279   1 880   0  30                                        
1    T A B L E  II - 13.  T H E R M O D Y N A M I C  S T A T I S T I C A L  P A R A M E T E R S     
                                              ANNUAL                                                
 STATION =   747940     CAPE CANAVERAL, FLORIDA                                                     
    Z      MEAN P   SD P  SKEWP MEAN T  SD T SKEWT    MEAN D    SD D SKEWD  NOBSP  NOBST  NOBSD     
    KM       MB        MB       DEG K  DEG K            G/M3    G/M3                                
  0.000 1017.3999  4.1772 -0.13 293.96  6.18 -0.80 1197.0000 30.0600  0.97  9023.  9023.  9023.     
  0.003 1017.2000  4.2322 -0.11 293.60  6.27 -0.75 1198.0000 30.5300  0.90  9863.  9863.  9863.     
  1.000  906.1499  3.7052 -0.64 289.03  4.70 -1.03 1086.0000 19.4800  1.00  9863.  9863.  9863.     
  2.000  804.9700  3.8368 -0.89 284.32  3.73 -0.99  982.7000 12.4400  0.92  9865.  9865.  9865.     
  3.000  713.5901  4.0818 -0.96 279.56  3.26 -0.97  886.8000  8.4750  0.64  9851.  9851.  9851.     
  4.000  631.0300  4.3248 -0.98 274.02  3.19 -0.90  800.6001  6.7110  0.37  9813.  9813.  9813.     
  5.000  556.6299  4.4575 -0.99 268.09  3.33 -0.77  722.1001  5.8600  0.26  9790.  9790.  9790.     
  6.000  489.6001  4.6486 -0.96 261.80  3.53 -0.63  650.6001  5.1790  0.14  9780.  9780.  9780.     
  7.000  429.1799  4.7600 -0.88 255.25  3.69 -0.63  585.1001  4.5990  0.08  9759.  9759.  9759.     
  8.000  374.9199  4.8071 -0.84 248.36  3.96 -0.54  525.3999  4.3750 -0.09  9729.  9729.  9729.     
  9.000  326.2100  4.8365 -0.75 241.01  4.08 -0.36  471.1001  4.1120 -0.62  9693.  9693.  9693.     
 10.000  282.6299  4.7997 -0.65 233.46  3.92 -0.27  421.5000  4.0380 -1.33  9675.  9675.  9675.     
 11.000  243.8100  4.6650 -0.55 226.09  3.53 -0.18  375.7000  4.5360 -1.87  9632.  9632.  9632.     
 12.000  209.2200  4.2195 -0.47 219.31  3.08 -0.18  332.3999  5.6160 -1.58  9620.  9620.  9620.     
 13.000  178.9000  3.7845 -0.36 213.70  2.82  0.09  291.7000  6.9400 -0.93  9569.  9569.  9569.     
 14.000  152.3700  3.1786 -0.31 209.33  2.94  0.30  253.6000  7.2350 -0.44  9534.  9534.  9534.     
 15.000  129.3400  2.5779 -0.29 205.94  2.95  0.28  218.9000  6.3260 -0.26  9473.  9473.  9473.     
 16.000  109.5800  2.0984 -0.28 203.87  2.78  0.20  187.3000  4.8870 -0.32  9425.  9425.  9425.     
 17.000   92.7730  1.7510 -0.22 203.34  2.95 -0.01  159.0000  3.7350 -0.44  9264.  9264.  9264.     
 18.000   78.5320  1.5188 -0.09 204.49  3.49 -0.23  133.8000  2.9360 -0.41  9218.  9218.  9218.     
 19.000   66.6110  1.3551  0.04 207.36  3.49 -0.47  111.9000  2.2530 -0.38  9129.  9129.  9129.     
 20.000   56.6360  1.2211  0.10 210.54  3.24 -0.53   93.7200  1.7540 -0.34  9027.  9027.  9027.     
 21.000   48.2750  1.1045  0.11 213.44  2.99 -0.52   78.7900  1.4610 -0.19  8651.  8651.  8651.     
 22.000   41.2270  0.9984  0.11 215.92  2.84 -0.59   66.5200  1.3020 -0.09  8551.  8551.  8551.     
 23.000   35.2760  0.8945  0.09 217.99  2.79 -0.59   56.3700  1.1260  0.02  8422.  8422.  8422.     
 24.000   30.2110  0.8050  0.07 219.97  2.93 -0.52   47.8400  1.0190  0.06  8419.  8419.  8419.     
 25.000   25.9250  0.7202  0.02 221.81  3.05 -0.49   40.7200  0.9011  0.02  8333.  8333.  8333.     
 26.000   22.2660  0.6469 -0.02 223.58  3.12 -0.45   34.6900  0.8029  0.04  8106.  8106.  8106.     
 27.000   19.1560  0.5817 -0.07 225.36  3.24 -0.32   29.6100  0.7294  0.05  7399.  7399.  7399.     
 28.000   16.4950  0.5227 -0.12 227.07  3.27 -0.42   25.3100  0.6572  0.01  7152.  7152.  7152.     
 29.000   14.2190  0.4642 -0.15 228.74  3.29 -0.34   21.6500  0.5916  0.03  5934.  5934.  5934.     
 30.000   12.2740  0.4153 -0.19 230.48  3.29 -0.47   18.5500  0.5323 -0.04  5818.  5818.  5818.     
 32.000    9.1380  0.3384 -0.16 235.14  5.04  0.09   13.5700  0.4659 -0.15  1077.  1193.  1072.     
 34.000    6.8710  0.2678 -0.20 239.35  5.38 -0.10   10.0300  0.3811 -0.16  1080.  1197.  1074.     
 36.000    5.1960  0.2126 -0.20 244.21  5.77  0.02    7.4290  0.3071 -0.28  1077.  1199.  1077.     
 38.000    3.9530  0.1676 -0.23 249.44  5.89 -0.08    5.5340  0.2378 -0.23  1081.  1204.  1081.     
 40.000    3.0230  0.1322 -0.20 255.08  5.93 -0.27    4.1360  0.1895 -0.28  1092.  1214.  1092.     
 42.000    2.3280  0.1039 -0.18 260.47  6.08 -0.40    3.1180  0.1490 -0.25  1097.  1214.  1097.     
 44.000    1.8020  0.0810 -0.16 265.16  5.81 -0.03    2.3690  0.1144 -0.23  1098.  1197.  1098.     
 46.000    1.4000  0.0642 -0.16 267.53  5.67 -0.07    1.8230  0.0853 -0.26  1094.  1154.  1094.     
 48.000    1.0900  0.0512 -0.13 268.34  5.79 -0.31    1.4150  0.0645 -0.27  1087.  1151.  1087.     
 50.000    0.8480  0.0414 -0.11 267.44  5.85 -0.40    1.1060  0.0504 -0.20  1076.  1150.  1076.     
 52.000    0.6600  0.0337 -0.09 265.68  6.31 -0.26    0.8660  0.0407 -0.25  1064.  1147.  1064.     
 54.000    0.5120  0.0276 -0.06 263.25  6.80 -0.39    0.6780  0.0330 -0.19  1043.  1137.  1043.     
 56.000    0.3960  0.0224 -0.02 260.90  7.02 -0.31    0.5300  0.0275 -0.17  1022.  1120.  1022.     
 58.000    0.3060  0.0182  0.06 257.89  7.79 -0.25    0.4140  0.0227 -0.17   950.  1049.   950.     
 60.000    0.2350  0.0151  0.07 254.20  8.47 -0.10    0.3230  0.0183 -0.17   840.   926.   840.     
 62.000    0.1790  0.0122  0.08 249.74  9.85  0.02    0.2500  0.0148 -0.17   633.   697.   632.     
 64.000    0.1340  0.0100  0.39 242.74 10.90  0.26    0.1930  0.0126 -0.06   428.   468.   427.     
 66.000    0.1000  0.0075  0.35 235.53 11.16  0.48    0.1480  0.0104  0.24   343.   363.   342.     
 68.000    0.0740  0.0061  0.39 225.84 14.31  0.57    0.1150  0.0078  0.00   282.   294.   281.     
 70.000    0.0550  0.0058  2.07 219.33 14.23  0.90    0.0870  0.0086  2.74   234.   242.   235.     
1    T A B L E  II -  1.  T H E R M O D Y N A M I C  S T A T I S T I C A L  P A R A M E T E R S     
                                              JANUARY                                               
 STATION =   747940     CAPE CANAVERAL, FLORIDA                                                     
    Z      MEAN P   SD P  SKEWP MEAN T  SD T SKEWT    MEAN D    SD D SKEWD  NOBSP  NOBST  NOBSD     
    KM       MB        MB       DEG K  DEG K            G/M3    G/M3                                
  0.000 1019.7000  4.9269 -0.56 287.90  5.80 -0.69 1228.0000 28.9800  0.83   779.   779.   779.     
  0.003 1019.3999  4.9596 -0.52 287.66  5.80 -0.61 1229.0000 28.8900  0.75   896.   896.   896.     
  1.000  906.1101  4.5302 -0.60 284.60  4.48 -0.90 1105.0000 18.7700  0.75   896.   896.   896.     
  2.000  803.5100  4.4675 -0.75 280.93  3.55 -0.85  993.7000 12.1800  0.63   896.   896.   896.     
  3.000  711.3000  4.5342 -0.81 276.85  3.25 -0.75  893.2000  8.6410  0.25   895.   895.   895.     
  4.000  628.2200  4.6662 -0.90 271.56  3.24 -0.84  804.5000  7.0440  0.20   893.   893.   893.     
  5.000  553.4900  4.7125 -0.93 265.54  3.18 -0.73  725.1001  5.9920 -0.11   893.   893.   893.     
  6.000  486.1799  4.7629 -0.94 259.10  3.11 -0.78  652.8999  5.3060 -0.22   892.   892.   892.     
  7.000  425.5901  4.6987 -0.95 252.47  3.19 -0.95  586.6001  5.1200 -0.31   889.   889.   889.     
  8.000  371.2400  4.5583 -0.94 245.39  3.19 -0.71  526.5000  5.0570 -0.54   886.   886.   886.     
  9.000  322.4199  4.3842 -0.89 237.88  3.08 -0.58  471.8000  5.0070 -1.12   883.   883.   883.     
 10.000  278.8000  4.1672 -0.82 230.41  2.96 -0.51  421.3999  5.1760 -1.33   881.   881.   881.     
 11.000  240.0400  3.8582 -0.73 223.46  2.95  0.13  374.2000  5.9840 -1.46   878.   878.   878.     
 12.000  205.7500  3.3957 -0.69 217.52  3.35  0.39  329.6001  6.8400 -1.14   877.   877.   877.     
 13.000  175.7800  2.9419 -0.62 213.64  3.56 -0.01  286.7000  6.8820 -0.50   872.   872.   872.     
 14.000  149.7900  2.4915 -0.58 210.82  2.89 -0.22  247.6000  5.5440 -0.40   869.   869.   869.     
 15.000  127.3200  2.0450 -0.53 207.31  2.56  0.39  214.0000  4.8290 -0.71   865.   865.   865.     
 16.000  107.9400  1.6593 -0.44 204.15  2.69  0.74  184.2000  4.3430 -0.72   857.   857.   857.     
 17.000   91.3580  1.3154 -0.32 202.34  3.11  0.73  157.3000  3.9790 -0.60   836.   836.   836.     
 18.000   77.2280  1.0274 -0.25 202.24  3.55  0.57  133.1000  3.4440 -0.44   827.   827.   827.     
 19.000   65.3540  0.8025 -0.23 204.46  3.52  0.38  111.4000  2.6250 -0.21   810.   810.   810.     
 20.000   55.4330  0.6547 -0.23 207.54  3.30  0.29   93.0700  1.8870 -0.08   797.   797.   797.     
 21.000   47.1370  0.5627 -0.27 210.60  3.14  0.17   77.9900  1.3780  0.08   747.   747.   747.     
 22.000   40.1690  0.5006 -0.21 213.36  3.09  0.09   65.6000  1.0430  0.10   736.   736.   736.     
 23.000   34.3120  0.4578 -0.14 215.45  2.94  0.20   55.4900  0.8002 -0.03   724.   724.   724.     
 24.000   29.3290  0.4179 -0.09 217.49  3.11  0.10   46.9800  0.6683  0.10   718.   718.   718.     
 25.000   25.1230  0.3917  0.00 219.27  3.19  0.17   39.9200  0.5550 -0.09   703.   703.   703.     
 26.000   21.5400  0.3645  0.07 220.91  3.14  0.14   33.9700  0.4701 -0.19   687.   687.   687.     
 27.000   18.4970  0.3371  0.09 222.71  3.25  0.11   28.9300  0.4311 -0.14   623.   623.   623.     
 28.000   15.9010  0.3158  0.10 224.57  3.55  0.01   24.6700  0.4141 -0.13   602.   602.   602.     
 29.000   13.6810  0.2832  0.19 226.25  3.57 -0.03   21.0700  0.3687 -0.07   480.   480.   480.     
 30.000   11.7890  0.2595  0.15 228.00  3.76 -0.10   18.0100  0.3376 -0.10   474.   474.   474.     
 32.000    8.6980  0.1924  0.47 231.88  5.64  0.06   13.1100  0.2943  0.43   107.   117.   105.     
 34.000    6.5250  0.1636  0.67 236.55  5.31 -0.13    9.6270  0.2549  0.24   107.   117.   107.     
 36.000    4.9210  0.1374  0.58 242.31  7.10  0.49    7.0820  0.2310 -0.26   106.   116.   106.     
 38.000    3.7390  0.1129  0.46 248.72  6.88 -0.11    5.2420  0.1780  0.59   107.   117.   107.     
 40.000    2.8600  0.0917  0.43 256.21  6.41 -0.13    3.8920  0.1369  0.67   109.   119.   109.     
 42.000    2.2070  0.0744  0.34 263.49  6.47 -0.35    2.9190  0.1044  0.32   109.   117.   109.     
 44.000    1.7140  0.0591  0.18 268.84  6.67 -0.40    2.2190  0.0798  0.30   107.   114.   107.     
 46.000    1.3360  0.0476  0.07 270.71  6.22 -0.53    1.7180  0.0666  0.22   107.   110.   107.     
 48.000    1.0430  0.0384  0.03 269.95  5.90 -0.55    1.3450  0.0506 -0.25   106.   109.   106.     
 50.000    0.8110  0.0312  0.08 265.96  5.89 -1.41    1.0620  0.0411  0.45   101.   107.   101.     
 52.000    0.6290  0.0258  0.15 263.12  6.64 -0.47    0.8330  0.0330 -0.06   102.   110.   102.     
 54.000    0.4870  0.0216  0.22 261.01  7.98 -0.12    0.6490  0.0262  0.14    99.   110.    99.     
 56.000    0.3760  0.0181  0.20 259.54  7.57 -0.45    0.5050  0.0211 -0.10    95.   105.    95.     
 58.000    0.2910  0.0152  0.30 258.23  8.75 -0.43    0.3930  0.0170  0.04    86.    98.    86.     
 60.000    0.2230  0.0129  0.28 254.40  9.64 -0.35    0.3050  0.0135  0.22    72.    78.    72.     
 62.000    0.1710  0.0122  0.17 251.62 12.00 -0.18    0.2370  0.0117  0.32    52.    56.    52.     
 64.000    0.1280  0.0110  0.42 243.06 13.83  0.36    0.1850  0.0103 -0.08    36.    40.    36.     
 66.000    0.0950  0.0073  0.03 237.22 12.35  0.62    0.1400  0.0074 -0.33    30.    33.    30.     
 68.000    0.0710  0.0060  0.05 226.90 14.98  0.58    0.1090  0.0064 -0.46    29.    31.    29.     
 70.000    0.0520  0.0047  0.24 220.60 12.44  0.92    0.0820  0.0052 -0.87    26.    27.    26.     
1    T A B L E  II -  2.  T H E R M O D Y N A M I C  S T A T I S T I C A L  P A R A M E T E R S     
                                              FEBRUARY                                              
 STATION =   747940     CAPE CANAVERAL, FLORIDA                                                     
    Z      MEAN P   SD P  SKEWP MEAN T  SD T SKEWT    MEAN D    SD D SKEWD  NOBSP  NOBST  NOBSD     
    KM       MB        MB       DEG K  DEG K            G/M3    G/M3                                
  0.000 1018.0000  4.9551 -0.37 287.68  5.97 -0.36 1227.0000 29.8700  0.47   717.   717.   717.     
  0.003 1017.8999  5.0048 -0.37 287.47  6.01 -0.29 1228.0000 30.0900  0.41   799.   799.   799.     
  1.000  904.6001  4.4123 -0.34 284.21  4.66 -0.62 1105.0000 19.7900  0.53   800.   800.   800.     
  2.000  802.0000  4.3102 -0.35 280.47  3.73 -0.85  993.7000 12.8400  0.63   800.   800.   800.     
  3.000  709.7400  4.4043 -0.44 276.06  3.44 -0.53  894.0000  9.3580  0.21   800.   800.   800.     
  4.000  626.5901  4.5634 -0.44 270.66  3.36 -0.14  805.3000  7.4880 -0.03   799.   799.   799.     
  5.000  551.9199  4.6330 -0.41 264.75  3.36 -0.12  725.3000  6.4930  0.08   792.   792.   792.     
  6.000  484.6101  4.7325 -0.37 258.38  3.37 -0.28  652.6001  5.7210 -0.09   792.   792.   792.     
  7.000  424.0400  4.6683 -0.38 251.78  3.43 -0.58  586.1001  5.3330 -0.07   792.   792.   792.     
  8.000  369.7400  4.6460 -0.42 244.77  3.53 -0.61  525.8000  5.2830 -0.38   786.   786.   786.     
  9.000  321.0500  4.4921 -0.45 237.58  3.45 -0.51  470.5000  5.3560 -0.85   786.   786.   786.     
 10.000  277.6201  4.2441 -0.44 230.57  3.30 -0.23  419.3999  5.8830 -0.96   785.   785.   785.     
 11.000  239.0600  3.9407 -0.41 224.17  3.39  0.16  371.6001  6.7090 -0.89   782.   782.   782.     
 12.000  205.0900  3.4497 -0.39 218.98  3.77  0.11  326.3999  7.1820 -0.53   780.   780.   780.     
 13.000  175.3900  3.0192 -0.28 215.07  3.59 -0.14  284.2000  6.5970 -0.31   776.   776.   776.     
 14.000  149.5900  2.5958 -0.20 211.28  2.79  0.19  246.7000  5.4770 -0.51   770.   770.   770.     
 15.000  127.1600  2.1578 -0.10 207.22  2.61  0.36  213.8000  4.9530 -0.42   766.   766.   766.     
 16.000  107.7600  1.7635 -0.01 203.97  2.72  0.38  184.1000  4.4880 -0.24   759.   759.   759.     
 17.000   91.2140  1.4172  0.03 202.31  2.91  0.33  157.1000  3.9930 -0.12   751.   751.   751.     
 18.000   77.1210  1.1090  0.04 202.45  3.25  0.23  132.8000  3.4690  0.00   746.   746.   746.     
 19.000   65.2820  0.8546  0.04 204.94  3.13  0.10  111.0000  2.6690  0.10   739.   739.   739.     
 20.000   55.4030  0.6808 -0.01 208.08  2.91  0.19   92.7800  1.9220  0.05   727.   727.   727.     
 21.000   47.1270  0.5658 -0.02 211.11  2.68  0.16   77.7800  1.3770 -0.02   692.   692.   692.     
 22.000   40.1760  0.4873 -0.01 213.72  2.64 -0.07   65.5000  1.0900  0.17   678.   678.   678.     
 23.000   34.3260  0.4261  0.02 215.56  2.51 -0.11   55.4800  0.8399  0.15   670.   670.   670.     
 24.000   29.3460  0.3742  0.06 217.38  2.66 -0.17   47.0300  0.7076  0.18   679.   679.   679.     
 25.000   25.1360  0.3366  0.06 218.97  2.66  0.06   39.9900  0.5893 -0.07   667.   667.   667.     
 26.000   21.5460  0.3040  0.10 220.67  2.58  0.12   34.0200  0.4988 -0.22   651.   651.   651.     
 27.000   18.4960  0.2713  0.18 222.47  2.62  0.24   28.9700  0.4369 -0.17   585.   585.   585.     
 28.000   15.8980  0.2445  0.16 224.27  2.82  0.20   24.7000  0.3887 -0.03   567.   567.   567.     
 29.000   13.6780  0.2093  0.00 226.25  2.93 -0.02   21.0600  0.3241 -0.14   447.   447.   447.     
 30.000   11.7920  0.1903 -0.01 228.20  3.09 -0.12   18.0000  0.2883 -0.17   444.   444.   444.     
 32.000    8.8190  0.1722  0.01 235.36  5.89  0.09   13.0800  0.3235 -0.48    92.   102.    92.     
 34.000    6.6370  0.1486  0.07 240.28  7.07 -0.50    9.6450  0.2621 -0.02    92.   102.    91.     
 36.000    5.0250  0.1298  0.01 245.67  7.16 -0.60    7.1460  0.1868 -0.15    96.   106.    96.     
 38.000    3.8290  0.1155 -0.17 251.93  6.56 -0.46    5.3010  0.1430 -0.19    95.   105.    95.     
 40.000    2.9370  0.0960 -0.44 257.78  6.13 -0.63    3.9720  0.1175 -0.26    96.   106.    96.     
 42.000    2.2670  0.0793 -0.53 263.51  6.03 -0.58    2.9980  0.0984 -0.49    97.   107.    97.     
 44.000    1.7600  0.0649 -0.54 267.75  5.65 -0.38    2.2880  0.0842 -0.75    98.   102.    98.     
 46.000    1.3700  0.0534 -0.55 267.75  6.70 -0.62    1.7800  0.0658 -0.55    98.    97.    98.     
 48.000    1.0670  0.0439 -0.57 266.78  6.38  0.07    1.3920  0.0528 -0.37    98.    99.    98.     
 50.000    0.8290  0.0355 -0.50 265.70  6.20  0.21    1.0860  0.0446 -0.75    95.   103.    95.     
 52.000    0.6430  0.0286 -0.41 263.87  6.77  1.02    0.8490  0.0379 -0.68    92.    99.    92.     
 54.000    0.4990  0.0236 -0.33 262.49  7.59  0.44    0.6610  0.0291 -0.66    89.    98.    89.     
 56.000    0.3860  0.0195 -0.17 260.78  7.74  0.13    0.5150  0.0224 -0.51    86.    96.    86.     
 58.000    0.2980  0.0168 -0.03 258.67  9.30 -0.33    0.4000  0.0184 -0.38    79.    87.    79.     
 60.000    0.2290  0.0150  0.06 256.04  9.15  0.01    0.3110  0.0158 -0.36    71.    77.    71.     
 62.000    0.1750  0.0130  0.25 252.37  9.78 -0.13    0.2420  0.0133 -0.27    58.    63.    58.     
 64.000    0.1300  0.0096  0.21 244.18 10.07  0.55    0.1860  0.0105 -0.07    40.    43.    40.     
 66.000    0.0970  0.0076  0.61 237.36 10.16  1.58    0.1430  0.0090  0.31    33.    35.    33.     
 68.000    0.0720  0.0061  0.80 225.24 10.05  0.52    0.1110  0.0073  0.44    25.    26.    25.     
 70.000    0.0530  0.0052  0.93 221.57  9.04  1.06    0.0840  0.0072  0.69    21.    22.    21.     
1    T A B L E  II -  3.  T H E R M O D Y N A M I C  S T A T I S T I C A L  P A R A M E T E R S     
                                              MARCH                                                 
 STATION =   747940     CAPE CANAVERAL, FLORIDA                                                     
    Z      MEAN P   SD P  SKEWP MEAN T  SD T SKEWT    MEAN D    SD D SKEWD  NOBSP  NOBST  NOBSD     
    KM       MB        MB       DEG K  DEG K            G/M3    G/M3                                
  0.000 1017.7000  4.8125 -0.27 290.26  5.13 -0.40 1215.0000 25.2600  0.51   725.   725.   725.     
  0.003 1017.5000  4.7899 -0.23 290.05  5.24 -0.38 1215.0000 25.7300  0.47   872.   872.   872.     
  1.000  905.1101  4.3300 -0.48 285.93  4.42 -0.95 1098.0000 18.5500  0.70   872.   872.   872.     
  2.000  803.0500  4.2811 -0.83 281.96  3.62 -0.85  989.3000 12.4000  0.59   874.   874.   874.     
  3.000  711.1599  4.3502 -1.05 277.50  3.40 -0.48  890.8000  9.3120  0.14   874.   874.   874.     
  4.000  628.2000  4.4984 -1.02 271.76  3.38 -0.43  803.8000  7.6090  0.09   873.   873.   873.     
  5.000  553.4900  4.5786 -1.04 265.48  3.38 -0.28  725.2000  6.5990 -0.08   873.   873.   873.     
  6.000  486.1599  4.7040 -0.91 258.92  3.33 -0.27  653.3000  5.5440 -0.02   872.   872.   872.     
  7.000  425.4800  4.6674 -0.81 252.25  3.35 -0.45  587.0000  5.1720 -0.22   871.   871.   871.     
  8.000  371.1101  4.6394 -0.72 245.24  3.55 -0.52  526.7000  5.0210 -0.50   869.   869.   869.     
  9.000  322.3101  4.5350 -0.62 237.81  3.51 -0.36  471.8000  4.9140 -0.94   861.   861.   861.     
 10.000  278.6899  4.3751 -0.51 230.48  3.36 -0.22  421.2000  5.1120 -1.59   857.   857.   857.     
 11.000  239.9800  4.1172 -0.40 223.80  3.10  0.08  373.6001  5.7380 -1.54   855.   855.   855.     
 12.000  205.7900  3.6369 -0.33 218.37  3.26  0.22  328.3000  6.7000 -1.00   854.   854.   854.     
 13.000  175.9100  3.1688 -0.24 214.55  3.20  0.04  285.7000  6.9770 -0.43   852.   852.   852.     
 14.000  149.9800  2.6692 -0.17 211.27  2.90 -0.07  247.4000  6.0410 -0.28   848.   848.   848.     
 15.000  127.5100  2.1913 -0.11 207.75  2.75  0.29  213.9000  5.1980 -0.30   846.   846.   846.     
 16.000  108.1400  1.7849 -0.07 204.84  2.79  0.22  184.0000  4.5700 -0.23   841.   841.   841.     
 17.000   91.5750  1.4249 -0.02 203.18  3.03  0.15  157.1000  4.1260 -0.14   824.   824.   824.     
 18.000   77.4710  1.1037  0.01 203.09  3.52  0.08  132.9000  3.7290  0.02   814.   814.   814.     
 19.000   65.6170  0.8372  0.02 205.49  3.45  0.02  111.3000  2.8680  0.11   805.   805.   805.     
 20.000   55.7020  0.6411 -0.03 208.68  3.11  0.01   93.0100  2.0460  0.16   795.   795.   795.     
 21.000   47.4110  0.5083 -0.05 211.86  2.94 -0.03   77.9800  1.4930  0.12   759.   759.   759.     
 22.000   40.4420  0.4287  0.02 214.75  2.89 -0.06   65.6200  1.1280  0.09   755.   755.   755.     
 23.000   34.5780  0.3742  0.02 216.81  2.74 -0.15   55.5700  0.8333  0.05   741.   741.   741.     
 24.000   29.5820  0.3342  0.02 218.75  2.86 -0.06   47.1200  0.6667  0.01   736.   736.   736.     
 25.000   25.3620  0.3088  0.02 220.54  3.02 -0.09   40.0700  0.5587 -0.18   733.   733.   733.     
 26.000   21.7680  0.2843  0.04 222.41  3.10 -0.08   34.1000  0.4590 -0.21   718.   718.   718.     
 27.000   18.7030  0.2609 -0.06 224.34  3.19 -0.03   29.0500  0.3989 -0.48   649.   649.   649.     
 28.000   16.0990  0.2448 -0.10 226.41  3.32 -0.06   24.7700  0.3400 -0.14   630.   630.   630.     
 29.000   13.8700  0.2347 -0.03 228.34  3.32 -0.13   21.1600  0.2972 -0.12   510.   510.   510.     
 30.000   11.9760  0.2221 -0.05 230.77  3.32 -0.40   18.0800  0.2666 -0.26   500.   500.   500.     
 32.000    8.9190  0.1876 -0.17 235.67  5.00 -0.27   13.2000  0.2946 -0.11   108.   124.   107.     
 34.000    6.7120  0.1600 -0.20 241.19  6.29 -0.20    9.7230  0.2641 -0.60   109.   126.   108.     
 36.000    5.0920  0.1257  0.31 246.98  6.48  0.09    7.1980  0.1962 -0.26   108.   125.   108.     
 38.000    3.8840  0.1084  0.25 251.69  6.08 -0.17    5.3880  0.1378 -0.05   106.   123.   106.     
 40.000    2.9790  0.0911  0.16 256.78  5.59 -0.21    4.0470  0.1187 -0.08   106.   122.   106.     
 42.000    2.2970  0.0751  0.08 261.23  5.11 -0.32    3.0630  0.0991  0.24   106.   120.   106.     
 44.000    1.7800  0.0608 -0.03 264.46  4.71  0.00    2.3430  0.0746  0.03   107.   120.   107.     
 46.000    1.3810  0.0498 -0.04 266.29  4.74 -0.63    1.8080  0.0604 -0.06   105.   120.   105.     
 48.000    1.0730  0.0400 -0.05 266.96  5.09 -1.11    1.3990  0.0525 -0.17   104.   113.   104.     
 50.000    0.8330  0.0334 -0.15 266.58  5.28 -0.60    1.0900  0.0429 -0.01   106.   120.   106.     
 52.000    0.6480  0.0268 -0.14 265.60  5.34 -0.85    0.8510  0.0343 -0.52   103.   117.   103.     
 54.000    0.5030  0.0221 -0.02 263.63  6.10 -0.93    0.6650  0.0262 -0.44    98.   107.    98.     
 56.000    0.3900  0.0180  0.03 262.46  7.23 -0.83    0.5190  0.0240  0.14    98.   110.    98.     
 58.000    0.3010  0.0148  0.13 259.88  6.92 -0.14    0.4050  0.0175 -0.21    92.   103.    92.     
 60.000    0.2320  0.0123  0.25 256.22  8.04  0.31    0.3160  0.0145 -0.12    79.    90.    79.     
 62.000    0.1780  0.0107  0.49 251.99  9.38  0.52    0.2470  0.0105 -0.22    66.    75.    66.     
 64.000    0.1350  0.0092  0.52 245.93 12.12  0.42    0.1920  0.0097  0.58    50.    56.    50.     
 66.000    0.1010  0.0074  0.75 237.31 11.59  1.03    0.1480  0.0080  1.02    37.    40.    37.     
 68.000    0.0750  0.0057  0.86 227.19 15.18  1.33    0.1150  0.0063  0.64    32.    35.    32.     
 70.000    0.0550  0.0048  1.00 221.93 16.19  1.91    0.0870  0.0048  1.47    28.    31.    28.     
1    T A B L E  II -  4.  T H E R M O D Y N A M I C  S T A T I S T I C A L  P A R A M E T E R S     
                                              APRIL                                                 
 STATION =   747940     CAPE CANAVERAL, FLORIDA                                                     
    Z      MEAN P   SD P  SKEWP MEAN T  SD T SKEWT    MEAN D    SD D SKEWD  NOBSP  NOBST  NOBSD     
    KM       MB        MB       DEG K  DEG K            G/M3    G/M3                                
  0.000 1018.0000  4.4184 -0.34 293.22  4.62 -0.61 1201.0000 21.8700  0.77   736.   736.   736.     
  0.003 1017.8000  4.4471 -0.36 293.13  4.56 -0.61 1202.0000 21.4800  0.77   871.   871.   871.     
  1.000  906.3999  3.8471 -0.49 288.25  3.00 -0.47 1090.0000 13.8300  0.38   871.   871.   871.     
  2.000  804.8601  3.3794 -0.72 283.76  2.95 -0.46  985.1001 11.0200  0.35   871.   871.   871.     
  3.000  713.2700  3.2798 -0.79 279.04  2.72 -0.29  888.5000  8.2050  0.11   869.   869.   869.     
  4.000  630.5500  3.2792 -0.68 273.28  2.56 -0.13  802.3000  6.4920 -0.11   868.   868.   868.     
  5.000  555.9199  3.2764 -0.61 266.85  2.54 -0.24  724.6001  5.4430 -0.03   867.   867.   867.     
  6.000  488.6101  3.3414 -0.56 260.19  2.56 -0.30  653.3000  4.7700 -0.11   867.   867.   867.     
  7.000  427.9399  3.3651 -0.47 253.48  2.68 -0.56  587.3999  4.3740 -0.08   866.   866.   866.     
  8.000  373.4500  3.3519 -0.49 246.38  2.94 -0.63  527.5000  4.2470 -0.12   864.   864.   864.     
  9.000  324.5701  3.3469 -0.49 238.89  2.97 -0.51  472.8999  3.9380 -0.69   861.   861.   861.     
 10.000  280.8201  3.3004 -0.44 231.27  2.86 -0.20  422.8999  3.6740 -1.07   858.   858.   858.     
 11.000  241.8800  3.1819 -0.36 223.98  2.67  0.01  376.2000  3.8020 -1.14   853.   853.   853.     
 12.000  207.3600  2.8692 -0.26 217.73  2.62  0.22  331.8000  4.8130 -1.05   853.   853.   853.     
 13.000  177.1500  2.5340 -0.13 213.55  3.02  0.09  289.0000  6.0780 -0.47   847.   847.   847.     
 14.000  150.9400  2.0962 -0.02 210.63  3.03 -0.31  249.7000  5.5750  0.01   844.   844.   844.     
 15.000  128.3000  1.7012  0.05 207.67  2.68  0.03  215.3000  4.5280 -0.08   841.   841.   841.     
 16.000  108.8200  1.3701  0.13 205.05  2.54  0.29  184.9000  3.7890 -0.17   838.   838.   838.     
 17.000   92.1890  1.0873  0.21 203.49  2.70  0.22  157.9000  3.3390 -0.04   823.   823.   823.     
 18.000   78.0110  0.8484  0.28 203.52  3.04  0.29  133.6000  2.9070  0.03   817.   817.   817.     
 19.000   66.1140  0.6593  0.32 206.23  2.93  0.34  111.7000  2.1990  0.04   814.   814.   814.     
 20.000   56.1680  0.5351  0.24 209.82  2.67  0.21   93.2700  1.6000  0.23   805.   805.   805.     
 21.000   47.8570  0.4426  0.18 213.18  2.48  0.12   78.2100  1.1180  0.28   770.   770.   770.     
 22.000   40.8630  0.3964  0.14 215.92  2.42 -0.03   65.9400  0.8364  0.25   766.   766.   766.     
 23.000   34.9690  0.3641  0.12 218.20  2.38 -0.11   55.8300  0.6315  0.36   755.   755.   755.     
 24.000   29.9540  0.3313  0.15 220.44  2.40 -0.08   47.3400  0.5176  0.24   752.   752.   752.     
 25.000   25.7150  0.3071  0.06 222.55  2.43 -0.10   40.2600  0.4308  0.13   750.   750.   750.     
 26.000   22.1030  0.2878 -0.02 224.74  2.53 -0.13   34.2600  0.3873  0.11   729.   729.   729.     
 27.000   19.0220  0.2671 -0.01 226.90  2.70 -0.06   29.2100  0.3513  0.03   658.   658.   658.     
 28.000   16.3980  0.2489 -0.26 229.02  2.64 -0.04   24.9400  0.3141 -0.09   635.   635.   635.     
 29.000   14.1490  0.2268 -0.26 231.05  2.57 -0.08   21.3300  0.3003 -0.12   534.   534.   534.     
 30.000   12.2380  0.2066 -0.31 233.05  2.49 -0.18   18.2900  0.2785 -0.35   525.   525.   525.     
 32.000    9.1380  0.1942  0.01 237.49  4.80  0.48   13.4200  0.2898 -0.97   101.   110.   101.     
 34.000    6.8910  0.1649 -0.11 241.83  4.46  0.04    9.9410  0.2176 -0.27   101.   110.   101.     
 36.000    5.2190  0.1416 -0.09 246.55  4.37 -0.33    7.3850  0.2031 -0.41   100.   109.   100.     
 38.000    3.9840  0.1084 -0.02 251.32  4.50 -0.30    5.5300  0.1468 -0.42   101.   110.   101.     
 40.000    3.0560  0.0890  0.11 256.42  3.95  0.27    4.1550  0.1191 -0.04   103.   112.   103.     
 42.000    2.3560  0.0701  0.06 260.66  4.97 -0.77    3.1510  0.1059  0.37   104.   113.   104.     
 44.000    1.8240  0.0544  0.06 265.12  4.70 -0.76    2.3990  0.0777  0.30   105.   114.   105.     
 46.000    1.4180  0.0428  0.08 268.39  3.59 -0.01    1.8400  0.0570 -0.14   104.   107.   104.     
 48.000    1.1050  0.0343  0.08 269.47  4.42  0.12    1.4290  0.0430  0.19   104.   108.   104.     
 50.000    0.8610  0.0280  0.11 268.94  5.01 -1.20    1.1150  0.0337 -0.09   104.   107.   104.     
 52.000    0.6700  0.0230  0.11 267.09  5.42 -0.98    0.8740  0.0267  0.01   104.   106.   104.     
 54.000    0.5210  0.0189  0.13 265.28  5.87 -1.25    0.6850  0.0197 -0.05   103.   109.   103.     
 56.000    0.4050  0.0157  0.20 262.89  5.42  0.11    0.5360  0.0171 -0.38    98.   104.    98.     
 58.000    0.3130  0.0133  0.18 259.68  5.46 -0.23    0.4210  0.0140 -0.17    95.   102.    95.     
 60.000    0.2410  0.0116  0.21 255.33  7.19 -0.04    0.3300  0.0121  0.03    84.    92.    84.     
 62.000    0.1860  0.0102  0.26 251.36  8.98  0.01    0.2580  0.0101 -0.15    73.    79.    73.     
 64.000    0.1380  0.0077  0.83 243.05  9.18  0.02    0.1990  0.0085 -0.01    49.    53.    49.     
 66.000    0.1040  0.0063  1.09 237.06  9.43  0.88    0.1530  0.0063  0.16    39.    40.    39.     
 68.000    0.0770  0.0053  1.36 227.19 10.98  1.20    0.1190  0.0037  0.51    30.    30.    30.     
 70.000    0.0560  0.0032  2.37 218.11  8.63  1.26    0.0900  0.0038  0.50    22.    22.    22.     
1    T A B L E  II -  5.  T H E R M O D Y N A M I C  S T A T I S T I C A L  P A R A M E T E R S     
                                              MAY                                                   
 STATION =   747940     CAPE CANAVERAL, FLORIDA                                                     
    Z      MEAN P   SD P  SKEWP MEAN T  SD T SKEWT    MEAN D    SD D SKEWD  NOBSP  NOBST  NOBSD     
    KM       MB        MB       DEG K  DEG K            G/M3    G/M3                                
  0.000 1016.6001  3.5535 -0.47 296.21  3.61 -0.16 1186.0000 15.6600  0.41   767.   767.   767.     
  0.003 1016.3000  3.5805 -0.50 296.05  3.68 -0.24 1186.0000 16.0000  0.49   828.   828.   828.     
  1.000  906.0901  3.1442 -0.72 290.69  2.20 -0.24 1080.0000  9.7220  0.30   828.   828.   828.     
  2.000  805.3899  2.8936 -0.88 285.23  1.89 -0.25  979.8999  6.9520  0.11   828.   828.   828.     
  3.000  714.1201  2.7707 -0.89 279.90  1.91 -0.29  886.5000  5.5790 -0.12   826.   826.   826.     
  4.000  631.5801  2.7740 -0.82 274.12  1.95 -0.32  801.1001  4.9890 -0.12   826.   826.   826.     
  5.000  557.1299  2.7277 -0.77 268.11  2.06 -0.39  722.7000  4.5330  0.09   823.   823.   823.     
  6.000  490.0100  2.7610 -0.73 261.70  2.17 -0.40  651.3999  3.9590 -0.02   822.   822.   822.     
  7.000  429.5000  2.8054 -0.72 255.04  2.25 -0.64  586.0000  3.4350  0.00   820.   820.   820.     
  8.000  375.1599  2.8066 -0.77 248.04  2.44 -0.67  526.3000  3.2190  0.04   818.   818.   818.     
  9.000  326.3301  2.8230 -0.78 240.45  2.50 -0.49  472.3000  2.9040 -0.17   817.   817.   817.     
 10.000  282.6101  2.8131 -0.74 232.71  2.45 -0.47  422.8999  2.7400 -0.15   816.   816.   816.     
 11.000  243.6600  2.7550 -0.68 225.16  2.30 -0.08  377.0000  2.8740 -1.12   814.   814.   814.     
 12.000  208.9600  2.5003 -0.61 218.14  2.24  0.24  333.7000  3.6120 -1.29   813.   813.   813.     
 13.000  178.5100  2.2645 -0.47 212.60  2.62  0.45  292.5000  5.0160 -0.95   810.   810.   810.     
 14.000  151.9900  1.8712 -0.33 209.61  3.11  0.02  252.7000  5.4480 -0.38   808.   808.   808.     
 15.000  129.1400  1.5101 -0.28 207.67  2.83  0.02  216.7000  4.3520 -0.20   806.   806.   806.     
 16.000  109.5700  1.2262 -0.32 205.98  2.48 -0.15  185.4000  3.3550 -0.05   805.   805.   805.     
 17.000   92.9220  1.0021 -0.37 205.15  2.29  0.02  157.8000  2.7570 -0.14   792.   792.   792.     
 18.000   78.7470  0.8107 -0.37 205.69  2.50  0.11  133.4000  2.3920 -0.14   786.   786.   786.     
 19.000   66.8620  0.6684 -0.37 208.60  2.42 -0.11  111.7000  1.8150 -0.01   779.   779.   779.     
 20.000   56.9040  0.5609 -0.35 211.91  2.20 -0.29   93.5500  1.3360  0.11   776.   776.   776.     
 21.000   48.5480  0.4839 -0.28 215.02  1.95 -0.21   78.6600  0.9780 -0.03   748.   748.   748.     
 22.000   41.5130  0.4282 -0.23 217.59  1.84 -0.19   66.4700  0.8071 -0.17   746.   746.   746.     
 23.000   35.5670  0.3751 -0.20 219.81  1.72 -0.23   56.3700  0.6340 -0.19   738.   738.   738.     
 24.000   30.4960  0.3358 -0.19 221.90  1.83 -0.26   47.8800  0.5481 -0.20   738.   738.   738.     
 25.000   26.2010  0.2982 -0.21 223.88  1.81 -0.12   40.7700  0.4485 -0.23   726.   726.   726.     
 26.000   22.5430  0.2664 -0.24 225.81  1.77  0.03   34.7800  0.3772 -0.33   695.   695.   695.     
 27.000   19.4110  0.2376 -0.25 227.62  1.86  0.17   29.7100  0.3379 -0.16   617.   617.   617.     
 28.000   16.7450  0.2153 -0.26 229.49  1.80  0.08   25.4200  0.2956 -0.10   605.   605.   605.     
 29.000   14.4570  0.1982 -0.23 231.26  1.93  0.20   21.7800  0.2778 -0.03   500.   500.   500.     
 30.000   12.5060  0.1785 -0.23 233.03  1.84  0.15   18.7000  0.2415 -0.12   496.   496.   496.     
 32.000    9.3510  0.1447  0.53 238.31  4.10  1.05   13.7200  0.2098 -0.02    83.    97.    83.     
 34.000    7.0530  0.1218  0.64 241.92  4.71  0.59   10.1900  0.1674  0.21    84.    97.    83.     
 36.000    5.3460  0.1050  0.76 246.52  4.56  0.05    7.5790  0.1428  0.21    83.    97.    83.     
 38.000    4.0770  0.0867  0.85 252.27  4.38  0.54    5.6490  0.1083  0.37    83.    97.    83.     
 40.000    3.1280  0.0716  0.91 258.33  3.96 -0.13    4.2290  0.0948  0.26    82.    96.    82.     
 42.000    2.4140  0.0600  0.98 262.69  4.53  0.74    3.2080  0.0758 -0.47    82.    94.    82.     
 44.000    1.8720  0.0496  1.07 266.45  5.34 -0.54    2.4520  0.0589  0.78    82.    93.    82.     
 46.000    1.4560  0.0418  1.04 269.32  5.28  0.11    1.8850  0.0441  0.39    82.    85.    82.     
 48.000    1.1350  0.0350  1.14 271.39  5.09  0.72    1.4600  0.0407  0.19    82.    88.    82.     
 50.000    0.8860  0.0290  1.23 271.28  5.15  0.73    1.1410  0.0339  0.20    82.    91.    82.     
 52.000    0.6910  0.0241  1.34 268.97  6.33  0.22    0.8970  0.0250  0.79    81.    85.    81.     
 54.000    0.5370  0.0204  1.37 266.32  5.91  0.70    0.7050  0.0217  0.91    78.    85.    78.     
 56.000    0.4170  0.0171  1.36 263.78  6.14  0.49    0.5530  0.0197  0.46    76.    84.    76.     
 58.000    0.3230  0.0144  1.32 259.35  6.87 -0.22    0.4350  0.0160  0.82    71.    77.    71.     
 60.000    0.2490  0.0119  1.17 255.73  6.67  0.13    0.3390  0.0122  0.96    65.    69.    65.     
 62.000    0.1910  0.0092  0.90 251.51  8.00 -0.25    0.2640  0.0105  0.75    45.    48.    45.     
 64.000    0.1460  0.0088  0.90 244.46  8.57 -0.44    0.2070  0.0102  0.37    29.    30.    29.     
 66.000    0.1100  0.0067  0.21 234.20 11.89 -0.13    0.1630  0.0099  1.43    26.    26.    26.     
 68.000    0.0810  0.0056 -0.01 224.51 14.63 -0.05    0.1260  0.0055  1.60    23.    23.    23.     
 70.000    0.0590  0.0050  0.26 216.56 13.37  0.24    0.0950  0.0053 -0.16    20.    20.    20.     
1    T A B L E  II -  6.  T H E R M O D Y N A M I C  S T A T I S T I C A L  P A R A M E T E R S     
                                              JUNE                                                  
 STATION =   747940     CAPE CANAVERAL, FLORIDA                                                     
    Z      MEAN P   SD P  SKEWP MEAN T  SD T SKEWT    MEAN D    SD D SKEWD  NOBSP  NOBST  NOBSD     
    KM       MB        MB       DEG K  DEG K            G/M3    G/M3                                
  0.000 1016.0000  3.1005 -0.57 298.22  2.87  0.41 1175.0000 12.1800 -0.21   754.   754.   754.     
  0.003 1015.7000  3.0929 -0.57 298.15  2.88  0.40 1175.0000 12.3000 -0.19   771.   771.   771.     
  1.000  906.3601  2.8408 -0.59 292.69  1.49 -0.44 1071.0000  6.2730  0.51   771.   771.   771.     
  2.000  806.3501  2.6563 -0.47 286.98  1.40 -0.20  974.1001  5.2790 -0.08   771.   771.   771.     
  3.000  715.5901  2.4761 -0.35 281.43  1.40 -0.15  882.8000  4.5290 -0.44   769.   769.   769.     
  4.000  633.3999  2.3597 -0.30 275.70  1.46 -0.23  798.3000  4.3520 -0.54   761.   761.   761.     
  5.000  559.2000  2.2342 -0.27 270.11  1.50 -0.13  719.8000  4.0440 -0.63   756.   756.   756.     
  6.000  492.3999  2.1673 -0.34 264.20  1.58 -0.23  648.3000  3.6900 -0.43   755.   755.   755.     
  7.000  432.2000  2.1267 -0.32 257.89  1.71 -0.16  583.2000  3.3400 -0.62   746.   746.   746.     
  8.000  378.0901  2.0648 -0.43 251.25  1.95 -0.32  523.7000  3.1670 -0.39   742.   742.   742.     
  9.000  329.5300  2.0812 -0.48 244.04  2.18 -0.23  470.0000  2.9870 -0.38   741.   741.   741.     
 10.000  286.0100  2.0977 -0.50 236.31  2.21 -0.06  421.3000  2.7330 -0.53   739.   739.   739.     
 11.000  247.1700  2.1088 -0.48 228.42  2.19  0.10  377.0000  2.3410 -0.59   736.   736.   736.     
 12.000  212.2900  1.9704 -0.41 220.67  2.15  0.31  335.1001  2.4820 -0.70   735.   735.   735.     
 13.000  181.6400  1.8816 -0.30 213.64  2.08  0.36  296.2000  3.0210 -0.75   732.   732.   732.     
 14.000  154.6200  1.6620 -0.18 208.14  2.39  0.20  258.8000  4.0210 -0.56   732.   732.   732.     
 15.000  131.1600  1.3623 -0.07 204.96  2.60  0.22  223.0000  4.1510 -0.27   725.   725.   725.     
 16.000  111.0700  1.0770 -0.03 203.87  2.54  0.04  189.8000  3.4900  0.09   724.   724.   724.     
 17.000   94.0620  0.8374 -0.15 204.36  2.54 -0.13  160.4000  2.7400  0.33   710.   710.   710.     
 18.000   79.7120  0.6917 -0.20 206.37  2.54 -0.20  134.6000  2.1040  0.46   707.   707.   707.     
 19.000   67.7230  0.5919 -0.12 209.61  2.13 -0.17  112.6000  1.4530  0.30   704.   704.   704.     
 20.000   57.6800  0.5109 -0.06 212.79  1.82 -0.14   94.4300  1.0720  0.15   699.   699.   699.     
 21.000   49.2330  0.4493  0.00 215.69  1.67 -0.04   79.5200  0.8528  0.12   681.   681.   681.     
 22.000   42.1200  0.3957 -0.02 218.05  1.54 -0.11   67.3000  0.7203  0.03   674.   674.   674.     
 23.000   36.0950  0.3441 -0.06 220.18  1.49 -0.03   57.1100  0.5914  0.15   666.   666.   666.     
 24.000   30.9620  0.3054 -0.10 222.16  1.66  0.10   48.5500  0.5310  0.31   668.   668.   668.     
 25.000   26.6020  0.2691 -0.15 223.93  1.57  0.12   41.3900  0.4538  0.15   657.   657.   657.     
 26.000   22.8820  0.2316 -0.15 225.61  1.59  0.08   35.3300  0.3826  0.15   642.   642.   642.     
 27.000   19.7080  0.2071 -0.22 227.32  1.86  0.24   30.2000  0.3465  0.18   595.   595.   595.     
 28.000   16.9970  0.1845 -0.31 229.03  1.67 -0.13   25.8600  0.2729  0.05   571.   571.   571.     
 29.000   14.6610  0.1694 -0.30 230.62  1.86 -0.11   22.1500  0.2536 -0.07   476.   476.   476.     
 30.000   12.6720  0.1501 -0.32 232.26  1.79 -0.51   19.0100  0.2146 -0.05   468.   468.   468.     
 32.000    9.4740  0.1372 -0.07 236.44  2.64  0.81   13.9700  0.2019 -0.12    94.    98.    94.     
 34.000    7.1400  0.1126 -0.06 240.90  2.98  0.28   10.3300  0.1506  0.06    95.    99.    95.     
 36.000    5.4120  0.0935 -0.02 245.50  3.03  0.74    7.6850  0.1266  0.08    96.   103.    96.     
 38.000    4.1230  0.0757  0.02 250.48  3.73  0.50    5.7380  0.1096  0.16    97.   104.    97.     
 40.000    3.1590  0.0640 -0.01 256.10  4.09 -0.54    4.3020  0.0908  0.31    96.   103.    96.     
 42.000    2.4330  0.0508  0.14 260.80  4.22 -0.22    3.2540  0.0736  0.17    98.   105.    98.     
 44.000    1.8840  0.0406  0.15 265.54  3.99 -0.11    2.4720  0.0584  0.17    97.   101.    97.     
 46.000    1.4640  0.0332  0.14 268.08  4.20  0.91    1.9020  0.0430  0.16    97.   100.    97.     
 48.000    1.1410  0.0279  0.10 269.22  4.67  0.02    1.4750  0.0319  0.16    96.    98.    96.     
 50.000    0.8880  0.0236  0.05 267.94  4.65 -0.59    1.1550  0.0267  0.17    96.    97.    96.     
 52.000    0.6910  0.0200  0.01 265.93  4.95 -0.45    0.9050  0.0234  0.17    96.   101.    96.     
 54.000    0.5350  0.0172 -0.03 262.40  5.67 -0.69    0.7110  0.0196 -0.06    95.   103.    95.     
 56.000    0.4140  0.0143  0.04 258.58  6.02 -0.35    0.5580  0.0153 -0.13    94.   102.    94.     
 58.000    0.3190  0.0121  0.08 254.23  6.93  0.53    0.4380  0.0126 -0.06    93.   101.    93.     
 60.000    0.2450  0.0102  0.12 250.27  6.85  0.05    0.3410  0.0107 -0.25    83.    90.    83.     
 62.000    0.1850  0.0083  0.37 245.48  7.31  0.35    0.2640  0.0096 -0.51    62.    68.    62.     
 64.000    0.1390  0.0065  0.83 238.40  7.78  0.20    0.2030  0.0077 -0.37    46.    49.    46.     
 66.000    0.1030  0.0046  0.64 231.01 10.75  0.72    0.1560  0.0054  0.05    37.    40.    37.     
 68.000    0.0770  0.0042  0.39 222.08 17.31  0.80    0.1210  0.0059  0.33    22.    25.    22.     
 70.000    0.0560  0.0061  1.96 205.52 10.79  0.12    0.0950  0.0103  1.65    14.    14.    14.     
1    T A B L E  II -  7.  T H E R M O D Y N A M I C  S T A T I S T I C A L  P A R A M E T E R S     
                                              JULY                                                  
 STATION =   747940     CAPE CANAVERAL, FLORIDA                                                     
    Z      MEAN P   SD P  SKEWP MEAN T  SD T SKEWT    MEAN D    SD D SKEWD  NOBSP  NOBST  NOBSD     
    KM       MB        MB       DEG K  DEG K            G/M3    G/M3                                
  0.000 1017.6001  2.4360 -0.41 299.20  3.16  0.34 1173.0000 13.0400 -0.11   789.   789.   789.     
  0.003 1017.3000  2.4427 -0.41 299.18  3.17  0.34 1172.0000 13.0900 -0.10   794.   794.   794.     
  1.000  908.2100  2.2285 -0.40 293.86  1.16  0.24 1069.0000  4.9070 -0.01   794.   794.   794.     
  2.000  808.3799  2.0687 -0.33 287.88  1.14  0.14  973.2000  4.1010  0.05   794.   794.   794.     
  3.000  717.6499  1.9658 -0.21 282.22  1.14 -0.28  882.7000  3.6000  0.14   793.   793.   793.     
  4.000  635.4700  1.8447 -0.16 276.50  1.22 -0.07  798.6001  3.7300  0.00   784.   784.   784.     
  5.000  561.2200  1.6960 -0.14 270.90  1.26  0.02  720.3000  3.5310 -0.30   783.   783.   783.     
  6.000  494.4299  1.6180 -0.10 265.10  1.35  0.05  648.8000  3.4190 -0.20   782.   782.   782.     
  7.000  434.2000  1.5694 -0.05 258.89  1.34 -0.05  583.6001  2.9830 -0.17   782.   782.   782.     
  8.000  380.0400  1.4609 -0.18 252.37  1.51 -0.27  524.1001  2.9530 -0.11   781.   781.   781.     
  9.000  331.4500  1.4492 -0.23 245.24  1.75 -0.16  470.5000  2.8320 -0.23   781.   781.   781.     
 10.000  287.8999  1.4678 -0.24 237.46  1.82 -0.17  422.1001  2.4210 -0.30   779.   779.   779.     
 11.000  248.9900  1.4923 -0.32 229.44  1.85 -0.20  378.0000  1.9160 -0.21   777.   777.   777.     
 12.000  213.9200  1.4295 -0.31 221.44  1.72 -0.11  336.5000  1.6420 -0.44   772.   772.   772.     
 13.000  183.1200  1.4170 -0.29 213.97  1.71  0.12  298.2000  2.0060 -0.77   765.   765.   765.     
 14.000  155.8900  1.2965 -0.24 208.04  1.94  0.23  261.1001  2.7280 -0.65   765.   765.   765.     
 15.000  132.2200  1.1008 -0.27 204.76  2.15  0.17  225.0000  3.1520 -0.27   757.   757.   757.     
 16.000  111.9800  0.9069 -0.30 204.29  2.20 -0.01  191.0000  2.7810  0.04   754.   754.   754.     
 17.000   94.8950  0.7557 -0.19 205.41  2.11 -0.32  161.0000  2.1810  0.28   744.   744.   744.     
 18.000   80.4930  0.6450 -0.11 207.63  2.03 -0.49  135.1000  1.6760  0.44   745.   745.   745.     
 19.000   68.4400  0.5627  0.01 210.44  1.75 -0.33  113.3000  1.2110  0.31   742.   742.   742.     
 20.000   58.3130  0.4640 -0.03 213.35  1.63 -0.39   95.2200  0.9741  0.31   734.   734.   734.     
 21.000   49.8020  0.4042 -0.08 216.03  1.63 -0.23   80.3200  0.8488  0.33   705.   705.   705.     
 22.000   42.6100  0.3496 -0.13 218.18  1.46 -0.23   68.0400  0.6751  0.10   689.   689.   689.     
 23.000   36.5150  0.3057 -0.15 220.14  1.51 -0.32   57.7900  0.5767  0.15   676.   676.   676.     
 24.000   31.3240  0.2700 -0.19 222.03  1.68 -0.03   49.1500  0.5040 -0.15   673.   673.   673.     
 25.000   26.9040  0.2355 -0.25 223.83  1.65 -0.11   41.8800  0.4103  0.10   676.   676.   676.     
 26.000   23.1370  0.2099 -0.30 225.52  1.69 -0.06   35.7400  0.3488  0.21   652.   652.   652.     
 27.000   19.9300  0.1847 -0.27 227.15  1.87 -0.07   30.5700  0.3071 -0.02   613.   613.   613.     
 28.000   17.1840  0.1670 -0.27 228.66  1.66 -0.32   26.1800  0.2438 -0.09   585.   585.   585.     
 29.000   14.8250  0.1541 -0.27 230.19  2.08 -0.06   22.4400  0.2404 -0.15   476.   476.   476.     
 30.000   12.8090  0.1377 -0.22 231.71  1.86 -0.17   19.2600  0.1924 -0.26   446.   446.   446.     
 32.000    9.5360  0.1403 -0.07 235.70  3.50  0.55   14.1100  0.1869 -0.54    93.   100.    92.     
 34.000    7.1690  0.1285  0.00 239.80  3.00  0.30   10.4300  0.1625 -0.35    92.    99.    89.     
 36.000    5.4370  0.0966  0.29 244.22  3.70  0.13    7.7590  0.1306  0.07    89.    97.    89.     
 38.000    4.1360  0.0818  0.31 249.48  3.91  0.25    5.7820  0.1032  0.43    89.    97.    89.     
 40.000    3.1610  0.0736  0.01 254.14  4.31  0.04    4.3380  0.0924 -0.17    89.    98.    89.     
 42.000    2.4320  0.0599  0.15 259.19  4.66 -0.31    3.2710  0.0757 -0.36    89.    98.    89.     
 44.000    1.8790  0.0493  0.27 263.20  5.71 -0.36    2.4880  0.0671 -0.20    90.   100.    90.     
 46.000    1.4580  0.0413  0.29 265.96  4.96  0.68    1.9090  0.0524 -0.11    89.    95.    89.     
 48.000    1.1330  0.0341  0.27 267.19  4.54 -0.22    1.4790  0.0373  0.25    89.    99.    89.     
 50.000    0.8810  0.0285  0.23 265.78  4.94 -0.38    1.1540  0.0326  0.43    89.    96.    89.     
 52.000    0.6840  0.0242  0.17 263.19  5.84 -0.37    0.9050  0.0261  0.24    87.    96.    87.     
 54.000    0.5290  0.0206  0.18 260.85  6.23 -0.35    0.7070  0.0218 -0.11    86.    96.    86.     
 56.000    0.4080  0.0175  0.19 257.59  6.89 -0.15    0.5520  0.0194 -0.20    86.    96.    86.     
 58.000    0.3140  0.0153  0.12 254.61  8.02  0.06    0.4310  0.0179 -0.11    79.    89.    79.     
 60.000    0.2380  0.0123  0.31 250.39  9.10  0.12    0.3330  0.0146 -0.11    67.    77.    67.     
 62.000    0.1800  0.0101  0.67 244.14  9.51  0.15    0.2580  0.0118  0.15    48.    56.    48.     
 64.000    0.1350  0.0082  1.22 237.29 10.06  0.53    0.1980  0.0106  0.37    27.    31.    27.     
 66.000    0.0990  0.0049  0.92 230.89  9.77  0.77    0.1500  0.0082  0.48    19.    22.    19.     
 68.000    0.0740  0.0042  0.77 223.06 14.61  0.09    0.1160  0.0056  0.24    19.    20.    19.     
 70.000    0.0540  0.0043  0.88 216.76 16.47  0.61    0.0870  0.0048  0.36    14.    15.    14.     
1    T A B L E  II -  8.  T H E R M O D Y N A M I C  S T A T I S T I C A L  P A R A M E T E R S     
                                              AUGUST                                                
 STATION =   747940     CAPE CANAVERAL, FLORIDA                                                     
    Z      MEAN P   SD P  SKEWP MEAN T  SD T SKEWT    MEAN D    SD D SKEWD  NOBSP  NOBST  NOBSD     
    KM       MB        MB       DEG K  DEG K            G/M3    G/M3                                
  0.000 1016.6001  2.6682 -0.52 298.85  3.17  0.35 1173.0000 13.1400 -0.16   769.   769.   769.     
  0.003 1016.3000  2.6748 -0.51 298.84  3.17  0.34 1173.0000 13.1400 -0.15   775.   775.   775.     
  1.000  907.4199  2.4131 -0.49 293.86  0.99 -0.35 1068.0000  4.4690 -0.05   775.   775.   775.     
  2.000  807.6799  2.2356 -0.47 288.01  1.01 -0.31  971.6001  3.9600 -0.10   775.   775.   775.     
  3.000  717.1201  2.0680 -0.31 282.48  1.10 -0.17  881.0000  3.8070 -0.29   773.   773.   773.     
  4.000  635.0500  1.9407 -0.34 276.79  1.21  0.05  797.1001  3.6420 -0.43   762.   762.   762.     
  5.000  560.9700  1.7937 -0.26 271.19  1.26  0.04  719.2000  3.5890 -0.36   758.   758.   758.     
  6.000  494.2700  1.7020 -0.23 265.35  1.28 -0.12  648.0000  3.3510 -0.32   756.   756.   756.     
  7.000  434.1101  1.5912 -0.24 259.15  1.28 -0.12  582.8999  2.9500 -0.36   755.   755.   755.     
  8.000  380.0400  1.5143 -0.26 252.64  1.45 -0.29  523.5000  2.8680 -0.26   753.   753.   753.     
  9.000  331.4900  1.4891 -0.34 245.54  1.73 -0.09  470.0000  2.9000 -0.44   751.   751.   751.     
 10.000  287.9900  1.4847 -0.27 237.79  1.77  0.10  421.6001  2.6200 -0.76   750.   750.   750.     
 11.000  249.1300  1.4755 -0.30 229.82  1.80  0.16  377.6001  2.1350 -0.52   747.   747.   747.     
 12.000  214.1100  1.4027 -0.06 221.89  1.72  0.22  336.2000  1.9860 -1.35   746.   746.   746.     
 13.000  183.3600  1.3737  0.08 214.40  1.70  0.23  297.8999  2.2380 -1.64   740.   740.   740.     
 14.000  156.1400  1.2419  0.21 208.28  1.90  0.57  261.2000  2.9140 -0.90   736.   736.   736.     
 15.000  132.4100  1.0158  0.03 204.65  2.25  0.22  225.4000  3.1870 -0.12   729.   729.   729.     
 16.000  112.1200  0.8326  0.01 203.83  2.15  0.04  191.6000  2.6430  0.16   726.   726.   726.     
 17.000   94.9610  0.6800  0.07 204.90  1.98  0.04  161.5000  2.0060  0.18   720.   720.   720.     
 18.000   80.5350  0.5879  0.13 207.37  1.88 -0.11  135.3000  1.5060  0.18   719.   719.   719.     
 19.000   68.4560  0.5103  0.26 210.18  1.65 -0.03  113.5000  1.1180  0.04   711.   711.   711.     
 20.000   58.3290  0.4521  0.43 213.06  1.60 -0.17   95.3800  0.8966  0.12   694.   694.   694.     
 21.000   49.7950  0.4004  0.41 215.55  1.61 -0.09   80.4800  0.7715  0.38   675.   675.   675.     
 22.000   42.5930  0.3510  0.22 217.70  1.41 -0.13   68.1600  0.6151  0.32   659.   659.   659.     
 23.000   36.4890  0.3112  0.15 219.62  1.41 -0.29   57.8800  0.5150  0.24   646.   646.   646.     
 24.000   31.2890  0.2789  0.10 221.40  1.57 -0.15   49.2300  0.4636  0.27   645.   645.   645.     
 25.000   26.8630  0.2446  0.20 223.16  1.57 -0.17   41.9300  0.3910  0.32   652.   652.   652.     
 26.000   23.0920  0.2186  0.14 224.84  1.62 -0.36   35.7800  0.3414  0.41   629.   629.   629.     
 27.000   19.8810  0.1960  0.18 226.46  1.93  0.04   30.5800  0.3094  0.09   576.   576.   576.     
 28.000   17.1330  0.1704 -0.07 227.96  1.68  0.12   26.1800  0.2435  0.02   545.   545.   545.     
 29.000   14.7730  0.1575  0.04 229.36  2.03  0.23   22.4400  0.2382  0.02   443.   443.   443.     
 30.000   12.7610  0.1400 -0.02 231.01  1.78  0.20   19.2400  0.1961 -0.17   428.   428.   428.     
 32.000    9.5070  0.1511  0.40 235.08  3.67  0.92   14.1100  0.2481  0.16    80.    89.    80.     
 34.000    7.1420  0.1261  0.50 238.63  3.69  0.36   10.4500  0.1830  0.29    79.    88.    79.     
 36.000    5.3970  0.1051  0.53 243.06  3.59  0.18    7.7480  0.1438  0.22    77.    86.    77.     
 38.000    4.0990  0.0878  0.59 247.47  4.44 -0.04    5.7820  0.1063  0.22    76.    86.    76.     
 40.000    3.1240  0.0780  0.54 252.14  4.65  0.17    4.3260  0.0983  0.22    77.    87.    77.     
 42.000    2.3980  0.0649  0.68 257.35  4.73  0.27    3.2530  0.0758 -0.09    76.    88.    76.     
 44.000    1.8500  0.0537  0.78 261.92  3.57 -0.06    2.4650  0.0685  0.24    76.    88.    76.     
 46.000    1.4320  0.0426  0.82 264.14  3.93 -0.40    1.8910  0.0560  0.43    76.    86.    76.     
 48.000    1.1110  0.0349  0.71 265.99  5.37 -0.84    1.4580  0.0427  0.69    76.    87.    76.     
 50.000    0.8620  0.0294  0.57 265.51  5.26 -0.15    1.1340  0.0325  0.75    75.    86.    75.     
 52.000    0.6690  0.0245  0.50 264.38  5.19 -0.08    0.8840  0.0267  0.33    74.    85.    74.     
 54.000    0.5180  0.0204  0.49 262.63  6.27  0.02    0.6890  0.0234  0.17    74.    85.    74.     
 56.000    0.4010  0.0169  0.53 259.21  6.36 -0.12    0.5390  0.0209 -0.04    74.    84.    74.     
 58.000    0.3070  0.0130  0.68 255.94  6.78 -0.26    0.4190  0.0172  0.20    65.    76.    65.     
 60.000    0.2370  0.0107  0.67 253.42  7.58 -0.06    0.3260  0.0123  0.75    59.    68.    59.     
 62.000    0.1790  0.0085  0.43 249.34 10.22 -0.07    0.2520  0.0102  0.76    44.    49.    43.     
 64.000    0.1350  0.0102  1.79 241.35 10.81  0.35    0.1940  0.0080  1.02    28.    31.    27.     
 66.000    0.1000  0.0056  0.28 235.99 10.61  0.17    0.1490  0.0060 -0.31    22.    24.    22.     
 68.000    0.0750  0.0052  0.14 228.05 12.90 -0.34    0.1150  0.0056  0.59    19.    19.    19.     
 70.000    0.0550  0.0044 -0.01 221.49 14.65 -0.09    0.0860  0.0066  0.04    12.    12.    12.     
1    T A B L E  II -  9.  T H E R M O D Y N A M I C  S T A T I S T I C A L  P A R A M E T E R S     
                                              SEPTEMBER                                             
 STATION =   747940     CAPE CANAVERAL, FLORIDA                                                     
    Z      MEAN P   SD P  SKEWP MEAN T  SD T SKEWT    MEAN D    SD D SKEWD  NOBSP  NOBST  NOBSD     
    KM       MB        MB       DEG K  DEG K            G/M3    G/M3                                
  0.000 1015.1001  3.0277 -0.99 298.46  2.90  0.02 1173.0000 12.3100  0.14   728.   728.   728.     
  0.003 1014.8000  3.0197 -0.99 298.42  2.91  0.03 1173.0000 12.3600  0.13   741.   741.   741.     
  1.000  905.7800  2.7697 -0.81 292.98  1.21 -0.17 1069.0000  5.2930 -0.35   741.   741.   741.     
  2.000  805.9900  2.5500 -0.66 287.44  1.19 -0.20  971.6001  4.7050 -0.51   741.   741.   741.     
  3.000  715.4900  2.3551 -0.49 282.35  1.26  0.08  879.5000  4.2900 -0.84   737.   737.   737.     
  4.000  633.6201  2.1928 -0.35 276.86  1.34  0.08  795.1001  4.1530 -0.77   734.   734.   734.     
  5.000  559.7100  2.0000 -0.27 271.32  1.34 -0.16  717.2000  3.8240 -0.65   733.   733.   733.     
  6.000  493.1599  1.8997 -0.22 265.40  1.43 -0.08  646.3000  3.6160 -0.64   732.   732.   732.     
  7.000  433.1399  1.8390 -0.16 259.05  1.47 -0.27  581.8000  3.2720 -0.58   731.   731.   731.     
  8.000  379.1399  1.7255 -0.30 252.41  1.67 -0.27  522.8000  3.2080 -0.36   729.   729.   729.     
  9.000  330.6699  1.6846 -0.40 245.24  1.93 -0.18  469.3999  3.1270 -0.39   724.   724.   724.     
 10.000  287.2100  1.6811 -0.47 237.50  1.98 -0.02  421.0000  2.7550 -0.52   723.   723.   723.     
 11.000  248.4100  1.6806 -0.52 229.59  1.98  0.19  376.8999  2.3840 -0.63   720.   720.   720.     
 12.000  213.4800  1.5858 -0.45 221.73  1.88  0.34  335.3999  2.2190 -0.78   720.   720.   720.     
 13.000  182.8000  1.5235 -0.33 214.33  1.85  0.49  297.1001  2.5370 -1.03   718.   718.   718.     
 14.000  155.6500  1.3742 -0.19 208.08  1.88  0.29  260.6001  2.9310 -0.67   717.   717.   717.     
 15.000  131.9600  1.1718 -0.10 203.78  1.99  0.21  225.6000  3.0770 -0.30   712.   712.   712.     
 16.000  111.6200  0.9631 -0.10 202.30  2.38  0.05  192.2000  3.0450  0.06   710.   710.   710.     
 17.000   94.4230  0.7831 -0.18 203.28  2.63 -0.22  161.8000  2.6350  0.36   699.   699.   699.     
 18.000   79.9730  0.6672 -0.17 206.28  2.29 -0.13  135.1000  1.8850  0.19   700.   700.   700.     
 19.000   67.9400  0.5709 -0.02 209.57  1.78  0.01  112.9000  1.2530 -0.15   693.   693.   693.     
 20.000   57.8640  0.5028  0.06 212.65  1.56 -0.13   94.8000  0.9681  0.00   686.   686.   686.     
 21.000   49.3870  0.4380  0.07 215.21  1.48 -0.04   79.9500  0.8199  0.10   664.   664.   664.     
 22.000   42.2300  0.3862  0.03 217.27  1.45 -0.13   67.7100  0.6674  0.16   659.   659.   659.     
 23.000   36.1640  0.3392 -0.03 219.22  1.48 -0.10   57.4700  0.5340  0.10   642.   642.   642.     
 24.000   30.9990  0.3067 -0.06 221.01  1.67  0.02   48.8600  0.4628  0.09   641.   641.   641.     
 25.000   26.6100  0.2702 -0.09 222.74  1.64 -0.08   41.6200  0.3833 -0.05   633.   633.   633.     
 26.000   22.8750  0.2436 -0.10 224.39  1.61 -0.02   35.5100  0.3433 -0.05   615.   615.   615.     
 27.000   19.6860  0.2195 -0.11 225.99  1.82  0.31   30.3500  0.3159 -0.06   568.   568.   568.     
 28.000   16.9610  0.1988 -0.12 227.44  1.74 -0.03   25.9800  0.2621 -0.11   550.   550.   550.     
 29.000   14.6180  0.1815 -0.09 228.92  2.00  0.10   22.2500  0.2461 -0.10   475.   475.   475.     
 30.000   12.6260  0.1665 -0.09 230.44  1.94  0.03   19.0900  0.2113 -0.28   466.   466.   466.     
 32.000    9.3830  0.1514  0.89 235.00  3.64  0.53   13.9600  0.2656  0.36    70.    82.    70.     
 34.000    7.0470  0.1184  0.87 238.26  4.35  0.95   10.3500  0.1992  0.34    70.    82.    70.     
 36.000    5.3150  0.0972  0.73 241.82  4.59  0.08    7.6910  0.1510  1.31    71.    83.    71.     
 38.000    4.0230  0.0837  0.67 246.47  5.01 -0.17    5.7120  0.1182 -0.12    73.    85.    73.     
 40.000    3.0660  0.0704  0.62 252.56  5.39 -0.34    4.2450  0.1006  0.22    75.    87.    75.     
 42.000    2.3530  0.0599  0.27 257.77  6.31 -1.25    3.1900  0.0829  0.91    74.    85.    74.     
 44.000    1.8170  0.0512  0.11 263.52  5.28 -0.73    2.4080  0.0592  0.10    73.    85.    73.     
 46.000    1.4090  0.0427  0.15 266.23  4.31 -0.65    1.8470  0.0498  0.20    73.    82.    73.     
 48.000    1.0960  0.0352  0.10 267.81  5.13 -0.49    1.4250  0.0437  0.07    73.    80.    73.     
 50.000    0.8530  0.0295 -0.01 268.25  4.88 -0.18    1.1080  0.0317  0.54    73.    80.    73.     
 52.000    0.6640  0.0244 -0.11 267.96  4.68 -0.11    0.8640  0.0299 -0.07    73.    83.    73.     
 54.000    0.5160  0.0201 -0.13 264.86  5.72 -1.11    0.6790  0.0239 -0.34    73.    79.    73.     
 56.000    0.4000  0.0167 -0.03 262.94  5.65 -0.34    0.5310  0.0189 -0.50    71.    78.    71.     
 58.000    0.3090  0.0139  0.19 259.67  6.57 -0.28    0.4160  0.0158 -0.34    66.    75.    66.     
 60.000    0.2380  0.0118  0.29 255.46  7.55 -0.03    0.3260  0.0130 -0.41    60.    67.    60.     
 62.000    0.1820  0.0100  0.51 250.08  9.88 -0.11    0.2550  0.0097  0.71    45.    50.    45.     
 64.000    0.1360  0.0074  0.18 243.55 11.53  0.11    0.1960  0.0100  0.54    21.    23.    21.     
 66.000    0.1000  0.0058  0.43 232.60 10.86  0.91    0.1510  0.0072  0.14    15.    16.    15.     
 68.000    0.0740  0.0041  0.20 222.83 15.54  1.06    0.1170  0.0053 -0.54    14.    15.    14.     
 70.000    0.0540  0.0034  0.49 214.54 16.62  1.91    0.0890  0.0050 -0.09    12.    13.    12.     
1    T A B L E  II - 10.  T H E R M O D Y N A M I C  S T A T I S T I C A L  P A R A M E T E R S     
                                              OCTOBER                                               
 STATION =   747940     CAPE CANAVERAL, FLORIDA                                                     
    Z      MEAN P   SD P  SKEWP MEAN T  SD T SKEWT    MEAN D    SD D SKEWD  NOBSP  NOBST  NOBSD     
    KM       MB        MB       DEG K  DEG K            G/M3    G/M3                                
  0.000 1015.8000  3.7762 -0.06 296.22  3.82 -0.72 1185.0000 17.9600  0.83   724.   724.   724.     
  0.003 1015.3000  3.7788 -0.06 295.98  3.98 -0.72 1185.0000 18.5400  0.82   775.   775.   775.     
  1.000  905.2100  3.2632 -0.34 290.23  2.46 -0.65 1080.0000 11.2900  0.66   775.   775.   775.     
  2.000  804.5200  2.9709 -0.50 285.27  2.24 -0.71  978.3999  8.8610  0.76   775.   775.   775.     
  3.000  713.5500  2.7021 -0.51 280.75  2.08 -0.30  882.8000  7.1670  0.16   775.   775.   775.     
  4.000  631.3701  2.5909 -0.36 275.46  2.03 -0.18  796.6001  6.0200 -0.15   774.   774.   774.     
  5.000  557.3000  2.5213 -0.29 269.64  2.10 -0.36  718.6001  5.3480 -0.03   774.   774.   774.     
  6.000  490.5300  2.5538 -0.26 263.20  2.38 -0.40  648.2000  5.0400 -0.07   773.   773.   773.     
  7.000  430.3101  2.6204 -0.23 256.54  2.59 -0.33  583.5000  4.5790 -0.18   772.   772.   772.     
  8.000  376.1399  2.6774 -0.23 249.68  2.87 -0.26  524.2000  4.4630 -0.27   772.   772.   772.     
  9.000  327.5100  2.7478 -0.23 242.39  3.03 -0.10  470.2000  4.1340 -0.46   765.   765.   765.     
 10.000  284.0000  2.7923 -0.20 234.95  2.92 -0.08  420.7000  3.7850 -0.75   765.   765.   765.     
 11.000  245.2400  2.7799 -0.16 227.57  2.68 -0.09  375.3999  3.4170 -0.97   759.   759.   759.     
 12.000  210.6200  2.5388 -0.11 220.58  2.23 -0.21  332.6001  3.5270 -0.81   759.   759.   759.     
 13.000  180.2300  2.3184 -0.03 214.15  2.03  0.02  293.2000  4.1210 -0.58   757.   757.   757.     
 14.000  153.4800  1.9746  0.02 208.54  2.19  0.10  256.3999  4.5790 -0.39   755.   755.   755.     
 15.000  130.1700  1.5985  0.08 204.25  2.53  0.34  222.1000  4.5840 -0.18   749.   749.   749.     
 16.000  110.1200  1.2467  0.08 202.06  2.68  0.28  189.9000  4.0270  0.00   744.   744.   744.     
 17.000   93.1120  0.9670  0.06 202.37  2.83  0.06  160.3000  3.2670  0.16   730.   730.   730.     
 18.000   78.7830  0.7764  0.06 204.97  2.74  0.31  133.9000  2.3650  0.15   728.   728.   728.     
 19.000   66.8720  0.6482  0.07 208.63  2.26  0.02  111.7000  1.6000  0.17   726.   726.   726.     
 20.000   56.9180  0.5629  0.09 211.81  2.02  0.06   93.6200  1.1720  0.12   723.   723.   723.     
 21.000   48.5400  0.4919  0.08 214.20  1.88 -0.05   78.9500  0.9157  0.06   695.   695.   695.     
 22.000   41.4760  0.4429  0.10 216.40  1.85 -0.13   66.7700  0.7521 -0.06   694.   694.   694.     
 23.000   35.5020  0.3927  0.09 218.41  1.64 -0.25   56.6300  0.5980  0.03   685.   685.   685.     
 24.000   30.4120  0.3542  0.06 220.34  1.84 -0.31   48.0800  0.5507 -0.04   683.   683.   683.     
 25.000   26.1000  0.3181  0.00 222.11  1.98 -0.56   40.9400  0.4725  0.01   673.   673.   673.     
 26.000   22.4230  0.2850 -0.04 223.81  1.97 -0.44   34.9000  0.4077  0.11   652.   652.   652.     
 27.000   19.2820  0.2531 -0.13 225.39  2.19 -0.24   29.8000  0.3702 -0.03   601.   601.   601.     
 28.000   16.6080  0.2292 -0.15 226.84  2.29 -0.44   25.5100  0.3218  0.00   584.   584.   584.     
 29.000   14.3080  0.2072 -0.24 228.22  2.43 -0.28   21.8400  0.2877  0.16   512.   512.   512.     
 30.000   12.3490  0.1895 -0.31 229.70  2.42 -0.29   18.7300  0.2520  0.10   503.   503.   503.     
 32.000    9.2100  0.1465 -0.06 233.85  5.06  1.33   13.7400  0.2384 -0.67    76.    82.    76.     
 34.000    6.9170  0.1375  0.38 237.42  4.95  0.23   10.1600  0.2177  0.37    77.    83.    77.     
 36.000    5.2160  0.1157  0.48 241.63  5.02  0.47    7.5360  0.1713  0.28    77.    83.    77.     
 38.000    3.9540  0.0983  0.46 246.17  5.44 -0.01    5.6010  0.1479  1.20    80.    86.    80.     
 40.000    3.0160  0.0796  0.52 251.10  6.07 -0.51    4.1870  0.1221  0.48    82.    88.    82.     
 42.000    2.3170  0.0674  0.51 257.90  6.05 -0.13    3.1310  0.0839  0.17    82.    88.    82.     
 44.000    1.7890  0.0557  0.50 263.08  5.63  0.25    2.3680  0.0695  0.20    84.    88.    84.     
 46.000    1.3880  0.0455  0.49 266.03  5.69 -0.85    1.8170  0.0572  0.50    85.    88.    85.     
 48.000    1.0780  0.0387  0.41 267.73  5.94 -0.74    1.4030  0.0478 -0.10    85.    86.    85.     
 50.000    0.8400  0.0310  0.59 267.43  6.29 -1.16    1.0950  0.0359  0.26    84.    86.    84.     
 52.000    0.6540  0.0271  0.63 266.40  6.24 -0.33    0.8560  0.0289 -0.37    84.    86.    84.     
 54.000    0.5080  0.0231  0.60 263.31  6.85 -0.63    0.6720  0.0256  0.59    83.    86.    83.     
 56.000    0.3930  0.0194  0.63 261.31  7.28 -0.56    0.5240  0.0210  0.64    82.    84.    82.     
 58.000    0.3030  0.0162  0.70 257.91  8.60 -0.39    0.4100  0.0173  0.26    73.    76.    73.     
 60.000    0.2340  0.0139  0.71 254.41  8.81 -0.12    0.3200  0.0140  0.39    67.    71.    67.     
 62.000    0.1770  0.0099  0.88 247.85  8.62  0.02    0.2470  0.0108  0.74    46.    48.    46.     
 64.000    0.1330  0.0090  1.27 241.63  9.23  0.24    0.1920  0.0102  0.61    33.    36.    33.     
 66.000    0.0990  0.0053  0.89 235.16  9.11 -0.50    0.1460  0.0066  0.47    25.    26.    24.     
 68.000    0.0740  0.0046  0.95 225.62 10.88  0.60    0.1150  0.0051 -0.37    24.    24.    24.     
 70.000    0.0550  0.0040  1.17 225.41 11.77  0.65    0.0850  0.0038 -0.47    24.    24.    24.     
1    T A B L E  II - 11.  T H E R M O D Y N A M I C  S T A T I S T I C A L  P A R A M E T E R S     
                                              NOVEMBER                                              
 STATION =   747940     CAPE CANAVERAL, FLORIDA                                                     
    Z      MEAN P   SD P  SKEWP MEAN T  SD T SKEWT    MEAN D    SD D SKEWD  NOBSP  NOBST  NOBSD     
    KM       MB        MB       DEG K  DEG K            G/M3    G/M3                                
  0.000 1018.2000  4.2321 -0.44 292.29  4.82 -0.68 1206.0000 22.9600  0.79   771.   771.   771.     
  0.003 1017.8000  4.1978 -0.40 292.19  4.79 -0.67 1206.0000 22.7500  0.80   866.   866.   866.     
  1.000  906.2300  3.7599 -0.44 287.65  3.27 -1.31 1092.0000 14.3200  0.98   866.   866.   866.     
  2.000  804.6399  3.4871 -0.57 283.56  2.70 -0.59  985.2000 10.0700  0.43   866.   866.   866.     
  3.000  713.1201  3.3798 -0.64 279.49  2.60 -0.52  886.7000  7.7110  0.25   866.   866.   866.     
  4.000  630.6201  3.4090 -0.65 274.21  2.54 -0.38  799.6001  6.3140  0.06   866.   866.   866.     
  5.000  556.2900  3.3868 -0.67 268.18  2.55 -0.42  721.3999  5.4760  0.22   865.   865.   865.     
  6.000  489.2900  3.4684 -0.64 261.71  2.63 -0.45  650.3000  4.9600  0.05   864.   864.   864.     
  7.000  428.8601  3.4938 -0.60 254.96  2.66 -0.54  585.2000  4.3870 -0.14   863.   863.   863.     
  8.000  374.5500  3.4499 -0.59 247.88  2.80 -0.54  525.8000  4.1570 -0.41   860.   860.   860.     
  9.000  325.7800  3.4128 -0.58 240.38  2.90 -0.38  471.7000  3.9160 -0.77   857.   857.   857.     
 10.000  282.1399  3.3528 -0.58 232.86  2.82 -0.38  421.8000  3.8010 -0.89   857.   857.   857.     
 11.000  243.2800  3.2387 -0.58 225.49  2.61 -0.38  375.8999  3.7460 -0.92   851.   851.   851.     
 12.000  208.7000  2.9167 -0.58 218.52  2.40 -0.13  332.7000  4.2930 -0.88   851.   851.   851.     
 13.000  178.3200  2.6081 -0.53 212.45  2.41  0.14  292.3999  5.0320 -0.78   845.   845.   845.     
 14.000  151.7100  2.2266 -0.47 207.73  2.59  0.22  254.5000  5.1870 -0.59   836.   836.   836.     
 15.000  128.6200  1.8297 -0.40 204.37  2.61  0.07  219.3000  4.6400 -0.42   828.   828.   828.     
 16.000  108.8300  1.4886 -0.34 202.26  2.54  0.36  187.5000  4.0380 -0.50   823.   823.   823.     
 17.000   92.0080  1.1775 -0.26 201.66  2.78  0.61  159.0000  3.6240 -0.41   804.   804.   804.     
 18.000   77.7750  0.9160 -0.22 203.09  3.19  0.31  133.5000  3.0910 -0.16   801.   801.   801.     
 19.000   65.9070  0.7156 -0.23 206.48  2.95 -0.08  111.2000  2.1930  0.05   795.   795.   795.     
 20.000   56.0090  0.5993 -0.18 209.72  2.56 -0.23   93.0500  1.5050  0.18   786.   786.   786.     
 21.000   47.6930  0.5160 -0.13 212.48  2.30 -0.12   78.2000  1.1030  0.13   752.   752.   752.     
 22.000   40.7000  0.4544 -0.12 214.93  2.36  0.17   65.9700  0.8977  0.14   744.   744.   744.     
 23.000   34.8040  0.4042 -0.05 217.08  2.42  0.10   55.8600  0.7398  0.17   732.   732.   732.     
 24.000   29.7820  0.3670 -0.03 219.11  2.80  0.09   47.3600  0.6765  0.07   733.   733.   733.     
 25.000   25.5400  0.3372  0.02 220.95  2.96 -0.16   40.2700  0.5663  0.20   726.   726.   726.     
 26.000   21.9250  0.3102  0.01 222.55  3.10 -0.24   34.3200  0.4655  0.24   716.   716.   716.     
 27.000   18.8490  0.2877  0.07 224.19  3.26 -0.11   29.2900  0.3888  0.17   661.   661.   661.     
 28.000   16.2170  0.2695  0.04 225.63  3.37 -0.02   25.0400  0.3397  0.09   648.   648.   648.     
 29.000   13.9620  0.2517  0.08 227.10  3.35  0.13   21.4200  0.3081  0.14   547.   547.   547.     
 30.000   12.0400  0.2316  0.00 228.61  3.45  0.16   18.3500  0.2862  0.13   540.   540.   540.     
 32.000    8.9950  0.2435  0.16 233.42  5.39  0.71   13.4900  0.3538  0.15    86.    98.    86.     
 34.000    6.7430  0.2062  0.17 236.44  5.18 -0.47   10.0100  0.3420  1.85    86.    99.    86.     
 36.000    5.0770  0.1694  0.29 241.10  5.81 -0.06    7.3770  0.2482  0.42    86.    99.    86.     
 38.000    3.8500  0.1444  0.37 246.35  6.81  0.41    5.4900  0.2206  0.78    87.   100.    87.     
 40.000    2.9350  0.1164  0.55 252.55  7.19  0.51    4.0700  0.1772  0.33    89.   101.    89.     
 42.000    2.2520  0.0934  0.71 258.51  7.20 -0.44    3.0520  0.1404  0.83    89.   101.    89.     
 44.000    1.7390  0.0735  0.84 263.75  6.65  0.06    2.3080  0.0974  0.74    88.    98.    88.     
 46.000    1.3490  0.0613  0.85 267.15  7.25  0.00    1.7660  0.0712  1.03    86.    91.    86.     
 48.000    1.0500  0.0514  0.81 268.40  7.53 -0.46    1.3680  0.0567  0.88    84.    93.    84.     
 50.000    0.8170  0.0429  0.75 267.72  6.58 -0.14    1.0680  0.0474  0.75    84.    88.    84.     
 52.000    0.6350  0.0359  0.75 265.52  7.95 -0.61    0.8400  0.0378  0.47    83.    95.    83.     
 54.000    0.4920  0.0296  0.82 262.71  7.78 -0.36    0.6560  0.0331  0.42    81.    92.    81.     
 56.000    0.3800  0.0242  0.93 260.16  7.84 -0.29    0.5120  0.0264  0.52    79.    89.    79.     
 58.000    0.2920  0.0195  1.10 257.54  8.66 -0.47    0.3980  0.0209  0.19    71.    81.    71.     
 60.000    0.2240  0.0168  1.20 255.28  8.74 -0.58    0.3070  0.0184  0.54    66.    76.    66.     
 62.000    0.1690  0.0111  0.45 250.97 10.31  0.01    0.2370  0.0151  0.00    47.    54.    47.     
 64.000    0.1270  0.0084  0.36 247.00 11.51  0.10    0.1820  0.0133  0.28    33.    38.    33.     
 66.000    0.0940  0.0058  0.31 239.79 11.26  0.65    0.1380  0.0095  0.34    27.    27.    27.     
 68.000    0.0700  0.0049  0.68 232.25 13.90  0.61    0.1070  0.0067  0.01    23.    23.    23.     
 70.000    0.0520  0.0042  1.12 224.54 14.10  1.46    0.0820  0.0045 -0.22    21.    21.    21.     
1    T A B L E  II - 12.  T H E R M O D Y N A M I C  S T A T I S T I C A L  P A R A M E T E R S     
                                              DECEMBER                                              
 STATION =   747940     CAPE CANAVERAL, FLORIDA                                                     
    Z      MEAN P   SD P  SKEWP MEAN T  SD T SKEWT    MEAN D    SD D SKEWD  NOBSP  NOBST  NOBSD     
    KM       MB        MB       DEG K  DEG K            G/M3    G/M3                                
  0.000 1019.6001  4.4369 -0.50 288.72  5.80 -0.56 1224.0000 28.2000  0.66   764.   764.   764.     
  0.003 1019.2000  4.4397 -0.44 288.48  5.81 -0.53 1225.0000 28.3000  0.66   875.   875.   875.     
  1.000  906.3201  4.1135 -0.43 285.38  4.07 -0.82 1102.0000 17.2600  0.65   874.   874.   874.     
  2.000  803.9600  4.0004 -0.50 281.76  3.36 -0.42  991.2000 11.6100  0.26   874.   874.   874.     
  3.000  712.0000  4.0543 -0.51 277.83  2.91 -0.34  890.8000  8.0410  0.09   874.   874.   874.     
  4.000  629.1101  4.1246 -0.53 272.52  2.79 -0.45  802.8000  6.3400  0.08   873.   873.   873.     
  5.000  554.5200  4.1327 -0.53 266.44  2.82 -0.42  723.8999  5.4460 -0.10   873.   873.   873.     
  6.000  487.3000  4.2130 -0.52 259.93  2.84 -0.29  652.3000  4.8050 -0.22   873.   873.   873.     
  7.000  426.7300  4.1791 -0.48 253.24  2.93 -0.32  586.3999  4.4870 -0.09   872.   872.   872.     
  8.000  372.3701  4.1321 -0.45 246.12  3.15 -0.42  526.6001  4.4110 -0.10   869.   869.   869.     
  9.000  323.5400  4.0503 -0.42 238.63  3.15 -0.35  472.0000  4.1020 -0.29   866.   866.   866.     
 10.000  279.9099  3.9385 -0.39 231.11  2.98 -0.23  421.8000  4.1420 -0.82   865.   865.   865.     
 11.000  241.0700  3.7301 -0.34 223.90  2.71  0.05  375.1001  4.6430 -0.97   860.   860.   860.     
 12.000  206.6400  3.3111 -0.28 217.36  2.74  0.25  331.2000  5.5840 -0.94   860.   860.   860.     
 13.000  176.4600  2.9295 -0.20 212.38  3.08  0.27  289.5000  6.3250 -0.50   855.   855.   855.     
 14.000  150.1900  2.4691 -0.15 208.95  3.16  0.21  250.5000  5.9580 -0.06   854.   854.   854.     
 15.000  127.5000  2.0448 -0.11 206.08  2.74  0.21  215.6000  4.8370 -0.17   849.   849.   849.     
 16.000  108.0100  1.6683 -0.05 203.46  2.55  0.41  185.0000  4.1910 -0.25   844.   844.   844.     
 17.000   91.3890  1.3528  0.01 202.03  2.83  0.25  157.6000  3.8820 -0.12   831.   831.   831.     
 18.000   77.2450  1.0594  0.04 202.26  3.36  0.08  133.1000  3.4690 -0.02   828.   828.   828.     
 19.000   65.3880  0.8196  0.13 204.87  3.46 -0.05  111.2000  2.7040  0.03   811.   811.   811.     
 20.000   55.4880  0.6601  0.14 208.11  3.07 -0.05   92.9100  1.8820  0.08   805.   805.   805.     
 21.000   47.1930  0.5541  0.10 211.12  2.72 -0.01   77.8900  1.3250  0.22   763.   763.   763.     
 22.000   40.2290  0.4830  0.05 213.72  2.81  0.10   65.5800  1.0650  0.36   751.   751.   751.     
 23.000   34.3750  0.4259 -0.07 215.95  2.91  0.17   55.4600  0.8558  0.42   747.   747.   747.     
 24.000   29.4080  0.3826 -0.13 218.06  3.31  0.53   46.9900  0.7654  0.17   753.   753.   753.     
 25.000   25.2060  0.3569 -0.08 220.10  3.94  0.84   39.9000  0.6988 -0.11   737.   737.   737.     
 26.000   21.6240  0.3344 -0.01 222.02  4.28  0.78   33.9400  0.5829 -0.24   720.   720.   720.     
 27.000   18.5810  0.3200  0.04 223.93  4.50  0.77   28.9100  0.4777 -0.30   653.   653.   653.     
 28.000   15.9820  0.3104  0.12 225.66  4.56  0.63   24.6800  0.3940 -0.37   630.   630.   630.     
 29.000   13.7680  0.2930  0.23 227.33  4.19  0.59   21.1000  0.3306 -0.17   534.   534.   534.     
 30.000   11.8710  0.2749  0.31 228.99  4.01  0.37   18.0600  0.3050 -0.28   528.   528.   528.     
 32.000    8.8340  0.2136  0.36 233.40  5.56 -0.17   13.2200  0.3212  1.07    87.    94.    86.     
 34.000    6.6400  0.1850  0.24 238.17  5.93  0.05    9.7320  0.2906  0.43    88.    95.    88.     
 36.000    5.0170  0.1526  0.07 243.44  6.22  0.24    7.1980  0.2592  0.88    88.    95.    88.     
 38.000    3.8170  0.1235 -0.12 249.01  6.16  0.21    5.3490  0.1877  0.58    87.    94.    87.     
 40.000    2.9200  0.1006 -0.11 254.84  6.77 -0.56    3.9950  0.1549  0.07    88.    95.    88.     
 42.000    2.2500  0.0820 -0.01 260.69  7.32 -0.65    3.0110  0.1218  0.74    91.    98.    91.     
 44.000    1.7440  0.0683  0.00 267.21  6.39  0.19    2.2760  0.0977  1.09    91.    94.    91.     
 46.000    1.3560  0.0580 -0.06 269.55  6.37  0.07    1.7550  0.0757  0.34    92.    93.    92.     
 48.000    1.0570  0.0474 -0.01 269.13  6.55  0.00    1.3690  0.0644  0.30    90.    91.    90.     
 50.000    0.8240  0.0392 -0.01 268.81  6.94 -0.27    1.0690  0.0518  0.25    87.    89.    87.     
 52.000    0.6420  0.0324 -0.03 267.18  6.62 -0.06    0.8380  0.0443  0.62    85.    84.    85.     
 54.000    0.4990  0.0273  0.11 264.20  6.60 -0.54    0.6590  0.0348  0.43    84.    87.    84.     
 56.000    0.3860  0.0219  0.07 262.06  6.25 -0.35    0.5150  0.0273 -0.04    83.    88.    83.     
 58.000    0.2980  0.0182  0.13 259.05  6.96 -0.11    0.4010  0.0221 -0.36    80.    84.    80.     
 60.000    0.2290  0.0147 -0.01 253.79  9.00 -0.26    0.3150  0.0175  0.28    67.    71.    67.     
 62.000    0.1730  0.0117  0.14 249.24  9.77 -0.62    0.2430  0.0149  0.69    47.    51.    47.     
 64.000    0.1290  0.0081 -0.11 241.74 10.78 -1.02    0.1870  0.0132  0.42    36.    38.    36.     
 66.000    0.0970  0.0064 -0.09 235.45 11.68 -0.70    0.1440  0.0109  0.50    33.    34.    33.     
 68.000    0.0720  0.0061  0.24 223.03 16.34  0.47    0.1130  0.0068 -0.06    22.    23.    21.     
 70.000    0.0550  0.0110  2.54 216.06 15.33  0.59    0.0900  0.0171  2.79    20.    21.    21.     
