      74612      35.68N  117.68W
     T A B L E  II -   1.  T H E R M O D Y N A M I C  S T A T I S T I C A L  P A R A M E T E R S
                                   January
 STATION =   746120     CHINA LAKE NAWS, CA
    Z      MEAN P   SD P   SKEWP  MEAN T  SD T  SKEWT    MEAN D   SD D  SKEWD  NOBSP  NOBST  NOBSD
    KM       MB       MB             K      K             G/M3    G/M3                           
  0.000 1020.0000  5.0000   0.00 290.00   5.00   0.00 1221.0000 25.0000  0.00    100    100    100
  0.667  940.8450  5.9510  -0.20 278.51   7.99   0.18 1175.6360 36.4970  0.00    250    250    250
  1.000  903.9130  5.8470  -0.24 281.54   4.14  -0.03 1116.5210 17.5210  0.23    250    250    250
  1.500  850.5670  5.5890  -0.33 279.57   4.35  -0.05 1058.2650 16.0520  0.33    250    250    250
  2.000  799.9620  5.4770  -0.38 277.58   4.38  -0.02 1002.6880 13.7030  0.19    250    250    250
  2.500  752.0710  5.5380  -0.36 275.30   4.36  -0.20  950.6500 11.6010  0.26    250    250    250
  3.000  706.7290  5.7150  -0.36 272.73   4.39  -0.40  901.9200 10.3360  0.45    250    250    250
  3.500  663.6400  5.8870  -0.36 270.01   4.44  -0.62  855.6230  9.2700  0.68    250    250    250
  4.000  622.8250  6.0560  -0.37 267.11   4.55  -0.67  811.8210  8.5340  0.79    250    250    250
  4.500  584.1270  6.2460  -0.39 263.96   4.73  -0.78  770.5720  8.0580  0.88    250    250    250
  5.000  547.4220  6.4040  -0.44 260.58   4.79  -0.86  731.5680  7.4630  0.81    250    250    250
  5.500  512.5540  6.5520  -0.48 257.12   4.89  -0.94  694.2630  7.0990  0.73    250    250    250
  6.000  479.4360  6.7550  -0.51 253.47   5.03  -0.95  658.8250  6.7710  0.54    248    248    248
  6.500  448.0680  6.8330  -0.56 249.76   5.09  -0.94  624.8860  6.3380  0.36    247    247    247
  7.000  418.2530  6.8980  -0.58 246.06   4.95  -0.74  592.1050  5.7270 -0.06    246    246    246
  7.500  390.3070  6.8260  -0.51 242.40   4.72  -0.47  560.8990  5.3820 -0.37    240    240    240
  8.000  363.3820  6.6760  -0.51 238.57   4.44  -0.19  530.5870  5.5140 -0.74    234    234    234
  8.500  338.2000  6.6210  -0.49 234.80   4.17   0.05  501.7690  6.0430 -1.19    234    234    234
  9.000  314.3380  6.4250  -0.44 231.05   4.01   0.20  473.9550  6.8120 -1.52    234    234    234
  9.500  291.9560  6.2720  -0.37 227.45   3.88   0.44  447.1820  7.8290 -1.54    230    230    230
 10.000  270.6320  5.9560  -0.27 224.11   3.97   0.62  420.7340  9.0600 -1.49    229    229    229
 10.500  250.9380  5.5420  -0.20 221.04   4.34   0.84  395.6040 10.2510 -1.39    225    225    225
 11.000  232.4030  5.2690  -0.09 218.52   4.88   1.02  370.6820 11.5360 -1.18    194    194    194
 11.500  214.7250  4.8150   0.04 216.88   5.46   0.87  345.1550 12.5470 -0.79    184    184    184
 12.000  198.5200  4.3600   0.15 216.08   6.13   0.40  320.3680 13.0800 -0.37    181    181    181
 12.500  183.4770  3.8960   0.27 215.65   6.21  -0.01  296.7000 12.1640 -0.07    178    178    178
 13.000  169.5590  3.5010   0.36 215.58   5.64  -0.24  274.2380 10.4700  0.06    176    176    176
 13.500  156.6340  3.1650   0.47 215.22   4.80  -0.03  253.6970  8.8690  0.02    171    171    171
 14.000  144.7590  2.8150   0.51 214.64   4.34   0.10  235.0750  7.7880  0.06    165    165    165
 14.500  133.6820  2.5120   0.56 213.79   4.05   0.06  217.9410  6.9760  0.19    164    164    164
 15.000  123.4630  2.2050   0.58 212.73   3.96   0.04  202.2860  6.4750  0.28    163    163    163
 15.500  113.9530  1.9740   0.63 211.74   4.04  -0.06  187.5910  6.1310  0.37    158    158    158
 16.000  105.1540  1.7300   0.63 210.71   3.96  -0.13  173.9470  5.6160  0.48    157    157    157
 16.500   96.9370  1.5680   0.79 209.38   4.22  -0.32  161.3940  5.6020  0.66    115    115    115
 17.000   89.2580  1.2740   0.84 208.92   4.11  -0.21  148.9210  4.8250  0.70    110    110    110
 17.500   82.2800  1.0810   0.86 208.72   3.94  -0.29  137.4020  4.1580  0.78    108    108    108
 18.000   75.8770  0.9090   0.75 208.74   3.94  -0.29  126.6960  3.6760  0.71    107    107    107
 18.500   69.9710  0.7500   0.73 209.10   3.80  -0.31  116.6270  3.0740  0.77    101    101    101
 19.000   64.5030  0.6530   0.64 209.53   3.33  -0.21  107.2820  2.4840  0.77     94     94     94
 19.500   59.4860  0.5320   0.36 210.12   3.12  -0.12   98.6510  1.9870  0.57     86     86     86
 20.000   54.8390  0.4680   0.26 210.95   2.83  -0.30   90.5790  1.5370  0.79     77     77     77
 20.500   50.6200  0.4230   0.21 212.01   2.51  -0.19   83.1890  1.2320  0.81     70     70     70
 21.000   46.7520  0.4000   0.05 212.68   2.29  -0.18   76.5900  1.0850  0.63     68     68     68
 21.500   43.1550  0.3700  -0.07 213.42   2.46  -0.35   70.4530  1.0050  1.00     65     65     65
 22.000   39.8860  0.3320  -0.15 213.73   2.64  -0.16   65.0200  0.8840  1.16     62     62     62
 22.500   36.8270  0.3090  -0.21 214.16   2.47   0.17   59.9120  0.7620  0.55     59     59     59
 23.000   34.0250  0.3100  -0.20 214.67   2.77   0.59   55.2230  0.7210  0.05     53     53     53
 23.500   31.4300  0.3010  -0.13 215.34   2.97   0.68   50.8530  0.6570 -0.03     50     50     50
 24.000   29.0920  0.2860  -0.05 215.84   2.59   0.24   46.9590  0.5420  0.55     45     45     45
 24.500   26.8950  0.2730  -0.02 216.65   2.89  -0.24   43.2510  0.5380  1.09     43     43     43
 25.000   24.8780  0.2570   0.13 217.57   3.11  -0.25   39.8370  0.4610  1.21     42     42     42
 25.500   23.0180  0.2710   0.22 218.29   3.22  -0.37   36.7370  0.3840  0.78     40     40     40
 26.000   21.2910  0.2690   0.35 218.61   2.93  -0.35   33.9290  0.3370 -0.10     40     40     40
 26.500   19.7200  0.2520   0.24 218.95   2.82   0.17   31.3770  0.3070 -0.10     40     40     40
 27.000   18.2540  0.2520   0.30 219.48   2.87   0.54   28.9750  0.2950 -1.10     40     40     40
 27.500   16.8940  0.2450   0.32 220.18   2.70   0.82   26.7300  0.2910 -0.58     40     40     40
 28.000   15.6410  0.2270   0.48 220.89   2.61   0.88   24.6680  0.2900  0.11     39     39     39
 28.500   14.5000  0.2220   0.43 221.50   2.68   0.77   22.8050  0.2930  0.51     38     38     38
 29.000   13.4320  0.2160   0.47 221.90   2.89   0.48   21.0870  0.2840  0.93     38     38     38
 29.500   12.4450  0.2150   0.38 222.49   3.37   0.42   19.4860  0.2960  1.03     37     37     37
 30.000   11.5610  0.2020   0.28 223.64   3.25   0.41   18.0100  0.2960  0.83     35     35     35
     T A B L E  II -   2.  T H E R M O D Y N A M I C  S T A T I S T I C A L  P A R A M E T E R S
                                  February
 STATION =   746120     CHINA LAKE NAWS, CA
    Z      MEAN P   SD P   SKEWP  MEAN T  SD T  SKEWT    MEAN D   SD D  SKEWD  NOBSP  NOBST  NOBSD
    KM       MB       MB             K      K             G/M3    G/M3                           
  0.000 1020.0000  5.0000   0.00 290.00   5.00   0.00 1221.0000 25.0000  0.00    100    100    100
  0.667  939.0120  5.8080  -0.43 281.47   7.36  -0.00 1160.4810 32.7590  0.33    261    261    261
  1.000  902.2200  5.6330  -0.41 282.92   4.25   0.12 1108.9850 16.7870  0.29    261    261    261
  1.500  849.2820  5.6210  -0.42 280.16   4.38   0.15 1054.4900 15.0600  0.29    261    261    261
  2.000  798.7220  5.6090  -0.42 277.08   4.47   0.02 1002.9410 13.6360  0.46    261    261    261
  2.500  750.8090  5.6860  -0.37 274.24   4.41  -0.19  952.7260 11.8090  0.58    261    261    261
  3.000  705.3580  5.8710  -0.33 271.44   4.43  -0.54  904.4890 10.4690  1.00    261    261    261
  3.500  662.1630  6.0610  -0.33 268.62   4.47  -0.69  858.1570  9.3060  1.03    261    261    261
  4.000  621.2080  6.2560  -0.35 265.50   4.46  -0.76  814.6230  8.2910  1.10    260    260    260
  4.500  582.3760  6.4430  -0.37 262.31   4.40  -0.80  773.0870  7.1700  1.00    260    260    260
  5.000  545.5380  6.5370  -0.41 258.98   4.37  -0.88  733.5460  6.5000  0.93    257    257    257
  5.500  510.3760  6.6010  -0.39 255.41   4.41  -0.90  695.9240  6.0980  1.15    248    248    248
  6.000  477.2170  6.7330  -0.43 251.92   4.46  -0.72  659.7920  5.6070  0.67    246    246    246
  6.500  445.8800  6.7650  -0.50 248.35   4.39  -0.56  625.3660  4.8280 -0.12    245    245    245
  7.000  416.0800  6.7530  -0.48 244.57   4.32  -0.44  592.6110  4.8660  0.46    245    245    245
  7.500  388.0280  6.8190  -0.48 240.82   4.29  -0.44  561.2630  5.5230  2.07    232    232    232
  8.000  361.0420  6.6950  -0.42 237.07   4.02  -0.23  530.5150  5.2570 -0.70    219    219    219
  8.500  335.8500  6.6200  -0.38 233.33   3.79  -0.19  501.4050  5.7740 -1.27    218    218    218
  9.000  312.0150  6.3590  -0.34 229.67   3.48  -0.21  473.2670  6.9710 -1.57    218    218    218
  9.500  289.6570  6.2020  -0.30 226.24   3.43  -0.02  446.0390  8.5160 -1.66    216    216    216
 10.000  268.4810  5.8050  -0.24 223.19   3.60   0.35  419.1290  9.8600 -1.46    214    214    214
 10.500  248.7970  5.4160  -0.18 220.60   4.16   0.70  393.0240 11.2510 -1.18    208    208    208
 11.000  230.2870  5.0670  -0.00 219.00   5.03   0.72  366.5360 12.4190 -0.80    179    179    179
 11.500  212.8670  4.6360   0.11 218.38   5.54   0.45  339.8300 12.7260 -0.35    165    165    165
 12.000  197.0230  4.1140   0.24 218.42   5.64   0.01  314.5000 11.9230  0.09    164    164    164
 12.500  182.2250  3.7280   0.32 218.63   5.31  -0.37  290.5620 10.3500  0.31    161    161    161
 13.000  168.5880  3.3820   0.34 218.50   4.61  -0.43  268.9340  8.7150  0.30    160    160    160
 13.500  155.9470  3.0660   0.36 217.75   4.01  -0.40  249.5950  7.4030  0.31    157    157    157
 14.000  144.2320  2.8300   0.38 216.56   3.50  -0.05  232.0940  6.6500  0.30    152    152    152
 14.500  133.2050  2.4980   0.36 215.28   3.33   0.17  215.6290  6.0980  0.32    151    151    151
 15.000  123.0850  2.2290   0.33 213.94   3.48   0.21  200.5030  5.8430  0.26    151    151    151
 15.500  113.6260  1.9910   0.36 212.62   3.73   0.28  186.2520  5.5750  0.22    148    148    148
 16.000  104.8680  1.7590   0.32 211.62   3.90   0.37  172.7210  5.3670  0.22    147    147    147
 16.500   97.1350  1.6050   0.11 209.90   4.04   0.45  161.2950  5.0250  0.12    101    101    101
 17.000   89.5470  1.3560  -0.02 209.27   3.87   0.62  149.1330  4.2610 -0.12     96     96     96
 17.500   82.5520  1.1870  -0.02 209.09   3.83   0.73  137.5960  3.6670 -0.15     95     95     95
 18.000   76.1420  1.0660  -0.08 209.32   3.70   0.64  126.7680  3.2090 -0.10     93     93     93
 18.500   70.2090  0.9420  -0.10 209.52   3.17   0.73  116.7660  2.5430 -0.19     90     90     90
 19.000   64.7380  0.8730  -0.20 209.76   3.02   0.91  107.5380  2.1280 -0.18     82     82     82
 19.500   59.7000  0.8210  -0.24 210.19   2.77   0.86   98.9630  1.8140  0.08     71     71     71
 20.000   54.9950  0.7770  -0.19 210.72   2.96   0.69   90.9320  1.6250 -0.01     63     63     63
 20.500   50.6870  0.7380  -0.08 211.35   2.89   0.89   83.5580  1.4790  0.09     54     54     54
 21.000   46.7730  0.7080  -0.04 211.69   2.49   0.90   76.9790  1.2910  0.07     50     50     50
 21.500   43.1720  0.6670  -0.03 212.12   2.27   0.50   70.9060  1.0610 -0.34     48     48     48
 22.000   39.8600  0.6210   0.08 212.57   2.21   0.09   65.3250  0.9570 -0.60     46     46     46
 22.500   36.8610  0.6110   0.01 213.26   2.16   0.06   60.2150  0.9630 -0.51     43     43     43
 23.000   34.0300  0.5840   0.08 213.50   2.33   0.01   55.5280  0.8440 -0.38     42     42     42
 23.500   31.5080  0.5180   0.04 214.50   2.05   0.47   51.1710  0.5900 -0.83     38     38     38
 24.000   29.1380  0.4870   0.06 215.03   2.31   0.53   47.2050  0.5060 -0.43     38     38     38
 24.500   26.9250  0.4700   0.13 215.48   2.39   0.02   43.5290  0.5660 -0.50     38     38     38
 25.000   24.8910  0.4350   0.18 216.00   2.16  -0.22   40.1450  0.5490 -0.51     38     38     38
 25.500   23.0200  0.4240   0.24 216.37   2.06  -0.17   37.0620  0.5290 -0.35     38     38     38
 26.000   21.2760  0.4020   0.27 217.04   2.18  -0.11   34.1500  0.5270 -0.38     38     38     38
 26.500   19.6910  0.3790   0.33 217.56   2.37  -0.17   31.5300  0.4710 -0.12     37     37     37
 27.000   18.2450  0.3650   0.24 218.27   2.55  -0.04   29.1200  0.4530 -0.29     34     34     34
 27.500   16.8860  0.3470   0.26 219.26   2.44  -0.02   26.8280  0.4600 -0.24     34     34     34
 28.000   15.6310  0.3310   0.23 220.33   2.55  -0.01   24.7150  0.5100 -0.12     34     34     34
 28.500   14.4950  0.3080   0.23 220.84   2.50   0.19   22.8670  0.4840  0.10     33     33     33
 29.000   13.4320  0.2890   0.26 221.58   2.48   0.26   21.1190  0.4790 -0.05     33     33     33
 29.500   12.4370  0.2750   0.20 222.44   2.67   0.13   19.4810  0.4620 -0.14     32     32     32
 30.000   11.5250  0.2610   0.31 223.31   2.96   0.16   17.9810  0.4300 -0.10     31     31     31
     T A B L E  II -   3.  T H E R M O D Y N A M I C  S T A T I S T I C A L  P A R A M E T E R S
                                     March
 STATION =   746120     CHINA LAKE NAWS, CA
    Z      MEAN P   SD P   SKEWP  MEAN T  SD T  SKEWT    MEAN D   SD D  SKEWD  NOBSP  NOBST  NOBSD
    KM       MB       MB             K      K             G/M3    G/M3                           
  0.000 1020.0000  5.0000   0.00 290.00   5.00   0.00 1221.0000 25.0000  0.00    100    100    100
  0.667  938.0080  5.2850  -0.59 286.30   7.98   0.19 1139.5240 32.0110  0.00    334    334    334
  1.000  901.8210  5.2600  -0.66 286.05   4.60   0.25 1096.2920 16.2000 -0.27    334    334    334
  1.500  849.2910  5.2980  -0.72 282.89   4.46   0.00 1044.1870 13.8280 -0.03    334    334    334
  2.000  799.1520  5.3900  -0.77 279.43   4.41  -0.15  994.9680 12.1640  0.10    334    334    334
  2.500  751.6030  5.6090  -0.76 276.18   4.44  -0.31  947.0250 10.9570  0.35    334    334    334
  3.000  706.3830  5.7940  -0.71 273.05   4.43  -0.41  900.4620  9.7770  0.57    334    334    334
  3.500  663.3340  6.0460  -0.67 270.02   4.43  -0.50  855.2450  8.6820  0.61    329    329    329
  4.000  622.5320  6.2130  -0.66 266.89   4.32  -0.53  812.1560  7.4520  0.55    328    328    328
  4.500  583.7970  6.3930  -0.67 263.52   4.30  -0.59  771.4560  6.7820  0.44    328    328    328
  5.000  547.0680  6.4460  -0.67 260.01   4.32  -0.72  732.7290  6.3240  0.18    328    328    328
  5.500  512.1630  6.5280  -0.67 256.41   4.43  -0.81  695.6770  6.1440  0.08    327    327    327
  6.000  478.9950  6.6820  -0.70 252.78   4.48  -0.79  660.0150  5.6230  0.00    327    327    327
  6.500  447.6260  6.7010  -0.71 249.13   4.46  -0.72  625.8370  5.3700 -0.21    324    324    324
  7.000  417.9110  6.5910  -0.70 245.43   4.31  -0.60  593.1180  5.1380 -0.43    321    321    321
  7.500  390.0590  6.4290  -0.74 241.77   4.21  -0.55  561.9970  5.1190 -0.72    312    312    312
  8.000  363.2980  6.3100  -0.70 237.92   4.10  -0.34  531.9300  5.0390 -0.91    302    302    302
  8.500  338.0920  6.2140  -0.71 234.10   3.89  -0.13  503.1030  5.2480 -1.05    300    300    300
  9.000  314.2160  6.0210  -0.66 230.27   3.70  -0.00  475.3560  5.7540 -1.42    299    299    299
  9.500  291.6990  5.9220  -0.57 226.61   3.53   0.12  448.4310  6.7380 -1.79    294    294    294
 10.000  270.3410  5.6430  -0.48 223.13   3.30   0.19  422.1030  7.8570 -1.83    292    292    292
 10.500  250.8650  5.0760  -0.42 220.04   3.21   0.44  397.2130  8.5910 -1.79    277    277    277
 11.000  232.2540  4.6550  -0.22 217.46   3.60   0.71  372.1750  9.6600 -1.35    258    258    258
 11.500  214.7600  4.1450  -0.01 215.93   4.53   0.75  346.6520 10.8010 -0.77    248    248    248
 12.000  198.5140  3.7430   0.10 215.35   5.53   0.41  321.3940 11.6080 -0.28    246    246    246
 12.500  183.4390  3.3690   0.14 215.41   5.73  -0.04  296.9250 11.1640  0.18    245    245    245
 13.000  169.4720  2.9580   0.13 215.84   5.18  -0.41  273.7350  9.6670  0.53    244    244    244
 13.500  156.6740  2.6270   0.09 215.75   4.29  -0.69  253.1180  7.8560  0.62    238    238    238
 14.000  144.8630  2.3040   0.09 215.27   3.47  -0.42  234.5130  6.4820  0.40    228    228    228
 14.500  133.7910  2.0450   0.09 214.48   3.20  -0.35  217.3840  5.8210  0.31    227    227    227
 15.000  123.5830  1.7910   0.04 213.44   3.25  -0.52  201.7760  5.3970  0.38    226    226    226
 15.500  114.0800  1.5760   0.07 212.48   3.24  -0.22  187.1090  4.8940  0.25    223    223    223
 16.000  105.3150  1.3780   0.06 211.64   3.36  -0.14  173.4190  4.5360  0.15    221    221    221
 16.500   97.2420  1.2130   0.04 211.23   3.13  -0.12  160.4300  3.9830  0.04    146    146    146
 17.000   89.7040  1.0030  -0.04 210.63   3.10   0.16  148.4120  3.4270 -0.14    142    142    142
 17.500   82.7490  0.8710  -0.04 210.32   3.16   0.30  137.1070  3.0450 -0.17    142    142    142
 18.000   76.3500  0.7630  -0.07 210.15   2.94   0.27  126.5970  2.6080 -0.02    140    140    140
 18.500   70.4320  0.6600  -0.11 210.37   2.69   0.18  116.6540  2.1230  0.08    135    135    135
 19.000   64.9780  0.6130  -0.16 210.54   2.45  -0.13  107.5340  1.7560  0.09    128    128    128
 19.500   59.9590  0.5470  -0.27 210.64   2.41  -0.02   99.1750  1.5250 -0.02    116    116    116
 20.000   55.3420  0.5250  -0.39 210.98   2.38   0.14   91.3940  1.4100 -0.05    102    102    102
 20.500   51.0470  0.4730  -0.40 211.70   2.13   0.08   84.0120  1.1370  0.04     97     97     97
 21.000   47.1460  0.4430  -0.41 212.45   2.14  -0.25   77.3160  0.9770  0.25     89     89     89
 21.500   43.5410  0.4150  -0.45 213.21   2.06  -0.34   71.1480  0.8850  0.47     82     82     82
 22.000   40.2360  0.3620  -0.35 213.81   2.01  -0.38   65.5630  0.7590  0.00     76     76     76
 22.500   37.2020  0.3220  -0.37 214.55   1.67  -0.19   60.4080  0.5840  0.11     69     69     69
 23.000   34.3740  0.3070  -0.37 214.88   1.68  -0.29   55.7310  0.5530 -0.06     62     62     62
 23.500   31.7550  0.2860  -0.28 215.31   1.66  -0.12   51.3810  0.4830 -0.13     61     61     61
 24.000   29.3810  0.2750  -0.27 215.99   1.49   0.09   47.3890  0.4110 -0.19     61     61     61
 24.500   27.1650  0.2610  -0.31 216.67   1.35  -0.20   43.6770  0.3750 -0.36     59     59     59
 25.000   25.1160  0.2430  -0.29 217.14   1.60  -0.70   40.2960  0.3610 -0.47     55     55     55
 25.500   23.2460  0.2390  -0.30 217.64   1.59  -0.74   37.2110  0.3890 -0.92     55     55     55
 26.000   21.5000  0.2270  -0.19 218.32   1.84  -1.22   34.3090  0.3970 -0.87     55     55     55
 26.500   19.9080  0.2050  -0.24 218.89   1.93  -0.58   31.6850  0.3460 -0.65     55     55     55
 27.000   18.4320  0.2010  -0.23 219.45   2.02   0.02   29.2620  0.3310 -0.32     55     55     55
 27.500   17.0550  0.1880  -0.24 220.11   2.18   0.53   26.9940  0.3240 -0.30     54     54     54
 28.000   15.7900  0.1830  -0.27 220.86   2.35   0.51   24.9080  0.3320 -0.34     54     54     54
 28.500   14.6490  0.1720  -0.37 221.74   2.31   0.08   23.0160  0.3050 -0.56     54     54     54
 29.000   13.5730  0.1670  -0.31 222.83   2.44  -0.27   21.2210  0.2840 -0.39     53     53     53
 29.500   12.5780  0.1580  -0.40 223.77   2.47  -0.12   19.5820  0.2610 -0.33     53     53     53
 30.000   11.6680  0.1500  -0.26 224.50   2.62  -0.08   18.1060  0.2360  0.10     52     52     52
     T A B L E  II -   4.  T H E R M O D Y N A M I C  S T A T I S T I C A L  P A R A M E T E R S
                                     April
 STATION =   746120     CHINA LAKE NAWS, CA
    Z      MEAN P   SD P   SKEWP  MEAN T  SD T  SKEWT    MEAN D   SD D  SKEWD  NOBSP  NOBST  NOBSD
    KM       MB       MB             K      K             G/M3    G/M3                           
  0.000 1020.0000  5.0000   0.00 290.00   5.00   0.00 1221.0000 25.0000  0.00    100    100    100
  0.667  936.0910  3.6520   0.02 288.60   8.94   0.23 1128.6260 35.1930 -0.12    259    259    259
  1.000  900.1980  3.7800   0.02 288.84   5.50   0.00 1083.9220 19.9220  0.00    259    259    259
  1.500  848.3570  3.9440  -0.12 285.63   5.40  -0.23 1033.2321 17.7450  0.24    259    259    259
  2.000  798.7060  4.2030  -0.33 282.01   5.38  -0.32  985.4690 16.1050  0.32    259    259    259
  2.500  751.5370  4.5470  -0.40 278.17   5.39  -0.39  940.2380 14.6620  0.40    259    259    259
  3.000  706.6130  4.9020  -0.41 274.59   5.40  -0.48  895.7180 13.2590  0.49    259    259    259
  3.500  663.7790  5.3430  -0.46 271.35   5.28  -0.59  851.6210 11.4900  0.58    259    259    259
  4.000  623.1490  5.7170  -0.53 268.21   5.25  -0.67  809.0150 10.2260  0.59    259    259    259
  4.500  584.5820  6.0050  -0.57 265.12   5.16  -0.78  767.8580  8.7980  0.69    259    259    259
  5.000  547.9880  6.2490  -0.61 261.88   5.10  -0.97  728.7880  7.6800  0.91    256    256    256
  5.500  513.2830  6.4380  -0.65 258.42   5.06  -0.89  691.8070  6.8300  0.56    255    255    255
  6.000  480.2950  6.6440  -0.66 254.83   5.05  -0.83  656.5110  6.1830  0.24    253    253    253
  6.500  449.0280  6.7760  -0.70 251.18   4.99  -0.83  622.7000  5.4670  0.06    252    252    252
  7.000  419.3420  6.8560  -0.68 247.41   4.93  -0.85  590.4170  5.0260  0.11    250    250    250
  7.500  391.2950  6.9650  -0.70 243.57   4.81  -0.82  559.6170  4.6760 -0.25    247    247    247
  8.000  364.4420  6.9550  -0.64 239.69   4.56  -0.61  529.6400  4.4830 -0.79    241    241    241
  8.500  339.3130  6.8870  -0.60 235.95   4.15  -0.24  500.9380  5.0300 -1.82    241    241    241
  9.000  315.4950  6.6710  -0.55 232.22   3.85   0.07  473.2750  6.1980 -2.42    241    241    241
  9.500  293.1140  6.5030  -0.48 228.51   3.62   0.19  446.8590  7.5280 -2.52    236    236    236
 10.000  271.8140  6.1840  -0.35 224.97   3.53   0.42  420.9390  8.6390 -2.32    236    236    236
 10.500  252.0450  5.7920  -0.24 221.67   3.54   0.60  396.1590  9.6400 -2.04    230    230    230
 11.000  233.3530  5.6210  -0.11 218.86   4.02   0.70  371.5700 11.1720 -1.61    200    200    200
 11.500  215.6110  5.1190   0.07 216.63   5.06   0.87  346.9530 12.5620 -1.21    191    191    191
 12.000  199.3330  4.6260   0.20 215.19   5.65   0.68  322.9940 13.1980 -0.73    191    191    191
 12.500  184.1460  4.1460   0.35 214.28   5.95   0.37  299.7050 13.0530 -0.29    190    190    190
 13.000  170.0870  3.6350   0.41 214.10   5.96   0.07  277.0610 12.1650  0.08    189    189    189
 13.500  157.1290  3.1440   0.45 214.14   5.71  -0.26  255.8910 10.8470  0.42    187    187    187
 14.000  145.1720  2.7360   0.44 214.02   5.55  -0.52  236.5350  9.8240  0.64    181    181    181
 14.500  134.0200  2.3360   0.40 213.42   5.27  -0.56  218.9650  8.6010  0.73    181    181    181
 15.000  123.7420  2.0060   0.33 212.75   4.97  -0.50  202.7840  7.4790  0.70    177    177    177
 15.500  114.2160  1.7490   0.22 211.91   4.79  -0.42  187.9020  6.5830  0.62    169    169    169
 16.000  105.3920  1.4850   0.10 211.14   4.64  -0.34  174.0080  5.7570  0.45    167    167    167
 16.500   97.3910  1.2630  -0.03 210.64   4.76  -0.13  161.1850  5.3870  0.33    139    139    139
 17.000   89.8030  1.0560  -0.09 210.38   4.45  -0.13  148.7930  4.4900  0.26    135    135    135
 17.500   82.8310  0.9000  -0.17 210.50   3.94  -0.24  137.1470  3.6070  0.28    132    132    132
 18.000   76.4000  0.7640  -0.17 210.50   3.74  -0.21  126.4920  3.0790  0.25    124    124    124
 18.500   70.4770  0.6630  -0.13 210.77   3.61   0.02  116.5300  2.6240  0.23    113    113    113
 19.000   65.0530  0.6110  -0.14 211.30   3.24   0.10  107.2820  2.0950  0.07    102    102    102
 19.500   60.0310  0.5550  -0.09 211.79   2.80   0.15   98.7630  1.6270 -0.03     97     97     97
 20.000   55.4130  0.5170  -0.03 212.00   2.74   0.48   91.0710  1.4920 -0.41     87     87     87
 20.500   51.1540  0.4760  -0.20 212.20   2.43   0.22   83.9880  1.1540 -0.24     77     77     77
 21.000   47.2300  0.4480  -0.09 213.01   2.22  -0.06   77.2500  0.9290 -0.33     67     67     67
 21.500   43.6190  0.4290  -0.05 213.76   1.94  -0.22   71.0890  0.7520 -0.36     62     62     62
 22.000   40.2760  0.3900   0.01 214.16   1.59  -0.23   65.5170  0.5990 -0.23     57     57     57
 22.500   37.2180  0.3650  -0.22 214.76   1.75  -0.43   60.3740  0.6450 -0.52     52     52     52
 23.000   34.4140  0.3280  -0.16 214.91   1.75  -0.51   55.7850  0.5320 -0.38     49     49     49
 23.500   31.8030  0.3090  -0.12 215.41   1.69   0.38   51.4330  0.5010  0.02     47     47     47
 24.000   29.4440  0.2850  -0.20 216.03   1.78   0.02   47.4820  0.4170  0.51     46     46     46
 24.500   27.2320  0.2780  -0.25 216.84   1.92   0.19   43.7500  0.4250  0.17     46     46     46
 25.000   25.1780  0.2660  -0.19 217.25   2.03   0.16   40.3750  0.3780  0.19     44     44     44
 25.500   23.2950  0.2580  -0.34 217.90   1.97   0.33   37.2430  0.3460  0.08     43     43     43
 26.000   21.5460  0.2480  -0.32 218.51   2.01   0.18   34.3510  0.3540 -0.11     43     43     43
 26.500   19.9440  0.2230  -0.24 219.26   2.18   0.03   31.6890  0.3620 -0.35     42     42     42
 27.000   18.4760  0.2230  -0.37 220.14   2.33   0.16   29.2380  0.3680 -0.01     42     42     42
 27.500   17.1170  0.2090  -0.48 220.88   2.42   0.73   26.9970  0.3730 -0.34     40     40     40
 28.000   15.8600  0.2000  -0.52 221.53   2.37   0.49   24.9410  0.3240 -0.08     40     40     40
 28.500   14.7020  0.1810  -0.44 222.46   2.33   0.13   23.0230  0.2870  0.05     40     40     40
 29.000   13.6240  0.1730  -0.45 223.69   2.65  -0.10   21.2180  0.2810 -0.34     40     40     40
 29.500   12.6300  0.1670  -0.50 224.97   2.85   0.06   19.5590  0.2820 -0.56     39     39     39
 30.000   11.7200  0.1670  -0.51 226.08   2.89   0.27   18.0610  0.2700 -0.83     38     38     38
     T A B L E  II -   5.  T H E R M O D Y N A M I C  S T A T I S T I C A L  P A R A M E T E R S
                                       May
 STATION =   746120     CHINA LAKE NAWS, CA
    Z      MEAN P   SD P   SKEWP  MEAN T  SD T  SKEWT    MEAN D   SD D  SKEWD  NOBSP  NOBST  NOBSD
    KM       MB       MB             K      K             G/M3    G/M3                           
  0.000 1020.0000  5.0000   0.00 290.00   5.00   0.00 1221.0000 25.0000  0.00    100    100    100
  0.667  933.7510  2.8500   0.03 294.65   8.73  -0.10 1101.9330 33.5510  0.20    349    349    349
  1.000  898.5170  2.7900   0.02 293.13   5.13   0.06 1065.3210 18.6490 -0.01    349    349    349
  1.500  847.4230  2.8240  -0.02 289.66   4.64  -0.16 1017.0080 15.2880  0.14    349    349    349
  2.000  798.6600  3.0240  -0.19 285.89   4.47  -0.42  971.3970 13.4210  0.37    349    349    349
  2.500  752.1570  3.2900  -0.28 282.01   4.40  -0.57  927.6310 12.0380  0.50    349    349    349
  3.000  707.7780  3.6360  -0.37 278.20   4.30  -0.64  885.0540 10.5270  0.52    349    349    349
  3.500  665.4170  3.9380  -0.50 274.55   4.16  -0.78  843.3580  9.2330  0.59    349    349    349
  4.000  625.1510  4.1860  -0.60 271.10   3.99  -0.88  802.6050  8.0050  0.58    348    348    348
  4.500  586.8830  4.4300  -0.69 267.68   3.90  -0.95  763.2570  7.1600  0.45    347    347    347
  5.000  550.4990  4.5810  -0.75 264.27   3.92  -0.93  725.2770  6.6290  0.19    344    344    344
  5.500  515.8290  4.7370  -0.79 260.78   4.00  -0.88  688.8190  6.2100 -0.06    340    340    340
  6.000  483.0410  4.9240  -0.85 257.32   4.10  -0.81  653.7610  5.7550 -0.30    334    334    334
  6.500  451.9170  4.9960  -0.90 253.83   4.20  -0.78  620.1070  5.4470 -0.46    334    334    334
  7.000  422.3660  5.1200  -0.92 250.21   4.22  -0.81  587.9900  5.0920 -0.59    331    331    331
  7.500  394.6070  5.1020  -0.96 246.61   4.15  -0.77  557.3800  4.7230 -0.91    326    326    326
  8.000  367.9530  5.1120  -0.91 242.78   4.12  -0.70  527.9390  4.5270 -1.11    316    316    316
  8.500  343.1220  5.0400  -1.00 239.12   3.68  -0.71  499.8650  4.0330 -0.70    300    300    300
  9.000  319.3650  4.9490  -0.97 235.28   3.33  -0.41  472.8390  4.2770 -1.62    294    294    294
  9.500  297.0990  4.8630  -0.95 231.60   2.81   0.10  446.8700  5.0830 -2.07    292    292    292
 10.000  275.7360  4.6410  -0.83 227.90   2.61   0.24  421.4860  6.1740 -2.19    290    290    290
 10.500  255.8420  4.3680  -0.73 224.33   2.67   0.34  397.3240  7.2540 -2.13    285    285    285
 11.000  237.1960  4.1690  -0.57 221.07   2.83   0.83  373.8310  8.1560 -1.93    256    256    256
 11.500  219.4290  3.8040  -0.41 218.09   3.29   1.07  350.6070  8.9750 -1.60    251    251    251
 12.000  202.9530  3.4370  -0.27 215.71   4.12   0.99  327.9330  9.8980 -1.21    250    250    250
 12.500  187.5160  3.0480  -0.14 214.17   4.83   0.75  305.2290 10.2660 -0.83    250    250    250
 13.000  173.1860  2.6440  -0.03 213.24   5.15   0.41  283.1480  9.8210 -0.46    246    246    246
 13.500  159.9290  2.2970   0.04 213.20   5.07  -0.01  261.5170  8.8140 -0.10    245    245    245
 14.000  147.7150  1.9750   0.09 213.21   4.56  -0.13  241.4960  7.4020  0.00    237    237    237
 14.500  136.3820  1.7150   0.10 212.88   4.02  -0.05  223.2890  6.1830 -0.02    233    233    233
 15.000  125.8950  1.4950   0.10 212.19   3.58   0.14  206.7730  5.2600 -0.06    230    230    230
 15.500  116.1820  1.3170   0.10 211.45   3.40   0.15  191.4770  4.6110 -0.04    221    221    221
 16.000  107.2140  1.1460   0.09 210.85   3.35  -0.00  177.1990  4.0920  0.10    218    218    218
 16.500   99.0670  0.9970   0.10 210.82   3.41  -0.04  163.7560  3.7270  0.08    168    168    168
 17.000   91.3380  0.8630   0.21 210.40   3.27  -0.12  151.2780  3.2000  0.07    162    162    162
 17.500   84.2510  0.7600   0.24 210.23   3.38  -0.10  139.6550  2.8810  0.11    159    159    159
 18.000   77.7050  0.6750   0.26 210.12   3.33  -0.19  128.8660  2.5420  0.15    154    154    154
 18.500   71.6550  0.6110   0.22 210.16   2.88  -0.12  118.8020  2.0740  0.14    148    148    148
 19.000   66.1350  0.5370   0.23 210.56   2.69  -0.06  109.4420  1.8840  0.25    136    136    136
 19.500   61.0190  0.4920   0.22 210.91   2.40  -0.09  100.8020  1.5570  0.39    124    124    124
 20.000   56.3580  0.4290  -0.03 211.57   2.13   0.02   92.8080  1.2490  0.18    108    108    108
 20.500   52.0250  0.4100  -0.05 212.28   1.92   0.16   85.3830  0.9910  0.27     83     83     83
 21.000   48.0250  0.3790  -0.21 213.16   1.84   0.30   78.4930  0.9070  0.25     70     70     70
 21.500   44.3560  0.3760  -0.31 213.90   1.68  -0.11   72.2440  0.7250  0.35     57     57     57
 22.000   40.9590  0.3460  -0.48 214.70   1.57   0.12   66.4610  0.6140  0.26     46     46     46
 22.500   37.8700  0.3350  -0.43 215.63   1.73  -0.34   61.1830  0.6350  0.64     45     45     45
 23.000   34.9950  0.3230  -0.38 216.37   1.87  -0.48   56.3470  0.6040  0.20     44     44     44
 23.500   32.3580  0.3120  -0.43 217.45   1.96  -0.16   51.8430  0.5750 -0.06     42     42     42
 24.000   29.9460  0.2720  -0.42 218.31   1.74  -0.15   47.7880  0.4150 -0.17     40     40     40
 24.500   27.7250  0.2730  -0.37 218.92   1.64  -0.48   44.1200  0.3920 -0.59     40     40     40
 25.000   25.6550  0.2570  -0.37 219.85   1.66   0.06   40.6530  0.4020 -0.70     40     40     40
 25.500   23.7710  0.2430  -0.28 220.51   1.56  -0.62   37.5540  0.3750 -0.67     38     38     38
 26.000   22.0100  0.2330  -0.28 221.37   1.65  -0.45   34.6360  0.3390 -0.92     38     38     38
 26.500   20.3830  0.2160  -0.24 222.46   1.77  -0.59   31.9200  0.3240 -0.77     38     38     38
 27.000   18.9100  0.2140  -0.39 223.65   2.02  -0.46   29.4550  0.3130 -0.37     36     36     36
 27.500   17.5340  0.2060  -0.45 224.78   2.32  -0.45   27.1740  0.2860 -0.10     36     36     36
 28.000   16.2630  0.2070  -0.52 225.66   2.50  -0.69   25.1070  0.2620 -0.07     35     35     35
 28.500   15.0850  0.1970  -0.55 226.53   2.49  -0.59   23.1970  0.2370  0.24     34     34     34
 29.000   14.0190  0.1780  -0.45 227.61   2.23  -0.45   21.4570  0.2260  0.34     33     33     33
 29.500   13.0170  0.1650  -0.46 228.66   2.11  -0.76   19.8310  0.2490  0.04     33     33     33
 30.000   12.0910  0.1570  -0.52 229.87   2.15  -1.05   18.3240  0.2410  0.08     33     33     33
     T A B L E  II -   6.  T H E R M O D Y N A M I C  S T A T I S T I C A L  P A R A M E T E R S
                                      June
 STATION =   746120     CHINA LAKE NAWS, CA
    Z      MEAN P   SD P   SKEWP  MEAN T  SD T  SKEWT    MEAN D   SD D  SKEWD  NOBSP  NOBST  NOBSD
    KM       MB       MB             K      K             G/M3    G/M3                           
  0.000 1020.0000  5.0000   0.00 290.00   5.00   0.00 1221.0000 25.0000  0.00    100    100    100
  0.667  933.3150  2.7070  -0.51 299.84   9.29  -0.21 1082.5530 34.4300  0.32    342    342    342
  1.000  898.6750  2.6990  -0.45 298.76   5.15  -0.15 1045.3850 17.8630  0.31    342    342    342
  1.500  848.6320  2.8300  -0.45 295.41   4.74  -0.37  998.6430 14.8820  0.53    342    342    342
  2.000  800.7420  3.1140  -0.36 291.74   4.59  -0.53  954.4370 13.0770  0.70    342    342    342
  2.500  755.0000  3.4260  -0.32 287.84   4.45  -0.61  912.3310 11.5480  0.74    342    342    342
  3.000  711.3650  3.7210  -0.34 284.00   4.24  -0.67  871.4040 10.0110  0.68    342    342    342
  3.500  669.6750  3.9920  -0.39 280.35   3.98  -0.79  831.2280  8.5170  0.64    342    342    342
  4.000  629.9970  4.2080  -0.46 276.95   3.76  -0.89  791.8060  7.3390  0.53    342    342    342
  4.500  592.2360  4.3750  -0.52 273.56   3.48  -0.77  753.6800  6.1920  0.15    342    342    342
  5.000  556.1910  4.4380  -0.57 270.10   3.40  -0.79  716.9700  5.6890  0.03    341    341    341
  5.500  522.0090  4.5090  -0.64 266.65   3.42  -1.10  681.6730  5.3820  0.67    339    339    339
  6.000  489.5390  4.5750  -0.69 263.14   3.41  -1.11  647.8760  5.1870  0.84    337    337    337
  6.500  458.5890  4.6010  -0.73 259.51   3.26  -0.99  615.4490  4.2810  0.01    336    336    336
  7.000  429.2570  4.6240  -0.81 255.79   3.24  -0.91  584.4740  3.7630 -0.03    335    335    335
  7.500  401.4960  4.5670  -0.85 252.03   3.18  -0.69  554.8610  3.4680 -0.11    334    334    334
  8.000  375.0560  4.5540  -0.77 248.27   3.13  -0.53  526.1950  3.3480 -0.32    322    322    322
  8.500  350.1110  4.5070  -0.79 244.48   3.08  -0.54  498.8340  3.3450 -1.06    314    314    314
  9.000  326.3960  4.4890  -0.78 240.66   3.09  -0.49  472.4390  3.3620 -1.44    296    296    296
  9.500  304.0210  4.4180  -0.77 236.76   3.06  -0.38  447.3120  3.5010 -1.91    279    279    279
 10.000  282.6250  4.4450  -0.66 232.79   3.02  -0.27  422.9300  3.7700 -2.08    265    265    265
 10.500  262.4760  4.2920  -0.61 228.98   2.89  -0.17  399.3120  4.2490 -2.15    260    260    260
 11.000  243.6860  4.1570  -0.67 225.45   2.72  -0.16  376.5540  5.2680 -2.19    230    230    230
 11.500  225.7540  3.9370  -0.61 222.12   2.74   0.14  354.0910  6.1570 -2.00    219    219    219
 12.000  209.0310  3.6800  -0.50 219.09   3.08   0.37  332.4210  6.8240 -1.82    219    219    219
 12.500  193.3950  3.4570  -0.40 216.62   3.45   0.50  311.0990  7.5550 -1.53    218    218    218
 13.000  178.6890  3.1290  -0.29 214.70   3.79   0.58  290.0450  8.0530 -1.14    218    218    218
 13.500  165.0840  2.8200  -0.19 213.27   3.92   0.52  269.7910  8.1450 -0.77    214    214    214
 14.000  152.4130  2.4870  -0.15 211.90   3.96   0.48  250.7010  7.7450 -0.47    212    212    212
 14.500  140.6540  2.2100  -0.19 210.44   4.13   0.33  232.9730  7.4630 -0.25    204    204    204
 15.000  129.7220  1.9070  -0.21 209.36   4.32   0.14  215.9850  7.0300 -0.12    200    200    200
 15.500  119.5910  1.6280  -0.23 208.37   4.35   0.08  200.0730  6.4380 -0.06    197    197    197
 16.000  110.2070  1.3560  -0.16 207.65   4.07   0.16  184.9930  5.5770 -0.01    194    194    194
 16.500  101.6260  1.0220   0.15 207.06   3.75   0.24  171.0570  4.5300  0.09    184    184    184
 17.000   93.5410  0.7990   0.11 207.25   3.33   0.19  157.2860  3.5910  0.11    141    141    141
 17.500   86.1860  0.6930   0.13 207.54   2.86   0.13  144.7050  2.8590  0.10    141    141    141
 18.000   79.4450  0.5830   0.08 207.82   2.41   0.24  133.1950  2.1900  0.06    138    138    138
 18.500   73.2180  0.5020  -0.11 208.65   2.09   0.37  122.2590  1.6770  0.14    132    132    132
 19.000   67.5280  0.4430  -0.14 209.69   1.98   0.29  112.1960  1.3690  0.07    125    125    125
 19.500   62.2990  0.4000  -0.10 210.77   1.74   0.13  102.9770  1.0750 -0.05    115    115    115
 20.000   57.5350  0.3450  -0.05 211.91   1.78   0.03   94.5880  0.9190 -0.19    101    101    101
 20.500   53.1000  0.3330  -0.04 212.82   1.45   0.11   86.9250  0.7300 -0.20     82     82     82
 21.000   49.0520  0.3170  -0.14 213.70   1.39   0.46   79.9660  0.6630 -0.34     73     73     73
 21.500   45.3110  0.3300   0.06 214.68   1.54   0.01   73.5310  0.6630  0.09     63     63     63
 22.000   41.9020  0.2930   0.18 215.81   1.36   0.37   67.6390  0.5200  0.07     57     57     57
 22.500   38.7640  0.2650   0.03 216.95   1.32   0.17   62.2440  0.4190 -0.05     48     48     48
 23.000   35.8530  0.2510   0.06 217.96   1.21   0.50   57.3030  0.3860 -0.13     46     46     46
 23.500   33.1690  0.2480   0.12 218.86   1.12   0.31   52.7970  0.3750  0.09     46     46     46
 24.000   30.6900  0.2340   0.04 219.65   1.06   0.06   48.6740  0.3870  0.15     44     44     44
 24.500   28.4280  0.2070  -0.03 220.48   1.31  -0.23   44.9190  0.3560  0.27     43     43     43
 25.000   26.3180  0.1950   0.04 221.35   1.14  -0.11   41.4220  0.3210  0.04     42     42     42
 25.500   24.3890  0.1780  -0.02 222.30   1.10  -0.15   38.2200  0.2910 -0.07     41     41     41
 26.000   22.5830  0.1670   0.11 223.47   1.28   0.11   35.2050  0.2620 -0.40     37     37     37
 26.500   20.9260  0.1620   0.10 224.49   1.50   0.57   32.4730  0.2630 -0.56     36     36     36
 27.000   19.4300  0.1530   0.15 225.30   1.35  -0.18   30.0440  0.2370 -0.09     34     34     34
 27.500   18.0240  0.1450   0.09 226.27   1.32  -0.67   27.7500  0.2530  0.14     34     34     34
 28.000   16.7350  0.1340  -0.01 227.21   1.47  -1.25   25.6600  0.2440  0.25     32     32     32
 28.500   15.5270  0.1240   0.10 228.46   1.47  -0.94   23.6770  0.2180  0.17     30     30     30
 29.000   14.4340  0.1180   0.24 229.65   1.36  -0.47   21.8950  0.1730  0.12     30     30     30
 29.500   13.4030  0.1200   0.32 230.75   1.01   0.25   20.2340  0.1910  0.12     26     26     26
 30.000   12.4640  0.1200   0.23 231.50   1.42   0.17   18.7560  0.2270  0.40     26     26     26
     T A B L E  II -   7.  T H E R M O D Y N A M I C  S T A T I S T I C A L  P A R A M E T E R S
                                      July
 STATION =   746120     CHINA LAKE NAWS, CA
    Z      MEAN P   SD P   SKEWP  MEAN T  SD T  SKEWT    MEAN D   SD D  SKEWD  NOBSP  NOBST  NOBSD
    KM       MB       MB             K      K             G/M3    G/M3                           
  0.000 1020.0000  5.0000   0.00 290.00   5.00   0.00 1221.0000 25.0000  0.00    100    100    100
  0.667  935.0580  2.6100  -0.36 301.95   8.93  -0.14 1076.2590 32.5570  0.18    349    349    349
  1.000  900.5800  2.5280  -0.32 301.19   4.20   0.06 1038.3020 14.7250 -0.05    349    349    349
  1.500  850.8770  2.4580  -0.37 298.27   3.30  -0.33  990.8610 10.8040  0.38    349    349    349
  2.000  803.3490  2.4590  -0.45 294.74   2.98  -0.59  947.0400  9.0000  0.65    349    349    349
  2.500  757.9910  2.4760  -0.45 290.86   2.80  -0.75  905.7090  7.9670  0.75    349    349    349
  3.000  714.6310  2.5050  -0.42 286.93   2.62  -0.83  865.8110  7.0110  0.68    349    349    349
  3.500  673.1880  2.5720  -0.39 283.08   2.39  -0.81  826.9080  6.0680  0.55    349    349    349
  4.000  633.6820  2.5880  -0.42 279.30   2.20  -0.56  789.1480  5.3560  0.16    348    348    348
  4.500  596.0360  2.5940  -0.41 275.66   2.11  -0.49  752.2730  5.0000  0.02    346    346    346
  5.000  560.0440  2.5620  -0.45 272.23   2.06  -0.51  715.9470  4.7040 -0.08    342    342    342
  5.500  525.8880  2.5420  -0.41 268.78   2.00  -0.28  681.0640  4.5920 -0.35    336    336    336
  6.000  493.4640  2.5130  -0.47 265.29   1.96  -0.11  647.6030  4.3130 -0.42    332    332    332
  6.500  462.5090  2.4690  -0.53 261.92   1.99  -0.34  614.8940  3.8150 -0.17    327    327    327
  7.000  433.2690  2.4890  -0.47 258.46   2.04  -0.42  583.7880  3.4500 -0.07    325    325    325
  7.500  405.4770  2.4250  -0.51 254.86   2.07  -0.43  554.1130  3.1710 -0.08    323    323    323
  8.000  378.9840  2.4670  -0.45 251.12   2.08  -0.60  525.6480  2.8800  0.05    310    310    310
  8.500  353.8660  2.3620  -0.55 247.27   2.07  -0.61  498.4730  2.6800  0.13    300    300    300
  9.000  330.0630  2.3880  -0.57 243.38   2.14  -0.61  472.3930  2.5070  0.03    292    292    292
  9.500  307.6890  2.2700  -0.63 239.67   2.09  -0.32  447.1970  2.3160 -0.20    282    282    282
 10.000  286.4450  2.2970  -0.62 235.97   2.09  -0.20  422.8790  2.2970 -0.06    276    276    276
 10.500  266.2670  2.2600  -0.58 232.21   2.11  -0.14  399.4510  2.4430  0.12    268    268    268
 11.000  247.5080  2.1310  -0.47 228.72   2.12  -0.09  376.9900  2.5590 -0.11    253    253    253
 11.500  229.4330  2.0290  -0.38 225.23   2.08  -0.19  354.8810  2.9100 -0.47    233    233    233
 12.000  212.6680  1.9310  -0.38 222.01   2.21  -0.06  333.7260  3.4170 -1.09    231    231    231
 12.500  197.0140  1.8890  -0.35 219.05   2.25  -0.00  313.3450  3.7460 -0.97    231    231    231
 13.000  182.1350  1.7470  -0.37 216.26   2.27   0.28  293.4320  4.0180 -0.73    230    230    230
 13.500  168.3140  1.6060  -0.37 213.66   2.42   0.74  274.4720  4.3400 -0.64    228    228    228
 14.000  155.3780  1.4490  -0.38 211.26   2.66   0.71  256.2710  4.6040 -0.66    227    227    227
 14.500  143.3320  1.2670  -0.18 209.10   2.80   0.71  238.8560  4.4940 -0.63    224    224    224
 15.000  132.0750  1.1010  -0.16 207.31   2.79   0.72  221.9890  4.1810 -0.59    221    221    221
 15.500  121.7090  0.9560  -0.13 206.10   2.79   0.52  205.7690  3.8590 -0.43    217    217    217
 16.000  112.0490  0.8260  -0.18 205.27   2.85   0.31  190.2080  3.5600 -0.28    215    215    215
 16.500  103.1620  0.7050  -0.15 205.16   2.87   0.34  175.2100  3.1890 -0.25    213    213    213
 17.000   95.2360  0.4890  -0.25 205.14   2.68   0.21  161.7590  2.5970 -0.29    132    132    132
 17.500   87.6890  0.4260  -0.34 205.84   2.24  -0.04  148.4240  1.9130 -0.20    128    128    128
 18.000   80.7680  0.3640  -0.38 206.90   2.24  -0.15  136.0100  1.6830 -0.14    127    127    127
 18.500   74.4240  0.3230  -0.30 208.21   2.16  -0.33  124.5360  1.4660  0.00    119    119    119
 19.000   68.6310  0.2890  -0.27 209.55   1.82  -0.26  114.1050  1.0800 -0.16    110    110    110
 19.500   63.3240  0.2780  -0.04 210.64   1.75  -0.57  104.7330  0.8670 -0.03    102    102    102
 20.000   58.4340  0.2640  -0.16 211.79   1.45  -0.54   96.1230  0.6850 -0.25     90     90     90
 20.500   53.9540  0.2460  -0.22 212.95   1.41  -0.74   88.2650  0.6130  0.02     80     80     80
 21.000   49.8300  0.2310  -0.34 213.84   1.53  -0.51   81.1800  0.5240  0.25     74     74     74
 21.500   46.0420  0.2340  -0.35 215.04   1.33  -0.61   74.5890  0.4140  0.10     66     66     66
 22.000   42.5500  0.2420  -0.30 216.18   1.36  -0.11   68.5690  0.4640 -0.36     60     60     60
 22.500   39.3620  0.2260  -0.36 217.06   1.24  -0.56   63.1770  0.4550 -0.06     53     53     53
 23.000   36.3950  0.2200  -0.35 218.19   1.16  -0.06   58.1090  0.4310 -0.22     46     46     46
 23.500   33.6850  0.2070  -0.22 218.93   1.29   0.17   53.6020  0.3820 -0.34     44     44     44
 24.000   31.1460  0.1870  -0.50 219.71   1.29  -0.01   49.3850  0.3300  0.04     41     41     41
 24.500   28.8530  0.1630  -0.65 220.69   1.23  -0.26   45.5470  0.2920  0.23     41     41     41
 25.000   26.7100  0.1570  -0.61 221.69   1.33  -0.42   41.9730  0.3070  0.37     39     39     39
 25.500   24.7580  0.1540  -0.84 222.76   1.43  -0.03   38.7190  0.2930 -0.08     36     36     36
 26.000   22.9530  0.1530  -0.69 223.68   1.33   0.03   35.7470  0.2620  0.43     35     35     35
 26.500   21.2800  0.1570  -0.75 224.38   1.42   0.06   33.0390  0.2900  0.48     32     32     32
 27.000   19.7380  0.1220  -1.20 225.15   1.48  -0.45   30.5400  0.2410  0.66     32     32     32
 27.500   18.3110  0.1210  -1.25 225.89   1.57   0.03   28.2400  0.2350  0.48     31     31     31
 28.000   16.9930  0.1240  -1.09 226.76   1.32   0.40   26.1050  0.2020  0.22     30     30     30
 28.500   15.7680  0.1270  -0.96 227.73   1.01   0.70   24.1200  0.1880 -0.56     28     28     28
 29.000   14.6460  0.1090  -1.15 228.31   0.98  -0.16   22.3480  0.1580 -0.65     28     28     28
 29.500   13.6020  0.1130  -0.75 229.20   1.02  -0.31   20.6730  0.1530 -0.05     27     27     27
 30.000   12.6400  0.1140  -0.30 230.16   0.98  -0.18   19.1310  0.1730 -0.08     26     26     26
     T A B L E  II -   8.  T H E R M O D Y N A M I C  S T A T I S T I C A L  P A R A M E T E R S
                                    August
 STATION =   746120     CHINA LAKE NAWS, CA
    Z      MEAN P   SD P   SKEWP  MEAN T  SD T  SKEWT    MEAN D   SD D  SKEWD  NOBSP  NOBST  NOBSD
    KM       MB       MB             K      K             G/M3    G/M3                           
  0.000 1020.0000  5.0000   0.00 290.00   5.00   0.00 1221.0000 25.0000  0.00    100    100    100
  0.667  935.4200  2.5480  -0.23 301.38   9.47  -0.06 1078.8450 34.7090  0.09    348    348    348
  1.000  900.8800  2.4090  -0.13 301.68   4.40  -0.04 1037.1390 15.3250 -0.03    348    348    348
  1.500  851.2580  2.3610  -0.17 298.73   3.37  -0.13  989.9810 10.8640  0.02    348    348    348
  2.000  803.7710  2.3900  -0.17 295.09   2.91  -0.17  946.5450  8.6640  0.06    348    348    348
  2.500  758.4080  2.4330  -0.21 291.15   2.56  -0.12  905.4000  7.1260  0.06    348    348    348
  3.000  715.1000  2.4840  -0.21 287.18   2.27  -0.13  865.6710  5.9290  0.10    348    348    348
  3.500  673.6440  2.4950  -0.15 283.29   1.96  -0.19  826.8300  4.9150  0.04    348    348    348
  4.000  634.1150  2.4810  -0.11 279.45   1.76  -0.09  789.1880  4.4640 -0.15    348    348    348
  4.500  596.4870  2.4460  -0.19 275.64   1.75   0.17  752.7990  4.4690 -0.38    347    347    347
  5.000  560.4940  2.4000  -0.21 272.03   1.75   0.31  716.9500  4.4300 -0.47    345    345    345
  5.500  526.2880  2.3280  -0.21 268.52   1.83   0.25  682.1980  4.4160 -0.37    345    345    345
  6.000  493.8280  2.2920  -0.26 265.21   1.84   0.01  648.2810  3.9470 -0.19    343    343    343
  6.500  462.8850  2.2710  -0.35 261.94   1.89  -0.04  615.3390  3.6290 -0.27    343    343    343
  7.000  433.5660  2.2850  -0.36 258.50   1.99  -0.16  584.1180  3.2660 -0.22    342    342    342
  7.500  405.7750  2.2540  -0.37 255.01   1.99  -0.28  554.1910  2.8410 -0.26    340    340    340
  8.000  379.3630  2.2840  -0.44 251.41   2.03  -0.38  525.5700  2.6940 -0.03    319    319    319
  8.500  354.3280  2.2420  -0.54 247.72   2.09  -0.44  498.2220  2.4980  0.01    315    315    315
  9.000  330.5960  2.2830  -0.55 244.04   2.19  -0.51  471.8970  2.3820 -0.25    311    311    311
  9.500  308.2240  2.2510  -0.57 240.41   2.26  -0.59  446.6070  2.3090 -0.23    306    306    306
 10.000  286.9810  2.2630  -0.60 236.78   2.33  -0.56  422.2210  2.2610 -0.29    304    304    304
 10.500  266.9060  2.2400  -0.62 233.16   2.34  -0.58  398.7980  2.3260 -0.12    293    293    293
 11.000  248.2220  2.1850  -0.74 229.83   2.28  -0.62  376.2420  2.3810  0.09    276    276    276
 11.500  230.2780  2.1580  -0.82 226.38   2.16  -0.62  354.3680  2.5320  0.11    256    256    256
 12.000  213.5000  2.0710  -0.83 223.02   1.97  -0.46  333.5080  2.7320 -0.00    256    256    256
 12.500  197.8710  2.0270  -0.88 219.84   1.69  -0.35  313.5570  3.0630 -0.39    255    255    255
 13.000  182.9400  1.8860  -0.85 216.72   1.47  -0.12  294.0830  3.3920 -0.62    251    251    251
 13.500  169.0970  1.7100  -0.84 213.76   1.66   0.64  275.6000  3.8010 -0.85    250    250    250
 14.000  156.0710  1.5460  -0.81 210.98   1.91   1.10  257.7370  4.1800 -1.00    247    247    247
 14.500  143.9620  1.4030  -0.82 208.29   2.30   1.42  240.8230  4.3740 -1.10    240    240    240
 15.000  132.6250  1.1870  -0.83 206.18   2.67   1.02  224.1370  4.3310 -0.90    237    237    237
 15.500  122.1370  1.0410  -0.79 204.88   2.99   0.53  207.7320  4.2410 -0.59    236    236    236
 16.000  112.3880  0.8880  -0.75 204.24   2.88   0.39  191.7420  3.7590 -0.44    235    235    235
 16.500  103.4250  0.7460  -0.77 204.03   2.69   0.51  176.6310  3.1980 -0.47    231    231    231
 17.000   95.3300  0.4510  -0.19 203.96   2.16  -0.09  162.8450  2.2240  0.10    173    173    173
 17.500   87.7430  0.3870  -0.26 205.15   2.19  -0.16  149.0130  1.9280  0.22    171    171    171
 18.000   80.7810  0.3390  -0.15 206.66   2.17   0.10  136.1890  1.6340 -0.06    160    160    160
 18.500   74.4650  0.2930  -0.23 208.06   2.23   0.23  124.6980  1.4670  0.00    150    150    150
 19.000   68.6730  0.2560  -0.34 209.67   2.02   0.33  114.1090  1.1180 -0.10    128    128    128
 19.500   63.3630  0.2580  -0.27 211.01   1.90   0.16  104.6170  0.9090 -0.06    111    111    111
 20.000   58.5030  0.2430  -0.02 212.11   1.92   0.08   96.0920  0.8150 -0.15     95     95     95
 20.500   54.0090  0.2400   0.12 213.07   1.84   0.21   88.3110  0.7020 -0.33     88     88     88
 21.000   49.9000  0.2220   0.37 213.84   1.81   0.51   81.2950  0.6000 -0.48     79     79     79
 21.500   46.1160  0.1980   0.11 214.75   1.53   0.20   74.8100  0.4770  0.02     69     69     69
 22.000   42.6080  0.2010   0.24 215.78   1.26   0.58   68.7890  0.3900  0.04     65     65     65
 22.500   39.3970  0.1870   0.41 216.85   1.23   0.12   63.2910  0.4080  0.29     55     55     55
 23.000   36.4310  0.1790   0.44 217.64   1.29   0.31   58.3150  0.3960  0.03     49     49     49
 23.500   33.6980  0.1800   0.37 218.32   1.25   0.57   53.7720  0.3260  0.08     47     47     47
 24.000   31.1860  0.1820   0.29 219.24   1.09   0.06   49.5520  0.2960 -0.17     44     44     44
 24.500   28.8920  0.1580   0.52 220.07   1.32  -0.15   45.7370  0.2680 -0.31     43     43     43
 25.000   26.7630  0.1480   0.34 221.13   1.30  -0.22   42.1630  0.2540  0.08     42     42     42
 25.500   24.8000  0.1360   0.42 222.13   1.32  -0.70   38.8940  0.2690  0.46     41     41     41
 26.000   22.9760  0.1310   0.52 223.10   1.28  -0.74   35.8770  0.2710  0.61     39     39     39
 26.500   21.2990  0.1230   0.39 223.98   1.24  -0.37   33.1270  0.2640  0.47     38     38     38
 27.000   19.7510  0.1050   0.26 224.68   1.29  -0.35   30.6230  0.2240  0.45     36     36     36
 27.500   18.3010  0.0920  -0.02 225.34   1.40  -0.08   28.2930  0.2070  0.88     32     32     32
 28.000   16.9820  0.0900  -0.20 225.96   1.23   0.01   26.1810  0.1720  0.38     31     31     31
 28.500   15.7490  0.0860  -0.30 226.89   1.24   0.05   24.1810  0.1550  0.41     31     31     31
 29.000   14.6280  0.0770  -0.13 227.75   1.28  -0.04   22.3750  0.1440  0.76     31     31     31
 29.500   13.5830  0.0790   0.26 228.50   1.43   0.12   20.7090  0.1580  0.12     31     31     31
 30.000   12.6170  0.1060   1.89 229.04   1.45   0.32   19.1910  0.1790  1.68     29     29     29
     T A B L E  II -   9.  T H E R M O D Y N A M I C  S T A T I S T I C A L  P A R A M E T E R S
                                 September
 STATION =   746120     CHINA LAKE NAWS, CA
    Z      MEAN P   SD P   SKEWP  MEAN T  SD T  SKEWT    MEAN D   SD D  SKEWD  NOBSP  NOBST  NOBSD
    KM       MB       MB             K      K             G/M3    G/M3                           
  0.000 1020.0000  5.0000   0.00 290.00   5.00   0.00 1221.0000 25.0000  0.00    100    100    100
  0.667  935.6310  3.1530  -0.55 296.70   9.05   0.09 1096.3600 34.1200  0.01    297    297    297
  1.000  900.7530  3.2240  -0.44 297.45   4.76  -0.20 1052.1200 16.1450  0.19    297    297    297
  1.500  850.4350  3.3320  -0.60 294.43   4.36  -0.56 1003.7490 13.2700  0.60    297    297    297
  2.000  802.2710  3.4810  -0.73 290.66   4.12  -0.71  959.4240 11.5120  0.75    297    297    297
  2.500  756.2720  3.6940  -0.75 286.77   3.79  -0.79  916.8940  9.7050  0.85    297    297    297
  3.000  712.3860  3.8540  -0.80 282.96   3.36  -0.82  875.4810  7.9300  0.75    297    297    297
  3.500  670.5490  3.9860  -0.80 279.41   2.92  -0.88  834.7760  6.2890  0.62    297    297    297
  4.000  630.7070  4.0320  -0.83 276.01   2.82  -0.83  795.0690  5.9400  0.46    297    297    297
  4.500  592.8210  4.0800  -0.85 272.78   2.80  -0.81  756.3710  5.7760  0.11    297    297    297
  5.000  556.6550  4.0280  -0.88 269.68   2.83  -0.96  718.5580  5.4000  0.01    296    296    296
  5.500  522.3570  4.0490  -0.93 266.46   2.84  -0.96  682.5580  4.9210 -0.02    295    295    295
  6.000  489.9140  4.0810  -0.96 263.11   2.84  -0.92  648.3770  4.6760 -0.13    292    292    292
  6.500  458.9680  4.0310  -0.97 259.63   2.80  -1.00  615.6320  4.2900 -0.23    290    290    290
  7.000  429.6280  4.0450  -1.04 256.03   2.72  -1.01  584.4180  3.9680 -0.33    290    290    290
  7.500  401.8540  3.9450  -1.09 252.36   2.77  -1.00  554.6200  4.1650  0.67    289    289    289
  8.000  375.2740  3.9040  -1.13 248.57   2.66  -0.44  525.8550  3.7550 -0.33    270    270    270
  8.500  350.2870  3.8240  -1.13 244.80   2.63  -0.11  498.4240  3.8740 -0.73    265    265    265
  9.000  326.4960  3.8140  -1.07 241.04   2.59  -0.01  471.8340  3.9770 -1.26    258    258    258
  9.500  304.1810  3.6640  -1.02 237.32   2.58   0.15  446.4980  4.0460 -1.56    252    252    252
 10.000  282.9090  3.4250  -0.83 233.56   2.55   0.36  421.9680  4.1870 -2.10    241    241    241
 10.500  262.9370  3.2250  -0.74 230.11   2.63   0.51  398.0850  4.8190 -2.39    232    232    232
 11.000  244.4030  2.9460  -0.29 226.84   2.71   0.32  375.3580  4.5520 -1.09    207    207    207
 11.500  226.3660  2.7260  -0.23 223.78   2.84   0.27  352.4300  5.0960 -0.84    193    193    193
 12.000  209.7090  2.5560  -0.17 221.04   2.84   0.04  330.5520  5.2790 -0.59    192    192    192
 12.500  194.1930  2.4510  -0.10 218.51   2.85  -0.44  309.6450  5.4490 -0.40    191    191    191
 13.000  179.5200  2.2400  -0.06 216.22   2.84  -0.62  289.2940  5.4390 -0.31    190    190    190
 13.500  165.8610  2.0450  -0.03 213.91   2.79  -0.24  270.1740  5.4280 -0.34    184    184    184
 14.000  153.1150  1.8230   0.02 211.74   2.85   0.13  251.9800  5.3830 -0.34    184    184    184
 14.500  141.2990  1.6240   0.02 209.73   2.92   0.54  234.7700  5.1620 -0.39    180    180    180
 15.000  130.2460  1.4180   0.04 208.13   3.06   0.63  218.0670  4.9270 -0.35    178    178    178
 15.500  120.0560  1.2530   0.05 206.94   3.19   0.51  202.1740  4.6530 -0.24    173    173    173
 16.000  110.5620  1.0770   0.04 206.14   3.18   0.47  186.9020  4.1620 -0.16    168    168    168
 16.500  101.8190  0.9350   0.03 205.84   3.19   0.26  172.3730  3.6750 -0.04    164    164    164
 17.000   93.8330  0.8910  -0.01 205.68   3.04   0.30  158.9720  3.3750 -0.11    107    107    107
 17.500   86.4030  0.7720  -0.02 206.19   2.90   0.49  146.0210  2.9340 -0.16    106    106    106
 18.000   79.5930  0.6630  -0.09 207.14   2.99   0.35  133.8960  2.6060 -0.05    105    105    105
 18.500   73.3300  0.5960  -0.09 208.29   2.77   0.40  122.6700  2.1750 -0.16    101    101    101
 19.000   67.6220  0.5350  -0.11 209.70   2.29   0.33  112.3530  1.7220 -0.03     95     95     95
 19.500   62.3800  0.4880  -0.16 210.63   2.07   0.08  103.1830  1.4450  0.07     85     85     85
 20.000   57.6030  0.4060  -0.29 211.62   1.97   0.05   94.8360  1.1590 -0.01     75     75     75
 20.500   53.1660  0.3790  -0.37 212.26   1.85   0.38   87.2660  0.9930 -0.12     65     65     65
 21.000   49.1160  0.3610  -0.29 213.13   1.68   0.65   80.2880  0.8640 -0.29     59     59     59
 21.500   45.3380  0.3330  -0.16 213.85   1.61  -0.15   73.8600  0.8040 -0.27     51     51     51
 22.000   41.8740  0.3150  -0.16 214.85   1.91  -0.05   67.9010  0.8170 -0.49     45     45     45
 22.500   38.6810  0.2730  -0.12 216.02   1.79  -0.66   62.3820  0.7330 -0.18     40     40     40
 23.000   35.7570  0.2570  -0.05 217.14   1.76  -0.49   57.3710  0.6470 -0.37     37     37     37
 23.500   33.0570  0.2350  -0.09 217.88   1.83  -0.48   52.8580  0.5540 -0.37     35     35     35
 24.000   30.5680  0.2160  -0.07 218.42   1.52   0.12   48.7570  0.4490 -0.41     35     35     35
 24.500   28.2910  0.1960   0.06 218.99   1.30  -0.01   45.0050  0.3870 -0.42     32     32     32
 25.000   26.1780  0.1800   0.05 220.01   1.18   0.01   41.4510  0.3140 -0.20     32     32     32
 25.500   24.2630  0.1720   0.05 220.97   1.38  -0.62   38.2520  0.2830  0.09     32     32     32
 26.000   22.4720  0.1630   0.04 221.74   1.37  -0.09   35.3050  0.2710 -0.36     31     31     31
 26.500   20.8120  0.1520   0.05 222.46   1.54   0.05   32.5910  0.2670 -0.19     30     30     30
 27.000   19.3050  0.1460   0.05 223.53   1.36  -0.33   30.0860  0.2160  0.01     30     30     30
 27.500   17.8940  0.1390  -0.03 224.65   1.50   0.13   27.7470  0.2150 -0.61     30     30     30
 28.000   16.5990  0.1380  -0.05 225.47   1.49  -0.32   25.6450  0.1830 -0.19     30     30     30
 28.500   15.3940  0.1420   0.12 225.86   1.55   0.22   23.7430  0.1970  0.17     30     30     30
 29.000   14.3000  0.1220  -0.06 226.59   1.90   0.13   21.9850  0.1910  0.38     29     29     29
 29.500   13.2770  0.1250   0.32 227.28   1.73  -0.11   20.3510  0.1710  0.56     29     29     29
 30.000   12.3370  0.1330   0.83 227.76   1.63  -0.16   18.8700  0.1940  0.68     28     28     28
     T A B L E  II -  10.  T H E R M O D Y N A M I C  S T A T I S T I C A L  P A R A M E T E R S
                                   October
 STATION =   746120     CHINA LAKE NAWS, CA
    Z      MEAN P   SD P   SKEWP  MEAN T  SD T  SKEWT    MEAN D   SD D  SKEWD  NOBSP  NOBST  NOBSD
    KM       MB       MB             K      K             G/M3    G/M3                           
  0.000 1020.0000  5.0000   0.00 290.00   5.00   0.00 1221.0000 25.0000  0.00    100    100    100
  0.667  937.8100  4.1210  -0.05 290.08   9.03   0.03 1124.9210 36.0880  0.08    247    247    247
  1.000  902.1360  3.8910  -0.20 291.50   5.72  -0.96 1076.2330 21.9540  1.45    247    247    247
  1.500  850.7080  3.8860  -0.38 288.67   5.40  -0.34 1024.9490 18.4110  0.56    247    247    247
  2.000  801.4920  4.0460  -0.49 285.09   5.38  -0.41  977.8950 16.6270  0.57    247    247    247
  2.500  754.7140  4.3340  -0.53 281.77   5.32  -0.41  931.9170 14.8560  0.49    247    247    247
  3.000  710.1360  4.6790  -0.60 278.78   5.20  -0.56  886.5150 12.8370  0.52    247    247    247
  3.500  667.8000  5.0040  -0.65 276.01   5.05  -0.65  842.2210 11.0740  0.54    247    247    247
  4.000  627.6100  5.3160  -0.74 272.94   5.02  -0.69  800.5730  9.8280  0.45    247    247    247
  4.500  589.4370  5.5550  -0.77 269.86   4.97  -0.74  760.5520  8.7890  0.42    247    247    247
  5.000  553.1080  5.7610  -0.80 266.61   4.99  -0.89  722.4770  7.9230  0.92    244    244    244
  5.500  518.6410  5.9890  -0.80 263.29   4.90  -0.97  686.0320  6.9680  1.03    242    242    242
  6.000  486.0010  6.1960  -0.78 259.84   4.76  -1.01  651.4150  5.9470  0.70    241    241    241
  6.500  454.9190  6.2290  -0.82 256.29   4.74  -1.06  618.2470  5.4830  0.70    241    241    241
  7.000  425.4670  6.3310  -0.83 252.67   4.79  -1.03  586.5130  5.1260  0.64    241    241    241
  7.500  397.6660  6.4070  -0.88 248.92   4.73  -0.95  556.4640  4.6280  0.30    239    239    239
  8.000  370.8840  6.2960  -0.92 245.16   4.51  -0.84  526.9790  4.4870 -0.05    226    226    226
  8.500  345.8180  6.2380  -0.94 241.39   4.28  -0.77  499.0380  4.4860 -0.32    223    223    223
  9.000  321.9310  6.0900  -0.91 237.58   3.91  -0.45  472.0280  4.8320 -1.05    221    221    221
  9.500  299.6420  5.9530  -0.90 233.94   3.39  -0.07  446.1830  5.5090 -1.43    220    220    220
 10.000  278.3370  5.7910  -0.80 230.29   3.11   0.29  421.0410  6.5610 -1.59    216    216    216
 10.500  258.5910  5.3020  -0.69 226.81   2.97   0.27  397.1810  7.0520 -1.68    208    208    208
 11.000  239.9140  5.2060  -0.62 223.62   3.07   0.06  373.7810  7.9740 -1.68    195    195    195
 11.500  222.1540  4.8910  -0.51 220.84   3.12   0.12  350.4980  8.6320 -1.53    186    186    186
 12.000  205.6410  4.5200  -0.41 218.49   3.44   0.09  327.9740  9.1110 -1.21    185    185    185
 12.500  190.2260  4.2330  -0.30 216.53   3.77   0.03  306.1620  9.3080 -0.92    184    184    184
 13.000  175.7740  3.8270  -0.23 214.93   3.83  -0.05  285.0230  9.0130 -0.69    184    184    184
 13.500  162.3370  3.4660  -0.15 213.27   3.94  -0.09  265.2940  8.5780 -0.58    184    184    184
 14.000  149.8850  3.1100  -0.11 211.74   3.92   0.13  246.7270  8.1660 -0.51    180    180    180
 14.500  138.2230  2.7980  -0.01 210.35   3.82   0.34  229.0430  7.8190 -0.37    178    178    178
 15.000  127.4600  2.4240   0.06 209.20   3.80   0.59  212.3710  7.3030 -0.27    175    175    175
 15.500  117.5110  2.1290   0.07 208.03   4.16   0.37  196.9210  7.0680 -0.14    171    171    171
 16.000  108.2530  1.8190   0.12 207.20   4.41   0.30  182.1440  6.5850 -0.07    171    171    171
 16.500  100.1430  1.6480  -0.28 205.99   4.90   0.54  169.5060  6.4110 -0.39    115    115    115
 17.000   91.9750  1.4190  -0.07 206.07   5.09   0.25  155.6280  5.8490 -0.09     94     94     94
 17.500   84.6920  1.1990  -0.07 206.17   4.67   0.11  143.2060  4.8280  0.04     91     91     91
 18.000   78.0250  1.0280  -0.05 206.79   4.52   0.03  131.5320  4.1620  0.02     86     86     86
 18.500   71.8680  0.8770   0.00 207.82   4.22   0.10  120.5420  3.5160 -0.12     82     82     82
 19.000   66.2370  0.7600   0.13 208.98   3.63   0.12  110.4620  2.8160 -0.05     78     78     78
 19.500   61.0810  0.6430   0.14 209.84   3.20   0.12  101.4340  2.2340 -0.04     77     77     77
 20.000   56.3580  0.5840   0.10 210.68   2.68   0.16   93.2110  1.8060 -0.01     70     70     70
 20.500   51.9900  0.4950   0.10 211.87   2.59   0.29   85.5000  1.4500 -0.22     66     66     66
 21.000   48.0170  0.4450   0.04 212.52   2.47   0.31   78.7220  1.2430  0.00     59     59     59
 21.500   44.3240  0.4090   0.04 213.40   2.42   0.13   72.3670  1.0880  0.12     53     53     53
 22.000   40.9530  0.3800  -0.10 214.41   2.40   0.43   66.5470  0.9230 -0.13     50     50     50
 22.500   37.8600  0.3520  -0.15 215.23   2.46   0.18   61.2850  0.8180  0.01     50     50     50
 23.000   34.9940  0.3410  -0.13 216.02   2.56  -0.06   56.4390  0.7500 -0.50     49     49     49
 23.500   32.3470  0.3210  -0.14 216.77   2.17  -0.44   51.9870  0.5840 -0.49     49     49     49
 24.000   29.9280  0.2920  -0.18 217.70   2.42  -0.68   47.8940  0.5430 -0.19     48     48     48
 24.500   27.7000  0.2950  -0.20 218.22   2.75  -0.74   44.2260  0.4940 -0.64     48     48     48
 25.000   25.6190  0.2880  -0.07 218.86   2.76  -0.93   40.7820  0.4450 -0.47     46     46     46
 25.500   23.7230  0.2770  -0.08 219.51   2.43  -0.97   37.6500  0.3730 -1.03     46     46     46
 26.000   21.9630  0.2830   0.12 220.17   2.65  -0.88   34.7530  0.4010 -0.36     46     46     46
 26.500   20.3390  0.2870   0.47 220.85   2.94  -0.70   32.0850  0.4310 -0.30     46     46     46
 27.000   18.8610  0.2550  -0.40 221.45   3.00  -0.75   29.6720  0.3290 -0.67     44     44     44
 27.500   17.4820  0.2710  -0.29 221.93   3.03  -0.71   27.4430  0.2900 -0.35     44     44     44
 28.000   16.2050  0.2770  -0.14 222.40   3.14  -0.67   25.3840  0.2720  0.75     44     44     44
 28.500   15.0180  0.2690   0.09 222.70   2.98  -0.58   23.4920  0.2580  1.48     44     44     44
 29.000   13.9110  0.2480  -0.44 222.84   2.98  -0.25   21.7470  0.2220 -0.28     42     42     42
 29.500   12.9120  0.2580  -0.21 223.26   3.00  -0.41   20.1470  0.2520  0.16     40     40     40
 30.000   11.9790  0.2760   0.21 223.82   3.02  -0.69   18.6440  0.2940  0.86     38     38     38
     T A B L E  II -  11.  T H E R M O D Y N A M I C  S T A T I S T I C A L  P A R A M E T E R S
                                  November
 STATION =   746120     CHINA LAKE NAWS, CA
    Z      MEAN P   SD P   SKEWP  MEAN T  SD T  SKEWT    MEAN D   SD D  SKEWD  NOBSP  NOBST  NOBSD
    KM       MB       MB             K      K             G/M3    G/M3                           
  0.000 1020.0000  5.0000   0.00 290.00   5.00   0.00 1221.0000 25.0000  0.00    100    100    100
  0.667  940.3970  5.9850  -0.54 281.73   8.92   0.03 1162.2321 39.5460  0.17    224    224    224
  1.000  903.9900  6.0000  -0.48 285.35   4.25   0.07 1101.8960 18.0200  0.12    224    224    224
  1.500  851.3480  5.6900  -0.60 283.02   4.58  -0.01 1046.4370 16.8080  0.12    224    224    224
  2.000  801.1490  5.5040  -0.70 280.39   4.79  -0.24  994.2120 15.3800  0.22    224    224    224
  2.500  753.5610  5.5470  -0.75 277.83   4.86  -0.53  943.9330 13.5090  0.39    224    224    224
  3.000  708.5150  5.7280  -0.80 275.33   5.02  -0.75  895.7530 12.3410  0.58    224    224    224
  3.500  665.8070  5.9790  -0.85 272.68   5.04  -1.01  850.0400 11.0410  0.83    223    223    223
  4.000  625.2290  6.2510  -0.89 269.80   5.10  -1.21  806.8900  9.9530  1.07    223    223    223
  4.500  586.7270  6.4720  -0.98 266.70   5.18  -1.35  766.0930  9.1190  1.21    220    220    220
  5.000  550.1470  6.6530  -1.03 263.48   5.27  -1.25  727.1540  8.4040  0.93    216    216    216
  5.500  515.4110  6.8080  -1.07 260.04   5.27  -1.35  690.3070  7.7310  0.97    214    214    214
  6.000  482.5660  6.9940  -1.12 256.51   5.14  -1.38  655.2260  6.7400  0.85    214    214    214
  6.500  451.3280  7.0210  -1.15 252.88   4.90  -1.12  621.6230  5.6690  0.40    214    214    214
  7.000  421.7200  7.1090  -1.15 249.28   4.75  -0.90  589.2480  5.1480  0.17    211    211    211
  7.500  393.7810  7.1800  -1.11 245.62   4.58  -0.74  558.4360  5.4070 -0.36    209    209    209
  8.000  366.9570  7.1030  -1.03 241.90   4.35  -0.57  528.4080  6.0800 -0.80    203    203    203
  8.500  341.8710  6.9620  -1.02 238.28   4.06  -0.34  499.7920  6.8710 -1.12    201    201    201
  9.000  318.1060  6.7490  -0.94 234.59   3.95  -0.36  472.3810  7.4070 -1.37    200    200    200
  9.500  295.8240  6.5660  -0.89 231.13   3.79  -0.36  445.8760  8.2520 -1.49    200    200    200
 10.000  274.5570  6.2300  -0.79 227.59   3.55  -0.23  420.2880  9.0330 -1.62    200    200    200
 10.500  254.9100  5.6460  -0.67 224.27   3.38  -0.10  396.0100  9.4770 -1.62    195    195    195
 11.000  236.3100  5.3780  -0.59 221.38   3.50   0.06  371.9430 10.2290 -1.50    167    167    167
 11.500  218.5620  4.9370  -0.47 218.68   3.98   0.36  348.3210 10.7800 -1.31    159    159    159
 12.000  202.2120  4.4840  -0.39 216.58   4.18   0.34  325.4240 10.9180 -0.89    159    159    159
 12.500  186.8690  4.0940  -0.31 214.94   4.42   0.31  303.0680 10.9780 -0.54    157    157    157
 13.000  172.5710  3.5340  -0.25 213.64   4.68   0.13  281.6120 10.6050 -0.31    153    153    153
 13.500  159.3150  3.1200  -0.19 212.43   4.88  -0.16  261.4720 10.0080 -0.11    152    152    152
 14.000  147.1100  2.6950  -0.17 211.08   4.78  -0.22  242.9720  9.0040 -0.06    148    148    148
 14.500  135.6710  2.3260  -0.12 209.90   4.87  -0.23  225.3470  8.2750 -0.01    144    144    144
 15.000  125.0110  1.9400  -0.11 209.36   4.30  -0.09  208.1470  6.9320 -0.05    140    140    140
 15.500  115.1910  1.6540  -0.09 208.38   3.93   0.03  192.6810  5.9250 -0.09    139    139    139
 16.000  106.1530  1.4440  -0.09 207.50   3.90  -0.17  178.3170  5.3490  0.03    136    136    136
 16.500   97.8390  1.3200   0.17 206.83   4.07  -0.25  164.8870  5.0920  0.28     73     73     73
 17.000   90.0670  1.1230   0.17 206.74   3.83  -0.36  151.8410  4.3420  0.31     70     70     70
 17.500   83.0320  0.9080   0.19 206.40   3.94  -0.35  140.2150  3.8220  0.28     66     66     66
 18.000   76.5010  0.7550   0.31 206.05   4.09  -0.50  129.4030  3.3240  0.33     65     65     65
 18.500   70.4930  0.6450   0.42 206.58   3.76  -0.60  118.9150  2.5690  0.48     60     60     60
 19.000   64.9730  0.6010   0.36 207.63   2.83  -0.23  109.0360  1.9060  0.25     55     55     55
 19.500   59.9140  0.5550   0.18 207.98   2.66  -0.21  100.3710  1.5770  0.13     49     49     49
 20.000   55.2590  0.5320   0.02 208.83   2.70  -0.39   92.1970  1.3120  0.02     44     44     44
 20.500   50.9280  0.4990  -0.07 209.25   2.34  -1.46   84.7960  1.0200  0.15     39     39     39
 21.000   46.9600  0.5040   0.00 209.75   2.87  -1.24   78.0030  1.0500 -0.01     35     35     35
 21.500   43.3110  0.4740  -0.11 210.85   2.55  -0.98   71.5620  0.7980 -0.10     34     34     34
 22.000   39.9520  0.4740  -0.22 211.19   2.51  -1.32   65.9060  0.7190 -0.26     32     32     32
 22.500   36.8530  0.4800  -0.28 211.77   3.15  -2.15   60.6280  0.6920  0.25     30     30     30
 23.000   34.0190  0.4700  -0.42 212.42   2.82  -0.78   55.7930  0.5120 -0.49     28     28     28
 23.500   31.3980  0.4560  -0.47 212.78   2.92  -0.96   51.4070  0.4130  0.38     28     28     28
 24.000   29.0340  0.4640  -0.64 213.42   3.05  -1.31   47.3930  0.4100 -0.02     26     26     26
 24.500   26.8230  0.4450  -0.62 214.23   2.81  -1.11   43.6160  0.4020 -0.06     26     26     26
 25.000   24.7780  0.4380  -0.69 214.45   3.15  -0.95   40.2510  0.3870  0.31     25     25     25
 25.500   22.8860  0.4490  -0.58 214.47   3.18  -0.88   37.1740  0.4140  0.16     23     23     23
 26.000   21.1450  0.4330  -0.57 214.71   2.92  -0.51   34.3060  0.4320 -0.28     23     23     23
 26.500   19.5510  0.4150  -0.68 215.30   3.11  -0.92   31.6320  0.3930 -0.10     23     23     23
 27.000   18.0720  0.4040  -0.66 215.94   3.19  -1.04   29.1520  0.3810  0.02     23     23     23
 27.500   16.7470  0.3790  -0.76 217.27   3.11  -0.40   26.8500  0.3870 -0.00     19     19     19
 28.000   15.4890  0.3610  -0.71 218.23   2.71  -0.16   24.7240  0.4160 -0.38     19     19     19
 28.500   14.3490  0.3560  -0.62 219.04   2.47  -0.36   22.8210  0.4760 -0.77     19     19     19
 29.000   13.2890  0.3440  -0.51 219.39   2.73  -0.41   21.1010  0.4630 -0.68     19     19     19
 29.500   12.3110  0.3410  -0.37 219.83   2.99  -0.53   19.5090  0.4920 -0.70     18     18     18
 30.000   11.3810  0.3220  -0.10 220.37   3.40  -0.57   17.9940  0.5180 -0.64     17     17     17
     T A B L E  II -  12.  T H E R M O D Y N A M I C  S T A T I S T I C A L  P A R A M E T E R S
                                  December
 STATION =   746120     CHINA LAKE NAWS, CA
    Z      MEAN P   SD P   SKEWP  MEAN T  SD T  SKEWT    MEAN D   SD D  SKEWD  NOBSP  NOBST  NOBSD
    KM       MB       MB             K      K             G/M3    G/M3                           
  0.000 1020.0000  5.0000   0.00 290.00   5.00   0.00 1221.0000 25.0000  0.00    100    100    100
  0.667  941.3990  5.4930  -0.07 278.94   7.98  -0.04 1174.7980 36.1140  0.22    230    230    230
  1.000  904.3490  5.1530  -0.02 282.29   3.55   0.23 1114.3170 15.5250  0.15    230    230    230
  1.500  851.1760  4.9620  -0.05 280.40   4.16   0.08 1056.0920 15.5360  0.29    230    230    230
  2.000  800.6600  4.8900  -0.09 278.33   4.50  -0.23 1000.9910 14.5530  0.55    230    230    230
  2.500  752.9060  5.0850  -0.18 275.87   4.69  -0.30  949.8830 13.3280  0.52    230    230    230
  3.000  707.6280  5.2960  -0.22 273.36   4.64  -0.37  901.0790 11.7790  0.58    230    230    230
  3.500  664.6350  5.4990  -0.28 270.78   4.67  -0.47  854.4970 10.6640  0.67    230    230    230
  4.000  623.8450  5.6940  -0.31 267.88   4.70  -0.57  810.8480  9.7410  0.82    229    229    229
  4.500  585.2170  5.8970  -0.34 264.89   4.66  -0.68  769.3500  8.7650  0.88    225    225    225
  5.000  548.4250  5.9210  -0.44 261.59   4.63  -0.76  730.1400  7.9550  0.72    220    220    220
  5.500  513.5860  6.0680  -0.47 257.98   4.64  -0.81  693.3880  7.3080  0.62    217    217    217
  6.000  480.4160  6.1870  -0.52 254.38   4.57  -0.67  657.8090  6.4030  0.46    214    214    214
  6.500  448.9800  6.1450  -0.61 250.74   4.47  -0.54  623.7040  5.8480  0.25    210    210    210
  7.000  419.2950  6.2300  -0.60 247.07   4.37  -0.43  591.1380  5.3280  0.05    209    209    209
  7.500  391.2620  6.2620  -0.58 243.44   4.29  -0.23  559.8520  5.4080 -0.18    208    208    208
  8.000  364.3480  6.1540  -0.51 239.62   4.16  -0.07  529.6680  5.5970 -0.51    203    203    203
  8.500  339.2350  6.1050  -0.46 235.85   4.07   0.08  501.0630  5.8800 -0.94    203    203    203
  9.000  315.4860  5.7810  -0.28 232.10   3.90   0.11  473.5370  5.9100 -1.26    201    201    201
  9.500  293.0810  5.6780  -0.24 228.40   3.80   0.19  447.0440  6.6530 -1.38    200    200    200
 10.000  271.7580  5.4290  -0.15 224.97   3.68   0.23  420.8470  7.3720 -1.37    199    199    199
 10.500  251.9640  5.1060  -0.09 221.93   3.69   0.26  395.5740  8.2920 -1.16    195    195    195
 11.000  233.1700  4.8540  -0.08 219.48   3.75   0.26  370.1990  9.8510 -0.82    165    165    165
 11.500  215.1780  4.1510  -0.05 217.64   4.45   0.23  344.6120 10.8670 -0.50    148    148    148
 12.000  199.0170  3.7420  -0.02 216.35   5.19   0.22  320.6900 11.3970 -0.25    148    148    148
 12.500  183.9290  3.3420  -0.00 215.26   5.78  -0.10  297.9390 11.4590  0.12    147    147    147
 13.000  169.9230  2.9320   0.01 214.49   5.80  -0.39  276.2390 10.5020  0.40    147    147    147
 13.500  156.9650  2.6010   0.02 213.90   5.29  -0.56  255.8370  8.9000  0.50    146    146    146
 14.000  145.0280  2.3150  -0.01 213.35   4.55  -0.50  236.9410  7.3600  0.33    143    143    143
 14.500  133.8470  2.0360   0.02 212.60   4.28  -0.42  219.4360  6.5620  0.29    143    143    143
 15.000  123.5720  1.7840  -0.03 212.14   3.98  -0.17  203.0200  5.7130  0.14    143    143    143
 15.500  114.0670  1.5200   0.21 211.03   3.47  -0.12  188.3640  4.6850  0.25    140    140    140
 16.000  105.2420  1.3590   0.22 210.29   3.15  -0.42  174.3940  4.0520  0.35    139    139    139
 16.500   97.0970  1.4380   0.28 208.96   3.30  -0.48  161.9300  4.1630  0.18     73     73     73
 17.000   89.4200  1.2170   0.26 208.68   2.95   0.23  149.3250  3.7490 -0.05     70     70     70
 17.500   82.4230  1.0630   0.26 208.46   3.34  -0.04  137.7980  3.6910  0.17     70     70     70
 18.000   75.9830  0.9290   0.29 208.38   3.48  -0.07  127.0800  3.3350  0.10     67     67     67
 18.500   70.1030  0.7460   0.56 208.16   3.89   0.06  117.3760  3.0710  0.20     62     62     62
 19.000   64.6220  0.6630   0.59 208.29   3.66  -0.14  108.1250  2.6650  0.26     60     60     60
 19.500   59.6250  0.5740   0.48 208.50   3.41   0.27   99.6570  2.2170 -0.13     52     52     52
 20.000   54.9470  0.5210   0.49 208.92   3.04   0.75   91.6460  1.8040 -0.38     46     46     46
 20.500   50.6580  0.4470   0.44 209.26   3.17   0.65   84.3550  1.5760 -0.22     39     39     39
 21.000   46.7950  0.3990   0.13 209.61   2.98   0.14   77.7880  1.3340  0.18     34     34     34
 21.500   43.1380  0.3720   0.10 209.73   2.85   0.03   71.6670  1.2240  0.01     32     32     32
 22.000   39.7930  0.3470  -0.03 210.34   2.81   0.07   65.9190  1.1040  0.05     30     30     30
 22.500   36.7380  0.3240  -0.07 211.04   1.89  -0.38   60.6490  0.8300  0.54     28     28     28
 23.000   33.9200  0.2940  -0.20 212.15   2.05  -0.46   55.7040  0.7030  0.41     27     27     27
 23.500   31.3250  0.2620  -0.28 212.73   2.81  -0.40   51.3050  0.6780  0.46     26     26     26
 24.000   28.9440  0.2650  -0.52 213.12   2.86   0.22   47.3180  0.6060  0.63     23     23     23
 24.500   26.7230  0.2690  -0.51 213.34   3.35   0.35   43.6440  0.6200  0.37     22     22     22
 25.000   24.6840  0.2750  -0.51 213.90   3.40   0.34   40.2050  0.5460  0.64     21     21     21
 25.500   22.8110  0.2820  -0.52 214.92   3.47   0.17   36.9800  0.4590  0.55     19     19     19
 26.000   21.0740  0.2790  -0.45 215.23   3.98   0.06   34.1140  0.3800  0.17     19     19     19
 26.500   19.5010  0.2760  -0.47 215.88   4.20  -0.02   31.4720  0.3450  0.22     19     19     19
 27.000   18.0320  0.2810  -0.50 216.81   4.35  -0.01   28.9780  0.2850 -0.07     19     19     19
 27.500   16.6710  0.2820  -0.41 217.18   4.41   0.22   26.7430  0.2530 -0.44     18     18     18
 28.000   15.4160  0.2770  -0.39 217.91   4.36   0.26   24.6470  0.2620 -0.20     18     18     18
 28.500   14.2690  0.2930  -0.30 218.56   4.24   0.13   22.7430  0.2550 -0.17     17     17     17
 29.000   13.2050  0.2950  -0.28 219.08   4.25   0.07   20.9970  0.2460  0.31     17     17     17
 29.500   12.2220  0.3000  -0.21 219.75   4.52  -0.04   19.3750  0.2600  0.58     17     17     17
 30.000   11.3030  0.3020  -0.04 220.43   4.52   0.06   17.8620  0.2430  0.28     16     16     16
     T A B L E  II -  13.  T H E R M O D Y N A M I C  S T A T I S T I C A L  P A R A M E T E R S
                                    Annual
 STATION =   746120     CHINA LAKE NAWS, CA
    Z      MEAN P   SD P   SKEWP  MEAN T  SD T  SKEWT    MEAN D   SD D  SKEWD  NOBSP  NOBST  NOBSD
    KM       MB       MB             K      K             G/M3    G/M3                           
  0.000 1020.0000  5.0000   0.00 290.00   5.00   0.00 1221.0000 25.0000  0.00    100    100    100
  0.667  936.8660  4.9590   0.49 291.16  12.07   0.07 1120.2260 49.7270  0.18   3490   3490   3490
  1.000  901.2610  4.5320   0.24 291.79   8.60   0.04 1074.3580 33.5520  0.12   3490   3490   3490
  1.500  849.8680  4.2980  -0.36 288.91   8.24  -0.06 1023.3620 29.0670  0.17   3490   3490   3490
  2.000  800.7910  4.5230  -0.72 285.60   7.88  -0.10  975.5780 24.9200  0.17   3490   3490   3490
  2.500  754.1080  5.0260  -0.76 282.19   7.44  -0.16  929.9410 21.0180  0.18   3490   3490   3490
  3.000  709.6650  5.5960  -0.71 278.82   7.02  -0.26  885.8190 17.5270  0.25   3490   3490   3490
  3.500  667.3260  6.1510  -0.67 275.56   6.63  -0.38  842.9450 14.4990  0.34   3484   3484   3484
  4.000  627.0880  6.6270  -0.65 272.27   6.38  -0.47  801.8230 12.1880  0.43   3479   3479   3479
  4.500  588.8580  7.0430  -0.64 268.94   6.22  -0.55  762.3470 10.4050  0.47   3468   3468   3468
  5.000  552.4670  7.3200  -0.65 265.58   6.20  -0.59  724.3900  9.1950  0.48   3439   3439   3439
  5.500  517.9110  7.6100  -0.64 262.13   6.25  -0.62  688.1150  8.2630  0.50   3408   3408   3408
  6.000  485.1300  7.9080  -0.65 258.62   6.31  -0.60  653.3510  7.3290  0.43   3381   3381   3381
  6.500  453.9830  8.0510  -0.66 255.08   6.36  -0.56  619.9300  6.5140  0.34   3363   3363   3363
  7.000  424.4640  8.2180  -0.63 251.46   6.39  -0.49  588.0080  5.8020  0.33   3346   3346   3346
  7.500  396.6590  8.2570  -0.64 247.84   6.37  -0.44  557.5230  5.3440  0.42   3299   3299   3299
  8.000  369.9180  8.3470  -0.58 244.03   6.32  -0.34  528.0780  4.9520 -0.11   3165   3165   3165
  8.500  344.8060  8.3520  -0.57 240.24   6.21  -0.25  499.9970  4.9040 -0.67   3114   3114   3114
  9.000  320.9380  8.2940  -0.50 236.40   6.11  -0.15  472.9310  5.2050 -1.46   3065   3065   3065
  9.500  298.5250  8.2310  -0.47 232.71   5.98  -0.08  446.8950  5.9030 -2.03   3007   3007   3007
 10.000  277.1680  8.1110  -0.37 229.08   5.81  -0.02  421.4920  6.7870 -2.24   2962   2962   2962
 10.500  257.3090  7.7510  -0.30 225.71   5.61  -0.01  397.1460  7.6740 -2.18   2876   2876   2876
 11.000  238.8020  7.6030  -0.26 222.85   5.46  -0.06  373.3220  8.8060 -1.92   2580   2580   2580
 11.500  220.9650  7.2460  -0.16 220.27   5.24  -0.13  349.5150 10.0600 -1.53   2433   2433   2433
 12.000  204.5260  6.8410  -0.09 218.25   5.08  -0.23  326.5560 11.1030 -1.13   2422   2422   2422
 12.500  189.1990  6.4700  -0.01 216.64   4.89  -0.33  304.3640 11.7290 -0.79   2407   2407   2407
 13.000  174.8380  5.9510   0.04 215.36   4.59  -0.28  282.9750 11.8370 -0.52   2388   2388   2388
 13.500  161.5540  5.4550   0.08 214.15   4.34  -0.13  262.9750 11.6380 -0.29   2356   2356   2356
 14.000  149.2700  4.9230   0.09 212.89   4.23   0.10  244.4370 11.2610 -0.14   2304   2304   2304
 14.500  137.7290  4.4560   0.12 211.57   4.38   0.16  226.9690 10.8890 -0.01   2269   2269   2269
 15.000  127.0520  3.9590   0.13 210.41   4.48   0.18  210.5450 10.2100  0.07   2241   2241   2241
 15.500  117.1900  3.5410   0.13 209.33   4.54   0.13  195.2080  9.3950  0.11   2192   2192   2192
 16.000  108.0280  3.1260   0.13 208.54   4.49   0.12  180.6250  8.4400  0.11   2168   2168   2168
 16.500  100.0840  2.7710  -0.16 207.63   4.42   0.26  168.0640  7.5150 -0.13   1722   1722   1722
 17.000   91.8820  2.5020   0.09 207.76   4.20   0.20  154.1820  6.6130  0.05   1432   1432   1432
 17.500   84.6730  2.2290   0.10 207.95   3.85   0.21  141.9320  5.5960  0.00   1409   1409   1409
 18.000   78.0420  1.9930   0.10 208.34   3.56   0.09  130.5570  4.6970 -0.06   1366   1366   1366
 18.500   71.9490  1.7970   0.13 208.97   3.22   0.01  119.9820  3.9110 -0.07   1293   1293   1293
 19.000   66.3380  1.6410   0.13 209.78   2.82  -0.00  110.1840  3.2280 -0.09   1193   1193   1193
 19.500   61.1960  1.5050   0.15 210.47   2.61  -0.14  101.3020  2.7190 -0.10   1085   1085   1085
 20.000   56.4640  1.4090   0.13 211.24   2.50  -0.15   93.1260  2.3630 -0.13    958    958    958
 20.500   52.0970  1.3280   0.15 212.01   2.39  -0.29   85.6080  2.0950 -0.07    840    840    840
 21.000   48.1050  1.2470   0.15 212.74   2.38  -0.58   78.7740  1.8990 -0.02    757    757    757
 21.500   44.3850  1.1770   0.19 213.51   2.38  -0.76   72.4170  1.7130  0.05    682    682    682
 22.000   40.9900  1.1050   0.22 214.25   2.48  -0.75   66.6470  1.5060  0.09    626    626    626
 22.500   37.8540  1.0290   0.24 215.02   2.54  -0.87   61.3260  1.3450  0.16    572    572    572
 23.000   34.9710  0.9610   0.23 215.68   2.68  -0.53   56.4810  1.1860  0.17    532    532    532
 23.500   32.3330  0.9030   0.24 216.39   2.76  -0.59   52.0490  1.0840  0.25    513    513    513
 24.000   29.9130  0.8310   0.21 217.10   2.79  -0.71   47.9960  0.9580  0.33    491    491    491
 24.500   27.6760  0.7970   0.19 217.79   2.92  -0.74   44.2640  0.9130  0.24    481    481    481
 25.000   25.6040  0.7570   0.17 218.52   3.12  -0.75   40.8110  0.8370  0.23    466    466    466
 25.500   23.7050  0.7220   0.13 219.24   3.22  -0.69   37.6600  0.7710  0.17    452    452    452
 26.000   21.9240  0.6890   0.15 219.90   3.42  -0.65   34.7260  0.7180  0.17    444    444    444
 26.500   20.2940  0.6470   0.17 220.57   3.60  -0.59   32.0470  0.6670  0.28    436    436    436
 27.000   18.8040  0.6200   0.12 221.31   3.71  -0.58   29.5940  0.6320  0.24    425    425    425
 27.500   17.4200  0.5840   0.10 222.15   3.73  -0.42   27.3130  0.6040  0.20    412    412    412
 28.000   16.1390  0.5600   0.11 222.88   3.74  -0.37   25.2200  0.5910  0.12    406    406    406
 28.500   14.9620  0.5250   0.10 223.60   3.77  -0.31   23.3040  0.5510  0.06    398    398    398
 29.000   13.8760  0.5060   0.08 224.38   3.93  -0.35   21.5390  0.5360  0.04    393    393    393
 29.500   12.8660  0.4860   0.07 225.17   4.07  -0.45   19.9010  0.5280  0.02    382    382    382
 30.000   11.9420  0.4660   0.07 226.02   4.14  -0.47   18.4020  0.5190  0.07    369    369    369
