 0 1EDW 723810   34.92N  117.90W 705 1601279   11080   0  30                                        
     T A B L E  II - 13.  T H E R M O D Y N A M I C  S T A T I S T I C A L  P A R A M E T E R S     
                                              ANNUAL                                                
 STATION =   723810     EDWARDS AIR FORCE BASE                                                      
    Z      MEAN P   SD P  SKEWP MEAN T  SD T SKEWT    MEAN D    SD D SKEWD  NOBSP  NOBST  NOBSD     
    KM       MB        MB       DEG K  DEG K            G/M3    G/M3                                
  0.000 1014.3000  6.6607  0.66 286.42 10.41  0.07 1232.0000 52.7700  0.26  3674.  3674.  3674.     
  0.705  932.2600  4.4603  0.48 285.49  8.73  0.18 1136.0000 38.2700  0.10  3908.  3908.  3908.     
  1.000  901.8601  4.2189  0.07 287.77  8.02  0.09 1090.0000 31.7800  0.03  4052.  4052.  4052.     
  2.000  800.7200  4.5675 -0.75 283.45  7.94 -0.16  983.0000 25.1700  0.17  4158.  4158.  4158.     
  3.000  709.1699  5.7639 -0.74 277.56  7.18 -0.39  889.3000 17.9500  0.33  4157.  4157.  4157.     
  4.000  626.2100  6.9009 -0.73 271.21  6.64 -0.53  803.8000 12.7200  0.40  4156.  4156.  4156.     
  5.000  551.4199  7.6629 -0.72 264.47  6.41 -0.53  726.0000  9.4990  0.30  4153.  4153.  4153.     
  6.000  484.2300  8.1802 -0.70 257.52  6.31 -0.50  654.8000  7.1940  0.28  4141.  4141.  4141.     
  7.000  423.3301  8.4269 -0.66 250.31  6.38 -0.40  589.0000  5.8470  0.14  4130.  4130.  4130.     
  8.000  368.7600  8.5820 -0.60 242.86  6.43 -0.19  528.8000  5.2970 -0.36  4109.  4109.  4109.     
  9.000  319.7800  8.5164 -0.49 235.35  6.26  0.02  473.2000  5.7050 -1.40  4105.  4105.  4105.     
 10.000  276.1799  8.3112 -0.34 228.31  5.92  0.14  421.3000  7.2390 -2.01  4076.  4076.  4076.     
 11.000  237.5200  7.8374 -0.18 222.30  5.44  0.11  372.2000  9.2570 -1.69  4055.  4055.  4055.     
 12.000  203.5000  7.0497 -0.05 217.67  5.20 -0.26  325.8000 10.9600 -1.13  4033.  4033.  4033.     
 13.000  173.8700  6.1855  0.08 214.86  4.39 -0.37  282.0000 11.5700 -0.51  4003.  4003.  4003.     
 14.000  148.3600  5.1729  0.13 212.56  3.91  0.19  243.3000 11.1500 -0.07  3966.  3966.  3966.     
 15.000  126.3000  4.2060  0.14 210.19  4.21  0.20  209.5000 10.0500  0.12  3923.  3923.  3923.     
 16.000  107.3600  3.3646  0.15 208.65  4.28  0.14  179.4000  8.2410  0.13  3901.  3901.  3901.     
 17.000   91.2550  2.7280  0.14 208.38  4.01  0.07  152.7000  6.3740  0.05  3713.  3713.  3713.     
 18.000   77.5450  2.2516  0.17 209.16  3.55 -0.13  129.2000  4.5930 -0.03  3685.  3685.  3685.     
 19.000   66.0030  1.9098  0.20 210.78  3.10 -0.38  109.1000  3.2640 -0.05  3599.  3599.  3599.     
 20.000   56.2430  1.6779  0.21 212.47  3.00 -0.47   92.2100  2.4300  0.00  3536.  3536.  3536.     
 21.000   48.0770  1.4922  0.16 214.47  3.02 -0.46   78.0900  1.9200  0.01  2869.  2869.  2869.     
 22.000   41.0740  1.3291  0.17 216.04  3.13 -0.51   66.2300  1.6100  0.05  2790.  2790.  2790.     
 23.000   35.1400  1.1941  0.14 217.56  3.20 -0.52   56.2600  1.3910  0.07  2753.  2753.  2753.     
 24.000   29.9940  1.0866  0.22 218.75  3.55 -0.52   47.7600  1.2180  0.18  2980.  2980.  2980.     
 25.000   25.7580  0.9716  0.11 220.28  3.68 -0.53   40.7300  1.0810  0.09  3068.  3068.  3068.     
 26.000   22.1010  0.8779  0.09 221.74  3.90 -0.48   34.7100  0.9611  0.05  3017.  3017.  3017.     
 27.000   19.0530  0.7855  0.03 223.62  4.01 -0.42   29.6700  0.8689 -0.01  2492.  2492.  2492.     
 28.000   16.4000  0.7069  0.03 225.22  4.18 -0.46   25.3600  0.7871 -0.05  2394.  2394.  2394.     
 29.000   14.1630  0.6404 -0.04 226.91  4.29 -0.32   21.7400  0.7140 -0.06  1994.  1994.  1994.     
 30.000   12.1960  0.5806 -0.04 228.37  4.42 -0.39   18.6000  0.6583 -0.11  1961.  1961.  1961.     
 32.000    9.1080  0.4387  0.08 233.68  5.57 -0.07   13.5900  0.5425 -0.10  1400.  1446.  1367.     
 34.000    6.8400  0.3520  0.06 238.18  6.02 -0.23   10.0100  0.4507 -0.11  1411.  1459.  1402.     
 36.000    5.1670  0.2832  0.04 242.94  6.67 -0.22    7.4120  0.3733 -0.20  1413.  1463.  1413.     
 38.000    3.9250  0.2267  0.00 247.88  7.23 -0.25    5.5190  0.2921 -0.19  1421.  1475.  1421.     
 40.000    2.9980  0.1828 -0.05 253.38  7.41 -0.44    4.1230  0.2220 -0.12  1420.  1473.  1420.     
 42.000    2.3050  0.1489 -0.12 258.91  7.51 -0.64    3.1010  0.1756 -0.12  1420.  1473.  1420.     
 44.000    1.7810  0.1205 -0.16 263.57  6.94 -0.60    2.3530  0.1418 -0.15  1416.  1448.  1416.     
 46.000    1.3810  0.0972 -0.19 266.27  6.89 -0.32    1.8060  0.1149 -0.22  1410.  1419.  1410.     
 48.000    1.0730  0.0786 -0.19 267.34  6.72 -0.45    1.3980  0.0913 -0.25  1402.  1402.  1402.     
 50.000    0.8350  0.0633 -0.20 266.86  6.63 -0.42    1.0890  0.0724 -0.29  1387.  1383.  1387.     
 52.000    0.6480  0.0514 -0.19 265.31  6.52 -0.43    0.8510  0.0589 -0.31  1365.  1378.  1365.     
 54.000    0.5030  0.0416 -0.16 263.06  6.39 -0.20    0.6650  0.0488 -0.31  1336.  1359.  1336.     
 56.000    0.3890  0.0332 -0.08 260.64  6.76 -0.19    0.5200  0.0402 -0.27  1283.  1330.  1283.     
 58.000    0.3000  0.0261  0.01 257.84  7.18 -0.21    0.4050  0.0328 -0.14  1140.  1182.  1140.     
 60.000    0.2290  0.0203  0.05 254.27  8.68 -0.05    0.3140  0.0258 -0.12   842.   881.   842.     
 62.000    0.1740  0.0155  0.10 248.47  9.94  0.26    0.2440  0.0204 -0.02   560.   590.   560.     
 64.000    0.1300  0.0114  0.11 240.89 10.43  0.77    0.1890  0.0162 -0.07   427.   445.   427.     
 66.000    0.0980  0.0087  0.18 234.41 11.27  1.03    0.1460  0.0129  0.09   396.   407.   396.     
 68.000    0.0730  0.0069  0.33 225.21 13.52  1.23    0.1140  0.0106 -0.07   387.   392.   387.     
 70.000    0.0540  0.0053  0.89 218.45 13.05  1.22    0.0860  0.0086  0.02   345.   350.   345.     
     T A B L E  II -  1.  T H E R M O D Y N A M I C  S T A T I S T I C A L  P A R A M E T E R S     
                                              JANUARY                                               
 STATION =   723810     EDWARDS AIR FORCE BASE                                                      
    Z      MEAN P   SD P  SKEWP MEAN T  SD T SKEWT    MEAN D    SD D SKEWD  NOBSP  NOBST  NOBSD     
    KM       MB        MB       DEG K  DEG K            G/M3    G/M3                                
  0.000 1021.8000  6.6371 -0.22 275.19  7.24 -0.10 1292.0000 40.8100  0.21   318.   318.   318.     
  0.705  936.2300  5.2401 -0.26 275.60  4.70  0.02 1182.0000 23.5300  0.10   333.   333.   333.     
  1.000  904.3999  5.2098 -0.33 279.43  4.35  0.00 1126.0000 18.7700  0.18   350.   350.   350.     
  2.000  800.5300  5.2297 -0.41 276.48  5.23 -0.38 1008.0000 16.3200  0.46   358.   358.   358.     
  3.000  707.0100  5.8049 -0.39 272.05  5.24 -0.80  904.6001 12.4800  0.90   358.   358.   358.     
  4.000  622.7800  6.4824 -0.55 266.28  5.12 -0.84  814.3000  9.4810  0.71   358.   358.   358.     
  5.000  547.1299  6.8759 -0.61 259.74  4.85 -0.76  733.5000  7.1320  0.20   356.   356.   356.     
  6.000  479.3999  7.0937 -0.68 252.83  4.58 -0.70  660.3000  5.7040 -0.05   353.   353.   353.     
  7.000  418.0100  7.0162 -0.67 245.35  4.49 -0.53  593.3999  5.2520 -0.19   349.   349.   349.     
  8.000  363.1799  6.9720 -0.69 237.63  4.28 -0.35  532.3000  5.0570 -0.49   342.   342.   342.     
  9.000  313.9600  6.6654 -0.60 229.98  3.83 -0.09  475.6001  5.9900 -1.02   343.   343.   343.     
 10.000  270.1399  6.1791 -0.51 222.96  3.41  0.19  422.1001  8.2970 -1.50   343.   343.   343.     
 11.000  231.5700  5.3973 -0.28 217.85  3.90  0.67  370.3999 11.0600 -1.18   341.   341.   341.     
 12.000  197.9000  4.5191 -0.08 214.75  5.59  0.32  321.3000 12.4100 -0.51   339.   339.   339.     
 13.000  168.8400  3.6734  0.08 214.13  5.32 -0.22  274.8999 10.3400 -0.05   338.   338.   338.     
 14.000  144.0500  2.9601  0.17 213.24  4.10 -0.24  235.4000  7.7990  0.16   332.   332.   332.     
 15.000  122.7100  2.3501  0.14 211.23  3.71  0.05  202.5000  6.4650  0.17   331.   331.   331.     
 16.000  104.4100  1.8377  0.09 209.31  3.96 -0.05  173.9000  5.5770  0.25   330.   330.   330.     
 17.000   88.7710  1.4143  0.04 208.50  4.33 -0.09  148.4000  4.7460  0.29   321.   321.   321.     
 18.000   75.4150  1.0906  0.01 208.50  4.18 -0.17  126.1000  3.5850  0.23   317.   317.   317.     
 19.000   64.1380  0.8750 -0.01 209.46  3.73 -0.43  106.7000  2.5260  0.30   309.   309.   309.     
 20.000   54.5740  0.7493 -0.10 210.74  3.44 -0.68   90.2400  1.7790  0.24   302.   302.   302.     
 21.000   46.5300  0.6621 -0.23 212.48  2.95 -0.28   76.3000  1.2820  0.10   245.   245.   245.     
 22.000   39.7000  0.5835 -0.32 213.81  2.81 -0.50   64.6900  1.0340  0.02   238.   238.   238.     
 23.000   33.9070  0.5329 -0.36 215.13  2.94 -0.58   54.9100  0.8679 -0.12   236.   236.   236.     
 24.000   28.9260  0.5129 -0.63 215.88  3.72 -0.68   46.6800  0.7491 -0.22   273.   273.   273.     
 25.000   24.7510  0.4784 -0.79 216.84  3.77 -0.74   39.7700  0.6296 -0.29   263.   263.   263.     
 26.000   21.1930  0.4346 -0.75 217.96  3.77 -0.57   33.8800  0.5507 -0.58   256.   256.   256.     
 27.000   18.2270  0.3670 -0.67 219.61  3.67  0.13   28.9200  0.5002 -0.71   205.   205.   205.     
 28.000   15.6410  0.3388 -0.63 220.93  4.14  0.42   24.6700  0.4811 -1.06   195.   195.   195.     
 29.000   13.4370  0.3324 -0.66 221.99  4.04  0.09   21.0900  0.4145 -1.00   139.   139.   139.     
 30.000   11.5280  0.3271 -0.64 223.43  4.40 -0.19   17.9800  0.4280 -1.18   142.   142.   142.     
 32.000    8.6060  0.1945  0.31 230.35  5.67  0.41   13.0200  0.4154 -0.29   145.   146.   144.     
 34.000    6.4430  0.1536  0.45 235.52  6.79  0.04    9.5370  0.3328 -0.22   150.   151.   150.     
 36.000    4.8520  0.1253  0.19 240.68  8.53  0.19    7.0270  0.2771 -0.39   150.   151.   150.     
 38.000    3.6750  0.1065 -0.32 246.15 10.01  0.31    5.2080  0.2000 -0.15   150.   152.   150.     
 40.000    2.8010  0.0964 -0.65 251.19 10.12 -0.14    3.8870  0.1353 -0.04   150.   151.   150.     
 42.000    2.1480  0.0872 -0.75 257.35 10.35 -0.35    2.9090  0.1102  0.11   150.   151.   150.     
 44.000    1.6590  0.0753 -0.75 262.97  9.53 -0.31    2.1970  0.0924 -0.41   150.   149.   150.     
 46.000    1.2870  0.0636 -0.69 266.34  8.93 -0.16    1.6820  0.0769 -1.02   149.   146.   149.     
 48.000    1.0000  0.0529 -0.59 265.70  7.41 -0.75    1.3090  0.0585 -1.09   149.   144.   149.     
 50.000    0.7750  0.0438 -0.54 262.73  6.40 -0.30    1.0270  0.0504 -0.82   148.   147.   148.     
 52.000    0.5990  0.0359 -0.53 259.32  6.26 -0.03    0.8050  0.0447 -0.99   148.   150.   148.     
 54.000    0.4620  0.0282 -0.33 257.02  5.59 -0.13    0.6260  0.0366 -0.75   146.   147.   146.     
 56.000    0.3560  0.0216 -0.06 255.30  6.48  0.46    0.4860  0.0290 -0.50   142.   143.   142.     
 58.000    0.2730  0.0166  0.11 253.67  6.49  0.00    0.3750  0.0219 -0.13   123.   125.   123.     
 60.000    0.2080  0.0139  0.20 251.11  9.27  0.38    0.2890  0.0173 -0.09    91.    93.    91.     
 62.000    0.1540  0.0094  0.36 245.33 10.48  0.67    0.2190  0.0117 -0.22    53.    53.    53.     
 64.000    0.1160  0.0077  0.58 240.59 11.03  1.49    0.1690  0.0094 -0.64    47.    47.    47.     
 66.000    0.0880  0.0062  0.98 234.89 13.85  1.43    0.1300  0.0066 -0.07    41.    41.    41.     
 68.000    0.0650  0.0060  0.99 227.98 14.55  1.53    0.1000  0.0065 -0.58    39.    39.    39.     
 70.000    0.0480  0.0034 -0.22 222.88  9.25  0.02    0.0750  0.0049 -0.48    36.    36.    36.     
     T A B L E  II -  2.  T H E R M O D Y N A M I C  S T A T I S T I C A L  P A R A M E T E R S     
                                              FEBRUARY                                              
 STATION =   723810     EDWARDS AIR FORCE BASE                                                      
    Z      MEAN P   SD P  SKEWP MEAN T  SD T SKEWT    MEAN D    SD D SKEWD  NOBSP  NOBST  NOBSD     
    KM       MB        MB       DEG K  DEG K            G/M3    G/M3                                
  0.000 1019.8999  5.4694 -0.31 278.73  6.56  0.08 1273.0000 35.4300  0.13   290.   290.   290.     
  0.705  935.2900  4.4435 -0.38 278.28  4.55  0.19 1169.0000 21.6700  0.13   304.   304.   304.     
  1.000  903.9199  4.6111 -0.47 281.55  3.98  0.12 1117.0000 16.1400  0.01   319.   319.   319.     
  2.000  800.5200  4.7519 -0.67 277.27  4.82 -0.12 1005.0000 14.9200  0.17   325.   325.   325.     
  3.000  707.2400  5.2634 -0.55 272.22  4.61 -0.47  904.3999 10.5700  0.48   324.   324.   324.     
  4.000  622.9900  5.8262 -0.63 266.33  4.33 -0.72  814.3999  7.6690  0.59   323.   323.   323.     
  5.000  547.2700  6.1455 -0.68 259.54  4.20 -0.86  734.3000  6.1560  0.28   324.   324.   324.     
  6.000  479.3101  6.2947 -0.73 252.40  4.22 -1.04  661.3000  5.0680  0.08   323.   323.   323.     
  7.000  417.8501  6.3180 -0.79 244.90  4.31 -0.90  594.3000  4.5740 -0.50   322.   322.   322.     
  8.000  362.8000  6.3064 -0.81 237.16  4.14 -0.60  532.8000  4.5990 -1.25   321.   321.   321.     
  9.000  313.5400  6.0578 -0.70 229.65  3.76 -0.03  475.6001  5.7980 -1.62   321.   321.   321.     
 10.000  269.7400  5.6304 -0.55 222.76  3.61  0.44  421.8999  8.1110 -1.76   320.   320.   320.     
 11.000  231.1400  4.9636 -0.35 217.81  4.16  0.83  369.8000 10.3800 -1.11   320.   320.   320.     
 12.000  197.5700  4.1963 -0.09 215.11  5.81  0.29  320.2000 11.8400 -0.38   314.   314.   314.     
 13.000  168.6200  3.4334  0.09 215.02  5.10 -0.52  273.3999  9.4530  0.13   314.   314.   314.     
 14.000  143.9400  2.8223  0.21 213.89  3.72 -0.39  234.5000  7.0960  0.09   313.   313.   313.     
 15.000  122.6800  2.2588  0.22 211.60  3.51 -0.02  202.1000  6.1260  0.16   312.   312.   312.     
 16.000  104.3900  1.7557  0.24 209.54  3.74 -0.13  173.6000  5.2650  0.21   311.   311.   311.     
 17.000   88.7390  1.3650  0.27 208.46  3.67 -0.29  148.4000  4.1860  0.28   296.   296.   296.     
 18.000   75.3910  1.0786  0.31 208.29  3.53 -0.05  126.1000  3.1840  0.14   295.   295.   295.     
 19.000   64.1020  0.8895  0.27 209.25  3.23 -0.07  106.7000  2.3150  0.10   288.   288.   288.     
 20.000   54.5220  0.7622  0.26 210.32  3.12 -0.16   90.3200  1.7020  0.18   282.   282.   282.     
 21.000   46.4780  0.7099  0.25 211.77  3.20 -0.30   76.4700  1.3270  0.30   217.   217.   217.     
 22.000   39.6390  0.6400  0.25 213.22  3.12 -0.29   64.7700  1.0520  0.29   204.   204.   204.     
 23.000   33.8430  0.5838  0.23 214.60  3.09 -0.37   54.9400  0.8478  0.12   201.   201.   201.     
 24.000   28.8730  0.5274  0.23 215.65  3.18 -0.14   46.6400  0.6839 -0.05   239.   239.   239.     
 25.000   24.7060  0.4773  0.27 217.11  3.11 -0.27   39.6400  0.6212 -0.26   231.   231.   231.     
 26.000   21.1560  0.4396  0.25 218.62  3.18 -0.17   33.7100  0.5833 -0.19   229.   229.   229.     
 27.000   18.1730  0.3916  0.21 220.47  3.14 -0.27   28.7200  0.5442 -0.16   178.   178.   178.     
 28.000   15.6090  0.3443  0.32 222.23  3.36 -0.19   24.4700  0.4992 -0.11   170.   170.   170.     
 29.000   13.4130  0.3070  0.21 223.94  3.35  0.13   20.8700  0.4182 -0.11   131.   131.   131.     
 30.000   11.5450  0.2738  0.26 225.75  3.51  0.26   17.8200  0.3802 -0.12   131.   131.   131.     
 32.000    8.6740  0.2054  0.33 232.40  5.30 -0.01   13.0200  0.3618  0.21   142.   145.   139.     
 34.000    6.5040  0.1720  0.13 237.98  5.97 -0.37    9.5260  0.3025  0.20   140.   144.   140.     
 36.000    4.9140  0.1371  0.08 244.57  7.23 -0.14    7.0040  0.2634  0.11   141.   146.   141.     
 38.000    3.7410  0.1109  0.00 250.62  8.26 -0.15    5.2020  0.1992 -0.23   142.   147.   142.     
 40.000    2.8650  0.0932 -0.10 255.53  9.07 -0.03    3.9090  0.1496 -0.57   142.   146.   142.     
 42.000    2.2060  0.0799 -0.21 260.08  8.84 -0.08    2.9570  0.1051 -0.07   142.   146.   142.     
 44.000    1.7050  0.0689 -0.28 263.08  7.79  0.01    2.2590  0.0785  0.12   141.   146.   141.     
 46.000    1.3210  0.0584 -0.27 264.01  7.23  0.23    1.7430  0.0637 -0.37   141.   143.   141.     
 48.000    1.0230  0.0485 -0.12 263.81  6.88 -0.02    1.3510  0.0569 -0.67   140.   141.   140.     
 50.000    0.7930  0.0398 -0.05 262.79  6.49 -0.15    1.0530  0.0469 -0.48   140.   145.   140.     
 52.000    0.6130  0.0326  0.06 261.31  6.28 -0.07    0.8180  0.0396 -0.32   137.   142.   137.     
 54.000    0.4730  0.0266  0.06 260.15  5.57  0.23    0.6340  0.0335 -0.34   134.   139.   134.     
 56.000    0.3650  0.0208  0.27 257.33  5.93 -0.04    0.4950  0.0266 -0.17   128.   134.   128.     
 58.000    0.2810  0.0168  0.38 255.31  6.95 -0.11    0.3830  0.0215  0.18   112.   117.   112.     
 60.000    0.2160  0.0137  0.33 254.07  8.49  0.04    0.2960  0.0162  0.09    85.    88.    85.     
 62.000    0.1630  0.0109  0.55 249.64  9.41  0.39    0.2270  0.0110  0.03    52.    58.    52.     
 64.000    0.1220  0.0080  0.55 241.53  8.63  0.26    0.1760  0.0088 -0.09    36.    38.    36.     
 66.000    0.0920  0.0067  0.64 236.16  9.73  0.95    0.1360  0.0082  0.40    31.    31.    31.     
 68.000    0.0690  0.0056  0.76 226.56 12.28  0.69    0.1060  0.0084  0.96    31.    30.    31.     
 70.000    0.0500  0.0036  0.81 220.49  9.49 -0.07    0.0790  0.0053  0.24    25.    24.    25.     
     T A B L E  II -  3.  T H E R M O D Y N A M I C  S T A T I S T I C A L  P A R A M E T E R S     
                                              MARCH                                                 
 STATION =   723810     EDWARDS AIR FORCE BASE                                                      
    Z      MEAN P   SD P  SKEWP MEAN T  SD T SKEWT    MEAN D    SD D SKEWD  NOBSP  NOBST  NOBSD     
    KM       MB        MB       DEG K  DEG K            G/M3    G/M3                                
  0.000 1015.5000  5.5519  0.30 283.13  6.50  0.30 1247.0000 33.5200  0.19   392.   392.   392.     
  0.705  932.3501  4.4700  0.04 281.18  4.87  0.43 1153.0000 21.7400  0.13   415.   415.   415.     
  1.000  901.1699  4.6718 -0.31 282.37  4.75  0.23 1110.0000 18.1500 -0.07   426.   426.   426.     
  2.000  798.1799  4.9100 -0.53 277.49  5.48 -0.13 1001.0000 16.8500  0.23   442.   442.   442.     
  3.000  705.1101  5.5306 -0.47 271.89  5.28 -0.53  902.7000 12.7100  0.63   442.   442.   442.     
  4.000  620.9800  6.2199 -0.55 265.90  4.96 -0.64  813.1001  9.3040  0.55   442.   442.   442.     
  5.000  545.4099  6.6205 -0.58 259.20  4.75 -0.62  732.7000  7.0680  0.42   441.   441.   441.     
  6.000  477.6201  6.8065 -0.58 252.22  4.58 -0.65  659.5000  5.8120  0.17   439.   439.   439.     
  7.000  416.3899  6.8120 -0.57 244.77  4.51 -0.54  592.5000  5.1000 -0.39   439.   439.   439.     
  8.000  361.5500  6.7736 -0.58 237.09  4.23 -0.45  531.1001  4.9950 -1.01   437.   437.   437.     
  9.000  312.4299  6.4585 -0.47 229.50  3.66 -0.13  474.2000  6.1220 -1.54   437.   437.   437.     
 10.000  268.8301  5.9190 -0.37 222.83  3.25  0.24  420.3000  8.5830 -1.47   434.   434.   434.     
 11.000  230.4200  5.1109 -0.23 217.89  3.75  0.79  368.5000 11.1000 -0.91   428.   428.   428.     
 12.000  196.9200  4.1746 -0.08 215.00  5.36  0.24  319.3000 12.4400 -0.27   426.   426.   426.     
 13.000  168.0200  3.2407  0.00 214.65  5.20 -0.50  272.8999 10.3100  0.33   422.   422.   422.     
 14.000  143.4200  2.5414  0.03 214.02  3.80 -0.42  233.6000  7.1850  0.18   417.   417.   417.     
 15.000  122.2500  1.9963  0.07 212.36  3.50 -0.21  200.6000  5.7100  0.14   413.   413.   413.     
 16.000  104.1200  1.5593  0.09 210.77  3.34 -0.12  172.1000  4.5890  0.08   413.   413.   413.     
 17.000   88.5960  1.2136  0.06 210.35  3.32 -0.34  146.8000  3.6530  0.26   391.   391.   391.     
 18.000   75.3810  0.9584  0.02 210.38  3.26 -0.32  124.9000  2.7910  0.25   388.   388.   388.     
 19.000   64.1840  0.7745  0.05 211.03  3.07 -0.32  106.0000  2.0020  0.25   375.   375.   375.     
 20.000   54.6770  0.6707  0.03 211.99  2.77 -0.30   89.8700  1.4000  0.27   365.   365.   365.     
 21.000   46.6870  0.6020 -0.02 213.62  2.32 -0.04   76.1400  1.0310  0.14   295.   295.   295.     
 22.000   39.8670  0.5298  0.13 214.78  2.62 -0.20   64.6700  0.8512  0.01   288.   288.   288.     
 23.000   34.0690  0.4880  0.14 216.11  2.65 -0.03   54.9200  0.7303 -0.36   285.   285.   285.     
 24.000   29.0980  0.4499  0.12 217.06  3.04  0.46   46.7000  0.6515 -0.88   321.   321.   321.     
 25.000   24.9130  0.4149  0.14 218.41  3.42  1.02   39.7400  0.6022 -1.25   316.   316.   316.     
 26.000   21.3510  0.3871  0.13 219.80  3.65  1.14   33.8400  0.5283 -1.48   313.   313.   313.     
 27.000   18.3530  0.3647  0.12 221.73  3.75  1.13   28.8400  0.4740 -1.17   254.   254.   254.     
 28.000   15.7840  0.3285  0.23 223.49  3.82  0.82   24.6000  0.4029 -0.97   243.   243.   243.     
 29.000   13.5850  0.3002  0.26 225.27  3.68  0.52   21.0100  0.3500 -0.64   199.   199.   199.     
 30.000   11.6900  0.2854  0.36 227.24  3.88  0.38   17.9200  0.3289 -0.50   204.   204.   204.     
 32.000    8.8330  0.1973  0.65 234.18  5.89  0.78   13.1500  0.2873  0.21   116.   119.   113.     
 34.000    6.6380  0.1740  0.62 238.74  6.27  0.62    9.6960  0.2397  0.40   116.   119.   115.     
 36.000    5.0190  0.1450  0.81 244.35  6.69  0.00    7.1620  0.2126  0.31   115.   118.   115.     
 38.000    3.8180  0.1233  0.80 248.17  6.18  0.01    5.3620  0.1596  0.29   116.   119.   116.     
 40.000    2.9170  0.1035  0.72 253.65  6.13  0.39    4.0090  0.1252  0.79   116.   119.   116.     
 42.000    2.2410  0.0860  0.62 258.10  6.22  0.11    3.0260  0.1055  0.61   116.   119.   116.     
 44.000    1.7300  0.0704  0.54 262.04  5.15  0.16    2.2990  0.0868  0.57   116.   117.   116.     
 46.000    1.3390  0.0569  0.50 264.53  5.29 -0.10    1.7630  0.0699  0.53   116.   116.   116.     
 48.000    1.0390  0.0463  0.51 265.58  5.80 -1.19    1.3610  0.0554  0.44   116.   115.   116.     
 50.000    0.8070  0.0378  0.38 265.91  5.83 -0.84    1.0580  0.0440  0.48   115.   116.   115.     
 52.000    0.6270  0.0310  0.34 264.97  5.30 -0.26    0.8250  0.0371  0.22   113.   115.   113.     
 54.000    0.4860  0.0252  0.38 262.96  5.01 -0.07    0.6440  0.0305 -0.02   110.   108.   110.     
 56.000    0.3760  0.0202  0.47 261.81  6.10  0.07    0.5010  0.0239 -0.18   105.   107.   105.     
 58.000    0.2910  0.0167  0.56 259.80  6.31 -0.08    0.3900  0.0192 -0.12    95.    96.    95.     
 60.000    0.2220  0.0130  0.61 256.21  7.62 -0.07    0.3020  0.0148 -0.34    65.    65.    65.     
 62.000    0.1690  0.0096  0.73 251.36  7.92  0.42    0.2340  0.0106  0.55    51.    51.    51.     
 64.000    0.1280  0.0072  1.08 246.63  7.80  1.17    0.1810  0.0077  0.34    32.    32.    32.     
 66.000    0.0970  0.0054  1.45 241.20  8.02  1.09    0.1390  0.0064  0.82    25.    25.    25.     
 68.000    0.0730  0.0046  1.66 232.49 10.88  0.62    0.1090  0.0057  0.56    24.    24.    24.     
 70.000    0.0530  0.0021  0.22 225.78 10.05 -0.45    0.0820  0.0046  1.43    21.    21.    21.     
     T A B L E  II -  4.  T H E R M O D Y N A M I C  S T A T I S T I C A L  P A R A M E T E R S     
                                              APRIL                                                 
 STATION =   723810     EDWARDS AIR FORCE BASE                                                      
    Z      MEAN P   SD P  SKEWP MEAN T  SD T SKEWT    MEAN D    SD D SKEWD  NOBSP  NOBST  NOBSD     
    KM       MB        MB       DEG K  DEG K            G/M3    G/M3                                
  0.000 1013.3999  4.3331  0.13 285.51  6.25  0.38 1234.0000 29.8200  0.19   314.   314.   314.     
  0.705  931.1699  3.7289 -0.04 283.34  5.15  0.63 1142.0000 20.7800 -0.30   341.   341.   341.     
  1.000  900.3101  4.0559 -0.08 284.02  5.23  0.20 1102.0000 19.0300 -0.24   362.   362.   362.     
  2.000  797.9399  4.5528 -0.23 278.89  5.65 -0.07  995.5000 16.9900  0.03   380.   380.   380.     
  3.000  705.2800  5.2956 -0.30 272.73  5.33 -0.42  900.1001 13.1200  0.39   380.   380.   380.     
  4.000  621.4199  6.0146 -0.41 266.71  5.14 -0.70  811.2000 10.0200  0.60   380.   380.   380.     
  5.000  546.0100  6.4960 -0.51 260.11  4.88 -0.93  730.8999  7.6480  0.59   379.   379.   379.     
  6.000  478.3301  6.7599 -0.65 253.12  4.77 -1.18  658.0000  6.1650  0.39   378.   378.   378.     
  7.000  417.2400  6.8325 -0.72 245.73  4.54 -1.02  591.2000  5.0910 -0.25   377.   377.   377.     
  8.000  362.4800  6.7119 -0.74 238.24  3.85 -0.43  529.8000  5.4180 -1.09   377.   377.   377.     
  9.000  313.4800  6.3201 -0.61 230.85  3.24 -0.20  472.8999  7.1070 -1.82   375.   375.   375.     
 10.000  269.8601  5.6598 -0.45 224.14  2.87  0.51  419.5000  9.3210 -1.70   369.   369.   369.     
 11.000  231.3900  4.8312 -0.21 218.77  3.73  0.94  368.6001 11.1900 -1.23   368.   368.   368.     
 12.000  197.8900  3.8898  0.04 215.21  5.29  0.58  320.6001 12.0200 -0.66   364.   364.   364.     
 13.000  168.8800  3.0462  0.19 214.76  5.32 -0.08  274.2000  9.8660 -0.02   360.   360.   360.     
 14.000  144.2000  2.3593  0.42 214.67  4.14 -0.32  234.1000  7.0060  0.18   354.   354.   354.     
 15.000  123.0200  1.8872  0.57 213.29  3.44 -0.09  201.0000  5.2710  0.13   347.   347.   347.     
 16.000  104.8600  1.4863  0.62 212.01  3.57  0.01  172.4000  4.4940  0.32   347.   347.   347.     
 17.000   89.3490  1.1937  0.54 211.42  3.62 -0.18  147.3000  3.7310  0.58   334.   334.   334.     
 18.000   76.0760  0.9598  0.43 211.25  3.52 -0.29  125.5000  2.8620  0.80   330.   330.   330.     
 19.000   64.8330  0.7974  0.29 212.09  3.01 -0.21  106.5000  1.9570  0.65   321.   321.   321.     
 20.000   55.2760  0.6965  0.17 213.12  2.72 -0.10   90.3600  1.3320  0.47   314.   314.   314.     
 21.000   47.2870  0.6172  0.02 214.78  2.59 -0.19   76.7000  0.9598  0.53   245.   245.   245.     
 22.000   40.4120  0.5684 -0.06 216.33  2.58 -0.20   65.0800  0.7672  0.28   241.   241.   241.     
 23.000   34.5800  0.5303 -0.13 217.76  2.58 -0.01   55.3200  0.6550  0.12   236.   236.   236.     
 24.000   29.5550  0.4764  0.08 218.93  2.79  0.22   47.0300  0.5945  0.01   277.   277.   277.     
 25.000   25.3380  0.4419  0.08 220.41  2.98  0.08   40.0500  0.5399 -0.18   271.   271.   271.     
 26.000   21.7410  0.4105  0.06 222.04  3.08 -0.05   34.1100  0.4743  0.02   269.   269.   269.     
 27.000   18.7340  0.3647  0.00 224.13  3.09 -0.07   29.1200  0.4488  0.02   215.   215.   215.     
 28.000   16.1380  0.3256  0.01 226.03  3.26 -0.06   24.8700  0.4107 -0.02   208.   208.   208.     
 29.000   13.9090  0.2831  0.12 227.82  3.41  0.23   21.2700  0.3573  0.09   165.   165.   165.     
 30.000   11.9980  0.2671  0.06 229.72  3.67  0.16   18.2000  0.3526 -0.05   165.   165.   165.     
 32.000    9.0440  0.2233  0.16 236.47  4.23  0.13   13.3300  0.2902  0.33   120.   123.   116.     
 34.000    6.8250  0.1869 -0.02 241.96  4.44  0.09    9.8280  0.2575  0.51   122.   125.   120.     
 36.000    5.1780  0.1513 -0.19 246.57  5.25  0.62    7.3140  0.2283  0.36   122.   125.   122.     
 38.000    3.9480  0.1218 -0.30 250.87  4.73 -0.34    5.4810  0.1598  0.19   123.   126.   123.     
 40.000    3.0250  0.0984 -0.34 256.14  4.82  0.06    4.1130  0.1302  0.02   124.   127.   124.     
 42.000    2.3320  0.0787 -0.31 261.93  4.28  0.10    3.1000  0.1064 -0.37   124.   126.   124.     
 44.000    1.8080  0.0626 -0.22 266.73  4.61  0.14    2.3610  0.0799 -0.45   124.   127.   124.     
 46.000    1.4060  0.0505 -0.12 268.26  4.79 -0.43    1.8250  0.0647 -0.30   124.   121.   124.     
 48.000    1.0950  0.0409 -0.02 269.81  4.47 -0.17    1.4140  0.0474 -0.27   124.   124.   124.     
 50.000    0.8530  0.0334  0.09 269.10  4.48 -0.56    1.1040  0.0388 -0.11   123.   121.   123.     
 52.000    0.6650  0.0273  0.16 268.13  4.47 -0.17    0.8630  0.0304 -0.08   123.   123.   123.     
 54.000    0.5170  0.0228  0.23 265.68  5.10 -0.05    0.6780  0.0262  0.22   120.   124.   120.     
 56.000    0.4010  0.0185  0.27 263.74  5.73 -0.55    0.5300  0.0208 -0.37   115.   120.   115.     
 58.000    0.3100  0.0152  0.41 260.72  6.18 -0.70    0.4140  0.0164 -0.11   105.   110.   105.     
 60.000    0.2380  0.0125  0.54 257.23  7.78 -0.51    0.3230  0.0124  0.65    79.    84.    79.     
 62.000    0.1800  0.0092  0.23 251.06  9.86  0.14    0.2500  0.0096  0.65    48.    51.    48.     
 64.000    0.1350  0.0069 -0.13 243.21  8.88  1.11    0.1930  0.0080  0.80    38.    40.    38.     
 66.000    0.1020  0.0059  0.15 235.67  9.15  1.96    0.1510  0.0070  0.16    37.    39.    37.     
 68.000    0.0770  0.0044  1.56 227.80 12.29  1.59    0.1180  0.0055  0.36    35.    36.    35.     
 70.000    0.0560  0.0026  0.85 218.16 11.06  1.53    0.0900  0.0044  0.59    30.    31.    30.     
     T A B L E  II -  5.  T H E R M O D Y N A M I C  S T A T I S T I C A L  P A R A M E T E R S     
                                              MAY                                                   
 STATION =   723810     EDWARDS AIR FORCE BASE                                                      
    Z      MEAN P   SD P  SKEWP MEAN T  SD T SKEWT    MEAN D    SD D SKEWD  NOBSP  NOBST  NOBSD     
    KM       MB        MB       DEG K  DEG K            G/M3    G/M3                                
  0.000 1011.0000  3.6388 -0.09 290.30  6.80  0.90 1210.0000 30.7900 -0.66   265.   265.   265.     
  0.705  930.1299  2.8666 -0.31 287.99  5.21  0.58 1122.0000 20.5900 -0.39   298.   298.   298.     
  1.000  900.1599  3.0672 -0.51 288.78  5.13 -0.15 1083.0000 18.6700  0.16   316.   316.   316.     
  2.000  799.4099  3.7031 -0.71 283.98  5.39 -0.53  979.1001 16.0800  0.55   327.   327.   327.     
  3.000  708.1299  4.4354 -0.67 277.56  4.84 -0.86  887.7000 12.0400  0.80   327.   327.   327.     
  4.000  625.2600  5.0633 -0.76 270.86  4.67 -1.01  803.3999  9.3770  0.78   327.   327.   327.     
  5.000  550.5500  5.5506 -0.86 263.95  4.54 -1.12  726.1001  7.3630  0.67   327.   327.   327.     
  6.000  483.1799  5.7894 -0.93 256.94  4.28 -1.01  654.7000  5.4330  0.26   327.   327.   327.     
  7.000  422.2600  5.8643 -0.96 249.63  3.97 -0.92  588.8999  4.4780 -0.14   327.   327.   327.     
  8.000  367.6899  5.7941 -0.92 242.04  3.81 -0.66  528.8999  4.5230 -0.95   327.   327.   327.     
  9.000  318.7100  5.5547 -0.83 234.40  3.36 -0.48  473.3999  5.2800 -2.00   326.   326.   326.     
 10.000  274.9600  5.2023 -0.67 227.13  2.94 -0.34  421.7000  6.5950 -2.28   326.   326.   326.     
 11.000  236.2300  4.6371 -0.46 220.92  2.85  0.48  372.6001  8.2280 -1.72   326.   326.   326.     
 12.000  202.2200  3.9048 -0.32 216.04  3.72  0.97  326.2000  9.5590 -1.10   325.   325.   325.     
 13.000  172.6000  3.1561 -0.14 214.14  4.49  0.32  281.0000  9.5300 -0.33   321.   321.   321.     
 14.000  147.2700  2.4691 -0.12 214.21  3.93 -0.19  239.6000  7.0770  0.14   319.   319.   319.     
 15.000  125.6100  1.9698 -0.13 213.35  3.43 -0.13  205.2000  5.2540  0.12   317.   317.   317.     
 16.000  107.0700  1.6024 -0.10 212.36  3.03 -0.18  175.7000  4.1200  0.04   316.   316.   316.     
 17.000   91.2590  1.3043 -0.05 211.72  2.85 -0.34  150.2000  3.3750  0.07   309.   309.   309.     
 18.000   77.7390  1.0655 -0.01 211.74  2.71 -0.27  127.9000  2.7800  0.09   308.   308.   308.     
 19.000   66.2420  0.8763  0.02 212.53  2.40 -0.36  108.6000  2.0890  0.00   305.   305.   305.     
 20.000   56.5130  0.7338  0.03 213.93  2.13 -0.37   92.0300  1.4970  0.15   297.   297.   297.     
 21.000   48.3620  0.6205 -0.05 215.90  2.05 -0.34   78.0400  1.0960  0.17   244.   244.   244.     
 22.000   41.3630  0.5567 -0.03 217.47  2.07 -0.18   66.2600  0.8196  0.27   242.   242.   242.     
 23.000   35.4280  0.5036  0.00 219.15  1.96  0.07   56.3200  0.6518  0.06   239.   239.   239.     
 24.000   30.2880  0.4907  0.06 220.50  2.19  0.28   47.8500  0.5609  0.06   265.   265.   265.     
 25.000   25.9950  0.4385  0.11 222.09  2.27  0.49   40.7700  0.4869 -0.05   277.   277.   277.     
 26.000   22.3350  0.4053  0.12 223.84  2.39  0.35   34.7600  0.4411 -0.12   272.   272.   272.     
 27.000   19.2480  0.3596  0.13 225.88  2.47  0.41   29.6800  0.4027 -0.08   238.   238.   238.     
 28.000   16.5940  0.3288  0.16 227.69  2.61  0.24   25.3900  0.3588 -0.01   232.   232.   232.     
 29.000   14.3140  0.3130  0.18 229.30  2.84  0.14   21.7500  0.3414  0.00   195.   195.   195.     
 30.000   12.3720  0.2868  0.22 231.10  2.94  0.15   18.6500  0.3115 -0.11   192.   192.   192.     
 32.000    9.3170  0.1544  0.44 237.27  3.34  0.55   13.6900  0.2102  0.06   145.   149.   142.     
 34.000    7.0280  0.1299  0.38 242.36  3.41  0.48   10.1100  0.1672  0.19   146.   150.   146.     
 36.000    5.3320  0.1049  0.42 246.86  3.61 -0.23    7.5260  0.1453  0.26   146.   150.   146.     
 38.000    4.0700  0.0893  0.63 252.33  4.01 -0.47    5.6210  0.1285  0.85   148.   152.   148.     
 40.000    3.1230  0.0719  0.48 258.03  3.29  0.20    4.2180  0.0984  0.89   147.   151.   147.     
 42.000    2.4130  0.0565  0.40 263.92  3.45 -0.38    3.1850  0.0717  0.26   147.   151.   147.     
 44.000    1.8730  0.0452  0.39 268.29  3.55  0.00    2.4320  0.0561  0.72   145.   144.   145.     
 46.000    1.4590  0.0372  0.29 270.88  4.17 -0.12    1.8760  0.0428  0.48   145.   138.   145.     
 48.000    1.1390  0.0311  0.23 271.94  4.42 -0.26    1.4590  0.0332  0.55   144.   139.   144.     
 50.000    0.8890  0.0260  0.16 271.72  4.42 -0.09    1.1400  0.0291  0.20   144.   129.   144.     
 52.000    0.6940  0.0214  0.13 269.48  4.45 -0.63    0.8970  0.0244  0.53   143.   138.   143.     
 54.000    0.5400  0.0178  0.13 266.81  4.55  0.06    0.7050  0.0188  0.24   141.   139.   141.     
 56.000    0.4190  0.0153  0.13 263.78  5.28 -0.12    0.5530  0.0157  0.06   130.   132.   130.     
 58.000    0.3240  0.0126  0.03 260.39  5.12 -0.28    0.4330  0.0129  0.01   114.   115.   114.     
 60.000    0.2480  0.0097  0.33 256.26  5.86  0.28    0.3370  0.0108  0.07    81.    82.    81.     
 62.000    0.1890  0.0080  0.93 249.96  6.51  0.21    0.2640  0.0084  0.37    54.    55.    54.     
 64.000    0.1430  0.0047  0.62 241.78  7.05  0.36    0.2050  0.0066  0.81    39.    39.    39.     
 66.000    0.1070  0.0040  0.82 233.48  8.65  0.65    0.1600  0.0044  0.48    37.    37.    37.     
 68.000    0.0800  0.0039  1.01 222.69 11.80  1.12    0.1250  0.0034  1.07    36.    36.    36.     
 70.000    0.0590  0.0038  1.39 213.01 14.54  1.95    0.0960  0.0039  0.61    34.    34.    34.     
     T A B L E  II -  6.  T H E R M O D Y N A M I C  S T A T I S T I C A L  P A R A M E T E R S     
                                              JUNE                                                  
 STATION =   723810     EDWARDS AIR FORCE BASE                                                      
    Z      MEAN P   SD P  SKEWP MEAN T  SD T SKEWT    MEAN D    SD D SKEWD  NOBSP  NOBST  NOBSD     
    KM       MB        MB       DEG K  DEG K            G/M3    G/M3                                
  0.000 1008.3000  2.9985 -0.18 294.56  6.93  0.74 1189.0000 29.5700 -0.61   317.   317.   317.     
  0.705  928.8401  2.5992 -0.44 292.72  5.55  0.44 1102.0000 20.4000 -0.34   349.   349.   349.     
  1.000  899.4399  2.8459 -0.44 293.98  5.53 -0.37 1063.0000 18.9300  0.40   363.   363.   363.     
  2.000  800.5400  3.6285 -0.56 289.29  5.20 -0.57  962.1001 14.6900  0.64   369.   369.   369.     
  3.000  710.7000  4.4029 -0.53 282.71  4.54 -0.74  874.3999 10.4000  0.69   369.   369.   369.     
  4.000  628.9500  4.9385 -0.61 275.67  4.27 -0.84  793.8000  8.0320  0.50   369.   369.   369.     
  5.000  554.9900  5.2605 -0.72 268.77  4.24 -0.88  718.7000  6.7460  0.26   369.   369.   369.     
  6.000  488.3701  5.5732 -0.79 261.63  4.02 -0.87  649.7000  5.2280  0.00   368.   368.   368.     
  7.000  427.8301  5.6127 -0.84 254.34  4.02 -1.01  585.5000  4.3020 -0.14   368.   368.   368.     
  8.000  373.5000  5.6433 -0.89 246.79  4.02 -1.03  526.8000  3.9030 -0.31   368.   368.   368.     
  9.000  324.6001  5.5049 -0.89 239.15  3.62 -0.64  472.3999  4.0450 -0.62   368.   368.   368.     
 10.000  280.9800  5.3210 -0.78 231.88  3.17 -0.27  422.0000  5.4760 -1.74   363.   363.   363.     
 11.000  242.1600  4.8856 -0.62 225.24  3.03  0.00  374.6001  7.0270 -1.96   363.   363.   363.     
 12.000  207.7800  4.2418 -0.43 219.66  3.39  0.15  329.6001  8.1940 -1.47   361.   361.   361.     
 13.000  177.6700  3.5464 -0.25 215.62  3.77  0.32  287.2000  8.5580 -0.95   358.   358.   358.     
 14.000  151.6100  2.8408 -0.10 213.01  3.87  0.42  248.1000  8.0410 -0.45   358.   358.   358.     
 15.000  129.0900  2.1724 -0.04 210.73  3.97  0.21  213.5000  7.0620 -0.13   353.   353.   353.     
 16.000  109.8000  1.5997 -0.01 209.19  4.14 -0.11  183.0000  5.7990  0.04   350.   350.   350.     
 17.000   93.3800  1.1851  0.00 209.05  3.88 -0.10  155.7000  4.3560  0.05   324.   324.   324.     
 18.000   79.4110  0.8933  0.02 210.12  3.22 -0.06  131.7000  2.9350  0.04   322.   322.   322.     
 19.000   67.6190  0.7141 -0.04 212.18  2.44  0.05  111.0000  1.8080  0.03   319.   319.   319.     
 20.000   57.6790  0.6101  0.06 214.36  2.12  0.03   93.7500  1.2370  0.06   316.   316.   316.     
 21.000   49.3380  0.5361 -0.05 216.71  1.69 -0.11   79.3200  0.9123 -0.23   262.   262.   262.     
 22.000   42.2330  0.4731  0.02 218.48  1.58 -0.19   67.3400  0.7117 -0.16   257.   257.   257.     
 23.000   36.1930  0.4272  0.01 220.16  1.56 -0.38   57.2700  0.5687 -0.04   255.   255.   255.     
 24.000   31.0440  0.3871  0.03 221.93  1.52 -0.18   48.7300  0.4877  0.02   254.   254.   254.     
 25.000   26.6260  0.3677  0.04 223.49  1.67 -0.11   41.5000  0.4450 -0.03   280.   280.   280.     
 26.000   22.9010  0.3298  0.04 225.28  1.81 -0.08   35.4100  0.3973 -0.03   277.   277.   277.     
 27.000   19.7580  0.2926 -0.05 227.28  1.89  0.23   30.2800  0.3678 -0.05   230.   230.   230.     
 28.000   17.0440  0.2677  0.00 229.10  1.94  0.22   25.9200  0.3207 -0.14   223.   223.   223.     
 29.000   14.7310  0.2470 -0.08 230.95  2.55  0.93   22.2200  0.3071 -0.56   189.   189.   189.     
 30.000   12.7290  0.2275 -0.11 232.48  2.55  0.45   19.0700  0.2495 -0.41   184.   184.   184.     
 32.000    9.5970  0.1740  0.34 237.94  3.18  0.24   14.0500  0.2301  0.46   118.   121.   116.     
 34.000    7.2350  0.1488  0.22 242.71  3.45  0.33   10.3900  0.1979 -0.28   118.   121.   117.     
 36.000    5.5000  0.1156  0.19 247.39  3.98 -0.01    7.7430  0.1650  0.50   118.   121.   118.     
 38.000    4.1960  0.0948  0.19 252.25  4.25 -0.07    5.7960  0.1196  0.23   118.   122.   118.     
 40.000    3.2220  0.0785  0.20 258.44  3.90  0.77    4.3410  0.0957 -0.02   117.   122.   117.     
 42.000    2.4890  0.0645  0.19 264.09  4.16 -0.15    3.2810  0.0810  0.02   117.   121.   117.     
 44.000    1.9310  0.0523  0.18 268.17  3.64 -0.03    2.5070  0.0624  0.03   116.   114.   116.     
 46.000    1.5050  0.0431  0.23 270.58  4.37  0.03    1.9360  0.0497 -0.09   116.   109.   116.     
 48.000    1.1740  0.0356  0.27 271.84  4.53  0.03    1.5050  0.0389 -0.12   115.   109.   115.     
 50.000    0.9160  0.0297  0.37 272.24  4.81 -0.14    1.1720  0.0314 -0.03   111.   106.   111.     
 52.000    0.7150  0.0248  0.37 270.36  4.96 -0.62    0.9200  0.0305 -0.45   104.    98.   104.     
 54.000    0.5570  0.0203  0.28 267.78  4.91 -0.09    0.7230  0.0239 -0.34    98.    95.    98.     
 56.000    0.4330  0.0168  0.39 264.20  5.27 -0.12    0.5710  0.0181 -0.11    93.    95.    93.     
 58.000    0.3350  0.0150  0.49 260.35  5.47 -0.29    0.4480  0.0145  0.34    71.    75.    71.     
 60.000    0.2570  0.0121  0.69 256.07  6.25 -0.17    0.3500  0.0113  0.34    51.    55.    51.     
 62.000    0.1940  0.0096  1.10 248.53  8.54  0.01    0.2720  0.0086  0.47    30.    32.    30.     
 64.000    0.1450  0.0077  1.62 240.97 10.10  0.59    0.2120  0.0061  0.66    23.    26.    23.     
 66.000    0.1090  0.0047  0.66 234.08 12.24  0.01    0.1640  0.0057  0.82    22.    25.    22.     
 68.000    0.0810  0.0040  0.41 223.08 12.74  0.52    0.1280  0.0043  0.71    23.    24.    23.     
 70.000    0.0600  0.0038  0.23 215.46 15.78  1.33    0.0980  0.0045 -0.50    19.    20.    19.     
     T A B L E  II -  7.  T H E R M O D Y N A M I C  S T A T I S T I C A L  P A R A M E T E R S     
                                              JULY                                                  
 STATION =   723810     EDWARDS AIR FORCE BASE                                                      
    Z      MEAN P   SD P  SKEWP MEAN T  SD T SKEWT    MEAN D    SD D SKEWD  NOBSP  NOBST  NOBSD     
    KM       MB        MB       DEG K  DEG K            G/M3    G/M3                                
  0.000 1008.8000  2.3976 -0.06 297.84  6.15  0.65 1176.0000 25.9600 -0.42   308.   308.   308.     
  0.705  930.2300  1.9973 -0.14 296.29  4.30  0.44 1090.0000 15.7300 -0.22   329.   329.   329.     
  1.000  901.0801  2.2577 -0.36 298.00  3.02 -0.36 1050.0000 10.9300  0.23   337.   337.   337.     
  2.000  803.2700  2.2361 -0.36 293.46  2.77 -0.48  951.3000  8.4610  0.26   345.   345.   345.     
  3.000  714.2800  2.3456 -0.31 286.51  2.32 -0.28  866.8000  6.2610  0.08   345.   345.   345.     
  4.000  633.2000  2.4230 -0.35 279.13  1.98 -0.29  789.0000  4.9130  0.09   345.   345.   345.     
  5.000  559.6101  2.4159 -0.35 271.88  1.99  0.04  716.2000  4.5560  0.09   345.   345.   345.     
  6.000  493.3000  2.3692 -0.20 264.80  2.07  0.22  648.3999  3.8660 -0.02   344.   344.   344.     
  7.000  432.8401  2.3269 -0.05 257.95  2.08  0.08  584.2000  3.2030 -0.10   343.   343.   343.     
  8.000  378.7000  2.3669 -0.05 250.98  2.31 -0.21  525.3000  3.1770  0.22   341.   341.   341.     
  9.000  329.9199  2.4132 -0.07 243.78  2.52 -0.17  471.2000  3.0010 -0.04   341.   341.   341.     
 10.000  286.4700  2.4617 -0.08 236.47  2.43 -0.18  421.8000  2.9070 -0.27   340.   340.   340.     
 11.000  247.6100  2.4172 -0.14 229.32  2.32 -0.35  376.1001  2.8270 -0.49   337.   337.   337.     
 12.000  212.8500  2.2224 -0.15 222.56  2.18 -0.25  333.2000  3.3060 -0.75   336.   336.   336.     
 13.000  182.3400  2.0310 -0.17 216.25  2.15  0.04  293.8000  3.9950 -0.61   336.   336.   336.     
 14.000  155.5000  1.7212 -0.17 210.55  2.41  0.25  257.3000  4.3740 -0.53   336.   336.   336.     
 15.000  132.1100  1.3988 -0.20 206.42  2.68  0.41  223.0000  4.2710 -0.38   331.   331.   331.     
 16.000  111.9900  1.1213 -0.19 205.16  2.68  0.19  190.2000  3.5340 -0.13   328.   328.   328.     
 17.000   95.0020  0.8813 -0.25 206.11  2.52 -0.09  160.6000  2.6150  0.27   316.   316.   316.     
 18.000   80.6390  0.7530 -0.31 208.66  2.40 -0.19  134.6000  1.8860  0.43   313.   313.   313.     
 19.000   68.6170  0.6354 -0.04 211.61  2.13 -0.36  113.0000  1.3430  0.54   306.   306.   306.     
 20.000   58.5300  0.5678 -0.02 214.20  2.00 -0.23   95.2000  1.0100  0.51   304.   304.   304.     
 21.000   50.0760  0.5134 -0.04 216.91  1.74 -0.20   80.4300  0.7902  0.14   250.   250.   250.     
 22.000   42.8660  0.4758 -0.02 218.87  1.45 -0.72   68.2300  0.6269 -0.15   236.   236.   236.     
 23.000   36.7470  0.4253 -0.08 220.56  1.45 -0.39   58.0400  0.5572 -0.03   236.   236.   236.     
 24.000   31.5300  0.3848 -0.07 222.13  1.56 -0.21   49.4500  0.4822 -0.01   235.   235.   235.     
 25.000   27.0390  0.3474  0.14 223.43  1.74 -0.14   42.1600  0.4107  0.06   273.   273.   273.     
 26.000   23.2530  0.3203  0.13 225.04  1.86 -0.21   36.0000  0.3647  0.01   269.   269.   269.     
 27.000   20.0700  0.2794  0.12 226.86  2.13 -0.28   30.8200  0.3137  0.04   224.   224.   224.     
 28.000   17.3150  0.2629  0.14 228.62  2.15 -0.22   26.3800  0.2848  0.01   207.   207.   207.     
 29.000   14.9530  0.2434  0.06 230.35  2.43 -0.10   22.6100  0.2643  0.19   186.   186.   186.     
 30.000   12.9160  0.2299  0.15 231.79  2.46 -0.12   19.4100  0.2373  0.03   172.   172.   172.     
 32.000    9.7040  0.1560  0.56 236.70  3.43  0.30   14.2900  0.2333 -0.04   113.   118.   109.     
 34.000    7.3140  0.1279  0.53 240.94  3.32  0.18   10.5800  0.1625 -0.18   111.   117.   111.     
 36.000    5.5390  0.1046  0.64 245.20  3.43 -0.18    7.8750  0.1301  0.32   111.   117.   111.     
 38.000    4.2160  0.0874  0.56 249.97  3.92 -0.47    5.8780  0.1131  0.34   111.   118.   111.     
 40.000    3.2270  0.0726  0.52 255.68  3.95 -0.39    4.3960  0.0842  0.33   111.   118.   111.     
 42.000    2.4860  0.0604  0.50 260.89  3.53 -0.29    3.3190  0.0703  0.48   110.   117.   110.     
 44.000    1.9240  0.0500  0.44 264.50  4.46 -0.35    2.5340  0.0584  0.08   110.   116.   110.     
 46.000    1.4920  0.0419  0.35 266.80  5.44 -0.41    1.9500  0.0473  0.22   108.   114.   108.     
 48.000    1.1600  0.0356  0.25 268.05  4.96 -0.72    1.5080  0.0376  0.27   107.   111.   107.     
 50.000    0.9030  0.0290  0.38 267.67  4.22 -0.46    1.1750  0.0310  0.25   103.   106.   103.     
 52.000    0.7020  0.0241  0.40 265.87  4.26 -0.27    0.9190  0.0259  0.03   102.   103.   102.     
 54.000    0.5450  0.0202  0.41 262.69  5.38 -0.10    0.7230  0.0196  0.25    98.   101.    98.     
 56.000    0.4210  0.0176  0.46 259.11  5.90  0.16    0.5670  0.0160  0.64    94.   100.    94.     
 58.000    0.3230  0.0153  0.58 253.93  7.30  0.13    0.4440  0.0150  0.72    81.    86.    81.     
 60.000    0.2460  0.0122  0.39 249.24  9.70  0.03    0.3440  0.0129  0.22    59.    62.    59.     
 62.000    0.1860  0.0105  0.57 241.31 10.00  0.10    0.2690  0.0123  0.49    44.    46.    44.     
 64.000    0.1390  0.0080  0.71 234.39 10.13  0.35    0.2070  0.0100  0.41    37.    39.    37.     
 66.000    0.1030  0.0061  0.49 227.33  9.44 -0.11    0.1580  0.0094  0.87    34.    35.    34.     
 68.000    0.0750  0.0045  0.71 218.65 10.95  0.31    0.1200  0.0078  0.55    35.    35.    35.     
 70.000    0.0550  0.0037  1.06 212.89 10.10  0.12    0.0900  0.0053  0.41    30.    30.    30.     
     T A B L E  II -  8.  T H E R M O D Y N A M I C  S T A T I S T I C A L  P A R A M E T E R S     
                                              AUGUST                                                
 STATION =   723810     EDWARDS AIR FORCE BASE                                                      
    Z      MEAN P   SD P  SKEWP MEAN T  SD T SKEWT    MEAN D    SD D SKEWD  NOBSP  NOBST  NOBSD     
    KM       MB        MB       DEG K  DEG K            G/M3    G/M3                                
  0.000 1009.0000  2.4388 -0.19 298.22  6.36  0.80 1174.0000 26.7200 -0.60   343.   343.   343.     
  0.705  930.4600  2.1470 -0.26 296.46  4.56  0.54 1089.0000 16.4500 -0.38   362.   362.   362.     
  1.000  901.4099  2.3778 -0.21 298.07  3.28 -0.37 1050.0000 11.4900  0.24   371.   371.   371.     
  2.000  803.5701  2.3715 -0.38 293.09  2.99 -0.41  952.5000  8.9100  0.25   383.   383.   383.     
  3.000  714.5000  2.5246 -0.50 285.93  2.46 -0.43  868.5000  6.4850  0.15   383.   383.   383.     
  4.000  633.2200  2.6855 -0.54 278.58  2.16 -0.46  790.5000  5.1450 -0.05   383.   383.   383.     
  5.000  559.5601  2.6596 -0.66 271.50  2.01 -0.07  717.0000  4.5820 -0.43   383.   383.   383.     
  6.000  493.1201  2.5216 -0.71 264.67  2.03 -0.02  648.3999  4.1090 -0.16   383.   383.   383.     
  7.000  432.6499  2.4898 -0.74 257.81  2.04 -0.40  584.2000  3.4140 -0.15   382.   382.   382.     
  8.000  378.5000  2.4735 -0.76 250.91  2.19 -0.61  525.2000  2.8730 -0.02   378.   378.   378.     
  9.000  329.7500  2.5144 -0.82 243.59  2.48 -0.61  471.3000  2.8570  0.00   378.   378.   378.     
 10.000  286.2800  2.5024 -0.78 236.23  2.55 -0.61  421.8999  2.8500 -0.21   376.   376.   376.     
 11.000  247.4100  2.4655 -0.76 229.11  2.47 -0.38  376.2000  2.9570 -0.72   376.   376.   376.     
 12.000  212.6700  2.2689 -0.68 222.45  2.05 -0.52  333.1001  3.1640 -1.01   376.   376.   376.     
 13.000  182.1700  2.0645 -0.57 216.22  1.81  0.08  293.5000  3.8290 -1.12   373.   373.   373.     
 14.000  155.3800  1.7309 -0.36 210.76  2.38  0.73  256.8999  4.5210 -1.24   373.   373.   373.     
 15.000  132.0300  1.3893 -0.05 206.81  3.17  0.80  222.5000  4.6810 -0.99   371.   371.   371.     
 16.000  111.9600  1.1001  0.21 205.34  3.20  0.73  190.0000  3.7870 -0.68   369.   369.   369.     
 17.000   94.9760  0.8719  0.26 206.12  2.52  0.41  160.5000  2.5480 -0.28   350.   350.   350.     
 18.000   80.6270  0.7555  0.24 208.65  2.34  0.09  134.6000  1.7550  0.05   348.   348.   348.     
 19.000   68.5930  0.6704  0.19 211.66  2.23 -0.20  112.9000  1.2670  0.68   342.   342.   342.     
 20.000   58.5180  0.6172  0.26 214.34  2.05 -0.25   95.1100  0.9539  0.64   338.   338.   338.     
 21.000   50.0630  0.5704  0.09 216.79  1.72 -0.08   80.4500  0.7697  0.18   281.   281.   281.     
 22.000   42.8470  0.5233  0.10 218.52  1.55 -0.13   68.3100  0.6657  0.05   263.   263.   263.     
 23.000   36.7250  0.4728  0.04 220.09  1.63 -0.25   58.1300  0.5681  0.22   255.   255.   255.     
 24.000   31.5070  0.4247  0.08 221.65  1.61 -0.25   49.5200  0.4706  0.08   252.   252.   252.     
 25.000   27.0050  0.3989  0.21 222.86  1.78 -0.16   42.2100  0.4164  0.13   287.   287.   287.     
 26.000   23.2140  0.3664  0.16 224.36  1.94 -0.22   36.0400  0.3816 -0.09   279.   279.   279.     
 27.000   20.0300  0.3151  0.23 226.21  2.02  0.08   30.8500  0.3266  0.05   240.   240.   240.     
 28.000   17.2680  0.2956  0.24 227.77  2.10  0.23   26.4100  0.2886 -0.04   231.   231.   231.     
 29.000   14.9050  0.2716  0.20 229.36  2.54  0.03   22.6400  0.2640 -0.02   212.   212.   212.     
 30.000   12.8690  0.2547  0.27 230.69  2.49  0.01   19.4300  0.2361  0.22   198.   198.   198.     
 32.000    9.6590  0.1281  0.44 235.80  4.33  0.79   14.3100  0.2136 -0.19    98.   108.    96.     
 34.000    7.2570  0.1221  0.23 239.12  4.54  0.83   10.6000  0.2135 -0.60   101.   111.   101.     
 36.000    5.4900  0.0915  0.87 242.78  4.35  0.07    7.8910  0.1218  0.08   101.   112.   101.     
 38.000    4.1660  0.0789  0.93 247.52  4.34  0.33    5.8780  0.1008  0.83   101.   112.   101.     
 40.000    3.1820  0.0664  1.03 253.19  4.12  0.18    4.3860  0.0884  0.03   101.   112.   101.     
 42.000    2.4430  0.0545  1.06 257.99  4.06  0.26    3.3050  0.0661  0.60   101.   113.   101.     
 44.000    1.8860  0.0448  1.04 262.71  4.21 -0.60    2.5020  0.0583  0.66   101.   111.   101.     
 46.000    1.4610  0.0377  0.86 264.84  4.48 -0.50    1.9250  0.0426  0.74   100.   110.   100.     
 48.000    1.1340  0.0303  0.95 264.91  4.99 -0.33    1.4920  0.0343  0.61    98.   104.    98.     
 50.000    0.8800  0.0259  0.77 265.12  5.22 -0.48    1.1570  0.0271  1.00    99.   108.    99.     
 52.000    0.6820  0.0224  0.60 264.06  4.94 -0.22    0.9010  0.0221  0.87    98.   107.    98.     
 54.000    0.5290  0.0196  0.55 261.38  6.11  0.09    0.7060  0.0220  0.48    98.   108.    98.     
 56.000    0.4080  0.0168  0.58 257.89  7.31  0.07    0.5530  0.0163  0.29    97.   107.    97.     
 58.000    0.3140  0.0150  0.63 254.38  7.92  0.04    0.4310  0.0169  1.28    89.    98.    89.     
 60.000    0.2380  0.0119  0.73 249.36  8.82  0.30    0.3340  0.0124  0.79    64.    71.    64.     
 62.000    0.1790  0.0091  1.23 242.91  9.17  0.48    0.2580  0.0100  1.00    51.    55.    51.     
 64.000    0.1340  0.0072  1.62 235.12 10.60  0.94    0.1990  0.0087  1.42    45.    48.    45.     
 66.000    0.1000  0.0061  1.40 229.52 11.64  1.40    0.1530  0.0095  1.93    44.    45.    44.     
 68.000    0.0740  0.0047  0.90 220.00 11.08 -0.19    0.1180  0.0078  2.29    45.    45.    45.     
 70.000    0.0550  0.0039  0.58 213.56  9.91 -0.52    0.0890  0.0060  1.45    40.    40.    40.     
     T A B L E  II -  9.  T H E R M O D Y N A M I C  S T A T I S T I C A L  P A R A M E T E R S     
                                              SEPTEMBER                                             
 STATION =   723810     EDWARDS AIR FORCE BASE                                                      
    Z      MEAN P   SD P  SKEWP MEAN T  SD T SKEWT    MEAN D    SD D SKEWD  NOBSP  NOBST  NOBSD     
    KM       MB        MB       DEG K  DEG K            G/M3    G/M3                                
  0.000 1010.7000  3.2732  0.00 291.89  6.17  0.59 1203.0000 28.1100 -0.26   246.   246.   246.     
  0.705  930.4199  2.7519 -0.12 290.99  4.46  0.50 1110.0000 17.5800 -0.15   269.   269.   269.     
  1.000  901.0100  2.8677 -0.22 294.13  4.07 -0.28 1064.0000 14.3700  0.28   267.   267.   267.     
  2.000  802.0901  3.0927 -0.40 289.34  3.83 -0.56  963.6001 11.1500  0.71   272.   272.   272.     
  3.000  712.0300  3.5141 -0.49 282.56  3.17 -0.41  876.3000  7.5980  0.26   272.   272.   272.     
  4.000  630.3101  3.6938 -0.53 276.23  2.97 -0.27  793.8999  6.4640 -0.16   272.   272.   272.     
  5.000  556.3501  3.7422 -0.58 269.83  2.86 -0.38  717.6001  5.6910  0.08   272.   272.   272.     
  6.000  489.8301  3.7398 -0.59 263.12  2.68 -0.30  648.0000  4.5770  0.25   271.   271.   271.     
  7.000  429.5200  3.6931 -0.62 256.13  2.50 -0.45  583.8000  3.8100  0.05   271.   271.   271.     
  8.000  375.3000  3.6284 -0.55 248.69  2.56 -0.63  525.3999  3.5960 -0.25   270.   270.   270.     
  9.000  326.5100  3.4900 -0.54 240.96  2.62 -0.39  471.7000  3.7440 -0.48   270.   270.   270.     
 10.000  282.9900  3.3777 -0.46 233.70  2.64 -0.13  421.7000  4.1760 -0.87   270.   270.   270.     
 11.000  244.1900  3.1881 -0.38 227.07  2.92  0.21  374.7000  4.8270 -1.00   268.   268.   268.     
 12.000  209.7300  2.8535 -0.29 221.19  2.73 -0.33  330.3999  5.0040 -0.85   268.   268.   268.     
 13.000  179.5600  2.5233 -0.21 216.04  2.54 -0.16  289.6001  5.2540 -0.67   267.   267.   267.     
 14.000  153.1800  2.1066 -0.12 211.58  2.80  0.59  252.3000  5.4340 -0.54   267.   267.   267.     
 15.000  130.2800  1.6676 -0.10 208.25  3.10  0.53  218.0000  5.0920 -0.23   266.   266.   266.     
 16.000  110.5800  1.3119 -0.12 206.58  3.34  0.40  186.5000  4.3590 -0.05   263.   263.   263.     
 17.000   93.8950  0.9850 -0.05 206.62  3.15  0.34  158.4000  3.2550  0.00   251.   251.   251.     
 18.000   79.6990  0.8104  0.03 208.40  2.87  0.29  133.3000  2.3130  0.02   250.   250.   250.     
 19.000   67.8460  0.8449  2.23 210.91  2.44  0.33  112.1000  1.8530  1.38   247.   247.   247.     
 20.000   57.8270  0.7295  2.05 213.38  2.38  0.21   94.4200  1.4940  1.57   246.   246.   246.     
 21.000   49.4330  0.6521  1.90 215.89  2.28 -0.22   79.7700  1.1920  1.51   206.   206.   206.     
 22.000   42.2820  0.5772  1.63 217.64  2.29 -0.14   67.6800  0.9982  1.92   206.   206.   206.     
 23.000   36.2000  0.4857  0.96 219.30  2.15  0.02   57.5100  0.7454  2.10   202.   202.   202.     
 24.000   31.0280  0.4376  0.72 220.98  1.96  0.18   48.9200  0.6386  2.18   202.   202.   202.     
 25.000   26.6060  0.3892  0.56 222.37  1.93  0.52   41.6800  0.5264  2.11   226.   226.   226.     
 26.000   22.8560  0.3386 -0.01 223.92  1.94  0.72   35.5600  0.3867 -0.07   219.   219.   219.     
 27.000   19.6950  0.3009  0.05 225.56  2.03  0.54   30.4200  0.3488 -0.12   188.   188.   188.     
 28.000   16.9610  0.2769  0.07 226.72  2.02  0.02   26.0600  0.3039 -0.09   186.   186.   186.     
 29.000   14.6190  0.2706  0.21 227.90  2.28 -0.01   22.3500  0.3094  0.64   160.   160.   160.     
 30.000   12.6170  0.2448  0.22 229.19  2.20  0.22   19.1800  0.2747  0.82   158.   158.   158.     
 32.000    9.4810  0.1879  0.79 234.37  3.69  0.60   14.1200  0.2459  0.85    95.    98.    92.     
 34.000    7.1190  0.1598  0.82 237.02  3.70  0.35   10.4800  0.1999  1.12    96.    99.    94.     
 36.000    5.3720  0.1363  0.56 241.31  4.58 -0.22    7.7610  0.1789  0.66    97.   100.    97.     
 38.000    4.0740  0.1072  1.09 245.79  3.43  0.64    5.7790  0.1272  0.31    97.   100.    97.     
 40.000    3.1030  0.0882  1.22 250.97  4.60  0.02    4.3140  0.1138  0.58    97.   100.    97.     
 42.000    2.3810  0.0722  1.31 256.85  4.10  0.18    3.2330  0.0815  0.82    97.   100.    97.     
 44.000    1.8370  0.0588  1.40 262.05  4.20  0.14    2.4440  0.0707  0.87    97.   100.    97.     
 46.000    1.4220  0.0483  1.45 264.49  4.64 -0.50    1.8750  0.0571  0.87    97.   100.    97.     
 48.000    1.1040  0.0401  1.45 266.30  5.06 -0.50    1.4440  0.0445  1.10    96.    96.    96.     
 50.000    0.8580  0.0336  1.36 266.41  4.99 -0.97    1.1220  0.0351  1.27    96.    96.    96.     
 52.000    0.6670  0.0287  1.22 265.30  5.32 -0.58    0.8750  0.0273  1.47    92.    91.    92.     
 54.000    0.5170  0.0243  1.15 263.28  5.65 -0.42    0.6840  0.0235  1.57    89.    88.    89.     
 56.000    0.4000  0.0203  1.10 261.58  5.46 -0.08    0.5330  0.0209  1.76    86.    89.    86.     
 58.000    0.3080  0.0173  1.08 258.48  6.35  0.21    0.4160  0.0175  1.12    76.    79.    76.     
 60.000    0.2350  0.0142  1.28 253.29  7.57  0.27    0.3240  0.0132  1.02    62.    63.    62.     
 62.000    0.1770  0.0091  1.49 248.02  8.04  0.78    0.2490  0.0071  0.68    42.    44.    42.     
 64.000    0.1320  0.0048  0.08 240.13  7.45  0.72    0.1930  0.0059  0.00    33.    34.    33.     
 66.000    0.1000  0.0039  0.05 233.91  7.01  0.06    0.1480  0.0047 -0.22    32.    32.    32.     
 68.000    0.0750  0.0034  0.08 224.50  9.94 -0.07    0.1160  0.0042 -0.69    32.    32.    32.     
 70.000    0.0550  0.0028  0.12 218.33  7.44  0.19    0.0880  0.0032  0.02    29.    29.    29.     
     T A B L E  II - 10.  T H E R M O D Y N A M I C  S T A T I S T I C A L  P A R A M E T E R S     
                                              OCTOBER                                               
 STATION =   723810     EDWARDS AIR FORCE BASE                                                      
    Z      MEAN P   SD P  SKEWP MEAN T  SD T SKEWT    MEAN D    SD D SKEWD  NOBSP  NOBST  NOBSD     
    KM       MB        MB       DEG K  DEG K            G/M3    G/M3                                
  0.000 1014.7000  4.3215  0.16 286.84  7.04  0.52 1230.0000 34.3300 -0.20   273.   273.   273.     
  0.705  932.8701  3.3662  0.13 286.53  5.09  0.51 1132.0000 21.4500 -0.21   283.   283.   283.     
  1.000  902.9500  3.4090  0.04 290.27  4.44 -0.30 1081.0000 16.5500  0.21   288.   288.   288.     
  2.000  802.5601  3.9046 -0.51 285.91  4.90 -0.79  976.2000 14.2900  0.75   293.   293.   293.     
  3.000  711.5500  4.5809 -0.76 279.61  4.71 -1.06  885.3999 11.2000  0.94   293.   293.   293.     
  4.000  629.0100  5.1876 -0.94 273.44  4.58 -1.22  800.7000  8.9370  1.00   293.   293.   293.     
  5.000  554.4299  5.5716 -1.09 266.70  4.45 -1.24  723.7000  7.2070  0.62   293.   293.   293.     
  6.000  487.3701  5.7258 -1.26 259.78  4.33 -1.59  653.2000  5.8870  1.13   293.   293.   293.     
  7.000  426.6899  5.8182 -1.34 252.75  4.00 -1.40  587.8999  4.4630 -0.25   292.   292.   292.     
  8.000  372.1001  5.7651 -1.38 245.34  3.87 -1.09  528.2000  4.5870 -0.72   292.   292.   292.     
  9.000  323.1499  5.5609 -1.34 237.76  3.39 -0.44  473.3000  5.3160 -1.12   292.   292.   292.     
 10.000  279.5100  5.1480 -1.23 230.63  3.04 -0.06  422.1001  6.9430 -1.80   290.   290.   290.     
 11.000  240.7200  4.6136 -1.05 224.18  3.25  0.38  374.1001  8.1880 -1.73   290.   290.   290.     
 12.000  206.4300  3.9213 -0.89 218.88  3.56  0.47  328.6001  8.4350 -1.48   290.   290.   290.     
 13.000  176.4500  3.3299 -0.70 214.55  3.47  0.48  286.6001  7.8150 -1.11   290.   290.   290.     
 14.000  150.4300  2.6989 -0.58 211.20  3.26  0.49  248.2000  6.9410 -0.78   290.   290.   290.     
 15.000  127.9200  2.1547 -0.51 208.43  3.22  0.67  213.9000  5.9770 -0.66   287.   287.   287.     
 16.000  108.5700  1.6692 -0.48 206.70  3.39  0.60  183.1000  5.0210 -0.53   285.   285.   285.     
 17.000   92.2050  1.2622 -0.54 206.34  3.39  0.41  155.7000  4.0480 -0.48   270.   270.   270.     
 18.000   78.2200  0.9897 -0.50 207.39  3.03  0.17  131.4000  2.9120 -0.31   267.   267.   267.     
 19.000   66.4940  0.8107 -0.47 209.63  2.42  0.22  110.5000  1.8810 -0.60   263.   263.   263.     
 20.000   56.6040  0.7050 -0.37 211.72  2.21  0.12   93.1500  1.3000 -0.51   261.   261.   261.     
 21.000   48.3270  0.6051 -0.34 213.79  2.13  0.12   78.7500  0.9344 -0.40   223.   223.   223.     
 22.000   41.2730  0.5514 -0.29 215.75  2.13 -0.23   66.6500  0.7953 -0.72   222.   222.   222.     
 23.000   35.3080  0.4972 -0.30 217.43  1.91 -0.16   56.5700  0.6113 -0.46   221.   221.   221.     
 24.000   30.1860  0.4696 -0.24 218.87  2.03 -0.08   48.0500  0.5679 -0.32   232.   232.   232.     
 25.000   25.8750  0.4238 -0.17 220.27  2.16 -0.32   40.9200  0.4924 -0.27   229.   229.   229.     
 26.000   22.2060  0.3893 -0.20 221.74  2.22 -0.28   34.8900  0.4218 -0.17   226.   226.   226.     
 27.000   19.1120  0.3297 -0.31 223.34  2.22  0.03   29.8100  0.3592 -0.15   199.   199.   199.     
 28.000   16.4390  0.2988 -0.23 224.46  2.28 -0.06   25.5100  0.3227 -0.36   195.   195.   195.     
 29.000   14.1570  0.2678 -0.12 225.68  2.43  0.10   21.8500  0.2902 -0.31   174.   174.   174.     
 30.000   12.1970  0.2462 -0.05 226.83  2.47 -0.01   18.7300  0.2601 -0.40   173.   173.   173.     
 32.000    9.1560  0.2134  0.02 231.38  4.41  1.11   13.7900  0.2415 -0.36   102.   105.   101.     
 34.000    6.8520  0.1845  0.07 234.80  4.20  0.15   10.1700  0.1945 -0.10   104.   107.   104.     
 36.000    5.1550  0.1564  0.12 239.05  3.89  0.21    7.5110  0.1710 -0.32   104.   107.   104.     
 38.000    3.9030  0.1328  0.18 243.93  4.58 -0.10    5.5740  0.1562  0.21   106.   109.   106.     
 40.000    2.9690  0.1087  0.17 249.95  5.00 -0.18    4.1380  0.1279  0.49   106.   109.   106.     
 42.000    2.2730  0.0901  0.13 255.69  5.35 -0.24    3.0980  0.1069  0.29   107.   110.   107.     
 44.000    1.7520  0.0741  0.05 260.87  5.65 -0.53    2.3410  0.0832  0.38   107.   110.   107.     
 46.000    1.3560  0.0611 -0.01 265.09  5.72 -0.20    1.7820  0.0620  0.36   105.   108.   105.     
 48.000    1.0520  0.0511 -0.05 266.85  5.50 -0.45    1.3740  0.0535  0.20   105.   105.   105.     
 50.000    0.8190  0.0415 -0.08 266.85  6.10 -0.24    1.0690  0.0473  0.06   102.   103.   102.     
 52.000    0.6370  0.0343 -0.08 266.09  6.14 -0.06    0.8340  0.0365  0.06   101.   105.   101.     
 54.000    0.4940  0.0286 -0.10 264.08  6.78  0.22    0.6520  0.0280  0.01   100.   100.   100.     
 56.000    0.3830  0.0239 -0.07 262.22  6.31  0.18    0.5090  0.0251 -0.13    99.   102.    99.     
 58.000    0.2960  0.0202 -0.05 259.71  5.96 -0.19    0.3970  0.0209 -0.03    94.    97.    94.     
 60.000    0.2250  0.0170  0.20 255.41  6.54  0.51    0.3070  0.0183  0.05    69.    73.    69.     
 62.000    0.1720  0.0142  0.33 250.43  8.31  0.57    0.2390  0.0158 -0.04    55.    59.    55.     
 64.000    0.1280  0.0087 -0.05 243.30 10.54  1.54    0.1840  0.0114 -0.46    39.    42.    39.     
 66.000    0.0960  0.0062 -0.31 235.37  6.43  0.33    0.1420  0.0088 -0.20    37.    39.    37.     
 68.000    0.0710  0.0046 -0.29 225.47 10.01  0.29    0.1100  0.0088 -0.14    34.    36.    34.     
 70.000    0.0530  0.0034 -0.04 220.13  9.75 -0.13    0.0830  0.0064 -0.21    31.    33.    31.     
     T A B L E  II - 11.  T H E R M O D Y N A M I C  S T A T I S T I C A L  P A R A M E T E R S     
                                              NOVEMBER                                              
 STATION =   723810     EDWARDS AIR FORCE BASE                                                      
    Z      MEAN P   SD P  SKEWP MEAN T  SD T SKEWT    MEAN D    SD D SKEWD  NOBSP  NOBST  NOBSD     
    KM       MB        MB       DEG K  DEG K            G/M3    G/M3                                
  0.000 1018.1001  5.7221 -0.07 280.15  7.27  0.30 1264.0000 38.8700  0.02   326.   326.   326.     
  0.705  934.3101  4.3031 -0.36 280.28  5.16  0.42 1159.0000 23.9500  0.03   332.   332.   332.     
  1.000  903.2400  4.1820 -0.53 284.12  4.66 -0.08 1105.0000 18.3600  0.32   340.   340.   340.     
  2.000  801.0601  4.5218 -0.78 280.68  5.28 -0.38  992.8999 15.8500  0.35   347.   347.   347.     
  3.000  708.8000  5.2007 -0.81 275.80  5.30 -0.87  894.5000 12.5400  0.97   347.   347.   347.     
  4.000  625.3899  5.9236 -0.88 270.09  5.11 -0.99  806.2000  9.5420  1.06   347.   347.   347.     
  5.000  550.4099  6.3549 -0.95 263.68  4.86 -0.99  726.8999  7.1940  0.64   347.   347.   347.     
  6.000  483.2800  6.7599 -0.96 256.90  4.63 -0.90  655.1001  5.4370  0.57   346.   346.   346.     
  7.000  422.4299  6.7469 -0.96 249.80  4.46 -0.85  589.0000  4.8120 -0.23   345.   345.   345.     
  8.000  367.8101  6.6720 -0.91 242.24  4.23 -0.55  528.8999  5.0390 -1.32   343.   343.   343.     
  9.000  318.8601  6.3665 -0.82 234.76  3.77 -0.30  473.1001  6.3250 -2.07   343.   343.   343.     
 10.000  275.2800  5.9421 -0.66 227.62  3.39  0.13  421.3000  7.8080 -1.94   339.   339.   339.     
 11.000  236.5800  5.3401 -0.50 221.17  3.35  0.55  372.7000  9.1640 -1.51   335.   335.   335.     
 12.000  202.5200  4.5153 -0.34 215.99  4.07  0.48  326.8000 10.1300 -0.99   334.   334.   334.     
 13.000  172.7600  3.7329 -0.13 212.56  4.35  0.06  283.3000  9.6620 -0.56   328.   328.   328.     
 14.000  147.1500  3.0277 -0.03 210.47  3.93  0.21  243.7000  8.2180 -0.32   320.   320.   320.     
 15.000  125.0500  2.3766  0.05 208.45  3.87  0.46  209.1000  7.0390 -0.12   315.   315.   315.     
 16.000  106.1300  1.7578  0.01 207.11  3.88  0.24  178.6000  5.6590 -0.02   310.   310.   310.     
 17.000   90.0910  1.3286 -0.10 206.83  3.85  0.03  151.8000  4.5040  0.08   291.   291.   291.     
 18.000   76.4490  1.0198 -0.16 207.29  3.63 -0.12  128.5000  3.3310  0.21   290.   290.   290.     
 19.000   64.9600  0.8038 -0.20 208.82  2.84  0.02  108.4000  2.2070 -0.09   279.   279.   279.     
 20.000   55.2460  0.6748 -0.16 210.20  2.25 -0.16   91.5700  1.4760 -0.28   275.   275.   275.     
 21.000   47.1200  0.5665 -0.20 211.79  1.99 -0.31   77.5100  1.0980 -0.37   210.   210.   210.     
 22.000   40.1670  0.4964 -0.04 213.07  2.08 -0.22   65.6800  0.8598 -0.28   206.   206.   206.     
 23.000   34.2910  0.4515  0.01 214.64  2.02 -0.10   55.6600  0.6881 -0.45   202.   202.   202.     
 24.000   29.2480  0.4090  0.10 216.02  2.29 -0.01   47.1700  0.5839 -0.25   221.   221.   221.     
 25.000   25.0330  0.3706  0.20 217.47  2.59 -0.01   40.1000  0.4975  0.00   216.   216.   216.     
 26.000   21.4310  0.3441  0.13 218.66  2.78  0.01   34.1500  0.4306 -0.13   211.   211.   211.     
 27.000   18.4300  0.3174 -0.01 220.12  3.08  0.08   29.1700  0.3841 -0.74   167.   167.   167.     
 28.000   15.8240  0.2963 -0.03 221.46  3.23  0.19   24.8900  0.3366 -0.28   159.   159.   159.     
 29.000   13.5830  0.2779  0.01 222.73  3.30  0.22   21.2400  0.3078 -0.06   137.   137.   137.     
 30.000   11.6740  0.2583  0.02 223.96  3.34  0.11   18.1600  0.2960 -0.16   136.   136.   136.     
 32.000    8.7740  0.2071  0.49 228.78  3.80  0.62   13.4000  0.2330  0.14    79.    84.    75.     
 34.000    6.5590  0.1676  0.74 232.95  4.12  0.29    9.8210  0.2268  0.00    81.    86.    79.     
 36.000    4.9240  0.1352  0.85 237.49  5.33  0.19    7.2260  0.2072  0.27    82.    87.    82.     
 38.000    3.7220  0.1157  0.86 241.56  6.44  0.13    5.3700  0.1819  0.77    84.    89.    84.     
 40.000    2.8250  0.0951  0.89 247.29  6.04  0.53    3.9810  0.1302  0.39    84.    89.    84.     
 42.000    2.1570  0.0818  0.86 252.48  7.23 -0.58    2.9770  0.1070  0.60    83.    88.    83.     
 44.000    1.6570  0.0675  1.01 257.69  6.89 -0.56    2.2400  0.0863  0.39    83.    87.    83.     
 46.000    1.2800  0.0560  0.96 261.52  6.84 -0.46    1.7020  0.0666  0.89    83.    85.    83.     
 48.000    0.9920  0.0469  0.79 264.45  6.72 -0.52    1.3050  0.0534  0.97    82.    85.    82.     
 50.000    0.7700  0.0389  0.62 264.92  6.63 -0.35    1.0100  0.0466  0.96    81.    82.    81.     
 52.000    0.5970  0.0321  0.52 264.80  6.54 -0.28    0.7850  0.0374  0.87    79.    83.    79.     
 54.000    0.4630  0.0273  0.33 263.26  6.33 -0.31    0.6120  0.0317  0.15    77.    82.    77.     
 56.000    0.3590  0.0220  0.47 261.83  6.93 -0.48    0.4770  0.0258  0.36    75.    80.    75.     
 58.000    0.2780  0.0179  0.52 260.23  7.62 -0.24    0.3720  0.0201  0.16    73.    75.    73.     
 60.000    0.2140  0.0153  0.60 257.09  9.25  0.12    0.2900  0.0147  0.36    57.    61.    57.     
 62.000    0.1640  0.0135  0.61 252.49 10.34  0.45    0.2260  0.0134  0.28    37.    39.    37.     
 64.000    0.1220  0.0100  0.64 243.05  8.50  0.16    0.1750  0.0116  0.17    26.    27.    26.     
 66.000    0.0910  0.0069  0.68 235.97 11.19  0.28    0.1350  0.0092  0.05    25.    26.    25.     
 68.000    0.0680  0.0057  0.80 225.93 13.19  0.49    0.1050  0.0074 -0.13    25.    26.    25.     
 70.000    0.0500  0.0047  0.96 218.76 10.89  0.39    0.0800  0.0062  0.21    24.    25.    24.     
     T A B L E  II - 12.  T H E R M O D Y N A M I C  S T A T I S T I C A L  P A R A M E T E R S     
                                              DECEMBER                                              
 STATION =   723810     EDWARDS AIR FORCE BASE                                                      
    Z      MEAN P   SD P  SKEWP MEAN T  SD T SKEWT    MEAN D    SD D SKEWD  NOBSP  NOBST  NOBSD     
    KM       MB        MB       DEG K  DEG K            G/M3    G/M3                                
  0.000 1020.7000  6.9766 -0.38 275.03  7.37  0.08 1292.0000 41.7800 -0.05   282.   282.   282.     
  0.705  935.2300  5.5419 -0.36 275.84  4.87  0.24 1179.0000 24.3600 -0.20   293.   293.   293.     
  1.000  903.7100  5.3987 -0.35 279.94  4.35 -0.43 1123.0000 18.1900  0.36   313.   313.   313.     
  2.000  800.1201  5.6978 -0.60 277.28  5.82 -0.69 1004.0000 17.6400  0.68   317.   317.   317.     
  3.000  706.8899  6.5173 -0.71 272.79  6.26 -0.98  902.2000 14.6400  0.99   317.   317.   317.     
  4.000  622.9099  7.4192 -0.85 267.07  6.11 -1.10  812.2000 11.0700  0.91   317.   317.   317.     
  5.000  547.3999  7.9825 -0.94 260.49  5.80 -1.14  731.8000  8.2470  0.63   317.   317.   317.     
  6.000  479.8301  8.2462 -1.01 253.63  5.43 -1.06  658.8999  6.2190  0.25   316.   316.   316.     
  7.000  418.5801  8.1948 -1.00 246.41  5.11 -0.77  591.7000  5.7620 -0.23   315.   315.   315.     
  8.000  363.8401  8.0460 -0.97 239.01  4.65 -0.44  530.2000  6.6750 -1.29   313.   313.   313.     
  9.000  314.7700  7.5817 -0.82 231.58  4.03 -0.05  473.5000  8.0980 -1.81   311.   311.   311.     
 10.000  271.3000  6.8877 -0.67 224.95  3.70  0.36  420.2000 10.1500 -1.74   306.   306.   306.     
 11.000  232.7600  6.0635 -0.47 219.53  4.07  0.65  369.5000 11.6300 -1.26   303.   303.   303.     
 12.000  199.1300  5.1370 -0.28 215.94  5.15  0.27  321.5000 12.3100 -0.69   300.   300.   300.     
 13.000  169.9300  4.2213 -0.05 214.31  5.14 -0.23  276.3999 10.9700 -0.29   296.   296.   296.     
 14.000  144.9800  3.4320  0.09 212.56  4.26  0.08  237.8000  8.8790 -0.18   287.   287.   287.     
 15.000  123.4200  2.7228  0.16 210.61  4.16  0.36  204.3000  7.6120 -0.08   280.   280.   280.     
 16.000  104.9400  2.0774  0.23 208.76  4.40  0.23  175.2000  6.4590  0.04   279.   279.   279.     
 17.000   89.1830  1.5514  0.24 207.83  4.40  0.05  149.6000  5.2450  0.15   260.   260.   260.     
 18.000   75.7260  1.1503  0.21 208.17  4.08 -0.07  126.8000  3.9270  0.26   257.   257.   257.     
 19.000   64.4210  0.8576  0.17 209.18  3.54 -0.14  107.3000  2.7970  0.25   245.   245.   245.     
 20.000   54.7850  0.6892  0.21 210.45  2.81 -0.02   90.7100  1.8830  0.24   236.   236.   236.     
 21.000   46.7090  0.5527  0.12 211.75  2.54  0.13   76.8600  1.3680  0.11   191.   191.   191.     
 22.000   39.8180  0.4715  0.09 213.10  2.63  0.37   65.1000  1.0750 -0.14   187.   187.   187.     
 23.000   33.9920  0.4184  0.05 214.41  2.79  0.23   55.2400  0.8254 -0.04   185.   185.   185.     
 24.000   28.9980  0.3888 -0.06 215.66  3.01  0.19   46.8500  0.6399  0.06   209.   209.   209.     
 25.000   24.8090  0.3612 -0.15 216.84  3.32  0.33   39.8600  0.5374  0.02   199.   199.   199.     
 26.000   21.2310  0.3418 -0.13 217.74  3.50  0.28   33.9700  0.4630 -0.15   197.   197.   197.     
 27.000   18.2250  0.3211 -0.07 219.09  3.76  0.45   28.9800  0.4222 -0.25   154.   154.   154.     
 28.000   15.6330  0.3022 -0.01 220.60  4.18  0.40   24.6900  0.4002 -0.24   145.   145.   145.     
 29.000   13.4390  0.2859  0.01 222.17  4.01  0.69   21.0700  0.3329  0.08   107.   107.   107.     
 30.000   11.5490  0.2677  0.08 223.25  4.08  0.54   18.0200  0.3134  0.18   106.   106.   106.     
 32.000    8.7160  0.2147  0.81 227.70  4.85  0.64   13.3500  0.2828 -0.17   127.   130.   124.     
 34.000    6.5010  0.1812  0.89 232.13  6.10  0.46    9.7640  0.2678 -0.04   126.   129.   125.     
 36.000    4.8750  0.1521  0.94 236.41  6.73  0.45    7.1880  0.2350  0.08   126.   129.   126.     
 38.000    3.6740  0.1261  0.91 242.00  8.81  0.44    5.2930  0.2031  0.54   125.   129.   125.     
 40.000    2.7900  0.1080  0.78 247.40  9.47  0.00    3.9310  0.1622  0.82   125.   129.   125.     
 42.000    2.1320  0.0932  0.64 254.25 10.51 -0.13    2.9240  0.1268  0.88   126.   131.   126.     
 44.000    1.6420  0.0810  0.48 261.04  9.86 -0.39    2.1890  0.0970  0.85   126.   127.   126.     
 46.000    1.2720  0.0692  0.30 266.04 10.18 -0.25    1.6670  0.0766  0.49   126.   129.   126.     
 48.000    0.9890  0.0589  0.22 267.88  9.92 -0.04    1.2860  0.0645  0.27   126.   129.   126.     
 50.000    0.7700  0.0503  0.13 267.97  9.03 -0.35    1.0000  0.0548  0.28   125.   124.   125.     
 52.000    0.5990  0.0415  0.11 266.33  7.94 -0.62    0.7830  0.0459  0.09   125.   123.   125.     
 54.000    0.4650  0.0338  0.10 263.71  6.80 -0.60    0.6140  0.0397  0.04   125.   128.   125.     
 56.000    0.3600  0.0274  0.15 261.18  6.59 -0.46    0.4800  0.0347  0.03   119.   121.   119.     
 58.000    0.2790  0.0214  0.28 258.69  7.51  0.21    0.3750  0.0278 -0.11   107.   109.   107.     
 60.000    0.2140  0.0170  0.58 255.93  9.94  0.01    0.2920  0.0217 -0.11    79.    84.    79.     
 62.000    0.1650  0.0134  1.20 251.01 12.67  0.22    0.2310  0.0162  0.21    43.    47.    43.     
 64.000    0.1250  0.0115  1.91 243.10 14.74  0.91    0.1800  0.0119  0.30    32.    33.    32.     
 66.000    0.0940  0.0102  2.18 239.28 16.60  1.17    0.1370  0.0099  0.41    31.    32.    31.     
 68.000    0.0710  0.0095  2.18 231.61 22.40  1.43    0.1080  0.0090  0.58    28.    29.    28.     
 70.000    0.0540  0.0089  2.10 225.68 23.65  1.16    0.0830  0.0102  0.89    26.    27.    26.     
