      72221      30.48N   86.52W
     T A B L E  II -   1.  T H E R M O D Y N A M I C  S T A T I S T I C A L  P A R A M E T E R S
                                   January
 STATION =   722210     EGLIN AFB, FL
    Z      MEAN P   SD P   SKEWP  MEAN T  SD T  SKEWT    MEAN D   SD D  SKEWD  NOBSP  NOBST  NOBSD
    KM       MB       MB             K      K             G/M3    G/M3                           
  0.000 1020.0000  5.0000   0.00 290.00   5.00   0.00 1221.0000 25.0000  0.00    100    100    100
  0.026 1018.6060  5.9430  -0.10 284.19   6.58  -0.31 1244.8130 35.1510  0.37    908    908    908
  0.500  961.8210  5.2560  -0.19 282.93   6.22  -0.60 1180.8890 30.7760  0.53    908    908    908
  1.000  905.4110  4.8890  -0.30 282.15   5.31  -0.71 1115.1390 23.8040  0.57    908    908    908
  1.500  852.2490  4.6960  -0.45 281.04   4.43  -0.72 1054.1750 17.7160  0.61    908    908    908
  2.000  802.0030  4.6750  -0.51 279.39   4.05  -0.62  998.2200 14.0010  0.54    908    908    908
  2.500  754.4150  4.6940  -0.59 277.33   3.87  -0.69  946.2110 11.6370  0.59    908    908    908
  3.000  709.3430  4.7510  -0.66 275.15   3.75  -0.84  896.9800 10.0570  0.72    908    908    908
  3.500  666.6090  4.8820  -0.63 272.69   3.59  -0.98  850.7280  8.7520  0.76    908    908    908
  4.000  626.0030  4.9740  -0.69 269.98   3.54  -0.92  807.1160  7.8430  0.57    907    907    907
  4.500  587.4700  5.0220  -0.77 267.08   3.46  -0.94  765.7660  7.0650  0.49    907    907    907
  5.000  550.9640  5.0320  -0.84 264.04   3.47  -0.97  726.5310  6.5680  0.41    906    906    906
  5.500  516.4530  5.0390  -0.90 260.82   3.55  -0.92  689.5260  6.2320  0.32    906    906    906
  6.000  483.6630  5.1290  -0.95 257.49   3.60  -0.93  654.1440  5.8320  0.25    906    906    906
  6.500  452.4570  5.1590  -0.91 254.02   3.66  -0.90  620.3350  5.6320  0.24    905    905    905
  7.000  422.9890  5.1060  -0.94 250.56   3.63  -0.80  587.9810  5.4050 -0.13    905    905    905
  7.500  395.1760  5.1250  -0.96 247.02   3.62  -0.68  557.2100  5.3740 -0.31    901    901    901
  8.000  368.4980  5.0590  -0.92 243.38   3.55  -0.48  527.3930  5.3260 -0.51    900    900    900
  8.500  343.3600  4.9430  -0.89 239.69   3.49  -0.36  499.0190  5.3400 -0.70    899    899    899
  9.000  319.7130  4.8090  -0.85 236.00   3.42  -0.26  471.9220  5.4560 -0.96    896    896    896
  9.500  297.4940  4.7150  -0.83 232.36   3.20  -0.24  446.0220  5.6640 -1.44    887    887    887
 10.000  276.2500  4.5430  -0.72 228.86   3.10  -0.08  420.5290  6.1390 -1.67    884    884    884
 10.500  256.3470  4.3290  -0.64 225.55   3.25   0.27  395.9720  6.9670 -1.68    879    879    879
 11.000  237.6350  4.1270  -0.53 222.60   3.47   0.65  371.9580  7.7750 -1.49    873    873    873
 11.500  220.0130  3.8130  -0.43 220.03   3.88   0.60  348.4460  8.3580 -1.13    868    868    868
 12.000  203.6310  3.5250  -0.33 218.02   4.27   0.41  325.5070  8.7300 -0.75    862    862    862
 12.500  188.3100  3.2730  -0.24 216.53   4.39   0.08  303.1090  8.5690 -0.45    856    856    856
 13.000  173.9810  2.9710  -0.17 215.23   4.20  -0.19  281.7240  7.8610 -0.25    849    849    849
 13.500  160.7340  2.6890  -0.10 213.89   3.78  -0.24  261.8780  6.8350 -0.22    842    842    842
 14.000  148.4700  2.4510  -0.09 212.44   3.31   0.01  243.5370  5.9790 -0.35    832    832    832
 14.500  136.9150  2.2330   0.00 210.83   3.05   0.38  226.2920  5.5010 -0.38    821    821    821
 15.000  126.2200  2.0060   0.06 209.13   2.98   0.52  210.3090  5.0980 -0.35    814    814    814
 15.500  116.3220  1.8090   0.09 207.38   3.07   0.54  195.4650  4.8020 -0.28    801    801    801
 16.000  107.1680  1.6270   0.10 205.76   3.18   0.55  181.4980  4.4880 -0.24    794    794    794
 16.500   98.7970  1.4590   0.05 204.53   3.31   0.52  168.3320  4.2390 -0.19    757    757    757
 17.000   90.8810  1.3250   0.08 203.62   3.47   0.45  155.5430  3.9600 -0.09    730    730    730
 17.500   83.6100  1.1800   0.12 203.07   3.60   0.37  143.4880  3.6110 -0.04    704    704    704
 18.000   76.9100  1.0450   0.06 203.12   3.67   0.19  131.9590  3.2720  0.04    680    680    680
 18.500   70.7670  0.9370   0.07 203.57   3.62   0.14  121.1460  2.8970  0.09    639    639    639
 19.000   65.1600  0.8540  -0.03 204.47   3.58   0.08  111.0520  2.5550  0.06    580    580    580
 19.500   60.0000  0.8030  -0.08 205.58   3.45   0.04  101.7050  2.2130  0.04    526    526    526
 20.000   55.2760  0.7560  -0.07 206.73   3.36  -0.08   93.1700  1.9380  0.26    463    463    463
 20.500   50.9480  0.7320  -0.07 207.70   3.49   0.02   85.4730  1.6970  0.28    387    387    387
 21.000   47.0360  0.7200  -0.21 209.04   3.53  -0.08   78.4020  1.5230  0.10    303    303    303
 21.500   43.4410  0.7070  -0.27 210.19   3.64  -0.14   72.0140  1.3100  0.07    230    230    230
 22.000   40.1160  0.7140  -0.40 211.54   3.29  -0.17   66.0710  1.1290  0.00    180    180    180
 22.500   37.1070  0.7130  -0.63 213.08   3.29  -0.30   60.6730  1.0860 -0.25    140    140    140
 23.000   34.3400  0.6670  -0.67 214.44   3.22  -0.08   55.7920  1.0310 -0.71    111    111    111
 23.500   31.7660  0.6590  -0.79 215.54   3.19  -0.34   51.3430  0.9330 -0.92     82     82     82
 24.000   29.3300  0.6450  -0.86 216.19   3.76  -0.80   47.2680  0.9230 -0.68     61     61     61
 24.500   27.1400  0.6350  -0.75 217.10   3.49  -0.89   43.5500  0.8030 -1.22     42     42     42
 25.000   25.0400  0.6070  -0.73 217.68   3.70  -0.85   40.0730  0.7640 -1.28     33     33     33
 25.500   23.1370  0.4770   0.40 217.74   4.44  -0.62   37.0210  0.5110 -0.18     23     23     23
 26.000   21.3160  0.4430   0.55 217.82   4.72  -0.49   34.0960  0.5160 -0.06     19     19     19
 26.500   19.7510  0.4380   0.50 219.32   4.50  -0.24   31.3740  0.4360 -0.95     14     14     14
 27.000   18.2560  0.4390   0.70 220.33   4.68  -0.13   28.8660  0.3770 -0.25     13     13     13
 27.500   16.9070  0.4330   0.61 221.50   4.82   0.07   26.5900  0.3100  0.21     13     13     13
 28.000   15.7670  0.4120   0.37 223.64   4.54   0.39   24.5590  0.2660 -0.19     10     10     10
 28.500 -999.9900 -9.9900  99.99 999.90 999.90  99.99 -999.9900 99.9900 99.99      0      0      0
 29.000 -999.9900 -9.9900  99.99 999.90 999.90  99.99 -999.9900 99.9900 99.99      0      0      0
 29.500 -999.9900 -9.9900  99.99 999.90 999.90  99.99 -999.9900 99.9900 99.99      0      0      0
 30.000 -999.9900 -9.9900  99.99 999.90 999.90  99.99 -999.9900 99.9900 99.99      0      0      0
     T A B L E  II -   2.  T H E R M O D Y N A M I C  S T A T I S T I C A L  P A R A M E T E R S
                                  February
 STATION =   722210     EGLIN AFB, FL
    Z      MEAN P   SD P   SKEWP  MEAN T  SD T  SKEWT    MEAN D   SD D  SKEWD  NOBSP  NOBST  NOBSD
    KM       MB       MB             K      K             G/M3    G/M3                           
  0.000 1020.0000  5.0000   0.00 290.00   5.00   0.00 1221.0000 25.0000  0.00    100    100    100
  0.026 1017.6740  5.9340  -0.38 286.24   6.16  -0.47 1234.1830 32.0210  0.57    909    909    909
  0.500  961.1880  5.4370  -0.51 284.42   5.53  -0.74 1173.5150 26.9460  0.68    909    909    909
  1.000  904.9840  5.0830  -0.53 282.98   5.02  -0.83 1111.0540 22.0900  0.71    909    909    909
  1.500  852.0410  4.9400  -0.55 281.57   4.37  -0.93 1051.8030 17.1970  0.73    909    909    909
  2.000  801.9030  4.8990  -0.58 279.73   3.93  -0.91  996.8140 13.5460  0.71    909    909    909
  2.500  754.3730  4.9040  -0.62 277.73   3.61  -0.84  944.7810 10.8400  0.64    909    909    909
  3.000  709.3560  4.9260  -0.66 275.35   3.46  -0.62  896.2810  9.1620  0.37    909    909    909
  3.500  666.6420  5.0030  -0.63 272.79   3.36  -0.59  850.4500  8.0130  0.32    909    909    909
  4.000  626.0080  5.0080  -0.65 270.03   3.27  -0.58  806.9680  6.9490  0.23    908    908    908
  4.500  587.4740  5.0280  -0.67 266.94   3.25  -0.55  766.1450  6.3720  0.14    908    908    908
  5.000  550.9810  5.0420  -0.69 263.77   3.24  -0.47  727.2770  5.9220  0.14    908    908    908
  5.500  516.4320  5.0230  -0.71 260.61   3.25  -0.47  690.0290  5.5340  0.16    908    908    908
  6.000  483.6020  5.1110  -0.73 257.32   3.30  -0.51  654.4730  5.3650  0.11    908    908    908
  6.500  452.3850  5.0700  -0.75 253.90   3.38  -0.57  620.5210  5.2380 -0.05    908    908    908
  7.000  422.9070  5.0050  -0.75 250.45   3.43  -0.57  588.1180  5.2690 -0.38    907    907    907
  7.500  395.0890  4.9710  -0.76 246.87   3.45  -0.50  557.4310  5.2570 -0.55    905    905    905
  8.000  368.3940  4.8990  -0.72 243.16   3.48  -0.41  527.7320  5.2220 -0.71    898    898    898
  8.500  343.2590  4.8020  -0.69 239.42   3.46  -0.32  499.4270  5.1930 -0.81    894    894    894
  9.000  319.5700  4.6890  -0.67 235.72   3.42  -0.22  472.2840  5.3200 -0.87    889    889    889
  9.500  297.3250  4.5850  -0.68 232.05   3.39  -0.17  446.3750  5.7040 -1.16    883    883    883
 10.000  276.0530  4.4220  -0.62 228.47   3.34  -0.09  420.9520  6.1650 -1.38    880    880    880
 10.500  256.1540  4.1930  -0.59 225.09   3.39   0.18  396.4910  6.8280 -1.40    872    872    872
 11.000  237.4020  3.9810  -0.50 222.20   3.70   0.55  372.2780  7.9200 -1.21    861    861    861
 11.500  219.7750  3.6860  -0.45 219.85   4.22   0.68  348.3810  8.8360 -0.91    856    856    856
 12.000  203.4030  3.3890  -0.39 218.03   4.62   0.48  325.1540  9.2090 -0.54    851    851    851
 12.500  188.1080  3.1210  -0.34 216.79   4.63   0.08  302.4330  8.8760 -0.21    847    847    847
 13.000  173.8260  2.8530  -0.39 215.66   4.31  -0.26  280.9180  7.9860 -0.03    843    843    843
 13.500  160.6190  2.5920  -0.35 214.39   3.78  -0.48  261.0980  6.9460 -0.02    837    837    837
 14.000  148.4140  2.3390  -0.32 212.84   3.25  -0.42  242.9890  5.9140 -0.14    828    828    828
 14.500  136.9090  2.1010  -0.16 211.07   2.99  -0.13  226.0190  5.3020 -0.21    817    817    817
 15.000  126.2220  1.8880  -0.10 209.35   3.01   0.15  210.0920  4.9480 -0.24    809    809    809
 15.500  116.3260  1.6980  -0.06 207.66   3.07   0.24  195.2020  4.6450 -0.27    805    805    805
 16.000  107.1850  1.5140  -0.01 206.05   3.13   0.31  181.2760  4.3550 -0.31    799    799    799
 16.500   98.8020  1.3540  -0.03 204.78   3.22   0.37  168.1320  4.1020 -0.30    770    770    770
 17.000   90.8730  1.1830   0.08 203.79   3.42   0.39  155.3970  3.8190 -0.22    718    718    718
 17.500   83.5940  1.0570   0.06 203.36   3.61   0.40  143.2570  3.5520 -0.25    695    695    695
 18.000   76.9070  0.9480   0.11 203.39   3.71   0.40  131.7800  3.2380 -0.22    677    677    677
 18.500   70.7550  0.8290   0.31 203.71   3.73   0.31  121.0450  2.8780 -0.15    646    646    646
 19.000   65.1490  0.7550   0.31 204.13   3.78   0.13  111.2230  2.5900 -0.07    594    594    594
 19.500   59.9580  0.7030   0.40 205.15   3.59   0.15  101.8470  2.1500 -0.08    550    550    550
 20.000   55.2150  0.6690   0.44 206.25   3.49   0.16   93.2840  1.8210 -0.14    504    504    504
 20.500   50.8660  0.6250   0.36 207.37   3.37   0.10   85.4710  1.5350 -0.14    439    439    439
 21.000   46.9300  0.6190  -0.11 208.54   3.27   0.19   78.4130  1.3430 -0.29    346    346    346
 21.500   43.3150  0.6360  -0.19 209.89   3.28   0.01   71.9040  1.2190 -0.28    264    264    264
 22.000   39.9820  0.6370  -0.64 211.06   3.22   0.02   66.0010  1.1030 -0.43    193    193    193
 22.500   36.9410  0.6560  -0.70 212.34   3.21   0.11   60.6120  1.0360 -0.67    151    151    151
 23.000   34.1660  0.5950  -0.55 213.56   3.29   0.22   55.7390  0.9280 -0.76    122    122    122
 23.500   31.5740  0.5820  -0.44 214.60   3.19  -0.20   51.2580  0.8350 -0.71     96     96     96
 24.000   29.1980  0.5330  -0.34 215.42   3.01  -0.46   47.2200  0.7440 -0.49     70     70     70
 24.500   26.9760  0.5310  -0.32 216.40   3.10  -1.17   43.4290  0.7310 -0.54     55     55     55
 25.000   24.8940  0.5120  -0.36 217.22   3.34  -1.56   39.9260  0.7020 -0.30     45     45     45
 25.500   22.9700  0.4890  -0.29 217.77   3.84  -1.25   36.7480  0.6610 -0.19     37     37     37
 26.000   21.2170  0.4730  -0.52 217.99   2.88   0.07   33.9080  0.6790 -0.32     26     26     26
 26.500   19.7600  0.3520   0.15 218.48   2.95   0.63   31.5120  0.6080 -0.64     18     18     18
 27.000   18.3230  0.3540   0.12 219.86   2.96   0.61   29.0360  0.6190 -0.52     16     16     16
 27.500   17.0180  0.3140  -0.08 221.55   3.76   0.79   26.7670  0.6660 -0.79     14     14     14
 28.000   15.7770  0.2940  -0.17 222.80   4.14   0.86   24.6770  0.6580 -0.71     13     13     13
 28.500   14.6190  0.2650  -0.04 223.25   4.43   0.46   22.8200  0.5900 -0.69     13     13     13
 29.000   13.5490  0.2570  -0.08 224.01   4.72   0.15   21.0780  0.5340 -0.59     12     12     12
 29.500 -999.9900 -9.9900  99.99 999.90 999.90  99.99 -999.9900 99.9900 99.99      0      0      0
 30.000 -999.9900 -9.9900  99.99 999.90 999.90  99.99 -999.9900 99.9900 99.99      0      0      0
     T A B L E  II -   3.  T H E R M O D Y N A M I C  S T A T I S T I C A L  P A R A M E T E R S
                                     March
 STATION =   722210     EGLIN AFB, FL
    Z      MEAN P   SD P   SKEWP  MEAN T  SD T  SKEWT    MEAN D   SD D  SKEWD  NOBSP  NOBST  NOBSD
    KM       MB       MB             K      K             G/M3    G/M3                           
  0.000 1020.0000  5.0000   0.00 290.00   5.00   0.00 1221.0000 25.0000  0.00    100    100    100
  0.026 1016.0300  6.1430  -0.37 289.38   6.16  -0.56 1217.8490 31.0080  0.68   1028   1028   1028
  0.500  960.1840  5.6450  -0.47 286.93   5.04  -1.04 1161.4590 24.3570  0.94   1028   1028   1028
  1.000  904.4300  5.2970  -0.53 284.71   4.91  -1.18 1103.2360 21.6720  0.95   1028   1028   1028
  1.500  851.7960  5.1110  -0.60 282.84   4.26  -1.05 1046.5370 17.0920  0.78   1028   1028   1028
  2.000  801.9410  4.9970  -0.64 280.95   4.06  -0.82  992.5240 14.1900  0.63   1028   1028   1028
  2.500  754.5820  4.9610  -0.70 278.76   3.91  -0.69  941.6150 11.9310  0.52   1028   1028   1028
  3.000  709.7200  4.9720  -0.75 276.23   3.79  -0.61  893.9650 10.2760  0.43   1028   1028   1028
  3.500  667.0540  5.0140  -0.74 273.44   3.61  -0.54  849.0000  8.8120  0.23   1028   1028   1028
  4.000  626.5040  5.0610  -0.74 270.50   3.49  -0.47  806.1970  7.7760  0.08   1028   1028   1028
  4.500  588.0190  5.1110  -0.71 267.33   3.38  -0.45  765.7350  6.9900  0.01   1028   1028   1028
  5.000  551.5220  5.1200  -0.74 264.09   3.37  -0.41  727.1270  6.4490 -0.05   1028   1028   1028
  5.500  516.9750  5.1050  -0.76 260.78   3.39  -0.41  690.3020  6.0860 -0.06   1028   1028   1028
  6.000  484.1520  5.1400  -0.75 257.44   3.40  -0.42  654.9190  5.7900 -0.10   1027   1027   1027
  6.500  452.9190  5.1210  -0.73 254.03   3.47  -0.44  620.9580  5.5000 -0.21   1025   1025   1025
  7.000  423.4190  5.0920  -0.67 250.50   3.52  -0.32  588.7240  5.3950 -0.25   1025   1025   1025
  7.500  395.5620  5.0750  -0.68 246.91   3.54  -0.21  558.0240  5.2880 -0.34   1019   1019   1019
  8.000  368.8580  5.0220  -0.64 243.24   3.56  -0.10  528.2230  5.2950 -0.45   1017   1017   1017
  8.500  343.6920  4.9240  -0.60 239.51   3.58  -0.02  499.8750  5.2820 -0.75   1016   1016   1016
  9.000  319.9810  4.8160  -0.56 235.76   3.59   0.06  472.8160  5.3910 -1.20   1012   1012   1012
  9.500  297.7050  4.7270  -0.52 232.09   3.52   0.22  446.8610  5.6020 -1.61   1004   1004   1004
 10.000  276.3890  4.6000  -0.39 228.40   3.42   0.40  421.5820  5.8980 -1.74    996    996    996
 10.500  256.4510  4.3980  -0.32 224.91   3.37   0.61  397.2570  6.4290 -1.67    989    989    989
 11.000  237.6670  4.2200  -0.23 221.82   3.52   0.87  373.3140  7.3900 -1.47    979    979    979
 11.500  219.9770  3.9240  -0.13 219.26   3.90   0.88  349.6110  8.2890 -1.18    971    971    971
 12.000  203.5240  3.6030  -0.13 217.39   4.32   0.55  326.2850  9.0920 -0.74    962    962    962
 12.500  188.1990  3.3210  -0.05 216.19   4.56   0.20  303.4180  9.1480 -0.34    956    956    956
 13.000  173.8790  2.9980  -0.00 215.31   4.34  -0.14  281.4790  8.3700 -0.03    947    947    947
 13.500  160.6470  2.7040   0.03 214.31   3.88  -0.33  261.2490  7.3940  0.17    942    942    942
 14.000  148.4210  2.4310   0.02 212.97   3.41  -0.30  242.8650  6.4660  0.13    933    933    933
 14.500  136.9160  2.2010   0.08 211.43   3.12  -0.06  225.6590  5.7790  0.07    922    922    922
 15.000  126.2580  1.9680   0.10 209.85   3.00   0.24  209.6650  5.2340  0.01    909    909    909
 15.500  116.3950  1.7550   0.12 208.29   3.02   0.20  194.7270  4.8720  0.07    899    899    899
 16.000  107.2830  1.5510   0.13 206.89   3.14   0.19  180.7050  4.5350  0.06    887    887    887
 16.500   98.9520  1.3700   0.00 205.62   3.32   0.24  167.7070  4.2590 -0.09    826    826    826
 17.000   91.0540  1.2200   0.09 204.58   3.54   0.15  155.1150  4.0560 -0.05    800    800    800
 17.500   83.7910  1.0720   0.09 204.06   3.62   0.09  143.1050  3.7010  0.02    778    778    778
 18.000   77.0970  0.9370   0.14 204.09   3.54   0.08  131.6500  3.2900 -0.01    751    751    751
 18.500   70.9620  0.8240   0.21 204.38   3.43   0.08  120.9950  2.8510  0.04    729    729    729
 19.000   65.3580  0.7490   0.10 204.97   3.50  -0.05  111.1180  2.5180  0.08    679    679    679
 19.500   60.1860  0.6970  -0.14 205.93   3.43  -0.10  101.8430  2.1470  0.11    636    636    636
 20.000   55.4520  0.6470  -0.13 207.09   3.33  -0.13   93.3050  1.8040  0.10    583    583    583
 20.500   51.0990  0.6090  -0.09 208.45   3.19  -0.22   85.4140  1.5600  0.10    536    536    536
 21.000   47.1560  0.6060  -0.44 209.63   3.07  -0.21   78.3790  1.3390  0.09    457    457    457
 21.500   43.5290  0.6020  -0.31 210.98   2.84   0.05   71.8820  1.1550 -0.30    380    380    380
 22.000   40.1870  0.5820  -0.60 212.38   2.83   0.26   65.9260  1.0880 -0.72    314    314    314
 22.500   37.1300  0.5690  -0.72 213.68   2.80   0.25   60.5410  1.0530 -0.70    253    253    253
 23.000   34.3030  0.5680  -0.84 214.97   2.71   0.60   55.5930  0.9870 -0.89    194    194    194
 23.500   31.7010  0.5090  -0.26 215.75   2.71   0.39   51.1920  0.8610 -0.53    156    156    156
 24.000   29.3660  0.5300  -0.80 216.62   2.88   0.31   47.2290  0.8680 -0.90    118    118    118
 24.500   27.1510  0.4870  -0.94 217.35   2.97   0.24   43.5220  0.7760 -0.91     96     96     96
 25.000   25.1250  0.4020  -0.57 218.24   3.06   0.22   40.1100  0.6780 -0.64     79     79     79
 25.500   23.2680  0.3560  -0.14 219.44   3.16   0.32   36.9430  0.5970 -0.69     68     68     68
 26.000   21.5370  0.3210   0.56 220.47   3.06   0.59   34.0340  0.4910 -0.44     61     61     61
 26.500   19.9680  0.3030   0.88 221.20   2.93   0.55   31.4490  0.4350  0.26     53     53     53
 27.000   18.5370  0.2940   0.86 222.15   3.03   0.16   29.0710  0.4420  0.24     48     48     48
 27.500   17.1730  0.2850   1.02 222.86   2.86   0.42   26.8450  0.4120 -0.06     43     43     43
 28.000   15.9160  0.2810   0.99 223.57   2.74   0.31   24.8010  0.3720 -0.01     41     41     41
 28.500   14.7690  0.2800   0.82 224.68   2.90  -0.03   22.9010  0.3640 -0.08     36     36     36
 29.000   13.6550  0.2000   0.05 225.73   2.85  -0.20   21.0750  0.3010 -0.40     31     31     31
 29.500   12.6800  0.1810   0.22 227.12   2.86  -0.14   19.4500  0.2510 -0.16     29     29     29
 30.000   11.7900  0.1790   0.26 228.95   2.48  -0.18   17.9400  0.2490  0.09     22     22     22
     T A B L E  II -   4.  T H E R M O D Y N A M I C  S T A T I S T I C A L  P A R A M E T E R S
                                     April
 STATION =   722210     EGLIN AFB, FL
    Z      MEAN P   SD P   SKEWP  MEAN T  SD T  SKEWT    MEAN D   SD D  SKEWD  NOBSP  NOBST  NOBSD
    KM       MB       MB             K      K             G/M3    G/M3                           
  0.000 1020.0000  5.0000   0.00 290.00   5.00   0.00 1221.0000 25.0000  0.00    100    100    100
  0.026 1014.9060  4.6300  -0.19 292.41   5.53  -0.47 1202.6470 25.8540  0.59   1023   1023   1023
  0.500  959.6760  4.4340  -0.27 289.82   3.86  -0.79 1148.3051 17.4700  0.72   1023   1023   1023
  1.000  904.4470  4.2600  -0.32 287.13   3.91  -0.82 1093.2140 16.0830  0.72   1023   1023   1023
  1.500  852.2480  4.2360  -0.40 284.85   3.70  -0.86 1039.2290 13.6210  0.75   1023   1023   1023
  2.000  802.6950  4.2310  -0.47 282.71   3.51  -0.73  986.9620 11.4510  0.58   1023   1023   1023
  2.500  755.5900  4.2470  -0.56 280.35   3.48  -0.66  937.3300 10.0170  0.44   1023   1023   1023
  3.000  710.9050  4.3010  -0.64 277.73   3.34  -0.69  890.4920  8.6620  0.43   1023   1023   1023
  3.500  668.4440  4.3750  -0.67 274.93   3.15  -0.61  846.0710  7.4350  0.24   1023   1023   1023
  4.000  628.0210  4.4390  -0.71 271.91   3.06  -0.63  803.8670  6.5090  0.13   1023   1023   1023
  4.500  589.6130  4.4920  -0.75 268.70   2.97  -0.68  763.8330  5.8160  0.05   1023   1023   1023
  5.000  553.1990  4.5020  -0.80 265.39   2.91  -0.74  725.6960  5.2690 -0.00   1023   1023   1023
  5.500  518.7030  4.4680  -0.83 262.04   2.89  -0.76  689.2140  4.8840  0.01   1023   1023   1023
  6.000  485.9280  4.5040  -0.86 258.65   2.91  -0.71  654.1910  4.6630  0.00   1023   1023   1023
  6.500  454.7020  4.4990  -0.87 255.24   2.96  -0.62  620.3950  4.4290 -0.12   1021   1021   1021
  7.000  425.2330  4.4580  -0.88 251.81   3.06  -0.53  588.1420  4.3240 -0.36   1019   1019   1019
  7.500  397.4190  4.4440  -0.90 248.25   3.14  -0.47  557.5940  4.3270 -0.43   1017   1017   1017
  8.000  370.7140  4.4200  -0.86 244.60   3.20  -0.35  527.9150  4.3590 -0.62   1014   1014   1014
  8.500  345.5430  4.3570  -0.82 240.89   3.23  -0.19  499.6690  4.3650 -0.80   1010   1010   1010
  9.000  321.8520  4.2580  -0.79 237.19   3.19  -0.09  472.6880  4.5260 -1.08   1008   1008   1008
  9.500  299.5860  4.1580  -0.77 233.46   3.16   0.08  447.0370  4.6820 -1.38    999    999    999
 10.000  278.3040  4.0740  -0.66 229.72   3.15   0.15  422.0650  4.9340 -1.55    992    992    992
 10.500  258.3160  3.9000  -0.58 226.07   3.08   0.32  398.0730  5.3170 -1.71    985    985    985
 11.000  239.5270  3.8080  -0.55 222.63   3.02   0.53  374.8470  5.8980 -1.74    975    975    975
 11.500  221.7110  3.5590  -0.46 219.41   3.09   0.70  352.0610  6.4360 -1.51    970    970    970
 12.000  205.1300  3.3170  -0.37 216.78   3.45   0.73  329.7300  7.3030 -1.17    965    965    965
 12.500  189.6590  3.0510  -0.19 214.88   3.93   0.61  307.5980  7.9790 -0.81    956    956    956
 13.000  175.1560  2.7500  -0.13 213.71   4.11   0.29  285.6480  7.8730 -0.44    951    951    951
 13.500  161.7440  2.4790  -0.08 212.91   3.92  -0.04  264.7550  7.2030 -0.08    947    947    947
 14.000  149.3660  2.2170  -0.04 212.24   3.51  -0.11  245.2500  6.2960  0.04    937    937    937
 14.500  137.7800  2.0130   0.01 211.16   3.24  -0.13  227.3760  5.6400  0.13    927    927    927
 15.000  127.0390  1.7930   0.02 209.89   3.09  -0.04  210.9120  5.0390  0.16    917    917    917
 15.500  117.1180  1.5950   0.03 208.57   3.04   0.05  195.6760  4.5810  0.11    912    912    912
 16.000  107.9460  1.4180   0.04 207.35   3.08   0.14  181.4150  4.2600  0.08    905    905    905
 16.500   99.5420  1.2380   0.03 206.32   3.17   0.09  168.1290  3.9820  0.06    872    872    872
 17.000   91.6620  1.1190   0.13 205.48   3.40   0.05  155.4610  3.8220  0.11    839    839    839
 17.500   84.3790  0.9730   0.17 204.95   3.50  -0.03  143.4780  3.5040  0.14    817    817    817
 18.000   77.6660  0.8500   0.25 204.93   3.59  -0.09  132.0790  3.2110  0.20    792    792    792
 18.500   71.4940  0.7540   0.37 205.39   3.73  -0.13  121.3130  2.9330  0.23    777    777    777
 19.000   65.8970  0.6880   0.31 206.31   3.68  -0.23  111.3120  2.5410  0.32    737    737    737
 19.500   60.7120  0.6290   0.53 207.52   3.43  -0.23  101.9470  2.0760  0.30    710    710    710
 20.000   55.9560  0.5870   0.65 208.84   3.24  -0.19   93.3630  1.6940  0.26    669    669    669
 20.500   51.5920  0.5520   0.73 210.04   3.05  -0.24   85.5860  1.3810  0.34    634    634    634
 21.000   47.6500  0.5300   0.72 211.25   2.95  -0.22   78.5910  1.1800  0.32    565    565    565
 21.500   44.0090  0.5230   0.69 212.79   2.94  -0.39   72.0600  1.0460  0.35    487    487    487
 22.000   40.6700  0.5180   0.66 214.21   2.72  -0.23   66.1460  0.8870  0.18    414    414    414
 22.500   37.5940  0.5020   0.33 215.63   2.42   0.01   60.7380  0.7730 -0.10    323    323    323
 23.000   34.7850  0.4950   0.32 216.85   2.31  -0.05   55.8850  0.7410  0.21    251    251    251
 23.500   32.1990  0.4690  -0.08 218.07   2.21  -0.19   51.4380  0.6660 -0.06    198    198    198
 24.000   29.8390  0.4280  -0.16 219.38   2.17  -0.28   47.3850  0.5920 -0.22    150    150    150
 24.500   27.6960  0.4080   0.23 220.60   2.28  -0.43   43.7390  0.5220  0.24    103    103    103
 25.000   25.6730  0.4000   0.03 221.79   2.29  -0.43   40.3240  0.5050  0.28     88     88     88
 25.500   23.7890  0.3940  -0.07 223.06   2.09  -0.29   37.1530  0.4870  0.42     76     76     76
 26.000   22.0500  0.3850  -0.08 224.23   2.12  -0.26   34.2550  0.4550  0.13     69     69     69
 26.500   20.4330  0.3590  -0.05 225.23   2.25  -0.10   31.6040  0.4250  0.14     66     66     66
 27.000   19.0510  0.3480  -0.54 226.37   2.47  -0.28   29.3170  0.3940 -0.35     49     49     49
 27.500   17.6900  0.3470  -0.59 227.53   2.41   0.06   27.0840  0.3910 -0.39     44     44     44
 28.000   16.4260  0.3510  -0.58 228.78   2.40   0.22   25.0100  0.3930 -0.39     37     37     37
 28.500   15.2780  0.3040  -0.08 230.02   2.34   0.76   23.1370  0.3640 -0.00     33     33     33
 29.000   14.2020  0.2830  -0.04 230.99   2.48   0.99   21.4190  0.3430  0.12     29     29     29
 29.500   13.2190  0.2870  -0.16 231.98   2.47   0.50   19.8510  0.3640  0.10     23     23     23
 30.000   12.2660  0.2800  -0.05 232.38   2.41   0.23   18.3890  0.3600  0.08     21     21     21
     T A B L E  II -   5.  T H E R M O D Y N A M I C  S T A T I S T I C A L  P A R A M E T E R S
                                       May
 STATION =   722210     EGLIN AFB, FL
    Z      MEAN P   SD P   SKEWP  MEAN T  SD T  SKEWT    MEAN D   SD D  SKEWD  NOBSP  NOBST  NOBSD
    KM       MB       MB             K      K             G/M3    G/M3                           
  0.000 1020.0000  5.0000   0.00 290.00   5.00   0.00 1221.0000 25.0000  0.00    100    100    100
  0.026 1013.9550  3.6120  -0.30 296.92   4.97  -0.51 1180.9270 22.0490  0.70    995    995    995
  0.500  959.6970  3.5680   0.03 293.85   2.65  -0.75 1130.6090 12.1050  0.74    995    995    995
  1.000  905.1760  3.3810   0.03 290.76   2.64  -0.82 1078.8300 11.1540  0.70    995    995    995
  1.500  853.6290  3.2840  -0.00 287.83   2.66  -0.70 1028.7310 10.0710  0.54    995    995    995
  2.000  804.5300  3.1730  -0.19 285.29   2.70  -0.46  979.2170  8.9660  0.30    995    995    995
  2.500  757.7670  3.1590  -0.29 282.81   2.62  -0.17  931.1000  7.8790  0.12    995    995    995
  3.000  713.3350  3.1310  -0.36 280.11   2.50  -0.16  885.3550  6.8870  0.14    995    995    995
  3.500  671.1110  3.1430  -0.40 277.20   2.44  -0.21  841.9970  6.2340  0.18    995    995    995
  4.000  630.9210  3.1310  -0.45 274.24   2.35  -0.19  800.3680  5.4440  0.06    995    995    995
  4.500  592.6910  3.1300  -0.49 271.17   2.30  -0.12  760.5820  4.9650 -0.12    995    995    995
  5.000  556.4090  3.1390  -0.54 268.02   2.28  -0.28  722.5500  4.6590  0.01    995    995    995
  5.500  522.0240  3.1280  -0.58 264.83   2.30  -0.50  686.1790  4.4000  0.03    995    995    995
  6.000  489.4310  3.1560  -0.63 261.64   2.36  -0.54  651.2890  4.1320 -0.09    995    995    995
  6.500  458.3710  3.1850  -0.61 258.30   2.47  -0.53  617.9280  4.0060 -0.04    995    995    995
  7.000  428.9880  3.1850  -0.64 254.87   2.61  -0.50  586.1620  3.8590 -0.06    993    993    993
  7.500  401.2420  3.1770  -0.73 251.32   2.68  -0.52  556.0390  3.6980 -0.07    993    993    993
  8.000  374.6640  3.2340  -0.70 247.68   2.77  -0.46  526.8750  3.5410 -0.07    990    990    990
  8.500  349.4930  3.2460  -0.74 243.94   2.82  -0.40  499.0350  3.3400 -0.21    985    985    985
  9.000  325.7830  3.2170  -0.74 240.16   2.83  -0.33  472.5270  3.1320 -0.19    984    984    984
  9.500  303.4790  3.1700  -0.75 236.39   2.83  -0.22  447.2120  3.0950 -0.63    980    980    980
 10.000  282.2310  3.2090  -0.65 232.53   2.80  -0.11  422.8190  3.0330 -0.73    975    975    975
 10.500  262.1490  3.1510  -0.58 228.69   2.72  -0.03  399.3460  3.0300 -1.04    969    969    969
 11.000  243.2880  3.1200  -0.52 224.94   2.66   0.11  376.7840  3.2410 -1.52    963    963    963
 11.500  225.3120  3.0120  -0.45 221.27   2.57   0.24  354.7370  3.5810 -1.81    957    957    957
 12.000  208.5650  2.8590  -0.38 217.80   2.54   0.26  333.6070  3.9230 -1.77    953    953    953
 12.500  192.8940  2.7670  -0.28 214.81   2.57   0.39  312.8490  4.5420 -1.41    950    950    950
 13.000  178.0710  2.5760  -0.19 212.46   2.85   0.48  292.0280  5.3010 -1.02    945    945    945
 13.500  164.3470  2.3700  -0.13 210.93   3.23   0.28  271.5070  5.9280 -0.66    941    941    941
 14.000  151.6360  2.1550  -0.05 209.86   3.43   0.06  251.8000  6.0260 -0.30    937    937    937
 14.500  139.8120  1.9630  -0.00 209.03   3.38  -0.07  233.0870  5.7340 -0.04    931    931    931
 15.000  128.8180  1.7450   0.01 208.09   3.16  -0.11  215.7250  5.1540  0.11    926    926    926
 15.500  118.6760  1.5580   0.03 207.04   3.06  -0.13  199.7410  4.6840  0.21    919    919    919
 16.000  109.3060  1.3820   0.04 206.13   3.08  -0.08  184.7880  4.2910  0.20    914    914    914
 16.500  100.7060  1.2010   0.04 205.44   3.05  -0.04  170.8200  3.8670  0.09    890    890    890
 17.000   92.7090  1.0860   0.05 204.98   3.12   0.01  157.6120  3.5540  0.02    842    842    842
 17.500   85.3210  0.9550   0.11 204.78   3.17  -0.01  145.1890  3.2040  0.01    823    823    823
 18.000   78.5340  0.8400   0.15 205.11   3.16   0.10  133.4240  2.8410 -0.07    796    796    796
 18.500   72.2890  0.7670   0.08 205.78   3.09  -0.03  122.4140  2.5160  0.04    774    774    774
 19.000   66.6420  0.6960   0.09 206.96   3.03  -0.11  112.2030  2.1680  0.14    746    746    746
 19.500   61.4210  0.6550   0.18 208.50   2.89   0.09  102.6450  1.7840  0.05    727    727    727
 20.000   56.6340  0.6140   0.18 210.02   2.62   0.15   93.9510  1.4450  0.05    700    700    700
 20.500   52.2380  0.5840   0.12 211.56   2.52   0.05   86.0300  1.2400  0.02    668    668    668
 21.000   48.2510  0.5440   0.19 212.94   2.43   0.18   78.9460  1.0810 -0.21    583    583    583
 21.500   44.6060  0.4980   0.47 214.33   2.26   0.30   72.5060  0.9130 -0.04    508    508    508
 22.000   41.2420  0.4730   0.44 215.48   2.09   0.19   66.6800  0.7700  0.12    434    434    434
 22.500   38.1510  0.4620   0.40 216.68   2.11   0.03   61.3380  0.7020  0.23    354    354    354
 23.000   35.3190  0.4630   0.19 217.99   2.08   0.19   56.4450  0.6670  0.24    260    260    260
 23.500   32.6990  0.4620  -0.01 219.43   2.11   0.06   51.9130  0.6430  0.18    197    197    197
 24.000   30.2950  0.4540  -0.52 220.77   2.04  -0.35   47.8040  0.6130 -0.19    138    138    138
 24.500   28.1140  0.4450  -0.55 221.94   2.00  -0.42   44.1290  0.6210 -0.11     93     93     93
 25.000   26.0520  0.4080  -0.94 222.88   2.13  -0.33   40.7200  0.5680 -0.30     76     76     76
 25.500   24.1520  0.3210   0.38 223.89   2.11  -0.38   37.5830  0.4790  0.21     64     64     64
 26.000   22.3580  0.2900   0.32 224.22   2.28  -1.09   34.7380  0.4570  0.28     52     52     52
 26.500   20.7310  0.2850   0.29 225.23   1.89  -0.11   32.0650  0.4020 -0.14     44     44     44
 27.000   19.2660  0.2720   0.38 226.26   2.01  -0.17   29.6640  0.3520 -0.31     32     32     32
 27.500   17.8850  0.2680   0.46 227.42   1.87   0.05   27.3960  0.3430 -0.23     31     31     31
 28.000   16.5930  0.2650   0.52 228.53   1.84   0.15   25.2930  0.3390  0.03     28     28     28
 28.500   15.4230  0.2590   0.55 229.65   1.85   0.07   23.3950  0.3390  0.25     23     23     23
 29.000   14.3510  0.2420   0.43 230.51   1.75   0.10   21.6890  0.3300  0.08     21     21     21
 29.500   13.3180  0.2410   0.50 230.98   1.79   0.35   20.0860  0.3480 -0.01     18     18     18
 30.000   12.3840  0.2200   0.74 231.37   1.55  -0.33   18.6460  0.3320  0.08     14     14     14
     T A B L E  II -   6.  T H E R M O D Y N A M I C  S T A T I S T I C A L  P A R A M E T E R S
                                      June
 STATION =   722210     EGLIN AFB, FL
    Z      MEAN P   SD P   SKEWP  MEAN T  SD T  SKEWT    MEAN D   SD D  SKEWD  NOBSP  NOBST  NOBSD
    KM       MB       MB             K      K             G/M3    G/M3                           
  0.000 1020.0000  5.0000   0.00 290.00   5.00   0.00 1221.0000 25.0000  0.00    100    100    100
  0.026 1013.6650  3.2580  -0.34 300.28   4.01  -0.11 1164.9980 16.5370  0.27   1043   1043   1043
  0.500  960.0910  3.3870  -0.08 296.87   2.02   0.12 1117.4470  8.1790  0.00   1043   1043   1043
  1.000  906.0920  3.2870  -0.14 293.67   1.85   0.07 1067.4030  7.1880  0.07   1043   1043   1043
  1.500  855.0510  3.2400  -0.05 290.49   1.89  -0.01 1019.3900  6.9020  0.23   1043   1043   1043
  2.000  806.3000  3.1830   0.06 287.53   2.02   0.41  972.2050  6.6770  0.06   1043   1043   1043
  2.500  759.8520  3.0830  -0.02 284.75   1.99   0.37  926.0700  6.0680 -0.05   1043   1043   1043
  3.000  715.6340  3.0010  -0.10 281.97   1.88   0.28  881.3670  5.4600 -0.02   1043   1043   1043
  3.500  673.6120  2.9370  -0.17 279.08   1.80   0.15  838.6630  5.0430  0.03   1043   1043   1043
  4.000  633.6630  2.9280  -0.01 276.17   1.73   0.13  797.5840  4.6520  0.01   1043   1043   1043
  4.500  595.5980  2.8400  -0.04 273.27   1.69   0.17  757.9350  4.4370 -0.03   1043   1043   1043
  5.000  559.4550  2.7320  -0.05 270.45   1.63   0.12  719.5890  4.3030  0.04   1042   1042   1042
  5.500  525.1830  2.6320  -0.10 267.57   1.67  -0.03  682.9660  4.1580  0.02   1041   1041   1041
  6.000  492.7610  2.5620  -0.16 264.66   1.70  -0.19  648.0150  3.9160 -0.04   1041   1041   1041
  6.500  461.9370  2.5280  -0.16 261.61   1.81  -0.31  614.6730  3.7480  0.05   1041   1041   1041
  7.000  432.6850  2.4720  -0.22 258.40   1.91  -0.43  582.9990  3.6480  0.12   1040   1040   1040
  7.500  405.0350  2.4050  -0.27 255.07   2.03  -0.48  552.9260  3.5410  0.18   1039   1039   1039
  8.000  378.6680  2.4440  -0.38 251.64   2.13  -0.53  524.0420  3.4200  0.14   1037   1037   1037
  8.500  353.6420  2.4320  -0.47 248.03   2.23  -0.57  496.5820  3.2950  0.19   1034   1034   1034
  9.000  330.0270  2.4030  -0.50 244.36   2.30  -0.60  470.4100  3.1300  0.10   1032   1032   1032
  9.500  307.7670  2.3560  -0.53 240.62   2.33  -0.60  445.5270  2.9760  0.05   1024   1024   1024
 10.000  286.6140  2.3540  -0.57 236.75   2.34  -0.55  421.7170  2.7700 -0.06   1010   1010   1010
 10.500  266.5470  2.3260  -0.58 232.82   2.32  -0.49  398.8340  2.5420 -0.24   1001   1001   1001
 11.000  247.7690  2.3180  -0.65 228.91   2.28  -0.35  377.0620  2.4680 -0.56    995    995    995
 11.500  229.7300  2.2660  -0.59 225.04   2.20  -0.20  355.6310  2.5090 -0.83    994    994    994
 12.000  212.8860  2.2110  -0.50 221.30   2.09   0.05  335.1270  2.7960 -1.26    990    990    990
 12.500  197.1630  2.1690  -0.49 217.79   2.07   0.33  315.3870  3.2260 -1.49    986    986    986
 13.000  182.1510  2.0830  -0.22 214.50   2.15   0.48  295.8530  3.6970 -1.24    984    984    984
 13.500  168.1580  1.9460  -0.15 211.53   2.34   0.57  276.9700  4.0580 -1.12    982    982    982
 14.000  155.1570  1.7950  -0.03 209.04   2.63   0.50  258.6160  4.4240 -0.88    976    976    976
 14.500  143.0540  1.6800   0.13 207.08   2.88   0.38  240.7030  4.6390 -0.61    969    969    969
 15.000  131.7100  1.5510   0.48 205.54   2.97   0.19  223.2880  4.5680 -0.30    961    961    961
 15.500  121.2270  1.3830   0.52 204.49   2.92   0.20  206.5740  4.2580 -0.18    954    954    954
 16.000  111.5560  1.2460   0.60 203.72   2.89   0.20  190.8120  3.9200 -0.09    948    948    948
 16.500  102.6380  1.0970   0.66 203.36   2.94   0.13  175.8670  3.5620  0.03    935    935    935
 17.000   94.4760  0.9850   0.78 203.36   2.94   0.12  161.8840  3.1910  0.05    894    894    894
 17.500   86.9270  0.8970   0.98 203.95   2.87   0.11  148.5140  2.7810  0.18    881    881    881
 18.000   80.0020  0.8250   1.02 204.99   2.84  -0.16  135.9830  2.4250  0.41    864    864    864
 18.500   73.6500  0.7730   1.08 206.14   2.84  -0.42  124.4900  2.1090  0.69    844    844    844
 19.000   67.8970  0.7170   1.07 207.58   2.72  -0.43  113.9620  1.7480  0.79    821    821    821
 19.500   62.5980  0.6930   1.27 209.18   2.60  -0.33  104.2630  1.4940  0.67    803    803    803
 20.000   57.7310  0.6560   1.17 210.69   2.43  -0.40   95.4650  1.2790  0.75    782    782    782
 20.500   53.2630  0.6330   1.15 212.15   2.32  -0.35   87.4690  1.1490  0.82    750    750    750
 21.000   49.2100  0.5950   1.13 213.49   2.24  -0.08   80.3020  0.9610  0.81    690    690    690
 21.500   45.4740  0.5850   1.12 214.74   2.10   0.13   73.7730  0.8810  0.93    628    628    628
 22.000   42.0440  0.5750   1.11 215.94   2.01   0.26   67.8290  0.8260  1.13    543    543    543
 22.500   38.9030  0.5650   1.03 217.11   1.99   0.45   62.4240  0.7900  0.97    460    460    460
 23.000   36.0210  0.5480   0.82 218.16   2.02   0.41   57.5200  0.7540  0.86    363    363    363
 23.500   33.3770  0.5160   0.69 219.28   1.98   0.26   53.0240  0.6860  0.74    268    268    268
 24.000   30.9480  0.4650   0.53 220.54   2.01   0.16   48.8870  0.6430  0.58    195    195    195
 24.500   28.7520  0.4560   0.35 221.60   2.03   0.03   45.2000  0.6280  0.47    118    118    118
 25.000   26.6620  0.4020   0.10 222.44   1.98  -0.13   41.7560  0.5600  0.44     80     80     80
 25.500   24.6740  0.3650   0.12 223.32   1.94   0.23   38.4900  0.5080  0.35     68     68     68
 26.000   22.8210  0.3050   0.07 223.96   1.93   0.03   35.4990  0.4410  0.06     53     53     53
 26.500   21.1440  0.2850   0.20 224.86   2.23  -0.01   32.7590  0.4550 -0.24     46     46     46
 27.000   19.6500  0.2500   0.27 225.95   2.61   0.23   30.2970  0.4630 -0.43     35     35     35
 27.500   18.2100  0.1840   0.27 226.46   2.13  -0.04   28.0150  0.3890  0.05     28     28     28
 28.000   16.9050  0.1650   0.24 227.11   2.57  -0.88   25.9340  0.3880  0.86     27     27     27
 28.500   15.7050  0.1630   0.20 227.95   2.14  -0.65   24.0030  0.3140  0.13     20     20     20
 29.000   14.5850  0.1540  -0.01 228.85   2.46  -0.36   22.2050  0.2970  0.03     19     19     19
 29.500   13.5740  0.1180   0.11 229.78   2.61  -0.54   20.5820  0.2600  0.04     14     14     14
 30.000   12.6200  0.1100  -0.10 230.39   3.12  -0.23   19.0850  0.2430 -0.29     11     11     11
     T A B L E  II -   7.  T H E R M O D Y N A M I C  S T A T I S T I C A L  P A R A M E T E R S
                                      July
 STATION =   722210     EGLIN AFB, FL
    Z      MEAN P   SD P   SKEWP  MEAN T  SD T  SKEWT    MEAN D   SD D  SKEWD  NOBSP  NOBST  NOBSD
    KM       MB       MB             K      K             G/M3    G/M3                           
  0.000 1020.0000  5.0000   0.00 290.00   5.00   0.00 1221.0000 25.0000  0.00    100    100    100
  0.026 1014.8630  2.7090  -0.25 301.02   3.71   0.22 1162.5590 15.2770 -0.10   1005   1005   1005
  0.500  961.3990  2.6670   0.02 297.96   1.78   0.27 1114.0020  7.4200 -0.28   1005   1005   1005
  1.000  907.5340  2.5430   0.09 294.66   1.50   0.19 1064.6520  6.2980 -0.34   1005   1005   1005
  1.500  856.6110  2.4370   0.15 291.41   1.30   0.01 1017.2280  5.2600 -0.21   1005   1005   1005
  2.000  807.8950  2.4150   0.22 288.38   1.26  -0.03  970.5230  4.7550 -0.07   1005   1005   1005
  2.500  761.4970  2.2870   0.17 285.48   1.31   0.17  924.9650  4.4350 -0.13   1005   1005   1005
  3.000  717.3410  2.1650   0.15 282.64   1.33   0.18  880.7460  4.1800 -0.13   1005   1005   1005
  3.500  675.3650  2.1220   0.21 279.79   1.33   0.10  838.2130  3.9950 -0.09   1005   1005   1005
  4.000  635.4600  2.0950   0.22 276.94   1.32   0.06  797.1610  3.8400 -0.02   1005   1005   1005
  4.500  597.4240  2.0230   0.16 274.11   1.32   0.04  757.5120  3.6370 -0.06   1005   1005   1005
  5.000  561.2880  1.9580   0.15 271.41   1.36  -0.00  719.0760  3.5540 -0.06   1004   1004   1004
  5.500  527.0190  1.8900   0.15 268.70   1.39   0.04  682.2360  3.4090 -0.04   1004   1004   1004
  6.000  494.6040  1.8280   0.12 265.89   1.44  -0.03  647.2140  3.2890  0.01   1003   1003   1003
  6.500  463.8890  1.7950   0.02 262.99   1.48  -0.08  613.8780  3.1570 -0.08   1003   1003   1003
  7.000  434.6960  1.7530  -0.08 259.99   1.57  -0.20  582.0040  3.0220 -0.07   1003   1003   1003
  7.500  407.0660  1.7100  -0.10 256.81   1.63  -0.40  551.8360  2.8690 -0.06   1003   1003   1003
  8.000  380.7970  1.7590   0.03 253.45   1.71  -0.47  523.1480  2.7110  0.05   1001   1001   1001
  8.500  355.8320  1.7810   0.00 249.96   1.81  -0.56  495.7570  2.6100  0.18    999    999    999
  9.000  332.2460  1.7770   0.01 246.34   1.87  -0.61  469.7320  2.4860  0.23    998    998    998
  9.500  309.9850  1.7740  -0.03 242.60   1.90  -0.55  445.0470  2.3830  0.15    993    993    993
 10.000  288.9030  1.8060  -0.13 238.76   1.90  -0.57  421.4860  2.2380  0.08    986    986    986
 10.500  268.8450  1.7760  -0.10 234.82   1.89  -0.53  398.8320  2.0730 -0.04    979    979    979
 11.000  250.0350  1.7540  -0.20 230.82   1.88  -0.57  377.3710  1.9400  0.02    973    973    973
 11.500  231.9940  1.7940  -0.12 226.76   1.83  -0.43  356.4020  1.8130 -0.11    970    970    970
 12.000  215.0690  1.7570  -0.15 222.75   1.81  -0.34  336.3500  1.7930 -0.51    966    966    966
 12.500  199.3040  1.6930  -0.18 218.84   1.76  -0.22  317.2700  1.8550 -1.02    964    964    964
 13.000  184.1600  1.6640  -0.08 215.09   1.69  -0.06  298.2780  2.0780 -1.27    955    955    955
 13.500  170.0460  1.5850   0.05 211.61   1.70   0.30  279.9520  2.4100 -1.24    951    951    951
 14.000  156.8760  1.5070   0.13 208.46   1.81   0.65  262.1700  2.8280 -1.01    947    947    947
 14.500  144.6180  1.4170   0.22 205.93   2.03   0.71  244.6700  3.2820 -0.75    937    937    937
 15.000  133.0640  1.2750   0.33 204.05   2.36   0.60  227.2110  3.6850 -0.48    923    923    923
 15.500  122.4160  1.1450   0.46 202.93   2.89   0.27  210.1960  4.0540 -0.23    914    914    914
 16.000  112.6020  1.0280   0.67 202.60   3.32  -0.11  193.6740  4.1030  0.09    906    906    906
 16.500  103.5620  0.9230   0.81 202.97   3.25  -0.32  177.7970  3.6070  0.28    897    897    897
 17.000   95.3240  0.8120   0.96 203.82   2.94  -0.31  162.9660  2.8890  0.27    848    848    848
 17.500   87.7290  0.7390   1.01 204.90   2.59  -0.10  149.1780  2.3020  0.17    835    835    835
 18.000   80.7620  0.6800   1.07 206.02   2.37  -0.04  136.5820  1.8990  0.31    818    818    818
 18.500   74.3820  0.6310   1.06 207.31   2.22   0.15  125.0050  1.5940  0.41    804    804    804
 19.000   68.6000  0.5860   0.97 208.70   2.15   0.13  114.5190  1.3710  0.64    780    780    780
 19.500   63.2750  0.5660   1.15 210.12   2.09   0.18  104.9130  1.1860  0.46    756    756    756
 20.000   58.3770  0.5410   1.08 211.44   1.95   0.11   96.1900  1.0510  0.61    727    727    727
 20.500   53.8770  0.5180   1.01 212.73   1.95   0.07   88.2330  0.9650  0.75    695    695    695
 21.000   49.7860  0.4660   0.98 214.03   2.02   0.16   81.0400  0.9100  0.89    644    644    644
 21.500   46.0210  0.4600   0.86 215.17   1.92   0.18   74.5130  0.8250  0.91    597    597    597
 22.000   42.5440  0.4490   0.79 216.20   1.92   0.11   68.5530  0.7500  0.87    542    542    542
 22.500   39.3460  0.4370   0.70 217.15   2.07  -0.11   63.1260  0.7150  0.86    463    463    463
 23.000   36.4160  0.4290   0.57 218.18   2.09  -0.12   58.1470  0.6780  0.76    361    361    361
 23.500   33.7230  0.4280   0.46 219.26   2.07  -0.11   53.5820  0.6210  0.50    278    278    278
 24.000   31.2580  0.4090   0.15 220.51   2.06  -0.12   49.3830  0.5460  0.22    196    196    196
 24.500   29.0230  0.3890   0.04 221.51   2.14  -0.27   45.6450  0.5440  0.52    127    127    127
 25.000   26.9220  0.3530  -0.18 222.78   2.02  -0.40   42.1000  0.4550 -0.05     92     92     92
 25.500   24.9600  0.3150  -0.06 223.79   2.01  -0.24   38.8550  0.4420  0.00     71     71     71
 26.000   23.1090  0.3090  -0.01 224.56   1.78  -0.37   35.8500  0.3900 -0.09     55     55     55
 26.500   21.3790  0.2630  -0.06 225.38   1.53  -0.61   33.0440  0.3620 -0.28     44     44     44
 27.000   19.8370  0.2360  -0.04 226.43   1.76  -0.16   30.5190  0.3820 -0.54     31     31     31
 27.500   18.3870  0.2160  -0.08 227.07   1.90   0.08   28.2090  0.3720 -0.11     26     26     26
 28.000   17.0700  0.1840  -0.21 227.88   2.26  -0.50   26.0950  0.2990 -0.05     21     21     21
 28.500   15.8570  0.1690  -0.26 228.59   2.39  -0.74   24.1680  0.2930 -0.45     20     20     20
 29.000   14.7470  0.1640  -0.32 229.33   2.00  -0.41   22.4030  0.2720 -0.88     16     16     16
 29.500 -999.9900 -9.9900  99.99 999.90 999.90  99.99 -999.9900 99.9900 99.99      0      0      0
 30.000 -999.9900 -9.9900  99.99 999.90 999.90  99.99 -999.9900 99.9900 99.99      0      0      0
     T A B L E  II -   8.  T H E R M O D Y N A M I C  S T A T I S T I C A L  P A R A M E T E R S
                                    August
 STATION =   722210     EGLIN AFB, FL
    Z      MEAN P   SD P   SKEWP  MEAN T  SD T  SKEWT    MEAN D   SD D  SKEWD  NOBSP  NOBST  NOBSD
    KM       MB       MB             K      K             G/M3    G/M3                           
  0.000 1020.0000  5.0000   0.00 290.00   5.00   0.00 1221.0000 25.0000  0.00    100    100    100
  0.026 1014.0230  2.9140  -0.25 300.60   3.87   0.18 1163.2860 15.8830 -0.09   1109   1109   1109
  0.500  960.5920  2.8590  -0.04 297.80   1.86   0.01 1113.5950  7.9030 -0.08   1109   1109   1109
  1.000  906.7540  2.7250  -0.00 294.47   1.62   0.29 1064.2970  6.8910 -0.33   1109   1109   1109
  1.500  855.8470  2.6100   0.01 291.26   1.49   0.06 1016.7600  6.0630 -0.20   1109   1109   1109
  2.000  807.1500  2.5690   0.15 288.30   1.43  -0.15  969.8160  5.5480  0.06   1109   1109   1109
  2.500  760.8210  2.4350   0.10 285.52   1.41  -0.08  923.9390  4.9940  0.08   1109   1109   1109
  3.000  716.7280  2.3170   0.12 282.77   1.42   0.03  879.5510  4.7090 -0.02   1109   1109   1109
  3.500  674.8300  2.2830   0.11 280.03   1.43   0.07  836.7820  4.3860 -0.07   1109   1109   1109
  4.000  634.9720  2.2290   0.13 277.29   1.48   0.18  795.5760  4.1170 -0.16   1109   1109   1109
  4.500  597.0350  2.1990   0.29 274.57   1.54   0.10  755.8060  4.0130 -0.03   1109   1109   1109
  5.000  560.9680  2.1400   0.34 271.90   1.60   0.15  717.4330  3.8480 -0.12   1108   1108   1108
  5.500  526.7720  2.0720   0.36 269.16   1.64   0.07  680.7960  3.6660 -0.16   1108   1108   1108
  6.000  494.4350  2.0240   0.36 266.35   1.65  -0.05  645.9410  3.4050 -0.05   1107   1107   1107
  6.500  463.7570  2.0130   0.19 263.38   1.66  -0.10  612.8340  3.1910 -0.10   1106   1106   1106
  7.000  434.6060  1.9920   0.14 260.31   1.72  -0.19  581.2110  3.0820 -0.11   1104   1104   1104
  7.500  407.0130  1.9630   0.13 257.08   1.76  -0.34  551.2260  2.9290  0.02   1103   1103   1103
  8.000  380.7430  1.9560   0.05 253.69   1.78  -0.40  522.6050  2.7870  0.09   1102   1102   1102
  8.500  355.7920  1.9690   0.09 250.14   1.86  -0.35  495.3480  2.7410  0.02   1099   1099   1099
  9.000  332.2260  1.9380   0.04 246.51   1.88  -0.31  469.3970  2.5840 -0.08   1096   1096   1096
  9.500  309.9900  1.8990   0.03 242.74   1.90  -0.28  444.7980  2.4260 -0.14   1095   1095   1095
 10.000  288.8910  1.8830  -0.05 238.88   1.92  -0.19  421.2660  2.3200 -0.19   1086   1086   1086
 10.500  268.8300  1.8500  -0.10 234.92   1.92  -0.11  398.6390  2.1210 -0.28   1085   1085   1085
 11.000  250.0390  1.8090  -0.13 230.96   1.90   0.00  377.1480  2.0060 -0.47   1081   1081   1081
 11.500  232.0000  1.8280  -0.06 226.95   1.87   0.12  356.1240  1.9700 -0.64   1078   1078   1078
 12.000  215.0970  1.7780  -0.03 222.97   1.82   0.20  336.0610  2.0070 -0.88   1074   1074   1074
 12.500  199.3290  1.7170  -0.01 219.14   1.78   0.24  316.8820  2.1620 -1.28   1073   1073   1073
 13.000  184.2280  1.6760   0.12 215.46   1.76   0.26  297.8840  2.4580 -1.30   1071   1071   1071
 13.500  170.1070  1.5850   0.17 212.05   1.78   0.36  279.4670  2.7250 -1.18   1069   1069   1069
 14.000  156.9510  1.4880   0.25 208.93   1.90   0.39  261.7100  3.0720 -0.99   1063   1063   1063
 14.500  144.7090  1.4020   0.35 206.30   2.05   0.48  244.3890  3.3800 -0.75   1049   1049   1049
 15.000  133.1650  1.2530   0.41 204.36   2.28   0.53  227.0400  3.5970 -0.49   1043   1043   1043
 15.500  122.5150  1.1110   0.45 203.08   2.57   0.46  210.2080  3.6810 -0.22   1035   1035   1035
 16.000  112.6920  0.9900   0.46 202.57   2.78   0.11  193.8410  3.6020  0.14   1025   1025   1025
 16.500  103.6460  0.8950   0.52 202.90   2.82  -0.22  177.9920  3.3030  0.52   1015   1015   1015
 17.000   95.4070  0.7970   0.49 203.60   2.76  -0.21  163.2770  2.8880  0.54    966    966    966
 17.500   87.8090  0.6960   0.43 204.72   2.69  -0.28  149.4530  2.4910  0.54    951    951    951
 18.000   80.8350  0.6270   0.40 205.93   2.48  -0.20  136.7700  2.0550  0.47    937    937    937
 18.500   74.4380  0.5670   0.37 207.24   2.36  -0.07  125.1450  1.7180  0.40    923    923    923
 19.000   68.6380  0.5210   0.27 208.60   2.28  -0.01  114.6380  1.4320  0.33    896    896    896
 19.500   63.2990  0.4970   0.32 210.00   2.16  -0.03  105.0170  1.1920  0.34    879    879    879
 20.000   58.3980  0.4750   0.31 211.37   2.02   0.07   96.2570  0.9900  0.23    856    856    856
 20.500   53.8910  0.4540   0.31 212.56   1.90   0.12   88.3280  0.8620  0.23    829    829    829
 21.000   49.7910  0.4170   0.25 213.70   1.89   0.13   81.1730  0.7770  0.26    781    781    781
 21.500   46.0070  0.4120   0.33 214.79   1.83  -0.10   74.6240  0.7080  0.26    701    701    701
 22.000   42.5270  0.3960   0.41 215.86   1.80   0.02   68.6360  0.6470  0.21    619    619    619
 22.500   39.3400  0.3860   0.44 216.96   1.79   0.20   63.1700  0.6040  0.45    519    519    519
 23.000   36.4090  0.3810   0.32 217.96   1.85  -0.01   58.1950  0.5680  0.65    431    431    431
 23.500   33.7200  0.3730   0.19 219.02   2.00   0.26   53.6370  0.5410  0.44    320    320    320
 24.000   31.2370  0.3530  -0.07 220.04   2.05   0.14   49.4560  0.5320  0.17    244    244    244
 24.500   28.9650  0.3590  -0.28 221.07   2.00  -0.02   45.6440  0.5240  0.03    160    160    160
 25.000   26.8550  0.3500  -0.44 222.14   1.87  -0.22   42.1160  0.5090 -0.26    131    131    131
 25.500   24.9180  0.3200  -0.59 223.11   1.73  -0.01   38.9080  0.4550 -0.53     95     95     95
 26.000   23.0870  0.2970  -0.72 223.86   1.97   0.43   35.9290  0.4410 -0.65     83     83     83
 26.500   21.3840  0.2760  -0.63 224.66   2.01   0.28   33.1600  0.4280 -0.87     69     69     69
 27.000   19.8620  0.2360  -0.65 225.56   2.15   0.08   30.6770  0.3580 -0.93     57     57     57
 27.500   18.4330  0.2410  -0.40 226.21   2.21   0.30   28.3870  0.3530 -0.77     50     50     50
 28.000   17.1030  0.2280  -0.45 227.07   2.06   0.78   26.2390  0.3270 -0.72     42     42     42
 28.500   15.8700  0.2230  -0.49 227.84   1.96   0.86   24.2640  0.3010 -0.60     39     39     39
 29.000   14.7380  0.2240  -0.66 228.21   2.06   0.60   22.4980  0.2740 -0.66     36     36     36
 29.500   13.6890  0.2160  -0.92 229.07   2.02   0.42   20.8190  0.2640 -0.41     33     33     33
 30.000   12.7540  0.1720  -0.93 230.34   2.10  -0.09   19.2890  0.2370 -0.60     28     28     28
     T A B L E  II -   9.  T H E R M O D Y N A M I C  S T A T I S T I C A L  P A R A M E T E R S
                                 September
 STATION =   722210     EGLIN AFB, FL
    Z      MEAN P   SD P   SKEWP  MEAN T  SD T  SKEWT    MEAN D   SD D  SKEWD  NOBSP  NOBST  NOBSD
    KM       MB       MB             K      K             G/M3    G/M3                           
  0.000 1020.0000  5.0000   0.00 290.00   5.00   0.00 1221.0000 25.0000  0.00    100    100    100
  0.026 1013.7410  3.1990  -0.65 298.97   4.48  -0.28 1171.1340 19.4970  0.56    933    933    933
  0.500  960.0060  3.1010  -0.33 296.13   2.40  -0.98 1120.6899 10.4660  1.22    933    933    933
  1.000  905.8610  3.0270  -0.32 292.85   2.01  -1.03 1070.3040  8.6520  1.14    933    933    933
  1.500  854.7070  2.9570  -0.35 289.84   1.78  -0.98 1021.4010  7.1540  0.68    933    933    933
  2.000  805.8590  2.9080  -0.24 287.23   1.64  -0.73  972.8530  6.1570  0.34    933    933    933
  2.500  759.4510  2.8240  -0.22 284.81   1.57  -0.61  925.4950  5.4080  0.24    933    933    933
  3.000  715.2690  2.7130  -0.26 282.29   1.55  -0.48  880.0270  4.8320  0.03    933    933    933
  3.500  673.3310  2.6540  -0.36 279.65   1.66  -0.44  836.7280  4.7880  0.03    933    933    933
  4.000  633.4520  2.6160  -0.34 276.89   1.73  -0.21  795.3450  4.6200  0.01    933    933    933
  4.500  595.4980  2.5530  -0.35 274.16   1.76  -0.32  755.4340  4.4020  0.05    933    933    933
  5.000  559.4520  2.4990  -0.37 271.39   1.82  -0.40  717.2010  4.1980 -0.12    933    933    933
  5.500  525.2860  2.4440  -0.39 268.50   1.93  -0.60  680.8370  4.1420  0.05    933    933    933
  6.000  492.9510  2.4580  -0.45 265.53   2.05  -0.69  646.1960  4.1050  0.08    933    933    933
  6.500  462.1820  2.5100  -0.44 262.42   2.15  -0.73  613.1450  3.9350  0.06    931    931    931
  7.000  433.0030  2.5320  -0.57 259.17   2.32  -0.77  581.7230  3.8630  0.05    931    931    931
  7.500  405.4070  2.5270  -0.63 255.82   2.50  -0.81  551.8390  3.8630  0.05    931    931    931
  8.000  379.1140  2.6220  -0.59 252.37   2.66  -0.73  523.1440  3.8390 -0.06    929    929    929
  8.500  354.1540  2.6340  -0.66 248.84   2.75  -0.73  495.6850  3.7140 -0.15    926    926    926
  9.000  330.5810  2.6510  -0.68 245.20   2.79  -0.67  469.5880  3.4450 -0.21    924    924    924
  9.500  308.3630  2.6160  -0.68 241.49   2.80  -0.64  444.7970  3.2140 -0.23    920    920    920
 10.000  287.2630  2.6470  -0.72 237.68   2.72  -0.54  421.0200  2.9650 -0.39    916    916    916
 10.500  267.2270  2.6180  -0.74 233.78   2.62  -0.45  398.1990  2.8590 -0.66    913    913    913
 11.000  248.4800  2.5710  -0.81 229.95   2.49  -0.29  376.4400  2.8950 -1.15    908    908    908
 11.500  230.4800  2.5240  -0.70 226.12   2.33  -0.08  355.0930  3.0370 -1.58    903    903    903
 12.000  213.6330  2.4160  -0.66 222.38   2.19   0.08  334.6750  3.2740 -1.65    900    900    900
 12.500  197.9340  2.3270  -0.62 218.87   2.08   0.24  315.0580  3.6940 -1.55    895    895    895
 13.000  182.9050  2.1810  -0.51 215.53   2.01   0.43  295.6470  4.0490 -1.37    889    889    889
 13.500  168.9060  2.0190  -0.43 212.38   2.06   0.60  277.0770  4.2980 -1.20    887    887    887
 14.000  155.8770  1.8470  -0.36 209.51   2.22   0.78  259.2260  4.4990 -1.05    884    884    884
 14.500  143.7340  1.6830  -0.29 206.98   2.45   0.84  241.9640  4.6090 -0.91    877    877    877
 15.000  132.2790  1.4840  -0.20 204.79   2.73   0.82  225.0710  4.5510 -0.78    871    871    871
 15.500  121.6990  1.3030  -0.13 203.04   3.07   0.79  208.8620  4.4910 -0.66    864    864    864
 16.000  111.9460  1.1510  -0.06 201.97   3.29   0.52  193.1540  4.2720 -0.45    855    855    855
 16.500  102.9330  1.0160   0.06 201.83   3.35   0.33  177.7220  3.8790 -0.22    849    849    849
 17.000   94.7020  0.8930   0.14 202.29   3.38   0.19  163.1350  3.4240 -0.08    813    813    813
 17.500   87.1080  0.8020   0.21 203.46   3.24   0.18  149.1890  2.8580 -0.07    803    803    803
 18.000   80.1590  0.7290   0.28 204.96   3.05   0.06  136.2750  2.3920  0.05    797    797    797
 18.500   73.7900  0.6710   0.34 206.57   2.83  -0.05  124.4680  1.9720  0.19    786    786    786
 19.000   68.0260  0.6290   0.38 208.10   2.69  -0.06  113.8960  1.6410  0.28    766    766    766
 19.500   62.7140  0.6040   0.55 209.58   2.38   0.01  104.2560  1.3370  0.36    743    743    743
 20.000   57.8510  0.5760   0.60 210.90   2.11   0.15   95.5650  1.0870  0.37    716    716    716
 20.500   53.3770  0.5470   0.64 212.11   1.98   0.09   87.6690  0.9310  0.27    684    684    684
 21.000   49.3150  0.5210   0.61 213.28   1.87   0.15   80.5530  0.8350  0.34    614    614    614
 21.500   45.5670  0.5100   0.72 214.38   1.86   0.19   74.0490  0.7710  0.34    557    557    557
 22.000   42.1250  0.5000   0.70 215.42   1.97   0.26   68.1240  0.7140  0.50    488    488    488
 22.500   38.9730  0.4920   0.65 216.56   2.02   0.21   62.6940  0.6680  0.80    397    397    397
 23.000   36.0840  0.4910   0.53 217.75   2.07   0.15   57.7300  0.6510  0.69    302    302    302
 23.500   33.4060  0.4700   0.55 218.81   2.09  -0.10   53.1870  0.6100  0.41    212    212    212
 24.000   30.9960  0.4500   0.47 220.20   2.09  -0.18   49.0370  0.6130  0.23    141    141    141
 24.500   28.7880  0.4610   0.29 221.60   1.95   0.02   45.2560  0.5620  0.05     92     92     92
 25.000   26.6630  0.4370   0.50 222.39   1.93   0.22   41.7650  0.5360  0.06     75     75     75
 25.500   24.6550  0.3920   0.29 222.98   1.79   0.35   38.5190  0.4920  0.05     57     57     57
 26.000   22.8020  0.3600   0.32 223.49   1.81   0.93   35.5420  0.4560  0.01     49     49     49
 26.500   21.1040  0.3490   0.55 224.18   1.94   0.36   32.7940  0.4540  0.15     40     40     40
 27.000   19.6280  0.3370   0.29 225.02   1.75   0.20   30.3850  0.4280 -0.11     29     29     29
 27.500   18.1510  0.3130   0.30 225.59   1.82   0.56   28.0300  0.4360 -0.28     24     24     24
 28.000   16.8440  0.3150   0.10 226.45   1.89   0.47   25.9130  0.4240 -0.15     22     22     22
 28.500   15.6370  0.2820   0.15 227.13   2.04   0.54   23.9840  0.3700 -0.11     17     17     17
 29.000   14.5310  0.2590   0.07 227.99   1.86   0.77   22.2030  0.3430 -0.07     16     16     16
 29.500   13.4840  0.2440   0.09 228.69   2.11   0.41   20.5410  0.3310 -0.07     16     16     16
 30.000   12.5420  0.2330  -0.12 229.64   2.61  -0.12   19.0270  0.3430 -0.24     14     14     14
     T A B L E  II -  10.  T H E R M O D Y N A M I C  S T A T I S T I C A L  P A R A M E T E R S
                                   October
 STATION =   722210     EGLIN AFB, FL
    Z      MEAN P   SD P   SKEWP  MEAN T  SD T  SKEWT    MEAN D   SD D  SKEWD  NOBSP  NOBST  NOBSD
    KM       MB       MB             K      K             G/M3    G/M3                           
  0.000 1020.0000  5.0000   0.00 290.00   5.00   0.00 1221.0000 25.0000  0.00    100    100    100
  0.026 1015.7070  4.6280  -0.22 294.24   5.77  -0.54 1195.3260 28.0010  0.65   1018   1018   1018
  0.500  960.9680  4.2340  -0.25 292.12   3.70  -0.96 1139.6390 18.4080  0.82   1018   1018   1018
  1.000  906.0880  3.8770  -0.34 289.31   3.37  -1.11 1085.8000 15.9400  0.81   1018   1018   1018
  1.500  854.2050  3.6300  -0.44 287.17   2.77  -1.15 1032.2700 12.0110  0.61   1018   1018   1018
  2.000  805.0300  3.5390  -0.30 285.17   2.45  -0.65  980.5190  9.5230  0.27   1018   1018   1018
  2.500  758.2220  3.4050  -0.41 283.03   2.43  -0.46  931.0650  8.4320  0.09   1018   1018   1018
  3.000  713.8230  3.2910  -0.52 280.69   2.37  -0.29  884.2530  7.4970  0.12   1018   1018   1018
  3.500  671.6650  3.2370  -0.59 278.10   2.45  -0.30  840.0660  7.0800  0.13   1018   1018   1018
  4.000  631.5760  3.2180  -0.59 275.38   2.52  -0.23  797.9610  6.6340  0.13   1018   1018   1018
  4.500  593.4820  3.2060  -0.63 272.52   2.56  -0.20  757.8870  6.1170  0.08   1018   1018   1018
  5.000  557.3320  3.1880  -0.63 269.55   2.57  -0.22  719.7290  5.6210  0.08   1018   1018   1018
  5.500  523.0930  3.1560  -0.61 266.46   2.63  -0.24  683.4250  5.3930  0.02   1018   1018   1018
  6.000  490.6200  3.1960  -0.61 263.23   2.70  -0.19  648.9520  5.1250 -0.03   1018   1018   1018
  6.500  459.6350  3.2220  -0.58 259.86   2.81  -0.18  615.9080  4.8640 -0.09   1017   1017   1017
  7.000  430.3240  3.2450  -0.51 256.42   2.98  -0.19  584.4260  4.7110 -0.10   1016   1016   1016
  7.500  402.6650  3.2360  -0.50 252.93   3.13  -0.18  554.4540  4.5930 -0.12   1015   1015   1015
  8.000  376.1880  3.3590  -0.45 249.33   3.30  -0.16  525.5190  4.4380 -0.17   1008   1008   1008
  8.500  351.0890  3.4000  -0.41 245.69   3.45  -0.17  497.7460  4.2960 -0.22   1005   1005   1005
  9.000  327.4420  3.4090  -0.37 242.04   3.55  -0.17  471.2640  4.1070 -0.31   1004   1004   1004
  9.500  305.1900  3.3910  -0.35 238.37   3.57  -0.14  446.0100  3.9060 -0.39   1003   1003   1003
 10.000  284.0240  3.4630  -0.33 234.67   3.54  -0.09  421.6520  3.6930 -0.64    996    996    996
 10.500  263.9900  3.4300  -0.30 231.00   3.40  -0.08  398.1300  3.5400 -0.88    994    994    994
 11.000  245.2170  3.4170  -0.27 227.43   3.23  -0.10  375.6310  3.6530 -1.03    989    989    989
 11.500  227.3010  3.2970  -0.23 223.94   2.99  -0.14  353.6090  3.8030 -1.05    986    986    986
 12.000  210.5760  3.1740  -0.20 220.60   2.76  -0.28  332.5440  4.2170 -0.96    985    985    985
 12.500  194.9210  3.0910  -0.17 217.47   2.49  -0.21  312.2550  4.7520 -0.84    976    976    976
 13.000  180.0570  2.8820  -0.11 214.57   2.25  -0.07  292.3580  5.1090 -0.65    975    975    975
 13.500  166.2490  2.6580  -0.05 211.85   2.27   0.01  273.4100  5.4480 -0.55    970    970    970
 14.000  153.4300  2.4170  -0.02 209.34   2.46   0.22  255.3770  5.6300 -0.49    964    964    964
 14.500  141.4220  2.1960   0.05 206.98   2.70   0.39  238.0880  5.7300 -0.39    955    955    955
 15.000  130.1550  1.9250   0.08 204.93   3.01   0.49  221.3320  5.7070 -0.29    946    946    946
 15.500  119.7580  1.6740   0.11 203.19   3.33   0.34  205.4110  5.5710 -0.12    939    939    939
 16.000  110.1600  1.4480   0.12 201.91   3.62   0.20  190.1500  5.3020  0.03    935    935    935
 16.500  101.3120  1.2320   0.19 201.33   3.82   0.06  175.3900  4.8950  0.16    922    922    922
 17.000   93.1650  1.0720   0.18 201.47   3.95   0.02  161.1760  4.4160  0.19    889    889    889
 17.500   85.6570  0.9340   0.21 202.36   3.77  -0.04  147.5270  3.7310  0.27    872    872    872
 18.000   78.7840  0.8190   0.27 203.62   3.51  -0.13  134.8370  3.0400  0.31    855    855    855
 18.500   72.4870  0.7340   0.34 205.19   3.22  -0.15  123.0990  2.4460  0.24    836    836    836
 19.000   66.8020  0.6630   0.37 206.90   2.97  -0.08  112.5030  1.9730  0.17    813    813    813
 19.500   61.5590  0.6110   0.33 208.50   2.67  -0.07  102.8710  1.5920  0.15    791    791    791
 20.000   56.7560  0.5590   0.34 209.93   2.44   0.02   94.1930  1.2940  0.13    760    760    760
 20.500   52.3510  0.5290   0.33 211.29   2.25   0.04   86.3210  1.1010  0.01    719    719    719
 21.000   48.3500  0.5090   0.31 212.34   2.21   0.16   79.3300  0.9580 -0.04    629    629    629
 21.500   44.6550  0.4950   0.34 213.42   2.25  -0.10   72.8940  0.8640  0.00    545    545    545
 22.000   41.2800  0.4950   0.25 214.55   2.24  -0.06   67.0310  0.7950 -0.00    435    435    435
 22.500   38.1670  0.4860   0.19 215.58   2.20   0.10   61.6790  0.6980  0.02    330    330    330
 23.000   35.2970  0.4750   0.14 216.78   2.20   0.02   56.7250  0.6500 -0.09    243    243    243
 23.500   32.6960  0.4570   0.17 218.16   2.35  -0.26   52.2110  0.5740 -0.29    168    168    168
 24.000   30.3280  0.4180   0.14 219.42   2.32  -0.31   48.1520  0.5290 -0.05    122    122    122
 24.500   28.1210  0.4110  -0.13 220.27   2.28  -0.59   44.4750  0.5100 -0.50     73     73     73
 25.000   26.0630  0.3600  -0.06 221.14   2.41  -1.20   41.0590  0.4830 -0.15     58     58     58
 25.500   24.0830  0.3570   0.09 221.89   2.26   0.05   37.8110  0.4360 -0.59     40     40     40
 26.000   22.2740  0.3240   0.44 222.21   2.34   0.19   34.9210  0.4090  0.25     34     34     34
 26.500   20.5760  0.2800   0.55 222.75   2.23   0.03   32.1810  0.3910  0.71     31     31     31
 27.000   19.1040  0.2730   0.72 223.34   2.23   0.10   29.7980  0.2630  0.22     18     18     18
 27.500   17.7040  0.2750   0.74 223.81   2.12   0.28   27.5550  0.2800  0.24     16     16     16
 28.000   16.4060  0.2710   0.76 224.38   2.12   0.41   25.4720  0.3000  0.35     15     15     15
 28.500   15.1810  0.2460   0.98 225.02   2.25   0.36   23.5030  0.2750  0.30     14     14     14
 29.000   14.1070  0.2290   1.11 226.20   2.17   0.30   21.7270  0.2870  0.36     12     12     12
 29.500   13.1220  0.2330   1.15 227.30   2.03   0.22   20.1110  0.3180  0.68     10     10     10
 30.000 -999.9900 -9.9900  99.99 999.90 999.90  99.99 -999.9900 99.9900 99.99      0      0      0
     T A B L E  II -  11.  T H E R M O D Y N A M I C  S T A T I S T I C A L  P A R A M E T E R S
                                  November
 STATION =   722210     EGLIN AFB, FL
    Z      MEAN P   SD P   SKEWP  MEAN T  SD T  SKEWT    MEAN D   SD D  SKEWD  NOBSP  NOBST  NOBSD
    KM       MB       MB             K      K             G/M3    G/M3                           
  0.000 1020.0000  5.0000   0.00 290.00   5.00   0.00 1221.0000 25.0000  0.00    100    100    100
  0.026 1017.2420  5.1770  -0.17 290.31   6.17  -0.59 1214.9050 31.5830  0.63    867    867    867
  0.500  961.6570  4.6850  -0.25 288.43   4.66  -0.88 1156.4010 23.3450  0.74    867    867    867
  1.000  906.2190  4.3260  -0.11 286.49   3.86  -0.97 1097.8450 17.9160  0.67    867    867    867
  1.500  853.8870  4.1360  -0.17 284.80   3.27  -1.04 1041.3409 13.7480  0.64    867    867    867
  2.000  804.2870  3.9830  -0.29 282.96   3.07  -0.84  987.8750 11.3410  0.58    867    867    867
  2.500  757.1610  3.8720  -0.42 280.97   2.95  -0.78  937.0340  9.6330  0.54    867    867    867
  3.000  712.4910  3.8120  -0.55 278.84   2.97  -0.82  888.8310  8.7270  0.61    867    867    867
  3.500  670.1000  3.8400  -0.74 276.38   3.02  -0.82  843.6500  7.8610  0.49    867    867    867
  4.000  629.8160  3.8590  -0.84 273.71   3.01  -0.83  800.8830  7.1810  0.46    867    867    867
  4.500  591.5580  3.8770  -0.91 270.80   2.98  -0.89  760.4430  6.6740  0.46    867    867    867
  5.000  555.2960  3.8940  -0.98 267.79   2.97  -0.86  721.9460  6.1780  0.43    867    867    867
  5.500  520.9620  3.9010  -1.04 264.63   2.95  -0.74  685.4660  5.6750  0.31    867    867    867
  6.000  488.4210  3.9550  -1.04 261.35   3.02  -0.76  650.7650  5.4370  0.34    867    867    867
  6.500  457.3160  3.9570  -1.01 257.94   3.12  -0.76  617.4350  5.2720  0.20    866    866    866
  7.000  427.9620  3.9610  -0.95 254.41   3.19  -0.67  585.8590  5.0580 -0.05    864    864    864
  7.500  400.2560  3.9850  -1.04 250.90   3.23  -0.50  555.6300  4.8400 -0.39    860    860    860
  8.000  373.6800  4.0700  -0.92 247.27   3.34  -0.47  526.3900  4.6820 -0.51    856    856    856
  8.500  348.5400  4.0460  -0.87 243.59   3.41  -0.38  498.4140  4.5640 -0.71    852    852    852
  9.000  324.8740  3.9950  -0.83 239.88   3.40  -0.34  471.7850  4.4140 -0.90    851    851    851
  9.500  302.5940  3.9230  -0.82 236.20   3.31  -0.35  446.2860  4.3450 -1.08    850    850    850
 10.000  281.3820  3.9210  -0.73 232.52   3.23  -0.37  421.5770  4.4070 -1.22    847    847    847
 10.500  261.3890  3.7890  -0.69 228.85   3.12  -0.30  397.9160  4.5400 -1.22    846    846    846
 11.000  242.6240  3.6960  -0.66 225.33   2.97  -0.25  375.1270  4.8510 -1.39    844    844    844
 11.500  224.7250  3.4980  -0.61 221.92   2.84  -0.17  352.8010  5.3100 -1.37    837    837    837
 12.000  208.0680  3.2860  -0.57 218.73   2.78   0.03  331.4170  5.7740 -1.17    831    831    831
 12.500  192.4980  3.1320  -0.51 215.81   2.83   0.10  310.7890  6.2120 -0.98    825    825    825
 13.000  177.7490  2.8750  -0.48 213.15   2.88   0.18  290.5710  6.4700 -0.75    817    817    817
 13.500  164.0490  2.6100  -0.44 210.90   2.99   0.25  271.0450  6.4990 -0.55    813    813    813
 14.000  151.3620  2.3480  -0.42 208.91   3.07   0.22  252.4810  6.2540 -0.41    808    808    808
 14.500  139.4600  2.1100  -0.44 207.15   3.08   0.07  234.6100  5.9220 -0.26    798    798    798
 15.000  128.3680  1.8710  -0.43 205.51   3.12  -0.05  217.6680  5.4770 -0.23    784    784    784
 15.500  118.1530  1.6550  -0.41 204.09   3.13   0.08  201.7440  4.9830 -0.35    778    778    778
 16.000  108.7020  1.4690  -0.34 202.94   3.14   0.26  186.6590  4.5240 -0.47    767    767    767
 16.500  100.0370  1.2840  -0.22 202.24   3.12   0.50  172.3740  4.0560 -0.56    747    747    747
 17.000   91.9890  1.1790  -0.22 201.81   3.20   0.50  158.8440  3.7790 -0.49    726    726    726
 17.500   84.5780  1.0360  -0.20 202.04   3.24   0.43  145.8780  3.4150 -0.39    710    710    710
 18.000   77.7750  0.9180  -0.24 202.72   3.34   0.35  133.6980  3.0640 -0.34    693    693    693
 18.500   71.5230  0.8070  -0.20 203.95   3.35   0.24  122.2080  2.6950 -0.17    676    676    676
 19.000   65.8790  0.7190  -0.14 205.32   3.28   0.29  111.8100  2.2690 -0.13    632    632    632
 19.500   60.6730  0.6470  -0.18 206.73   3.18   0.31  102.2660  1.9170 -0.20    596    596    596
 20.000   55.9170  0.5890   0.06 208.22   3.00   0.23   93.5720  1.5790 -0.05    543    543    543
 20.500   51.5540  0.5450   0.20 209.33   2.83   0.07   85.8110  1.2940  0.08    503    503    503
 21.000   47.6070  0.5140   0.00 210.68   2.81   0.03   78.7300  1.1560  0.08    434    434    434
 21.500   43.9540  0.4900   0.07 211.75   2.77   0.02   72.3210  0.9920  0.04    359    359    359
 22.000   40.6120  0.4760   0.03 212.89   2.79  -0.25   66.4630  0.9180  0.07    271    271    271
 22.500   37.5740  0.4510  -0.03 214.09   2.83  -0.38   61.1490  0.8440 -0.05    189    189    189
 23.000   34.7760  0.4470  -0.18 215.76   2.93  -0.48   56.1550  0.7700 -0.18    128    128    128
 23.500   32.2090  0.4070  -0.49 217.16   2.95  -0.22   51.6760  0.7310 -0.41     97     97     97
 24.000   29.8600  0.3720  -0.91 218.22   2.80   0.09   47.6720  0.6890 -0.49     73     73     73
 24.500   27.6330  0.3270  -0.43 219.11   2.99  -0.02   43.9400  0.6690 -0.45     50     50     50
 25.000   25.5390  0.3280  -0.46 219.29   2.79  -0.51   40.5740  0.4500 -0.30     37     37     37
 25.500   23.5960  0.3120  -0.15 219.59   3.30  -0.61   37.4370  0.3880 -0.52     26     26     26
 26.000   21.7660  0.2870  -0.27 219.93   3.39  -0.31   34.4790  0.4040 -0.78     20     20     20
 26.500   20.1280  0.2750  -0.13 220.45   3.56   0.18   31.8110  0.4340 -0.81     18     18     18
 27.000   18.6460  0.3060  -0.03 220.88   2.71   0.32   29.4090  0.4050 -0.15     14     14     14
 27.500   17.2590  0.3010   0.03 221.62   3.24  -0.13   27.1330  0.5400  1.25     13     13     13
 28.000   15.9850  0.2870  -0.01 222.54   3.21  -0.36   25.0270  0.5490  1.00     13     13     13
 28.500   14.7730  0.2450  -0.15 223.79   2.47   0.31   22.9980  0.3830 -0.09     12     12     12
 29.000 -999.9900 -9.9900  99.99 999.90 999.90  99.99 -999.9900 99.9900 99.99      0      0      0
 29.500 -999.9900 -9.9900  99.99 999.90 999.90  99.99 -999.9900 99.9900 99.99      0      0      0
 30.000 -999.9900 -9.9900  99.99 999.90 999.90  99.99 -999.9900 99.9900 99.99      0      0      0
     T A B L E  II -  12.  T H E R M O D Y N A M I C  S T A T I S T I C A L  P A R A M E T E R S
                                  December
 STATION =   722210     EGLIN AFB, FL
    Z      MEAN P   SD P   SKEWP  MEAN T  SD T  SKEWT    MEAN D   SD D  SKEWD  NOBSP  NOBST  NOBSD
    KM       MB       MB             K      K             G/M3    G/M3                           
  0.000 1020.0000  5.0000   0.00 290.00   5.00   0.00 1221.0000 25.0000  0.00    100    100    100
  0.026 1018.6130  5.4390  -0.44 286.11   6.44  -0.52 1235.7760 33.4140  0.59    815    815    815
  0.500  962.2320  4.9000  -0.52 284.86   5.70  -0.76 1172.6960 27.5640  0.80    815    815    815
  1.000  906.1330  4.6200  -0.47 283.71   4.93  -0.99 1109.4100 21.4380  0.92    815    815    815
  1.500  853.2840  4.5380  -0.43 282.47   4.11  -1.16 1049.8030 16.1270  0.98    815    815    815
  2.000  803.3230  4.5380  -0.41 280.87   3.84  -1.09  994.4350 13.1410  0.94    815    815    815
  2.500  755.9090  4.5810  -0.41 279.15   3.72  -1.00  941.9140 11.0820  0.88    815    815    815
  3.000  711.0340  4.6150  -0.46 277.07   3.57  -0.86  892.8910  9.4420  0.72    815    815    815
  3.500  668.4920  4.7150  -0.50 274.71   3.46  -0.80  846.8950  8.2460  0.51    815    815    815
  4.000  628.0620  4.7910  -0.52 272.05   3.39  -0.76  803.5880  7.4910  0.41    815    815    815
  4.500  589.6760  4.8150  -0.55 269.11   3.39  -0.73  762.8170  6.8410  0.32    815    815    815
  5.000  553.3110  4.8370  -0.56 266.02   3.36  -0.64  724.1870  6.1760  0.21    815    815    815
  5.500  518.8870  4.8330  -0.57 262.81   3.42  -0.60  687.5020  5.8230  0.11    815    815    815
  6.000  486.2160  4.8980  -0.57 259.50   3.52  -0.53  652.4880  5.4770  0.02    815    815    815
  6.500  455.0620  4.9160  -0.55 256.04   3.59  -0.39  618.9850  5.2550 -0.10    813    813    813
  7.000  425.6180  4.9170  -0.53 252.53   3.58  -0.39  587.0150  4.9480 -0.14    811    811    811
  7.500  397.8750  4.9040  -0.56 249.04   3.56  -0.45  556.4630  4.7640 -0.12    808    808    808
  8.000  371.2470  4.8950  -0.51 245.43   3.60  -0.46  526.8910  4.7300 -0.48    805    805    805
  8.500  346.1370  4.8080  -0.50 241.76   3.53  -0.50  498.7280  4.6160 -0.71    802    802    802
  9.000  322.4570  4.7160  -0.48 238.03   3.44  -0.48  471.8950  4.5880 -1.04    797    797    797
  9.500  300.2070  4.6160  -0.48 234.33   3.34  -0.49  446.2850  4.7180 -1.25    792    792    792
 10.000  278.9690  4.5390  -0.43 230.64   3.23  -0.33  421.3660  4.9570 -1.32    789    789    789
 10.500  258.9900  4.3510  -0.38 227.01   3.07  -0.21  397.4490  5.3740 -1.26    783    783    783
 11.000  240.2010  4.2370  -0.34 223.61   2.97  -0.05  374.2360  6.0430 -1.15    779    779    779
 11.500  222.3950  3.9480  -0.31 220.55   3.03   0.24  351.3210  6.6840 -1.06    775    775    775
 12.000  205.8480  3.6780  -0.27 217.81   3.30   0.45  329.3010  7.3420 -0.93    771    771    771
 12.500  190.3520  3.4590  -0.21 215.45   3.57   0.43  307.8750  7.8200 -0.69    760    760    760
 13.000  175.7870  3.1370  -0.17 213.43   3.74   0.28  287.0350  7.8360 -0.43    755    755    755
 13.500  162.2820  2.8330  -0.14 211.77   3.73  -0.02  267.0600  7.4610 -0.20    750    750    750
 14.000  149.7810  2.5680  -0.07 210.24   3.54  -0.27  248.2770  6.7420 -0.06    745    745    745
 14.500  138.0420  2.3300  -0.02 208.82   3.27  -0.29  230.3600  6.0210 -0.01    733    733    733
 15.000  127.1730  2.0850   0.04 207.43   2.85   0.05  213.6370  5.2680 -0.15    728    728    728
 15.500  117.1300  1.8740   0.08 206.10   2.69   0.31  198.0360  4.7710 -0.24    719    719    719
 16.000  107.8510  1.6770   0.11 204.73   2.86   0.50  183.5710  4.5870 -0.28    713    713    713
 16.500   99.3620  1.4520   0.07 203.68   3.00   0.43  170.0020  4.2730 -0.20    684    684    684
 17.000   91.3990  1.3070   0.17 202.94   3.19   0.28  156.9500  4.0600 -0.10    669    669    669
 17.500   84.0440  1.1450   0.22 202.60   3.43   0.20  144.5670  3.8110 -0.02    653    653    653
 18.000   77.2960  1.0060   0.20 202.87   3.54  -0.03  132.7900  3.4630  0.15    631    631    631
 18.500   71.1230  0.8750   0.20 203.44   3.57  -0.09  121.8350  3.0660  0.26    600    600    600
 19.000   65.4950  0.7770   0.12 204.30   3.68  -0.25  111.7270  2.7590  0.35    559    559    559
 19.500   60.3090  0.6920   0.14 205.48   3.51  -0.37  102.2800  2.3180  0.41    518    518    518
 20.000   55.5490  0.6350   0.16 206.84   3.21  -0.12   93.5850  1.9150  0.32    470    470    470
 20.500   51.1920  0.5940   0.21 208.15   2.95  -0.06   85.6940  1.5960  0.33    406    406    406
 21.000   47.2540  0.5680   0.10 209.42   3.05   0.05   78.6240  1.4220  0.10    337    337    337
 21.500   43.6280  0.5650   0.02 210.60   3.10   0.05   72.1810  1.2870 -0.08    270    270    270
 22.000   40.2860  0.5250   0.46 211.70   3.28   0.18   66.3050  1.1060  0.15    216    216    216
 22.500   37.3050  0.5040   0.50 212.74   3.31   0.20   61.0980  0.9570  0.10    150    150    150
 23.000   34.5070  0.4760   0.52 213.87   3.53   0.15   56.2170  0.8750 -0.20    117    117    117
 23.500   31.9100  0.4590   0.32 215.01   3.40  -0.22   51.7070  0.7620 -0.25     96     96     96
 24.000   29.5490  0.4360   0.33 215.58   3.84  -0.08   47.7580  0.7060 -0.58     69     69     69
 24.500   27.3190  0.4650   0.34 216.21   4.35   0.05   44.0260  0.6680 -0.83     59     59     59
 25.000   25.2320  0.4700   0.36 216.11   4.51   0.02   40.6790  0.5410 -0.57     46     46     46
 25.500   23.2790  0.4740   0.44 216.38   5.19  -0.25   37.4850  0.4760  0.29     33     33     33
 26.000   21.4200  0.4810   0.66 216.35   5.97  -0.48   34.4990  0.5010  0.80     24     24     24
 26.500   19.7580  0.5150   0.75 216.86   6.82  -0.27   31.7470  0.4110  0.48     15     15     15
 27.000 -999.9900 -9.9900  99.99 999.90 999.90  99.99 -999.9900 99.9900 99.99      0      0      0
 27.500 -999.9900 -9.9900  99.99 999.90 999.90  99.99 -999.9900 99.9900 99.99      0      0      0
 28.000 -999.9900 -9.9900  99.99 999.90 999.90  99.99 -999.9900 99.9900 99.99      0      0      0
 28.500 -999.9900 -9.9900  99.99 999.90 999.90  99.99 -999.9900 99.9900 99.99      0      0      0
 29.000 -999.9900 -9.9900  99.99 999.90 999.90  99.99 -999.9900 99.9900 99.99      0      0      0
 29.500 -999.9900 -9.9900  99.99 999.90 999.90  99.99 -999.9900 99.9900 99.99      0      0      0
 30.000 -999.9900 -9.9900  99.99 999.90 999.90  99.99 -999.9900 99.9900 99.99      0      0      0
     T A B L E  II -  13.  T H E R M O D Y N A M I C  S T A T I S T I C A L  P A R A M E T E R S
                                    Annual
 STATION =   722210     EGLIN AFB, FL
    Z      MEAN P   SD P   SKEWP  MEAN T  SD T  SKEWT    MEAN D   SD D  SKEWD  NOBSP  NOBST  NOBSD
    KM       MB       MB             K      K             G/M3    G/M3                           
  0.000 1020.0000  5.0000   0.00 290.00   5.00   0.00 1221.0000 25.0000  0.00    100    100    100
  0.026 1015.6390  4.9000   0.17 293.72   7.94  -0.57 1197.3740 38.9170  0.77  11653  11653  11653
  0.500  960.7460  4.3360  -0.25 291.30   6.61  -0.92 1142.7770 30.4910  1.04  11653  11653  11653
  1.000  905.7660  4.1080  -0.54 288.81   5.74  -0.95 1087.4399 24.1940  1.00  11653  11653  11653
  1.500  853.8420  4.1700  -0.72 286.49   4.87  -0.94 1034.1730 18.3940  0.95  11653  11653  11653
  2.000  804.4830  4.3270  -0.76 284.20   4.38  -0.94  982.9630 14.5170  0.92  11653  11653  11653
  2.500  757.5670  4.5080  -0.83 281.86   4.10  -0.95  933.9030 11.7950  0.88  11653  11653  11653
  3.000  713.0280  4.6750  -0.88 279.36   3.92  -0.96  887.2790  9.9000  0.85  11653  11653  11653
  3.500  670.7310  4.8790  -0.88 276.67   3.81  -0.91  843.0650  8.5090  0.74  11653  11653  11653
  4.000  630.5120  5.0760  -0.88 273.86   3.79  -0.85  800.8980  7.4840  0.62  11651  11651  11651
  4.500  592.2750  5.2210  -0.88 270.92   3.85  -0.78  760.7010  6.8360  0.51  11651  11651  11651
  5.000  556.0010  5.3250  -0.89 267.93   3.98  -0.71  722.2520  6.4020  0.44  11647  11647  11647
  5.500  521.6370  5.3950  -0.90 264.86   4.14  -0.65  685.6010  6.0870  0.39  11646  11646  11646
  6.000  489.0580  5.5450  -0.90 261.71   4.32  -0.59  650.6150  5.7620  0.35  11643  11643  11643
  6.500  458.0540  5.6940  -0.84 258.45   4.51  -0.54  617.1540  5.4390  0.31  11631  11631  11631
  7.000  428.7100  5.7700  -0.81 255.09   4.67  -0.47  585.2730  5.1810  0.21  11618  11618  11618
  7.500  400.9990  5.8260  -0.80 251.65   4.81  -0.41  554.9720  4.9610  0.14  11594  11594  11594
  8.000  374.4880  5.9580  -0.73 248.10   4.93  -0.35  525.7560  4.6980  0.01  11557  11557  11557
  8.500  349.4060  5.9880  -0.68 244.45   5.02  -0.30  497.8900  4.4780 -0.19  11521  11521  11521
  9.000  325.7630  5.9810  -0.63 240.76   5.04  -0.26  471.3240  4.3110 -0.51  11491  11491  11491
  9.500  303.5160  5.9410  -0.61 237.06   5.00  -0.22  446.0050  4.2550 -1.04  11430  11430  11430
 10.000  282.3110  5.9680  -0.54 233.32   4.90  -0.18  421.5180  4.3390 -1.65  11357  11357  11357
 10.500  262.3100  5.8510  -0.48 229.61   4.72  -0.16  397.9730  4.6690 -2.08  11295  11295  11295
 11.000  243.5380  5.7860  -0.44 226.08   4.46  -0.16  375.2710  5.3750 -2.21  11220  11220  11220
 11.500  225.6650  5.5670  -0.36 222.71   4.15  -0.19  352.9880  6.1850 -2.02  11165  11165  11165
 12.000  208.9970  5.3050  -0.31 219.64   3.83  -0.24  331.5000  7.1330 -1.66  11110  11110  11110
 12.500  193.4350  5.0800  -0.25 216.94   3.52  -0.19  310.6590  8.0850 -1.26  11044  11044  11044
 13.000  178.6970  4.7090  -0.20 214.53   3.30   0.01  290.2440  8.6750 -0.91  10981  10981  10981
 13.500  165.0150  4.3130  -0.16 212.36   3.24   0.26  270.7860  8.9740 -0.62  10931  10931  10931
 14.000  152.3270  3.9060  -0.13 210.35   3.34   0.39  252.3800  8.9710 -0.40  10854  10854  10854
 14.500  140.4520  3.5730  -0.09 208.50   3.50   0.37  234.7980  8.7950 -0.24  10736  10736  10736
 15.000  129.3620  3.1800  -0.07 206.84   3.63   0.30  218.0040  8.2490 -0.13  10631  10631  10631
 15.500  119.1210  2.8260  -0.07 205.42   3.69   0.20  202.1280  7.5380 -0.07  10539  10539  10539
 16.000  109.6630  2.5100  -0.06 204.35   3.68   0.11  187.0550  6.6960 -0.04  10448  10448  10448
 16.500  101.0020  2.1940  -0.06 203.72   3.55   0.07  172.7940  5.6920 -0.08  10164  10164  10164
 17.000   92.9330  2.0120  -0.04 203.49   3.48   0.06  159.1570  4.8790 -0.16   9734   9734   9734
 17.500   85.5090  1.8380  -0.01 203.75   3.42   0.00  146.2480  4.0840 -0.25   9522   9522   9522
 18.000   78.6930  1.6920   0.02 204.41   3.41  -0.13  134.1450  3.4500 -0.30   9291   9291   9291
 18.500   72.4430  1.5650   0.06 205.37   3.43  -0.26  122.9090  2.9300 -0.29   9034   9034   9034
 19.000   66.7870  1.4660   0.05 206.57   3.48  -0.40  112.6470  2.5150 -0.29   8603   8603   8603
 19.500   61.5670  1.3870   0.05 207.96   3.40  -0.46  103.1450  2.1580 -0.29   8235   8235   8235
 20.000   56.7900  1.3100   0.03 209.36   3.27  -0.53   94.5020  1.8790 -0.27   7773   7773   7773
 20.500   52.4100  1.2350   0.00 210.70   3.17  -0.59   86.6550  1.6730 -0.20   7250   7250   7250
 21.000   48.4530  1.1620  -0.09 212.03   3.10  -0.58   79.6100  1.5230 -0.22   6383   6383   6383
 21.500   44.8100  1.0960  -0.14 213.34   2.99  -0.65   73.1700  1.4100 -0.21   5526   5526   5526
 22.000   41.4560  1.0370  -0.22 214.59   2.87  -0.64   67.2970  1.3230 -0.22   4649   4649   4649
 22.500   38.3780  0.9790  -0.29 215.82   2.79  -0.61   61.9440  1.2570 -0.27   3729   3729   3729
 23.000   35.5280  0.9350  -0.32 217.01   2.76  -0.60   57.0300  1.2110 -0.30   2883   2883   2883
 23.500   32.8740  0.8970  -0.31 218.12   2.81  -0.67   52.5010  1.1480 -0.25   2168   2168   2168
 24.000   30.4550  0.8530  -0.38 219.24   2.96  -0.86   48.3890  1.0760 -0.29   1577   1577   1577
 24.500   28.1880  0.8520  -0.34 220.11   3.17  -0.96   44.6100  1.0450 -0.23   1068   1068   1068
 25.000   26.0900  0.8200  -0.34 220.96   3.33  -1.15   41.1290  0.9800 -0.23    840    840    840
 25.500   24.1420  0.7760  -0.30 221.84   3.51  -1.39   37.9070  0.9200 -0.12    658    658    658
 26.000   22.3400  0.7300  -0.32 222.54   3.57  -1.41   34.9670  0.8680 -0.11    545    545    545
 26.500   20.7000  0.6530  -0.27 223.49   3.50  -1.35   32.2640  0.7860 -0.01    458    458    458
 27.000   19.2100  0.6360  -0.37 224.36   3.58  -1.05   29.8240  0.7540 -0.09    350    350    350
 27.500   17.7980  0.5980  -0.39 225.17   3.59  -1.10   27.5330  0.7290 -0.08    308    308    308
 28.000   16.5090  0.5570  -0.36 226.10   3.57  -1.02   25.4340  0.6930 -0.09    273    273    273
 28.500   15.3250  0.5220  -0.29 227.06   3.38  -0.37   23.5100  0.6580 -0.12    237    237    237
 29.000   14.2390  0.4990  -0.35 227.95   3.37  -0.40   21.7590  0.6430 -0.14    208    208    208
 29.500   13.2290  0.4580  -0.28 228.87   3.32  -0.55   20.1360  0.6030 -0.08    172    172    172
 30.000   12.3190  0.4290  -0.37 230.01   2.89  -0.59   18.6570  0.5910 -0.17    141    141    141
