                 64.82N  147.87W                                                
     T A B L E  II - 13.  T H E R M O D Y N A M I C  S T A T I S T I C A L  P A R A M E T E R S
                                              ANNUAL    
 STATION =   702610     FAIRBANKS                     
    Z      MEAN P   SD P  SKEWP MEAN T  SD T SKEWT    MEAN D    SD D SKEWD  NOBSP  NOBST  NOBSD
    KM       MB        MB       DEG K  DEG K            G/M3    G/M3
   .000 1011.0020 10.9570   .20 272.52 15.75  -.39 1294.5600 82.7300   .69  9383.  9383.  9383.
   .135  993.9710 10.6190   .06 272.12 15.13  -.37 1274.2600 77.0700   .67  9401.  9401.  9401.
  1.000  891.4340 10.2510  -.46 271.29 10.65  -.42 1144.0900 44.2400   .54  9737.  9753.  9751.
  2.000  785.1530 10.8460  -.37 266.52  8.25  -.29 1025.6200 26.4800   .64  9747.  9749.  9747.
  3.000  689.9480 11.5570  -.29 260.56  7.75  -.16  922.0600 18.8200   .51  9746.  9746.  9746.
  4.000  603.8820 12.1780  -.20 254.35  7.94  -.09  827.0000 14.6800   .39  9746.  9746.  9746.
  5.000  527.2600 12.5490  -.14 247.82  8.19  -.02  741.2300 11.7300   .25  9744.  9744.  9744.
  6.000  458.5290 12.9480  -.10 240.97  8.25   .07  662.9600  9.2600   .05  9719.  9719.  9719.
  7.000  397.2270 13.0190  -.07 234.00  7.97   .21  591.3800  7.7800  -.35  9668.  9668.  9668.
  8.000  342.3510 12.7400   .04 227.39  7.10   .43  524.4400  8.5500 -1.06  9605.  9605.  9605.
  9.000  294.3470 11.9700   .10 222.40  5.52   .55  461.0100 12.9200  -.94  9561.  9561.  9561.
 10.000  252.2410 10.6780   .20 220.36  4.69  -.04  398.8600 17.3400  -.29  9515.  9512.  9515.
 11.000  216.0830  9.1820   .23 221.11  5.20  -.42  340.6800 17.5800   .32  9467.  9466.  9467.
 12.000  185.2600  7.8170   .20 222.66  5.02  -.83  290.0100 14.1600   .67  9431.  9431.  9431.
 13.000  158.9380  6.7340   .14 223.39  4.36  -.83  247.9200 10.9700   .51  9414.  9412.  9414.
 14.000  136.4060  5.8590   .09 223.47  4.13  -.87  212.6700  9.0600   .35  9359.  9357.  9359.
 15.000  117.0550  5.1150   .04 223.33  4.13  -.99  182.6100  7.7000   .27  9336.  9334.  9336.
 16.000  100.6070  4.4650  -.08 223.22  4.19 -1.08  157.0200  6.5500   .14  8944.  8944.  8946.
 17.000   86.2220  3.9400  -.10 223.04  4.38 -1.15  134.6700  5.5500   .10  8606.  8606.  8608.
 18.000   73.9930  3.4610  -.16 222.95  4.57 -1.18  115.6100  4.6900   .03  8568.  8569.  8571.
 19.000   63.4870  3.0780  -.22 222.81  4.84 -1.20   99.2500  3.9900  -.06  8472.  8470.  8474.
 20.000   54.4780  2.7350  -.25 222.71  5.15 -1.18   85.2000  3.4200  -.13  8419.  8419.  8421.
 21.000   46.7550  2.4450  -.31 222.67  5.47 -1.14   73.1300  2.9500  -.19  8285.  8286.  8287.
 22.000   40.1180  2.1960  -.35 222.63  5.83 -1.11   62.7600  2.5600  -.22  8135.  8136.  8137.
 23.000   34.4280  1.9590  -.34 222.70  6.16 -1.04   53.8300  2.2100  -.29  8026.  8027.  8026.
 24.000   29.5870  1.7510  -.39 223.00  6.42 -1.01   46.2000  1.9300  -.36  7785.  7785.  7785.
 25.000   25.4050  1.5780  -.37 223.33  6.81  -.96   39.6000  1.6700  -.38  7521.  7521.  7521.
 26.000   21.8540  1.3970  -.32 223.98  7.08  -.85   33.9700  1.4400  -.42  7282.  7282.  7281.
 27.000   18.8340  1.2630  -.37 224.87  7.45  -.80   29.1600  1.2600  -.50  6658.  6657.  6657.
 28.000   16.2340  1.1340  -.36 225.89  7.78  -.75   25.0100  1.1100  -.56  5986.  5986.  5985.
 29.000   14.0080  1.0310  -.39 227.07  8.25  -.76   21.4700   .9900  -.59  5287.  5287.  5286.
 30.000   12.0890   .9130  -.27 228.31  8.58  -.70   18.4200   .8500  -.46  4560.  4560.  4559.
     T A B L E  II -  1.  T H E R M O D Y N A M I C  S T A T I S T I C A L  P A R A M E T E R S
                                              JANUARY   
 STATION =   702610     FAIRBANKS                     
    Z      MEAN P   SD P  SKEWP MEAN T  SD T SKEWT    MEAN D    SD D SKEWD  NOBSP  NOBST  NOBSD
    KM       MB        MB       DEG K  DEG K            G/M3    G/M3
   .000 1013.3840 14.7760   .12 254.86  9.76   .00 1386.7500 63.8400   .14   713.   713.   713.
   .135  995.2060 14.2450   .12 255.37  9.37  -.04 1358.9600 59.5500   .15   715.   715.   715.
  1.000  888.2990 12.3050   .17 263.41  8.59  -.75 1174.3500 43.0900  -.03   774.   776.   776.
  2.000  780.0130 11.3790   .13 261.82  6.95  -.65 1037.7200 27.6300   .46   775.   775.   775.
  3.000  683.8200 11.0470   .04 256.28  6.26  -.50  929.3700 19.4400   .31   775.   775.   775.
  4.000  597.1420 10.8480  -.01 249.92  6.22  -.39  832.3400 15.0400   .06   775.   775.   775.
  5.000  520.1250 10.7510  -.08 243.21  6.37  -.30  745.0300 12.1100  -.03   775.   775.   775.
  6.000  451.1510 10.7450  -.13 236.42  6.24  -.20  664.8300  9.9600  -.12   772.   772.   772.
  7.000  389.7600 10.5680  -.13 229.60  5.62   .02  591.3800  8.6700  -.28   769.   769.   769.
  8.000  334.9140  9.8870  -.04 223.33  4.48   .25  522.4000  9.8100  -.81   766.   766.   766.
  9.000  287.2680  9.0550   .02 218.91  3.58   .33  457.1900 13.6400  -.71   760.   760.   760.
 10.000  245.5990  7.7220   .07 217.31  4.94   .03  393.9800 16.7500  -.06   753.   753.   753.
 11.000  209.9270  6.4050   .00 218.46  5.89  -.37  335.0700 15.5100   .56   750.   750.   750.
 12.000  179.6350  5.3510  -.21 219.98  5.31  -.28  284.6600 11.4600   .82   747.   747.   747.
 13.000  153.8250  4.5890  -.44 220.72  4.98  -.10  242.8900  8.5000   .54   746.   746.   746.
 14.000  131.7640  4.0350  -.64 220.85  5.00  -.14  207.9000  6.7700   .26   739.   739.   739.
 15.000  112.8560  3.5830  -.79 220.64  5.29  -.17  178.2400  5.6800   .22   737.   737.   737.
 16.000   96.6480  3.2460  -.85 220.47  5.59  -.20  152.7600  4.9300   .16   656.   656.   656.
 17.000   82.6630  2.9260  -.93 220.08  5.99  -.23  130.8800  4.1500   .03   634.   634.   634.
 18.000   70.8150  2.6280  -.97 219.99  6.34  -.27  112.1700  3.5600  -.19   627.   627.   627.
 19.000   60.6220  2.4070  -.97 219.81  6.79  -.36   96.1000  3.0900  -.32   615.   615.   615.
 20.000   51.9810  2.1250  -.89 219.89  7.18  -.37   82.3800  2.6600  -.51   600.   600.   600.
 21.000   44.5380  1.9460  -.84 219.84  7.69  -.35   70.5900  2.3500  -.69   588.   588.   588.
 22.000   38.1750  1.7790  -.72 219.86  8.26  -.39   60.5000  2.0400  -.79   572.   572.   572.
 23.000   32.7170  1.6340  -.65 220.06  8.85  -.35   51.8000  1.8000  -.97   560.   560.   560.
 24.000   28.0890  1.5040  -.61 220.52  9.26  -.41   44.3800  1.5800 -1.07   528.   528.   528.
 25.000   24.0840  1.3760  -.55 220.92  9.63  -.46   37.9800  1.4200 -1.17   495.   495.   495.
 26.000   20.7330  1.2170  -.50 221.68  9.69  -.40   32.5800  1.2300 -1.19   463.   463.   463.
 27.000   17.8320  1.1350  -.49 222.41 10.02  -.34   27.9200  1.1300 -1.16   405.   405.   405.
 28.000   15.3490  1.0600  -.46 223.30 10.35  -.36   23.9300  1.0600 -1.17   350.   350.   350.
 29.000   13.2310   .9790  -.48 224.15 10.58  -.41   20.5600   .9900 -1.28   303.   303.   303.
 30.000   11.4210   .8210  -.29 224.83 10.45  -.30   17.6900   .8200  -.88   251.   251.   251.
     T A B L E  II -  2.  T H E R M O D Y N A M I C  S T A T I S T I C A L  P A R A M E T E R S
                                              FEBRUARY  
 STATION =   702610     FAIRBANKS                     
    Z      MEAN P   SD P  SKEWP MEAN T  SD T SKEWT    MEAN D    SD D SKEWD  NOBSP  NOBST  NOBSD
    KM       MB        MB       DEG K  DEG K            G/M3    G/M3
   .000 1013.9330 14.2280   .07 254.47 11.01   .18 1390.1700 67.6700   .05   704.   704.   704.
   .135  995.6640 13.8100   .09 254.79 10.63   .16 1363.1500 63.2700   .06   705.   705.   705.
  1.000  887.8240 12.7810   .07 260.44  9.92  -.24 1187.9900 46.2100  -.02   752.   753.   753.
  2.000  778.5940 12.2890   .19 259.32  7.73  -.14 1046.0000 28.6200   .37   753.   753.   753.
  3.000  681.7030 12.2800   .25 254.07  7.08   .03  934.7300 20.2000   .31   753.   753.   753.
  4.000  594.5660 12.2620   .33 247.84  7.02   .15  835.7900 15.3200   .23   753.   753.   753.
  5.000  517.3610 12.2220   .35 241.25  6.93   .20  747.1300 11.9000   .11   752.   752.   752.
  6.000  448.0260 12.1150   .38 234.48  6.41   .45  665.6700  9.6600   .01   746.   746.   746.
  7.000  386.6500 11.7680   .44 228.08  5.64   .67  590.5400  9.8700  -.53   742.   742.   742.
  8.000  332.0910 10.9100   .59 222.47  4.68   .65  519.9900 12.2900  -.88   740.   740.   740.
  9.000  284.7120  9.8390   .68 219.19  4.30   .33  452.6400 16.4600  -.37   735.   735.   735.
 10.000  243.5570  8.3060   .75 218.84  5.44   .32  388.0600 18.5600   .33   731.   731.   731.
 11.000  208.4550  6.7980   .65 220.26  6.05  -.40  330.0700 16.9400  1.10   729.   729.   729.
 12.000  178.5970  5.5940   .39 221.59  5.84  -.78  281.0300 12.9500  1.36   727.   727.   727.
 13.000  153.1310  4.7680   .13 222.68  5.11  -.66  239.6700  8.8300   .98   725.   725.   725.
 14.000  131.3370  4.1790  -.13 222.90  5.21  -.80  205.3400  6.9200   .81   723.   723.   723.
 15.000  112.6680  3.7180  -.39 222.82  5.45  -.94  176.2000  5.7000   .73   723.   723.   723.
 16.000   96.7610  3.3840  -.62 222.74  5.73  -.92  151.3700  4.9800   .71   651.   651.   651.
 17.000   82.9840  3.0340  -.83 222.67  5.92 -1.02  129.8500  4.1600   .60   644.   644.   644.
 18.000   71.2460  2.6870  -.97 222.87  5.94  -.95  111.3800  3.5500   .34   635.   635.   635.
 19.000   61.1260  2.4460 -1.11 222.71  6.25  -.77   95.6300  3.1300   .06   630.   630.   630.
 20.000   52.4360  2.2330 -1.21 222.65  6.54  -.72   82.0500  2.7400  -.20   627.   627.   627.
 21.000   45.0050  2.0360 -1.27 222.64  6.78  -.60   70.4200  2.4100  -.45   616.   616.   616.
 22.000   38.6030  1.8680 -1.27 222.50  7.08  -.52   60.4400  2.1600  -.72   608.   608.   608.
 23.000   33.1590  1.6480 -1.20 222.60  7.26  -.35   51.8900  1.9100  -.98   595.   595.   595.
 24.000   28.4790  1.4900 -1.16 222.90  7.54  -.26   44.5100  1.7000 -1.18   568.   568.   568.
 25.000   24.4620  1.3400 -1.03 223.17  7.86  -.20   38.1800  1.4800 -1.28   556.   556.   556.
 26.000   21.0450  1.1860  -.97 223.67  8.29  -.09   32.7700  1.3200 -1.43   531.   531.   531.
 27.000   18.0780  1.1030  -.89 224.09  8.91   .00   28.1000  1.2000 -1.51   473.   473.   473.
 28.000   15.5680  1.0200  -.81 224.81  9.40   .03   24.1200  1.1000 -1.71   416.   416.   416.
 29.000   13.4430   .9190  -.77 225.96  9.98  -.09   20.7200   .9600 -1.83   353.   353.   353.
 30.000   11.5770   .8050  -.50 226.51 10.33  -.21   17.8000   .8500 -1.83   304.   304.   304.
     T A B L E  II -  3.  T H E R M O D Y N A M I C  S T A T I S T I C A L  P A R A M E T E R S
                                              MARCH     
 STATION =   702610     FAIRBANKS                     
    Z      MEAN P   SD P  SKEWP MEAN T  SD T SKEWT    MEAN D    SD D SKEWD  NOBSP  NOBST  NOBSD
    KM       MB        MB       DEG K  DEG K            G/M3    G/M3
   .000 1010.6610  9.7320   .23 263.82  8.43  -.33 1335.0700 48.6400   .57   800.   800.   800.
   .135  993.1140  9.4430   .21 263.56  8.06  -.33 1313.0400 45.2700   .55   800.   800.   800.
  1.000  887.7510  9.0490 -1.04 263.54  6.37  -.39 1172.2500 32.1900  -.99   840.   843.   843.
  2.000  779.2230  8.1650   .05 259.96  5.20  -.17 1043.8300 19.8500   .42   843.   843.   843.
  3.000  682.4290  8.1040   .09 254.22  4.91   .10  934.9700 14.9200   .31   843.   843.   843.
  4.000  595.1960  8.0720   .17 247.89  5.08   .26  836.4100 12.4000   .17   842.   842.   842.
  5.000  517.9330  8.0410   .25 241.38  5.28   .31  747.5500 10.6200   .10   842.   842.   842.
  6.000  448.7140  8.1680   .29 234.67  5.30   .29  666.1900  9.2300  -.17   840.   840.   840.
  7.000  387.2480  8.0890   .36 228.16  4.92   .36  591.3300  8.0100  -.47   834.   834.   834.
  8.000  332.6100  7.5290   .46 222.63  4.07   .39  520.5000  9.0900  -.62   828.   828.   828.
  9.000  285.2610  6.8360   .54 220.11  3.95   .32  451.6000 13.1100  -.18   823.   823.   823.
 10.000  244.3170  5.6740   .55 221.06  5.00  -.14  385.3000 14.9800   .64   820.   820.   820.
 11.000  209.4950  4.5540   .39 223.20  5.05  -.82  327.2200 12.3700  1.24   819.   819.   819.
 12.000  179.8560  3.7340   .20 224.67  4.34  -.91  279.0100  8.8000  1.26   817.   817.   817.
 13.000  154.5050  3.1630   .10 225.32  3.73  -.33  238.9500  6.4000   .67   817.   817.   817.
 14.000  132.7930  2.7100   .06 225.44  3.45  -.20  205.2500  5.1400   .39   809.   809.   809.
 15.000  114.1170  2.3490   .06 225.47  3.24  -.01  176.3500  4.2800   .08   807.   807.   807.
 16.000   98.0820  2.0700   .11 225.37  3.24   .04  151.6400  3.6800  -.14   774.   774.   774.
 17.000   84.2570  1.7980   .20 225.28  3.33   .04  130.3100  3.1200  -.32   766.   766.   766.
 18.000   72.3950  1.5740   .30 225.15  3.45   .18  112.0300  2.6300  -.44   763.   763.   763.
 19.000   62.2140  1.4050   .40 225.00  3.60   .27   96.3400  2.2100  -.51   751.   751.   751.
 20.000   53.4470  1.2560   .46 224.87  3.83   .25   82.8100  1.8600  -.49   750.   750.   750.
 21.000   45.9170  1.1380   .48 224.82  4.07   .13   71.1600  1.5900  -.39   740.   740.   740.
 22.000   39.4400  1.0400   .48 224.66  4.44   .14   61.1600  1.3500  -.31   733.   733.   733.
 23.000   33.8750   .9570   .45 224.68  4.71  -.03   52.5300  1.1600  -.10   729.   729.   729.
 24.000   29.1070   .8800   .40 224.71  5.03  -.15   45.1200  1.0000   .17   712.   712.   712.
 25.000   25.0140   .8130   .39 224.83  5.30  -.11   38.7600   .8700   .34   694.   694.   694.
 26.000   21.4970   .7460   .37 225.07  5.71  -.03   33.2700   .7800   .44   682.   682.   682.
 27.000   18.4790   .6930   .33 225.32  6.07  -.02   28.5700   .7200   .34   611.   611.   611.
 28.000   15.8940   .6250   .34 225.81  6.39  -.04   24.5200   .6300   .51   553.   553.   553.
 29.000   13.6730   .5720   .28 226.21  6.71  -.15   21.0500   .5600   .71   479.   479.   479.
 30.000   11.7660   .5320   .22 226.61  7.05  -.14   18.0900   .5200   .81   413.   413.   413.
     T A B L E  II -  4.  T H E R M O D Y N A M I C  S T A T I S T I C A L  P A R A M E T E R S
                                              APRIL     
 STATION =   702610     FAIRBANKS                     
    Z      MEAN P   SD P  SKEWP MEAN T  SD T SKEWT    MEAN D    SD D SKEWD  NOBSP  NOBST  NOBSD
    KM       MB        MB       DEG K  DEG K            G/M3    G/M3
   .000 1010.9790  9.9230   .07 273.51  7.31  -.57 1287.1600 41.2600   .81   804.   804.   804.
   .135  994.0190  9.6230   .06 272.74  7.06  -.57 1269.1100 39.0500   .82   804.   804.   804.
  1.000  891.0600  8.1470   .03 268.18  6.07  -.70 1156.9000 29.4100   .83   820.   820.   820.
  2.000  783.3600  7.4930   .11 262.16  4.81  -.43 1040.3900 19.3600   .75   820.   820.   820.
  3.000  686.8130  7.2860   .24 255.91  4.47   .13  934.6200 13.6900   .33   820.   820.   820.
  4.000  599.6230  7.3380   .38 249.57  4.82   .45  836.8700 11.2400   .05   820.   820.   820.
  5.000  522.1700  7.4390   .51 242.90  5.15   .58  748.8900  9.7000  -.09   820.   820.   820.
  6.000  452.8540  7.6220   .58 236.11  5.28   .69  668.2200  8.4200  -.19   820.   820.   820.
  7.000  391.1500  7.6950   .69 229.40  5.13   .89  594.0500  7.3400  -.45   818.   818.   818.
  8.000  336.2050  7.4170   .86 223.47  4.57   .89  524.1400  7.6400  -.84   813.   813.   813.
  9.000  288.4540  6.8950   .97 220.48  3.83   .33  455.8300 11.0600  -.40   810.   810.   810.
 10.000  247.0970  5.8740  1.08 221.27  4.04  -.17  389.2200 13.5400   .61   809.   809.   809.
 11.000  211.9030  4.7670  1.04 223.12  4.28  -.72  331.0600 12.3900  1.30   806.   806.   806.
 12.000  181.8940  3.8230   .88 224.29  3.80  -.99  282.6500  9.4200  1.58   805.   805.   805.
 13.000  156.2120  3.1280   .71 224.87  3.13  -.58  242.0800  6.9500  1.25   805.   805.   805.
 14.000  134.2030  2.5790   .60 224.90  2.98  -.43  207.9400  5.5900  1.00   801.   801.   801.
 15.000  115.2770  2.1370   .49 224.72  2.97  -.34  178.7500  4.6400   .83   799.   799.   799.
 16.000   99.0600  1.8000   .36 224.50  3.14  -.16  153.7600  3.9100   .64   765.   765.   765.
 17.000   85.0210  1.5050   .27 224.18  3.14  -.09  132.1500  3.1500   .60   750.   750.   750.
 18.000   73.0010  1.2840   .16 223.98  3.11   .00  113.5600  2.5100   .48   750.   750.   750.
 19.000   62.6730  1.1160   .07 223.68  3.15   .20   97.6300  2.0500   .41   749.   749.   749.
 20.000   53.7900   .9820   .02 223.43  3.07   .35   83.8800  1.6200   .40   747.   747.   747.
 21.000   46.1660   .8800  -.03 223.14  3.10   .43   72.0800  1.3000   .32   735.   735.   735.
 22.000   39.6040   .8020  -.04 222.87  3.22   .33   61.9100  1.0700   .26   724.   724.   724.
 23.000   33.9750   .7320  -.03 222.66  3.34   .38   53.1600   .8800   .18   717.   717.   717.
 24.000   29.1550   .6700  -.03 222.57  3.46   .39   45.6300   .7400   .08   695.   695.   695.
 25.000   25.0020   .6200   .02 222.60  3.54   .30   39.1300   .6400  -.01   675.   675.   675.
 26.000   21.4460   .5710   .06 222.82  3.70   .30   33.5300   .5700  -.16   659.   659.   659.
 27.000   18.4140   .5190   .09 223.39  3.75   .34   28.7200   .5100  -.23   589.   589.   589.
 28.000   15.8160   .4870   .16 224.10  3.93   .33   24.5800   .4700  -.25   535.   535.   535.
 29.000   13.5720   .4510   .19 224.90  4.10   .27   21.0200   .4300  -.19   465.   465.   465.
 30.000   11.6500   .4130   .24 225.88  4.16   .32   17.9700   .4200  -.07   399.   399.   399.
     T A B L E  II -  5.  T H E R M O D Y N A M I C  S T A T I S T I C A L  P A R A M E T E R S
                                              MAY       
 STATION =   702610     FAIRBANKS                     
    Z      MEAN P   SD P  SKEWP MEAN T  SD T SKEWT    MEAN D    SD D SKEWD  NOBSP  NOBST  NOBSD
    KM       MB        MB       DEG K  DEG K            G/M3    G/M3
   .000 1009.2530  7.8520   .05 284.01  5.68   .19 1235.8400 27.3100  -.01   833.   833.   833.
   .135  992.9580  7.7110   .04 283.02  5.47   .19 1220.1800 25.8600  -.01   833.   833.   833.
  1.000  893.4840  6.9970   .03 277.36  4.37  -.02 1120.4100 17.9800   .10   835.   836.   835.
  2.000  788.6310  6.7770   .04 269.32  4.04   .24 1018.7100 14.3900  -.04   835.   836.   835.
  3.000  693.8880  6.6280   .04 262.13  3.88   .52  921.4000 11.3800  -.13   835.   835.   835.
  4.000  607.8140  6.6720   .16 255.61  4.22   .39  828.0700 10.0400  -.03   836.   836.   836.
  5.000  530.9570  6.6660   .23 248.86  4.54   .26  743.1400  8.8500   .03   836.   836.   836.
  6.000  462.0090  6.7780   .25 241.73  4.79   .17  665.8000  7.8700  -.03   835.   835.   835.
  7.000  400.5010  6.8390   .20 234.50  4.87   .17  595.0200  6.7600  -.09   823.   823.   823.
  8.000  345.1640  6.8290   .31 227.44  4.42   .40  528.7100  5.9600  -.29   819.   819.   819.
  9.000  296.7620  6.3850   .35 222.04  3.42   .55  465.6300  8.6200  -.96   818.   818.   818.
 10.000  254.2860  5.5250   .52 221.00  3.98   .17  401.0300 13.0600  -.13   813.   813.   813.
 11.000  218.0580  4.4310   .57 223.01  4.68  -.62  340.8700 12.6700   .72   807.   807.   807.
 12.000  187.1860  3.5150   .49 224.82  3.74 -1.07  290.1800  8.9900  1.08   801.   801.   801.
 13.000  160.8200  2.8750   .39 225.31  2.87  -.77  248.7200  6.3800   .86   800.   800.   800.
 14.000  138.1710  2.3900   .34 225.18  2.41  -.56  213.7900  4.8800   .63   796.   796.   796.
 15.000  118.7010  2.0100   .29 224.87  2.21  -.48  183.9100  3.9300   .50   794.   794.   794.
 16.000  101.9930  1.6910   .28 224.60  2.17  -.32  158.2100  3.1700   .45   789.   789.   789.
 17.000   87.5940  1.4500   .25 224.48  2.16  -.30  135.9500  2.6000   .45   756.   756.   756.
 18.000   75.2260  1.2520   .24 224.50  2.08  -.25  116.7400  2.1100   .42   755.   755.   755.
 19.000   64.6230  1.0930   .21 224.47  2.06  -.10  100.2900  1.7400   .43   743.   743.   743.
 20.000   55.4970   .9570   .17 224.37  2.01  -.18   86.1700  1.4300   .36   740.   740.   740.
 21.000   47.6690   .8500   .13 224.37  2.06  -.19   74.0200  1.2000   .32   735.   735.   735.
 22.000   40.9360   .7600   .08 224.45  2.11  -.26   63.5300  1.0000   .23   720.   720.   720.
 23.000   35.1580   .6790   .06 224.62  2.19  -.31   54.5300   .8600   .20   715.   715.   715.
 24.000   30.2060   .6030   .02 224.88  2.35  -.35   46.7900   .7300   .10   701.   701.   701.
 25.000   25.9670   .5500   .04 225.47  2.47  -.44   40.1200   .6400   .10   674.   674.   674.
 26.000   22.3200   .4990   .00 226.20  2.61  -.50   34.3700   .5700   .12   662.   662.   662.
 27.000   19.2010   .4550  -.02 227.24  2.74  -.35   29.4400   .5000   .10   616.   616.   616.
 28.000   16.5430   .4120  -.02 228.64  2.86  -.29   25.2000   .4400   .08   570.   570.   570.
 29.000   14.2590   .3790  -.02 230.26  3.00  -.33   21.5700   .4000   .10   518.   518.   518.
 30.000   12.2950   .3570  -.03 232.01  3.04  -.30   18.4600   .3700   .10   452.   452.   452.
     T A B L E  II -  6.  T H E R M O D Y N A M I C  S T A T I S T I C A L  P A R A M E T E R S
                                              JUNE      
 STATION =   702610     FAIRBANKS                     
    Z      MEAN P   SD P  SKEWP MEAN T  SD T SKEWT    MEAN D    SD D SKEWD  NOBSP  NOBST  NOBSD
    KM       MB        MB       DEG K  DEG K            G/M3    G/M3
   .000 1010.0950  6.5070  -.09 289.19  5.13   .35 1212.8900 23.9100  -.23   798.   798.   798.
   .135  994.0820  6.3840  -.09 288.19  4.93   .35 1197.9300 22.6200  -.23   800.   800.   800.
  1.000  896.2560  5.6210  -.20 282.37  3.97   .06 1102.9000 16.3400  -.03   816.   816.   816.
  2.000  793.0290  5.3610  -.30 274.53  3.45   .07 1004.1800 12.2500  -.10   815.   815.   815.
  3.000  699.5950  5.2100  -.37 267.66  3.13   .05  909.2300  9.1600  -.11   814.   814.   814.
  4.000  614.6270  5.2380  -.32 261.44  3.12   .00  818.3200  7.4000  -.14   814.   814.   814.
  5.000  538.5420  5.1610  -.30 254.94  3.33   .05  735.5900  6.5800  -.22   814.   814.   814.
  6.000  470.1970  5.2070  -.26 247.85  3.60   .09  660.7500  6.1200  -.16   812.   812.   812.
  7.000  408.9480  5.1090  -.22 240.38  3.87   .24  592.6300  5.8200  -.13   808.   808.   808.
  8.000  353.8550  5.1860  -.16 232.77  3.88   .46  529.6000  5.2700  -.19   786.   786.   786.
  9.000  305.0140  4.9380   .00 225.63  3.66   .54  470.9700  6.0900  -.87   785.   785.   785.
 10.000  261.7460  4.5050   .21 221.25  3.83   .54  412.2400  9.6800  -.89   782.   782.   782.
 11.000  224.4370  3.7190   .39 222.20  4.80  -.01  352.1000 11.5700   .14   778.   778.   778.
 12.000  192.6420  2.9270   .37 225.08  3.88  -.80  298.2900  8.4400  1.06   776.   776.   776.
 13.000  165.5610  2.3610   .19 226.05  2.72  -.64  255.2000  5.4800   .97   775.   775.   775.
 14.000  142.3460  1.9780   .07 226.02  2.16  -.44  219.4300  4.0900   .70   773.   773.   773.
 15.000  122.3640  1.6710   .01 225.84  1.88  -.39  188.7600  3.2200   .53   771.   771.   771.
 16.000  105.1820  1.4240  -.02 225.69  1.71  -.34  162.3700  2.6000   .34   771.   771.   771.
 17.000   90.4330  1.2070   .00 225.75  1.65  -.46  139.5600  2.1500   .26   718.   718.   718.
 18.000   77.7360  1.0400   .02 225.93  1.58  -.16  119.8700  1.7700   .17   715.   715.   715.
 19.000   66.8410   .8980   .02 226.17  1.47  -.28  102.9600  1.4700   .09   709.   708.   709.
 20.000   57.4830   .7930   .05 226.56  1.49  -.23   88.3900  1.2100   .01   705.   705.   705.
 21.000   49.4490   .6960   .07 226.99  1.55  -.21   75.8900  1.0200  -.03   695.   695.   695.
 22.000   42.5630   .6220   .11 227.46  1.48  -.01   65.1900   .8600  -.03   689.   689.   689.
 23.000   36.6330   .5550   .12 227.97  1.49   .03   55.9800   .7300  -.02   676.   676.   676.
 24.000   31.5320   .4940   .13 228.54  1.55  -.10   48.0600   .6300   .02   675.   675.   675.
 25.000   27.1780   .4390   .10 229.41  1.59  -.09   41.2700   .5500   .03   643.   643.   643.
 26.000   23.4280   .3920   .10 230.52  1.69  -.18   35.4100   .4900   .12   632.   632.   632.
 27.000   20.2100   .3470   .10 231.79  1.95  -.62   30.3700   .4400   .20   612.   612.   612.
 28.000   17.4660   .3120   .06 233.45  1.93  -.13   26.0700   .3800   .09   551.   551.   551.
 29.000   15.1100   .2820   .04 235.21  2.04  -.38   22.3800   .3500   .13   506.   506.   506.
 30.000   13.0690   .2560   .07 237.10  2.20  -.75   19.2000   .3100   .11   450.   450.   450.
     T A B L E  II -  7.  T H E R M O D Y N A M I C  S T A T I S T I C A L  P A R A M E T E R S
                                              JULY      
 STATION =   702610     FAIRBANKS                     
    Z      MEAN P   SD P  SKEWP MEAN T  SD T SKEWT    MEAN D    SD D SKEWD  NOBSP  NOBST  NOBSD
    KM       MB        MB       DEG K  DEG K            G/M3    G/M3
   .000 1011.7640  5.6080   .18 290.77  4.80   .44 1207.0300 21.5200  -.30   814.   814.   814.
   .135  995.8590  5.5060   .18 289.84  4.60   .43 1192.0100 20.2700  -.30   815.   815.   815.
  1.000  898.5390  5.0150   .10 284.48  3.67  -.11 1096.4500 14.4900  -.17   825.   827.   826.
  2.000  795.8930  4.9000   .02 277.02  3.20  -.05  998.2300 10.6600  -.12   827.   827.   827.
  3.000  702.9820  4.8240  -.11 270.59  2.86  -.09  903.4300  7.6300  -.05   827.   827.   827.
  4.000  618.6170  4.9080  -.20 264.80  2.99  -.17  812.9900  6.4500   .06   827.   827.   827.
  5.000  543.0360  4.9250  -.22 258.67  3.22  -.18  730.9000  5.7500  -.05   827.   827.   827.
  6.000  475.2020  5.0050  -.23 251.96  3.48  -.19  656.8300  5.2300  -.07   825.   825.   825.
  7.000  414.1580  4.9800  -.23 244.64  3.75  -.10  589.6700  4.8900  -.12   823.   823.   823.
  8.000  359.3650  5.0160  -.24 237.02  3.84   .20  528.1600  4.6000  -.33   815.   815.   815.
  9.000  310.5060  4.9490  -.12 229.44  3.80   .39  471.4800  4.7700 -1.50   813.   813.   813.
 10.000  266.9490  4.6350   .06 223.10  3.23   .63  416.7700  7.1000 -1.88   812.   810.   812.
 11.000  228.9590  3.9820   .35 221.03  4.75   .90  361.0700 11.3700  -.56   805.   805.   805.
 12.000  196.3450  3.1360   .63 223.73  4.82  -.08  305.9300 10.1200   .63   805.   805.   805.
 13.000  168.6510  2.4990   .91 225.21  3.23 -1.00  260.8900  6.7200  1.03   801.   799.   801.
 14.000  144.9290  2.0490  1.49 225.53  2.49  -.73  223.8400  4.7400   .70   795.   793.   795.
 15.000  124.5680  1.7370  2.47 225.53  2.16  -.63  192.3700  3.6400   .55   793.   791.   793.
 16.000  107.0210  1.2310   .10 225.62  1.88  -.45  165.2600  2.8000   .33   790.   790.   792.
 17.000   92.0200  1.0110   .02 225.87  1.69  -.20  141.9400  2.1900   .04   735.   735.   737.
 18.000   79.1120   .8410   .06 226.14  1.62   .31  121.8800  1.7500  -.05   734.   734.   736.
 19.000   68.0190   .7040   .16 226.49  1.48   .17  104.6400  1.3900  -.24   725.   723.   727.
 20.000   58.5200   .5980   .17 226.92  1.41   .12   89.8500  1.1100  -.07   722.   721.   724.
 21.000   50.3470   .5110   .27 227.39  1.43  -.30   77.1500   .9500   .64   716.   716.   718.
 22.000   43.3470   .4460   .26 227.91  1.36  -.11   66.2900   .8700  2.83   697.   697.   699.
 23.000   37.3260   .3890   .25 228.45  1.38  -.10   56.9200   .6100   .19   685.   685.   685.
 24.000   32.1370   .3460   .26 229.15  1.39  -.11   48.8600   .5100   .18   684.   684.   684.
 25.000   27.7090   .3030   .26 230.09  1.40  -.11   41.9500   .4300   .19   666.   666.   666.
 26.000   23.8990   .2740   .27 231.31  1.39  -.27   35.9900   .3700   .12   653.   653.   653.
 27.000   20.6190   .2450   .29 232.67  1.51  -.30   30.8700   .3300   .19   652.   651.   652.
 28.000   17.8340   .2170   .27 234.20  1.54  -.44   26.5300   .2800   .25   597.   597.   597.
 29.000   15.4250   .1960   .23 235.79  1.61  -.40   22.7900   .2500   .25   552.   552.   552.
 30.000   13.3520   .1720   .22 237.47  1.70  -.32   19.5900   .2200   .36   485.   485.   485.
     T A B L E  II -  8.  T H E R M O D Y N A M I C  S T A T I S T I C A L  P A R A M E T E R S
                                              AUGUST    
 STATION =   702610     FAIRBANKS                     
    Z      MEAN P   SD P  SKEWP MEAN T  SD T SKEWT    MEAN D    SD D SKEWD  NOBSP  NOBST  NOBSD
    KM       MB        MB       DEG K  DEG K            G/M3    G/M3
   .000 1012.2090  6.9750  -.18 287.79  5.07   .16 1220.6100 24.0600   .13   824.   824.   824.
   .135  996.1320  6.8200  -.22 286.94  4.92   .16 1204.9100 22.8700   .14   828.   828.   828.
  1.000  897.9370  6.2100  -.30 282.04  4.30   .05 1105.2300 19.3700 -1.26   845.   848.   848.
  2.000  794.5420  6.0180  -.29 275.20  4.15   .09 1003.5100 14.2800   .35   847.   848.   847.
  3.000  701.2730  5.9660  -.16 269.39  4.06   .08  905.5200 11.0800   .47   848.   848.   848.
  4.000  616.6950  6.1730   .02 263.57  4.23   .05  814.3700  9.2800   .32   848.   848.   848.
  5.000  541.0050  6.3210   .10 257.37  4.64   .05  731.9100  8.3200   .06   848.   848.   848.
  6.000  473.0760  6.5830   .14 250.70  5.01   .05  657.2400  7.4300  -.28   844.   844.   844.
  7.000  412.1020  6.6440   .17 243.60  5.32   .11  589.3000  6.5900  -.66   841.   841.   841.
  8.000  357.3070  6.8300   .15 236.21  5.39   .28  526.9800  5.6300 -1.31   837.   837.   837.
  9.000  308.6420  6.7200   .22 228.98  5.12   .48  469.5900  5.6900 -1.93   833.   833.   833.
 10.000  265.3490  6.3680   .36 223.48  4.10   .34  413.6100  8.9200 -1.56   827.   826.   827.
 11.000  227.6720  5.5130   .54 222.12  4.49   .18  357.2300 13.0400  -.27   823.   822.   823.
 12.000  195.3120  4.4250   .65 223.47  4.98  -.59  304.7200 12.5600   .72   822.   822.   822.
 13.000  167.6340  3.4580   .66 224.24  4.07  -.87  260.5700  9.2500   .99   819.   819.   819.
 14.000  143.9580  2.7540   .65 224.28  3.32  -.48  223.6900  6.8300   .82   818.   818.   818.
 15.000  123.6000  2.2180   .74 224.05  3.12  -.61  192.2500  5.4100   .88   811.   811.   811.
 16.000  106.1250  1.8090   .92 224.00  2.81  -.64  165.0900  4.1500   .85   809.   809.   809.
 17.000   91.1310  1.5270  1.29 224.08  2.57  -.69  141.7000  3.2500   .88   745.   745.   745.
 18.000   78.2350  1.2010   .18 224.34  2.28  -.48  121.5300  2.5200  1.15   742.   743.   743.
 19.000   67.1930  1.0140   .11 224.62  2.05  -.29  104.2200  1.8300   .53   736.   737.   736.
 20.000   57.7180   .8900   .07 224.79  1.95  -.29   89.4500  1.4400   .49   730.   731.   730.
 21.000   49.5890   .7750   .03 224.99  1.96  -.23   76.7800  1.1400   .44   723.   724.   723.
 22.000   42.6080   .6890  -.01 225.26  1.99  -.21   65.8900   .9400   .44   710.   711.   710.
 23.000   36.6200   .6200  -.07 225.65  2.11   .10   56.5400   .8000   .37   699.   700.   699.
 24.000   31.4790   .5580  -.07 226.19  2.18   .02   48.4700   .6900   .26   695.   695.   695.
 25.000   27.0920   .5010  -.10 227.14  2.17   .06   41.5400   .5900   .17   669.   669.   669.
 26.000   23.3300   .4900  1.22 228.24  2.23   .19   35.6000   .5100   .07   659.   659.   658.
 27.000   20.0920   .4330  1.01 229.38  2.26  -.05   30.5100   .4500  -.04   636.   636.   635.
 28.000   17.3370   .3960   .89 230.64  2.33  -.23   26.1800   .4000  -.06   588.   588.   587.
 29.000   14.9750   .3620   .70 232.06  2.46  -.40   22.4700   .3700  -.11   542.   542.   541.
 30.000   12.9320   .3270   .59 233.59  2.55  -.52   19.2800   .3300  -.02   484.   484.   483.
     T A B L E  II -  9.  T H E R M O D Y N A M I C  S T A T I S T I C A L  P A R A M E T E R S
                                              SEPTEMBER 
 STATION =   702610     FAIRBANKS                     
    Z      MEAN P   SD P  SKEWP MEAN T  SD T SKEWT    MEAN D    SD D SKEWD  NOBSP  NOBST  NOBSD
    KM       MB        MB       DEG K  DEG K            G/M3    G/M3
   .000 1010.3460  8.6750  -.38 281.99  5.33   .04 1245.1900 28.7900   .19   778.   778.   778.
   .135  993.9430  8.4570  -.38 281.24  5.16   .02 1228.3200 27.4700   .20   778.   778.   778.
  1.000  894.1740  7.2550  -.33 277.10  4.68  -.56 1121.3000 23.9300 -1.00   806.   808.   808.
  2.000  789.4820  6.6000  -.15 270.92  4.35  -.51 1013.6400 17.1100   .40   808.   808.   808.
  3.000  695.3640  6.2760   .00 265.12  4.13  -.09  912.8000 12.9800   .07   808.   808.   808.
  4.000  610.0850  6.2880   .16 259.12  4.29   .02  819.7600 10.6400   .01   808.   808.   808.
  5.000  534.0120  6.3150   .23 252.70  4.67   .10  735.9600  9.2500  -.08   808.   808.   808.
  6.000  465.7220  6.5280   .25 245.86  5.04   .14  659.8600  8.0700  -.08   808.   808.   808.
  7.000  404.6540  6.6240   .23 238.67  5.30   .21  590.6700  7.0500  -.04   806.   806.   806.
  8.000  349.6640  6.8270   .27 231.38  5.29   .29  526.5000  5.8900  -.28   805.   805.   805.
  9.000  301.3200  6.6370   .32 224.62  4.81   .43  467.3600  6.1000 -1.23   799.   799.   799.
 10.000  258.3630  6.1730   .44 220.39  4.07   .32  408.4600  9.9400  -.94   796.   796.   796.
 11.000  221.3080  5.2570   .57 220.75  4.40   .01  349.4600 12.8400   .23   791.   791.   791.
 12.000  189.6810  4.2260   .55 222.22  4.37  -.93  297.5500 11.2200   .94   785.   785.   785.
 13.000  162.6800  3.3830   .44 222.88  3.41  -.73  254.3700  8.2000   .90   784.   784.   784.
 14.000  139.5620  2.7420   .33 222.87  3.09  -.56  218.2200  6.4800   .82   777.   777.   777.
 15.000  119.7080  2.2260   .21 222.70  2.88  -.60  187.3100  5.1400   .74   776.   776.   776.
 16.000  102.6930  1.8090   .13 222.59  2.71  -.44  160.7600  4.0500   .59   774.   774.   774.
 17.000   88.0780  1.5170   .04 222.47  2.55  -.30  137.9500  3.2200   .49   728.   728.   728.
 18.000   75.5360  1.2740  -.05 222.29  2.40  -.13  118.4000  2.5000   .39   726.   726.   726.
 19.000   64.7770  1.0890  -.12 222.06  2.35  -.01  101.6300  1.9700   .27   718.   718.   718.
 20.000   55.5310   .9460  -.14 221.72  2.41  -.02   87.2600  1.6000   .13   715.   715.   715.
 21.000   47.6070   .8340  -.15 221.46  2.51  -.08   74.8900  1.3100   .05   708.   708.   708.
 22.000   40.7920   .7460  -.16 221.23  2.58  -.11   64.2400  1.0900   .02   702.   702.   702.
 23.000   34.9580   .6680  -.15 221.19  2.73  -.09   55.0600   .9100   .01   698.   698.   698.
 24.000   29.9670   .6020  -.15 221.36  2.82  -.10   47.1600   .7700  -.09   691.   691.   691.
 25.000   25.6860   .5520  -.14 221.78  3.00  -.08   40.3500   .6500  -.16   674.   674.   674.
 26.000   22.0220   .5060  -.12 222.28  3.24  -.10   34.5100   .5600  -.19   663.   663.   663.
 27.000   18.9060   .4600  -.14 223.01  3.45  -.10   29.5400   .4900  -.21   606.   606.   606.
 28.000   16.2360   .4220  -.09 223.87  3.64  -.09   25.2600   .4300  -.20   565.   565.   565.
 29.000   13.9670   .3870  -.14 224.97  3.91  -.06   21.6200   .3800  -.27   498.   498.   498.
 30.000   12.0030   .3540  -.10 226.08  4.17  -.11   18.4900   .3400  -.31   429.   429.   429.
     T A B L E  II - 10.  T H E R M O D Y N A M I C  S T A T I S T I C A L  P A R A M E T E R S
                                              OCTOBER   
 STATION =   702610     FAIRBANKS                     
    Z      MEAN P   SD P  SKEWP MEAN T  SD T SKEWT    MEAN D    SD D SKEWD  NOBSP  NOBST  NOBSD
    KM       MB        MB       DEG K  DEG K            G/M3    G/M3
   .000 1007.2790 11.4640   .17 270.59  7.19  -.67 1295.8900 41.4400   .68   812.   812.   812.
   .135  990.2790 11.1880   .15 270.15  6.95  -.66 1276.0900 39.2600   .64   818.   818.   818.
  1.000  887.3580  9.8050   .16 268.37  6.10  -.59 1150.5600 30.3500  -.05   826.   827.   827.
  2.000  780.6690  8.9250   .14 264.63  5.25  -.68 1026.9300 21.7600   .40   825.   825.   825.
  3.000  685.4320  8.4860   .07 259.20  4.89  -.55  920.7800 16.4100   .28   824.   824.   824.
  4.000  599.4460  8.2160   .02 252.92  4.96  -.29  825.4800 13.2600   .12   824.   824.   824.
  5.000  523.0110  8.0490   .01 246.26  5.13  -.12  739.8300 11.0700  -.07   823.   823.   823.
  6.000  454.4000  8.0940  -.01 239.33  5.37   .08  661.4400  9.4700  -.32   821.   821.   821.
  7.000  393.2800  8.0830   .00 232.22  5.34   .31  590.0400  8.0600  -.64   817.   817.   817.
  8.000  338.4690  7.7980   .14 225.47  4.82   .67  523.0000  7.8100  -.97   815.   815.   815.
  9.000  290.6920  7.2880   .25 220.55  4.00   .79  459.2100 10.3100 -1.18   813.   813.   813.
 10.000  248.8800  6.3550   .39 219.49  4.30   .18  395.2000 13.5100  -.12   806.   806.   806.
 11.000  213.1420  5.2550   .40 220.80  4.48  -.62  336.4900 12.9100   .80   801.   801.   801.
 12.000  182.6700  4.2850   .31 221.75  4.15 -1.46  287.1200 10.2700  1.32   796.   796.   796.
 13.000  156.6000  3.5440   .18 222.19  3.27  -.93  245.6100  7.4500   .94   796.   796.   796.
 14.000  134.2760  2.9730   .07 222.19  2.97  -.65  210.5700  5.8300   .76   792.   792.   792.
 15.000  115.1300  2.5240  -.02 221.96  2.82  -.65  180.7300  4.7500   .64   791.   791.   791.
 16.000   98.7480  2.1620  -.11 221.68  2.77  -.58  155.2100  3.9400   .45   767.   767.   767.
 17.000   84.6000  1.8570  -.21 221.30  2.75  -.47  133.1900  3.1800   .26   754.   754.   754.
 18.000   72.4940  1.6140  -.24 220.82  2.82  -.50  114.3800  2.6400   .12   754.   754.   754.
 19.000   62.1010  1.4170  -.27 220.33  2.87  -.62   98.2000  2.2700   .14   751.   751.   751.
 20.000   53.1760  1.2340  -.31 219.74  3.04  -.62   84.3200  1.9200   .04   748.   748.   748.
 21.000   45.5030  1.0780  -.55 219.31  3.23  -.48   72.2800  1.6000  -.16   731.   731.   731.
 22.000   38.9360   .9610  -.60 218.90  3.41  -.44   61.9700  1.3600  -.22   725.   725.   725.
 23.000   33.3090   .8580  -.63 218.61  3.65  -.43   53.0800  1.1700  -.35   721.   721.   721.
 24.000   28.5120   .7670  -.66 218.46  3.80  -.43   45.4700  1.0300  -.40   694.   694.   694.
 25.000   24.3940   .6950  -.70 218.32  4.07  -.42   38.9200   .8800  -.42   680.   680.   680.
 26.000   20.8740   .6140  -.69 218.19  4.24  -.34   33.3200   .7700  -.37   666.   666.   666.
 27.000   17.8760   .5570  -.75 218.25  4.37  -.41   28.5300   .6800  -.38   576.   576.   576.
 28.000   15.3130   .5040  -.84 218.49  4.41  -.41   24.4100   .6100  -.42   516.   516.   516.
 29.000   13.1170   .4380  -.65 218.92  4.41  -.29   20.8700   .5400  -.33   451.   451.   451.
 30.000   11.2270   .3890  -.70 219.33  4.46  -.15   17.8300   .4900  -.44   385.   385.   385.
     T A B L E  II - 11.  T H E R M O D Y N A M I C  S T A T I S T I C A L  P A R A M E T E R S
                                              NOVEMBER  
 STATION =   702610     FAIRBANKS                     
    Z      MEAN P   SD P  SKEWP MEAN T  SD T SKEWT    MEAN D    SD D SKEWD  NOBSP  NOBST  NOBSD
    KM       MB        MB       DEG K  DEG K            G/M3    G/M3
   .000 1010.8620 14.0510   .06 258.46  8.85  -.19 1363.3600 56.6200   .17   761.   761.   761.
   .135  992.9630 13.5810   .07 258.69  8.45  -.19 1337.8700 52.6200   .15   762.   762.   762.
  1.000  887.0800 11.8210   .23 263.75  7.41  -.20 1171.4600 35.1500   .11   800.   800.   800.
  2.000  778.9950 11.0490   .41 261.63  6.22   .03 1036.8800 23.8500   .16   800.   800.   800.
  3.000  682.8540 10.8210   .52 256.16  5.95   .25  928.4200 17.6400   .03   800.   800.   800.
  4.000  596.2110 10.6860   .58 249.78  6.14   .39  831.4500 14.1400  -.15   800.   800.   800.
  5.000  519.3530 10.5900   .64 243.17  6.39   .44  744.0500 11.7600  -.22   800.   800.   800.
  6.000  450.4180 10.7350   .63 236.32  6.53   .50  664.0600  9.8700  -.29   800.   800.   800.
  7.000  389.0410 10.6570   .64 229.46  6.28   .53  590.6800  8.5200  -.14   797.   797.   797.
  8.000  334.3960 10.1940   .72 223.32  5.44   .55  521.6300  8.8500  -.30   794.   794.   794.
  9.000  286.8300  9.4560   .74 219.44  4.29   .16  455.3700 12.7900  -.25   789.   789.   789.
 10.000  245.4260  8.1920   .79 218.68  4.09  -.06  391.1800 16.4200   .42   785.   785.   785.
 11.000  209.9060  6.7120   .78 219.21  5.07  -.67  333.8900 16.4600  1.00   780.   780.   780.
 12.000  179.6990  5.3940   .64 219.97  5.14 -1.15  284.8500 13.7200  1.42   775.   775.   775.
 13.000  153.8690  4.3430   .42 220.45  4.55  -.92  243.3300 10.2600  1.28   771.   771.   771.
 14.000  131.7790  3.5630   .21 220.66  4.33  -.62  208.1600  7.9300  1.07   764.   764.   764.
 15.000  112.8690  2.9740  -.01 220.62  4.46  -.52  178.3100  6.3700   .97   764.   764.   764.
 16.000   96.6830  2.5010  -.16 220.47  4.62  -.53  152.8400  5.2300   .92   717.   717.   717.
 17.000   82.7320  2.1170  -.39 220.13  4.73  -.44  130.9800  4.1600   .78   705.   705.   705.
 18.000   70.8400  1.8520  -.57 219.75  4.89  -.36  112.3400  3.4000   .60   703.   703.   703.
 19.000   60.6090  1.6540  -.69 219.21  5.13  -.35   96.3500  2.8000   .40   693.   693.   693.
 20.000   51.8670  1.4840  -.76 218.70  5.56  -.37   82.6500  2.3500   .26   689.   689.   689.
 21.000   44.3700  1.3570  -.80 218.37  5.95  -.35   70.8100  1.9900   .07   676.   676.   676.
 22.000   37.9440  1.2490  -.82 218.05  6.33  -.32   60.6400  1.6800  -.16   655.   655.   655.
 23.000   32.4510  1.1420  -.72 217.73  6.69  -.30   51.9300  1.4000  -.33   649.   649.   649.
 24.000   27.7570  1.0560  -.69 217.57  7.02  -.30   44.4500  1.1900  -.58   599.   599.   599.
 25.000   23.7070   .9990  -.61 217.16  7.40  -.30   38.0300  1.0500  -.80   582.   582.   582.
 26.000   20.3300   .9040  -.62 217.44  7.47  -.43   32.5700   .9200  -.93   543.   543.   543.
 27.000   17.4120   .8260  -.59 217.44  7.48  -.49   27.8900   .8100 -1.07   477.   477.   477.
 28.000   14.9190   .7500  -.57 217.56  7.46  -.56   23.8800   .7300 -1.08   407.   407.   407.
 29.000   12.7880   .6920  -.65 217.87  7.47  -.61   20.4400   .7100 -1.13   339.   339.   339.
 30.000   10.9730   .6040  -.69 218.30  7.49  -.61   17.5000   .6200  -.89   281.   281.   281.
     T A B L E  II - 12.  T H E R M O D Y N A M I C  S T A T I S T I C A L  P A R A M E T E R S
                                              DECEMBER  
 STATION =   702610     FAIRBANKS                     
    Z      MEAN P   SD P  SKEWP MEAN T  SD T SKEWT    MEAN D    SD D SKEWD  NOBSP  NOBST  NOBSD
    KM       MB        MB       DEG K  DEG K            G/M3    G/M3
   .000 1011.9970 15.6170   .15 253.71  9.66   .01 1391.2300 65.7600   .21   742.   742.   742.
   .135  993.7190 15.0680   .14 254.18  9.27   .01 1363.3400 61.4400   .20   743.   743.   743.
  1.000  886.6500 12.5290   .20 262.45  8.17  -.33 1176.7100 41.7200   .30   798.   799.   799.
  2.000  778.0950 11.3300   .30 260.44  6.57  -.33 1040.6100 27.7200   .48   799.   799.   799.
  3.000  681.6470 10.7660   .39 254.91  5.92  -.07  931.3900 20.0200   .40   799.   799.   799.
  4.000  594.7940 10.4310   .49 248.58  5.89   .11  833.5200 15.6300   .26   799.   799.   799.
  5.000  517.7410 10.1710   .54 241.87  6.01   .26  745.7400 12.5300   .05   799.   799.   799.
  6.000  448.5760 10.1580   .56 234.97  6.03   .37  665.1300 10.0200  -.15   796.   796.   796.
  7.000  387.1460 10.0320   .57 228.12  5.76   .37  591.2600  8.6100  -.24   790.   790.   790.
  8.000  332.4560  9.4740   .64 222.23  4.64   .42  521.1300  9.0000  -.29   787.   787.   787.
  9.000  284.9610  8.6610   .66 218.65  3.60   .26  454.0700 13.1200  -.06   783.   783.   783.
 10.000  243.6840  7.3970   .72 217.93  4.40  -.05  389.7600 16.1100   .48   781.   781.   781.
 11.000  208.3560  6.0520   .70 218.75  5.29  -.64  332.1100 15.1800  1.00   778.   778.   778.
 12.000  178.3070  4.9690   .59 219.85  5.07  -.89  282.7300 11.6500  1.24   775.   775.   775.
 13.000  152.6540  4.1720   .47 220.29  4.64  -.55  241.5200  8.6300   .97   775.   775.   775.
 14.000  130.7150  3.5890   .32 220.31  4.72  -.42  206.7700  6.8500   .81   772.   772.   772.
 15.000  111.9280  3.1270   .16 220.24  5.01  -.42  177.1100  5.6200   .72   770.   770.   770.
 16.000   95.7760  2.8460   .04 219.72  5.46  -.39  151.9100  4.9000   .60   681.   681.   681.
 17.000   81.9040  2.5280  -.16 219.20  5.90  -.39  130.2100  4.0400   .46   671.   671.   671.
 18.000   70.1060  2.3040  -.38 218.66  6.38  -.43  111.7300  3.3600   .35   664.   664.   664.
 19.000   59.9470  2.1330  -.49 218.11  6.87  -.40   95.7800  2.8200   .29   652.   652.   652.
 20.000   51.2750  1.9790  -.63 217.68  7.35  -.38   82.0800  2.4100   .18   646.   646.   646.
 21.000   43.8450  1.8540  -.69 217.24  7.77  -.34   70.3200  2.0600   .03   622.   622.   622.
 22.000   37.4770  1.7550  -.76 216.80  8.27  -.35   60.2300  1.8100  -.07   600.   600.   600.
 23.000   32.0800  1.5830  -.76 216.55  8.67  -.28   51.6100  1.6000  -.19   582.   582.   582.
 24.000   27.4490  1.4850  -.81 216.53  9.05  -.21   44.1600  1.4600  -.28   543.   543.   543.
 25.000   23.5060  1.3110  -.70 216.29  9.22  -.12   37.8500  1.2800  -.29   513.   513.   513.
 26.000   20.1930  1.1660  -.72 216.65  9.26  -.10   32.4600  1.1600  -.34   469.   469.   469.
 27.000   17.3060  1.0600  -.73 216.95  9.40  -.08   27.7900  1.0600  -.42   405.   405.   405.
 28.000   14.8970   .9440  -.82 217.67  9.35  -.06   23.8300   .9700  -.65   338.   338.   338.
 29.000   12.7230   .8860  -.80 217.27  9.83   .05   20.3800   .9000  -.73   281.   281.   281.
 30.000   11.0250   .6790  -.74 218.19  9.24   .13   17.6000   .7200  -.35   227.   227.   227.
