 0 1PKWA913660    8.73N  167.75E   2 1601274   1 980   0  30                                        
     T A B L E  II - 13.  T H E R M O D Y N A M I C  S T A T I S T I C A L  P A R A M E T E R S     
                                              ANNUAL                                                
 STATION =   913660     KWAJLEIN MISSILE RANGE                                                      
    Z      MEAN P   SD P  SKEWP MEAN T  SD T SKEWT    MEAN D    SD D SKEWD  NOBSP  NOBST  NOBSD     
    KM       MB        MB       DEG K  DEG K            G/M3    G/M3                                
  0.000 1010.3999  1.5825 -0.19 301.73  1.29 -0.98 1154.0000  5.5430  0.83  4944.  4944.  4944.     
  0.002 1010.2000  1.5866 -0.20 301.71  1.29 -0.98 1154.0000  5.5680  0.83  5033.  5033.  5033.     
  1.000  901.9800  1.4596 -0.25 293.63  0.95 -0.33 1062.0000  4.0630  0.26  5038.  5038.  5038.     
  2.000  803.0601  1.3312 -0.42 288.88  1.13 -0.02  963.3999  3.7760  0.03  5039.  5039.  5039.     
  3.000  713.4299  1.2713 -0.45 284.18  1.16  0.12  871.5000  3.3710 -0.29  5038.  5038.  5038.     
  4.000  632.3601  1.2181 -0.45 278.69  1.20  0.32  788.3999  3.2370 -0.63  5036.  5036.  5036.     
  5.000  559.1899  1.1311 -0.33 273.13  1.18  0.38  711.8999  2.9780 -0.78  5035.  5035.  5035.     
  6.000  493.2500  1.1051 -0.27 267.56  1.17  0.19  641.3000  2.6990 -0.70  5024.  5024.  5024.     
  7.000  433.6799  1.0974 -0.14 261.61  1.16  0.08  576.8999  2.4400 -0.75  4998.  4998.  4998.     
  8.000  380.3101  1.0831 -0.18 255.27  1.20 -0.03  518.6001  2.2290 -0.92  4926.  4926.  4926.     
  9.000  332.2400  1.0862 -0.11 248.33  1.31 -0.08  465.8000  2.1880 -1.26  4822.  4822.  4822.     
 10.000  289.2300  1.1163 -0.09 240.67  1.38 -0.03  418.3999  1.9770 -1.88  4683.  4683.  4683.     
 11.000  250.7100  1.0999 -0.10 232.63  1.42 -0.06  375.3999  1.6150 -1.07  4627.  4627.  4627.     
 12.000  215.8300  1.1215 -0.03 224.29  1.44 -0.06  335.2000  1.1540 -0.09  4527.  4527.  4527.     
 13.000  185.1700  1.1265 -0.01 216.00  1.48 -0.07  298.6001  1.1090 -0.25  4406.  4406.  4406.     
 14.000  157.7500  1.0987  0.05 207.98  1.49 -0.11  264.2000  1.2530 -0.41  4316.  4316.  4316.     
 15.000  133.6200  1.0316  0.03 200.91  1.42 -0.08  231.7000  1.5640 -0.42  4246.  4246.  4246.     
 16.000  112.6600  0.8964  0.15 195.88  1.82  0.19  200.4000  2.3200 -0.26  3198.  3198.  3198.     
 17.000   94.6920  0.7503  0.12 193.96  3.35  0.28  170.1000  3.3090 -0.09  3157.  3157.  3157.     
 18.000   79.5360  0.6715 -0.01 196.76  4.67  0.00  140.9000  3.3100  0.32  3151.  3151.  3151.     
 19.000   67.1190  0.6316 -0.04 202.40  3.60 -0.14  115.6000  1.8840  0.54  3122.  3122.  3122.     
 20.000   56.8930  0.6020  0.07 206.98  2.82 -0.22   95.7700  1.1830  0.38  3079.  3079.  3079.     
 21.000   48.3930  0.5612  0.13 210.49  2.41 -0.22   80.1000  0.9012 -0.02  2943.  2943.  2943.     
 22.000   41.2490  0.5204  0.17 213.32  2.22 -0.17   67.3700  0.8143 -0.26  2933.  2933.  2933.     
 23.000   35.2430  0.4629  0.20 215.95  1.95 -0.09   56.8600  0.6824 -0.14  2837.  2837.  2837.     
 24.000   30.1440  0.4144  0.26 218.50  2.25 -0.01   48.0600  0.6577 -0.15  2850.  2850.  2850.     
 25.000   25.8500  0.3718  0.23 220.88  2.27 -0.20   40.7700  0.5699 -0.07  2806.  2806.  2806.     
 26.000   22.1960  0.3276  0.20 223.16  2.16 -0.29   34.6500  0.4812  0.16  2688.  2688.  2688.     
 27.000   19.0900  0.2882  0.16 225.36  2.32 -0.14   29.5100  0.4284  0.26  2385.  2385.  2385.     
 28.000   16.4460  0.2601  0.08 227.33  2.31 -0.25   25.2000  0.3665  0.26  2358.  2358.  2358.     
 29.000   14.1770  0.2291  0.00 229.21  2.49 -0.20   21.5500  0.3242  0.27  2026.  2026.  2026.     
 30.000   12.2490  0.2076 -0.05 231.01  2.39 -0.26   18.4700  0.2874  0.25  2002.  2002.  2002.     
 32.000    9.0910  0.1750 -0.18 234.95  3.78  0.16   13.4900  0.2520 -0.14   765.   795.   758.     
 34.000    6.8410  0.1440 -0.03 239.42  4.06 -0.10    9.9600  0.1970 -0.08   762.   798.   758.     
 36.000    5.1750  0.1229  0.04 244.91  4.60  0.09    7.3650  0.1632  0.01   760.   797.   759.     
 38.000    3.9460  0.1018  0.00 251.32  5.01 -0.09    5.4730  0.1243 -0.12   760.   798.   760.     
 40.000    3.0270  0.0865  0.00 257.08  5.04  0.00    4.1040  0.1001 -0.01   757.   795.   757.     
 42.000    2.3370  0.0736 -0.05 262.24  4.94  0.02    3.1050  0.0807  0.10   755.   788.   755.     
 44.000    1.8120  0.0619 -0.08 266.28  4.89  0.04    2.3710  0.0676 -0.08   755.   774.   755.     
 46.000    1.4100  0.0517 -0.07 268.80  4.99  0.04    1.8260  0.0576 -0.21   751.   741.   751.     
 48.000    1.1000  0.0428 -0.05 270.42  5.22  0.08    1.4160  0.0492 -0.23   748.   732.   748.     
 50.000    0.8580  0.0351 -0.04 270.37  5.21 -0.04    1.1060  0.0413 -0.19   745.   740.   745.     
 52.000    0.6690  0.0287 -0.02 268.80  5.43 -0.09    0.8670  0.0336 -0.24   745.   740.   745.     
 54.000    0.5210  0.0236  0.01 266.75  5.57 -0.28    0.6800  0.0276 -0.25   736.   739.   736.     
 56.000    0.4050  0.0193  0.02 264.03  5.53 -0.36    0.5340  0.0221 -0.20   711.   736.   711.     
 58.000    0.3130  0.0159  0.09 260.81  6.22 -0.22    0.4180  0.0177 -0.16   675.   708.   675.     
 60.000    0.2410  0.0134  0.16 256.90  7.08 -0.11    0.3270  0.0144 -0.08   567.   593.   567.     
 62.000    0.1830  0.0103  0.33 252.26  8.34  0.09    0.2530  0.0111  0.14   431.   449.   431.     
 64.000    0.1390  0.0081  0.30 247.58  9.58  0.06    0.1960  0.0085  0.12   355.   365.   355.     
 66.000    0.1060  0.0064  0.03 244.94 10.72 -0.37    0.1510  0.0066 -0.31   259.   266.   259.     
 68.000    0.0820  0.0054 -0.24 246.50 11.50 -0.73    0.1160  0.0052 -0.37   162.   167.   162.     
 70.000    0.0640  0.0036 -0.34 249.60  9.80 -0.58    0.0890  0.0031 -0.01    99.   104.    99.     
     T A B L E  II -  1.  T H E R M O D Y N A M I C  S T A T I S T I C A L  P A R A M E T E R S     
                                              JANUARY                                               
 STATION =   913660     KWAJLEIN MISSILE RANGE                                                      
    Z      MEAN P   SD P  SKEWP MEAN T  SD T SKEWT    MEAN D    SD D SKEWD  NOBSP  NOBST  NOBSD     
    KM       MB        MB       DEG K  DEG K            G/M3    G/M3                                
  0.000 1010.1001  1.8509  0.08 301.39  1.09 -1.36 1155.0000  4.7440  0.80   413.   413.   413.     
  0.002 1009.8000  1.8371  0.08 301.34  1.11 -1.29 1155.0000  4.7960  0.74   429.   429.   429.     
  1.000  901.3000  1.6237  0.03 292.75  0.90 -0.12 1065.0000  4.1210  0.08   429.   429.   429.     
  2.000  802.2400  1.5166  0.02 288.68  1.56 -0.15  963.8999  5.0500  0.27   429.   429.   429.     
  3.000  712.6499  1.4419 -0.23 284.78  1.37 -0.19  869.3999  3.9630  0.02   429.   429.   429.     
  4.000  631.7900  1.3636 -0.30 279.45  1.36  0.04  786.0000  3.8620 -0.28   428.   428.   428.     
  5.000  558.8301  1.2977 -0.36 273.80  1.32 -0.14  709.8000  3.6120 -0.32   428.   428.   428.     
  6.000  493.0601  1.2480 -0.40 268.07  1.28  0.01  639.8000  3.2110 -0.57   425.   425.   425.     
  7.000  433.5601  1.1749 -0.43 262.01  1.27 -0.33  575.6001  2.9330 -0.56   423.   423.   423.     
  8.000  380.2800  1.1905 -0.57 255.70  1.27 -0.80  517.3999  2.5790 -0.64   406.   406.   406.     
  9.000  332.2600  1.1587 -0.64 248.77  1.36 -0.77  464.7000  2.5830 -1.10   397.   397.   397.     
 10.000  289.3000  1.2011 -0.55 241.12  1.39 -0.59  417.5000  2.3030 -1.12   380.   380.   380.     
 11.000  250.8400  1.1675 -0.68 233.18  1.38 -0.38  374.5000  1.9130 -1.67   379.   379.   379.     
 12.000  216.0200  1.1709 -0.59 224.93  1.35 -0.27  334.6001  1.1010 -0.04   372.   372.   372.     
 13.000  185.4100  1.1462 -0.56 216.74  1.35  0.00  298.0000  1.0420 -0.33   367.   367.   367.     
 14.000  158.0200  1.0952 -0.43 208.61  1.33 -0.11  263.8999  1.1180 -0.24   364.   364.   364.     
 15.000  133.8900  1.0303 -0.44 201.01  1.32 -0.15  232.0000  1.3590 -0.40   353.   353.   353.     
 16.000  112.7500  0.8844 -0.60 194.38  1.41 -0.23  202.1000  1.6410 -0.36   278.   278.   278.     
 17.000   94.6010  0.7781 -0.59 190.53  1.80  0.36  173.0000  2.1350 -0.44   274.   274.   274.     
 18.000   79.1300  0.6480 -0.38 192.16  3.35  0.12  143.5000  2.9090 -0.09   274.   274.   274.     
 19.000   66.5480  0.5076 -0.34 199.15  2.78 -0.14  116.4000  1.9130  0.05   270.   270.   270.     
 20.000   56.2880  0.4234 -0.25 204.65  2.30 -0.07   95.8300  1.3090  0.14   267.   267.   267.     
 21.000   47.8080  0.3679 -0.09 208.66  2.08 -0.09   79.8200  0.9487  0.09   253.   253.   253.     
 22.000   40.6920  0.3300  0.00 211.81  2.07 -0.05   66.9300  0.7519  0.35   253.   253.   253.     
 23.000   34.7350  0.2873 -0.04 214.53  1.86  0.44   56.4100  0.5516 -0.21   243.   243.   243.     
 24.000   29.6890  0.2588 -0.07 217.03  2.39  0.45   47.6600  0.5919 -0.14   248.   248.   248.     
 25.000   25.4300  0.2389  0.05 218.98  2.57  0.17   40.4600  0.5199 -0.07   245.   245.   245.     
 26.000   21.8170  0.2143  0.00 221.16  2.29  0.05   34.3700  0.4175  0.28   238.   238.   238.     
 27.000   18.7430  0.1914  0.08 223.33  2.26  0.24   29.2400  0.3560  0.20   211.   211.   211.     
 28.000   16.1230  0.1724  0.08 225.13  2.23  0.18   24.9500  0.3115  0.14   210.   210.   210.     
 29.000   13.8910  0.1496 -0.06 226.93  2.28  0.13   21.3300  0.2874  0.07   187.   187.   187.     
 30.000   11.9830  0.1323 -0.01 228.90  2.15  0.03   18.2400  0.2356 -0.10   186.   186.   186.     
 32.000    8.8840  0.1298 -0.26 232.37  3.52  0.19   13.3300  0.1931  0.65    70.    70.    68.     
 34.000    6.6660  0.1031  0.43 236.97  3.58  0.28    9.8120  0.1672 -0.03    69.    70.    68.     
 36.000    5.0330  0.0826  0.74 241.77  3.69  0.61    7.2550  0.1136 -0.29    69.    70.    69.     
 38.000    3.8220  0.0710  0.75 247.76  4.14 -0.18    5.3760  0.0945  0.07    69.    70.    69.     
 40.000    2.9210  0.0603  0.64 253.26  3.80  0.32    4.0190  0.0802  0.47    69.    70.    69.     
 42.000    2.2450  0.0502  0.68 257.39  4.08  0.33    3.0390  0.0629  0.39    69.    71.    69.     
 44.000    1.7330  0.0418  0.67 262.12  3.90 -0.27    2.3030  0.0486  0.34    69.    71.    69.     
 46.000    1.3440  0.0348  0.68 266.82  4.75  0.25    1.7540  0.0453  0.39    68.    67.    68.     
 48.000    1.0470  0.0298  0.59 270.54  6.06  0.29    1.3470  0.0296  0.31    68.    65.    68.     
 50.000    0.8170  0.0256  0.56 271.96  6.52 -0.16    1.0460  0.0269  0.60    67.    64.    67.     
 52.000    0.6390  0.0219  0.50 271.71  5.07 -0.19    0.8190  0.0223  0.41    67.    65.    67.     
 54.000    0.4990  0.0184  0.47 270.23  4.35  0.03    0.6420  0.0211  0.52    65.    60.    65.     
 56.000    0.3880  0.0148  0.49 267.35  4.62  0.13    0.5050  0.0171  0.28    63.    62.    63.     
 58.000    0.3020  0.0116  0.51 264.81  5.34 -0.31    0.3960  0.0130  0.30    59.    60.    59.     
 60.000    0.2340  0.0098  0.36 261.86  6.48 -0.09    0.3110  0.0108  0.49    51.    53.    51.     
 62.000    0.1800  0.0079  0.22 258.76  7.83 -0.29    0.2410  0.0086  0.14    38.    40.    38.     
 64.000    0.1380  0.0072  0.24 254.75  9.95  0.33    0.1880  0.0053  0.29    28.    29.    28.     
 66.000    0.1040  0.0055  1.03 248.80  7.51 -0.22    0.1460  0.0053  0.54    13.    14.    13.     
 68.000    0.0800  0.0059  0.70 246.38 13.96 -0.49    0.1120  0.0051  0.40     9.     9.     9.     
 70.000    0.0620  0.0055  0.45 246.83 18.27 -0.10    0.0880  0.0041  0.61     6.     6.     6.     
     T A B L E  II -  2.  T H E R M O D Y N A M I C  S T A T I S T I C A L  P A R A M E T E R S     
                                              FEBRUARY                                              
 STATION =   913660     KWAJLEIN MISSILE RANGE                                                      
    Z      MEAN P   SD P  SKEWP MEAN T  SD T SKEWT    MEAN D    SD D SKEWD  NOBSP  NOBST  NOBSD     
    KM       MB        MB       DEG K  DEG K            G/M3    G/M3                                
  0.000 1010.3999  1.7409 -0.15 301.68  1.11 -1.13 1154.0000  4.9530  0.65   377.   377.   377.     
  0.002 1010.1001  1.7471 -0.15 301.66  1.10 -1.11 1154.0000  4.9590  0.66   392.   392.   392.     
  1.000  901.6001  1.5627 -0.07 292.71  0.88 -0.25 1066.0000  3.9700  0.18   392.   392.   392.     
  2.000  802.4800  1.4540 -0.16 288.81  1.47  0.06  963.8000  4.5130 -0.03   392.   392.   392.     
  3.000  712.8899  1.3618 -0.25 284.72  1.28 -0.43  869.8000  3.8900  0.05   392.   392.   392.     
  4.000  632.0000  1.3133 -0.33 279.45  1.30  0.06  786.3000  3.6250 -0.43   392.   392.   392.     
  5.000  558.9900  1.2632 -0.28 273.87  1.30  0.32  709.8000  3.4410 -0.37   392.   392.   392.     
  6.000  493.2000  1.2345 -0.18 268.13  1.18  0.04  639.8000  2.9400 -0.15   391.   391.   391.     
  7.000  433.7100  1.2200 -0.02 262.14  1.27  0.08  575.5000  2.5270 -0.25   388.   388.   388.     
  8.000  380.4600  1.2349 -0.05 255.78  1.24  0.11  517.3999  2.4260 -0.49   380.   380.   380.     
  9.000  332.4399  1.2202  0.03 248.89  1.29  0.27  464.7000  2.3440 -0.92   367.   367.   367.     
 10.000  289.5100  1.2297  0.10 241.22  1.35  0.21  417.6001  2.1950 -1.31   352.   352.   352.     
 11.000  251.0300  1.1814  0.09 233.18  1.36 -0.01  374.8000  1.9860 -1.70   347.   347.   347.     
 12.000  216.2000  1.1838  0.12 224.97  1.35 -0.03  334.8000  1.1390  0.57   342.   342.   342.     
 13.000  185.5700  1.1725  0.15 216.77  1.37  0.04  298.2000  1.0790  0.49   338.   338.   338.     
 14.000  158.1700  1.1321  0.25 208.71  1.36 -0.01  264.0000  1.1860  0.15   335.   335.   335.     
 15.000  134.0400  1.0591  0.26 201.20  1.37 -0.04  232.1000  1.3520  0.04   330.   330.   330.     
 16.000  113.0000  1.0025  0.35 194.94  1.38  0.08  201.9000  1.6810 -0.07   248.   248.   248.     
 17.000   94.8610  0.8739  0.33 191.26  1.72 -0.01  172.8000  2.2910  0.25   248.   248.   248.     
 18.000   79.4190  0.7251  0.46 192.88  2.96 -0.04  143.5000  2.9320  0.19   248.   248.   248.     
 19.000   66.8280  0.5396  0.33 199.33  2.71 -0.26  116.8000  2.0240  0.40   247.   247.   247.     
 20.000   56.5190  0.4356  0.32 204.59  2.54 -0.27   96.2500  1.4520  0.35   245.   245.   245.     
 21.000   47.9940  0.3693  0.31 208.57  2.41 -0.48   80.1700  1.0790  0.53   236.   236.   236.     
 22.000   40.8570  0.3292  0.36 212.13  2.26 -0.22   67.1000  0.8113  0.40   236.   236.   236.     
 23.000   34.8860  0.2907  0.50 215.01  1.99  0.03   56.5300  0.6027  0.20   227.   227.   227.     
 24.000   29.8270  0.2542  0.63 217.76  2.30  0.31   47.7200  0.5778 -0.09   225.   225.   225.     
 25.000   25.5610  0.2341  0.61 219.84  2.51  0.07   40.5100  0.4990  0.14   225.   225.   225.     
 26.000   21.9360  0.2140  0.69 221.90  2.30  0.17   34.4400  0.3708  0.17   219.   219.   219.     
 27.000   18.8550  0.1928  0.67 223.87  2.49  0.08   29.3400  0.3350  0.06   204.   204.   204.     
 28.000   16.2260  0.1802  0.66 225.81  2.58  0.23   25.0300  0.2790  0.05   204.   204.   204.     
 29.000   13.9760  0.1582 -0.02 227.67  2.72  0.16   21.3900  0.2429  0.02   189.   189.   189.     
 30.000   12.0660  0.1481 -0.06 229.75  2.62  0.01   18.3000  0.1974  0.13   186.   186.   186.     
 32.000    8.9410  0.1493  0.29 234.70  3.59  0.44   13.2800  0.2122  0.13    60.    63.    59.     
 34.000    6.7310  0.1234  0.44 239.38  4.18 -0.01    9.7990  0.1565  0.95    59.    63.    59.     
 36.000    5.0910  0.1096  0.45 245.60  4.74  0.16    7.2250  0.1269  0.62    59.    64.    59.     
 38.000    3.8870  0.0970  0.40 252.07  4.58 -0.35    5.3740  0.1041  0.31    59.    64.    59.     
 40.000    2.9850  0.0829  0.40 258.11  4.49 -0.10    4.0300  0.0877  0.15    59.    64.    59.     
 42.000    2.3060  0.0705  0.47 263.03  4.12  0.02    3.0540  0.0706  0.01    59.    63.    59.     
 44.000    1.7900  0.0596  0.51 268.00  5.23  0.32    2.3250  0.0649  0.02    59.    63.    59.     
 46.000    1.3960  0.0506  0.55 272.04  4.83  0.08    1.7850  0.0505  0.33    59.    61.    59.     
 48.000    1.0920  0.0421  0.58 274.44  4.72 -0.06    1.3860  0.0462  0.40    59.    60.    59.     
 50.000    0.8560  0.0343  0.56 274.96  3.59 -0.39    1.0850  0.0408  0.57    59.    59.    59.     
 52.000    0.6700  0.0275  0.52 272.94  4.37 -0.09    0.8550  0.0349  0.53    59.    59.    59.     
 54.000    0.5240  0.0220  0.50 269.73  4.40 -0.14    0.6760  0.0281  0.23    58.    56.    58.     
 56.000    0.4080  0.0179  0.52 266.25  3.83 -0.51    0.5330  0.0204  0.31    55.    58.    55.     
 58.000    0.3160  0.0142  0.55 261.94  4.97 -0.49    0.4210  0.0152  0.56    53.    58.    53.     
 60.000    0.2430  0.0113  0.57 257.72  5.66 -0.11    0.3290  0.0104  0.80    45.    48.    45.     
 62.000    0.1860  0.0098  0.65 255.65  8.36 -0.09    0.2550  0.0088  1.07    37.    41.    37.     
 64.000    0.1420  0.0080  0.49 253.19  9.06 -0.10    0.1960  0.0065  0.77    30.    32.    30.     
 66.000    0.1070  0.0054 -0.27 251.81  9.28 -0.71    0.1480  0.0052 -0.33    18.    20.    18.     
 68.000    0.0830  0.0050 -0.70 251.09 12.69 -0.95    0.1150  0.0034 -0.29    12.    14.    12.     
 70.000    0.0670  0.0018  0.55 255.53  5.48  0.42    0.0900  0.0025  0.61     6.     8.     6.     
     T A B L E  II -  3.  T H E R M O D Y N A M I C  S T A T I S T I C A L  P A R A M E T E R S     
                                              MARCH                                                 
 STATION =   913660     KWAJLEIN MISSILE RANGE                                                      
    Z      MEAN P   SD P  SKEWP MEAN T  SD T SKEWT    MEAN D    SD D SKEWD  NOBSP  NOBST  NOBSD     
    KM       MB        MB       DEG K  DEG K            G/M3    G/M3                                
  0.000 1011.0000  1.5427 -0.14 301.91  1.17 -1.37 1154.0000  4.8060  1.50   405.   405.   405.     
  0.002 1010.8000  1.5361 -0.15 301.91  1.16 -1.35 1154.0000  4.7870  1.44   420.   420.   420.     
  1.000  902.3201  1.4095 -0.20 293.19  0.85  0.11 1065.0000  3.9270 -0.10   421.   421.   421.     
  2.000  803.2000  1.2698 -0.21 288.68  1.15  0.14  964.8000  3.7560  0.13   421.   421.   421.     
  3.000  713.4600  1.2189 -0.33 284.38  1.31  0.28  871.3999  3.6200 -0.31   421.   421.   421.     
  4.000  632.4099  1.1877 -0.33 279.05  1.38  0.15  787.8000  3.5400 -0.24   421.   421.   421.     
  5.000  559.3101  1.1623 -0.31 273.59  1.43  0.27  711.0000  3.3310 -0.56   421.   421.   421.     
  6.000  493.4700  1.2090 -0.22 268.06  1.50 -0.09  640.3999  3.2680 -0.26   421.   421.   421.     
  7.000  433.9199  1.2322 -0.10 262.08  1.35 -0.05  576.1001  2.7830 -0.57   417.   417.   417.     
  8.000  380.6399  1.2197 -0.09 255.77  1.32 -0.33  517.8999  2.5270 -0.37   405.   405.   405.     
  9.000  332.5801  1.2352 -0.14 248.82  1.44 -0.48  465.2000  2.4760 -0.75   388.   388.   388.     
 10.000  289.6499  1.2551 -0.04 241.20  1.50 -0.21  417.8999  2.1380 -1.02   377.   377.   377.     
 11.000  251.1300  1.2257 -0.03 233.15  1.51 -0.24  375.0000  1.7810 -0.71   375.   375.   375.     
 12.000  216.2700  1.2524  0.06 224.87  1.48 -0.17  335.0000  1.0870 -0.22   367.   367.   367.     
 13.000  185.6300  1.2555  0.05 216.69  1.47 -0.20  298.3999  1.0140 -0.84   360.   360.   360.     
 14.000  158.2300  1.2258  0.09 208.63  1.40 -0.25  264.2000  1.1460 -0.87   354.   354.   354.     
 15.000  134.0600  1.1294  0.07 201.20  1.23  0.15  232.1000  1.4250 -0.47   351.   351.   351.     
 16.000  112.9600  0.9985  0.21 195.04  1.39  0.04  201.8000  1.9820 -0.33   272.   272.   272.     
 17.000   94.8430  0.8439  0.27 191.54  2.05 -0.01  172.5000  2.6260  0.05   272.   272.   272.     
 18.000   79.4420  0.6933  0.23 193.26  3.47  0.04  143.3000  3.1000  0.26   274.   274.   274.     
 19.000   66.8510  0.5323 -0.12 199.78  2.83 -0.01  116.6000  1.9640  0.56   269.   269.   269.     
 20.000   56.5680  0.4535 -0.13 205.14  2.55  0.11   96.0800  1.3130  0.42   265.   265.   265.     
 21.000   48.0660  0.4066  0.03 209.49  2.31  0.38   79.9400  0.9293  0.10   251.   251.   251.     
 22.000   40.9460  0.3736  0.20 213.03  2.23  0.02   66.9700  0.7824 -0.22   250.   250.   250.     
 23.000   34.9800  0.3321  0.26 215.85  1.75 -0.11   56.4600  0.5988 -0.28   241.   241.   241.     
 24.000   29.9170  0.2908  0.37 218.33  2.25 -0.04   47.7400  0.6122 -0.16   245.   245.   245.     
 25.000   25.6530  0.2692  0.39 220.55  2.17 -0.31   40.5200  0.4796 -0.02   243.   243.   243.     
 26.000   22.0290  0.2446  0.28 222.75  2.17 -0.65   34.4500  0.3971  0.10   234.   234.   234.     
 27.000   18.9440  0.2257  0.26 224.82  2.09 -0.62   29.3600  0.3495  0.25   205.   205.   205.     
 28.000   16.3150  0.2038  0.13 226.87  2.13 -0.57   25.0500  0.3064  0.41   203.   203.   203.     
 29.000   14.0750  0.1839 -0.06 229.08  2.09  0.08   21.4000  0.2763  0.54   174.   174.   174.     
 30.000   12.1600  0.1678 -0.15 231.22  1.94  0.21   18.3200  0.2295  0.35   172.   172.   172.     
 32.000    8.9910  0.1345 -0.72 235.41  3.67  0.60   13.3200  0.2150 -0.45    66.    67.    65.     
 34.000    6.7740  0.1135 -0.68 240.64  3.70 -0.13    9.8110  0.1574 -0.38    66.    67.    66.     
 36.000    5.1320  0.1029 -0.60 246.36  4.49 -0.11    7.2570  0.0985  0.58    65.    66.    65.     
 38.000    3.9220  0.0889 -0.66 253.48  5.51 -0.63    5.3920  0.1272 -0.15    65.    66.    65.     
 40.000    3.0190  0.0762 -0.70 260.88  4.69 -0.40    4.0320  0.0808 -0.14    64.    65.    64.     
 42.000    2.3410  0.0667 -0.70 266.08  4.40  0.10    3.0630  0.0642 -0.50    64.    62.    64.     
 44.000    1.8220  0.0573 -0.61 269.85  4.56 -0.23    2.3510  0.0600 -0.73    63.    61.    63.     
 46.000    1.4220  0.0467 -0.53 272.43  3.80  0.38    1.8190  0.0565 -0.60    63.    56.    63.     
 48.000    1.1120  0.0374 -0.49 274.18  3.55 -0.02    1.4140  0.0480 -0.52    62.    59.    62.     
 50.000    0.8700  0.0296 -0.50 272.89  3.28  0.20    1.1110  0.0377 -0.40    62.    59.    62.     
 52.000    0.6800  0.0238 -0.48 270.75  3.86 -0.25    0.8740  0.0288 -0.64    62.    58.    62.     
 54.000    0.5290  0.0200 -0.31 267.96  4.11  0.70    0.6880  0.0250 -0.60    62.    64.    62.     
 56.000    0.4120  0.0158 -0.30 264.68  3.85 -0.22    0.5420  0.0181 -0.48    59.    61.    59.     
 58.000    0.3190  0.0135 -0.11 261.66  4.50  0.00    0.4240  0.0154 -0.28    54.    56.    54.     
 60.000    0.2450  0.0110 -0.03 258.67  5.73 -0.29    0.3310  0.0125 -0.01    45.    47.    45.     
 62.000    0.1860  0.0080 -0.13 255.00  6.34 -0.18    0.2550  0.0080  0.24    31.    31.    31.     
 64.000    0.1430  0.0061 -0.49 251.28  6.95 -0.16    0.1980  0.0065 -0.17    26.    26.    26.     
 66.000    0.1090  0.0053 -0.30 251.25  7.35 -0.21    0.1510  0.0056 -0.29    22.    22.    22.     
 68.000    0.0830  0.0043 -0.17 249.87  8.15 -0.10    0.1160  0.0046 -0.76    17.    17.    17.     
 70.000    0.0640  0.0039 -0.43 248.87  5.47 -0.30    0.0890  0.0039 -0.19     7.     7.     7.     
     T A B L E  II -  4.  T H E R M O D Y N A M I C  S T A T I S T I C A L  P A R A M E T E R S     
                                              APRIL                                                 
 STATION =   913660     KWAJLEIN MISSILE RANGE                                                      
    Z      MEAN P   SD P  SKEWP MEAN T  SD T SKEWT    MEAN D    SD D SKEWD  NOBSP  NOBST  NOBSD     
    KM       MB        MB       DEG K  DEG K            G/M3    G/M3                                
  0.000 1010.8999  1.4764 -0.22 301.69  1.40 -0.97 1154.0000  5.6050  0.98   418.   418.   418.     
  0.002 1010.7000  1.4748 -0.23 301.68  1.40 -0.98 1154.0000  5.6970  1.05   428.   428.   428.     
  1.000  902.3701  1.3768 -0.32 293.56  0.79 -0.17 1063.0000  3.5860 -0.06   428.   428.   428.     
  2.000  803.3701  1.2797 -0.51 288.85  1.07  0.25  963.8999  3.4250 -0.39   428.   428.   428.     
  3.000  713.6599  1.2111 -0.54 284.05  1.14  0.11  872.1001  2.9200 -0.24   428.   428.   428.     
  4.000  632.5400  1.1971 -0.37 278.56  1.04 -0.07  789.0000  2.5300 -0.20   428.   428.   428.     
  5.000  559.3301  1.1323 -0.35 273.07  1.05  0.24  712.2000  2.5050 -0.52   428.   428.   428.     
  6.000  493.3999  1.0910 -0.29 267.63  1.08  0.22  641.3000  2.3410 -0.41   428.   428.   428.     
  7.000  433.7900  1.0984 -0.10 261.65  1.13  0.10  576.8999  2.2020 -0.31   426.   426.   426.     
  8.000  380.4600  1.0647 -0.13 255.40  1.19 -0.02  518.5000  2.1020 -0.53   420.   420.   420.     
  9.000  332.4199  1.0814  0.04 248.55  1.27  0.29  465.6001  2.0480 -1.12   414.   414.   414.     
 10.000  289.4099  1.0821  0.05 240.90  1.30  0.21  418.3000  1.6310 -1.06   398.   398.   398.     
 11.000  250.8800  1.0646  0.09 232.85  1.33  0.14  375.3000  1.3300  0.10   398.   398.   398.     
 12.000  216.0100  1.0941  0.15 224.48  1.37  0.03  335.2000  1.1100  0.20   385.   385.   385.     
 13.000  185.3200  1.1056  0.19 216.16  1.49 -0.09  298.7000  1.1310  0.49   375.   375.   375.     
 14.000  157.9000  1.0862  0.24 208.13  1.54 -0.20  264.3000  1.2130  0.21   370.   370.   370.     
 15.000  133.7600  1.0331  0.25 201.01  1.40 -0.15  231.8000  1.4820 -0.48   365.   365.   365.     
 16.000  112.8400  0.9626  0.12 195.53  1.35 -0.09  201.0000  1.8750 -0.10   277.   277.   277.     
 17.000   94.7810  0.8144  0.08 192.50  1.76 -0.02  171.5000  2.2220  0.16   269.   269.   269.     
 18.000   79.4750  0.6885  0.08 194.34  2.58 -0.05  142.5000  2.4590  0.18   268.   268.   268.     
 19.000   66.9490  0.5414 -0.04 200.71  2.55  0.08  116.2000  1.7760  0.21   266.   266.   266.     
 20.000   56.6910  0.4598 -0.11 206.38  2.10  0.13   95.7000  1.0890  0.27   260.   260.   260.     
 21.000   48.2170  0.4133 -0.06 210.60  1.96  0.10   79.7600  0.8500  0.06   250.   250.   250.     
 22.000   41.1070  0.3761 -0.03 213.81  2.09  0.33   66.9800  0.7571 -0.36   249.   249.   249.     
 23.000   35.1370  0.3354  0.00 216.53  1.86  0.13   56.5300  0.5810 -0.25   244.   244.   244.     
 24.000   30.0690  0.2989  0.05 219.07  2.25  0.34   47.8200  0.5482 -0.48   244.   244.   244.     
 25.000   25.7990  0.2720  0.11 221.50  2.17  0.12   40.5800  0.4795 -0.52   239.   239.   239.     
 26.000   22.1620  0.2449  0.16 223.95  1.94  0.06   34.4700  0.3662  0.00   227.   227.   227.     
 27.000   19.0890  0.2078  0.30 226.33  1.91 -0.08   29.3800  0.3095  0.21   193.   193.   193.     
 28.000   16.4560  0.1897  0.27 228.21  1.67 -0.19   25.1200  0.2636  0.17   190.   190.   190.     
 29.000   14.2010  0.1693  0.23 230.11  1.73  0.00   21.5000  0.2451  0.22   163.   163.   163.     
 30.000   12.2790  0.1547  0.21 232.16  1.46 -0.30   18.4300  0.2064  0.05   160.   160.   160.     
 32.000    9.0910  0.1222 -0.28 236.41  2.44  0.37   13.4000  0.1895 -0.06    50.    55.    50.     
 34.000    6.8460  0.1057 -0.14 241.59  3.12  0.35    9.8870  0.1378 -0.87    51.    56.    50.     
 36.000    5.1930  0.0938  0.00 248.01  3.93  0.22    7.3070  0.1431 -0.31    50.    55.    49.     
 38.000    3.9760  0.0651  0.14 255.74  4.15  0.10    5.4200  0.1118 -0.40    50.    55.    50.     
 40.000    3.0660  0.0557  0.55 261.63  3.98 -0.52    4.0820  0.0913 -0.08    50.    55.    50.     
 42.000    2.3790  0.0440  0.58 266.25  3.53  0.12    3.1110  0.0630  0.29    50.    55.    50.     
 44.000    1.8510  0.0366  0.63 268.98  3.89  0.75    2.3970  0.0451  0.36    50.    49.    50.     
 46.000    1.4430  0.0311  0.66 270.61  3.82  0.51    1.8560  0.0321  0.14    50.    49.    50.     
 48.000    1.1270  0.0268  0.73 271.54  4.07  0.43    1.4440  0.0278  0.24    50.    47.    50.     
 50.000    0.8800  0.0224  0.72 271.22  4.18  0.04    1.1310  0.0275  0.51    50.    52.    50.     
 52.000    0.6870  0.0188  0.68 269.38  4.89  0.15    0.8880  0.0197  0.55    50.    51.    50.     
 54.000    0.5340  0.0169  0.49 267.42  4.57  0.03    0.6960  0.0160 -0.06    50.    53.    50.     
 56.000    0.4160  0.0142  0.55 264.49  5.02 -0.03    0.5480  0.0127  0.29    48.    52.    48.     
 58.000    0.3220  0.0128  0.53 260.12  6.47  0.31    0.4320  0.0110  0.06    45.    49.    45.     
 60.000    0.2470  0.0119  0.87 255.10  7.50  0.20    0.3370  0.0095  0.54    32.    34.    32.     
 62.000    0.1840  0.0058  0.98 245.26  7.05 -0.09    0.2610  0.0054  0.62    19.    21.    19.     
 64.000    0.1390  0.0052  0.87 239.90  7.89  0.07    0.2020  0.0032  0.42    17.    19.    17.     
 66.000    0.1050  0.0056  0.69 235.59 12.80  0.09    0.1550  0.0038 -0.89    13.    14.    13.     
 68.000    0.0790  0.0058  0.72 235.60 16.39 -0.39    0.1170  0.0050 -0.27     9.     9.     9.     
 70.000    1.0000  0.0000 99.99 999.99 99.99 99.99    1.0000  0.0000 99.99     3.     3.     3.     
     T A B L E  II -  5.  T H E R M O D Y N A M I C  S T A T I S T I C A L  P A R A M E T E R S     
                                              MAY                                                   
 STATION =   913660     KWAJLEIN MISSILE RANGE                                                      
    Z      MEAN P   SD P  SKEWP MEAN T  SD T SKEWT    MEAN D    SD D SKEWD  NOBSP  NOBST  NOBSD     
    KM       MB        MB       DEG K  DEG K            G/M3    G/M3                                
  0.000 1010.8000  1.3278 -0.04 301.69  1.30 -1.09 1154.0000  5.5960  1.04   438.   438.   438.     
  0.002 1010.6001  1.3313 -0.05 301.68  1.29 -1.09 1154.0000  5.5800  1.04   440.   440.   440.     
  1.000  902.3799  1.1908 -0.13 293.89  0.84 -0.43 1062.0000  3.5490  0.45   441.   441.   441.     
  2.000  803.5100  1.0240 -0.14 289.10  1.07 -0.03  962.8999  3.5290  0.15   441.   441.   441.     
  3.000  713.9099  0.9901 -0.17 284.12  1.02 -0.10  871.8999  2.8270  0.10   440.   440.   440.     
  4.000  632.7900  0.9978 -0.01 278.50  1.02  0.08  789.3000  2.5020  0.05   440.   440.   440.     
  5.000  559.5500  0.9837 -0.01 272.96  0.95 -0.30  712.7000  2.0490  0.36   440.   440.   440.     
  6.000  493.5300  1.0036 -0.14 267.45  1.05 -0.56  642.0000  2.0540  0.35   440.   440.   440.     
  7.000  433.9399  1.0321 -0.14 261.55  1.12 -0.22  577.5000  1.9540  0.00   438.   438.   438.     
  8.000  380.5200  1.0475 -0.35 255.27  1.16 -0.08  519.0000  1.6850 -0.37   431.   431.   431.     
  9.000  332.4199  1.0819 -0.29 248.29  1.27 -0.08  466.2000  1.5530 -0.15   425.   425.   425.     
 10.000  289.3799  1.1201 -0.32 240.67  1.36  0.04  418.8000  1.4120 -0.19   414.   414.   414.     
 11.000  250.8300  1.1105 -0.30 232.65  1.36 -0.13  375.6001  1.3540 -0.09   411.   411.   411.     
 12.000  215.9500  1.1380 -0.20 224.34  1.35 -0.16  335.3000  1.0510 -0.14   395.   395.   395.     
 13.000  185.2800  1.1182 -0.20 216.08  1.37 -0.30  298.7000  1.1030 -0.55   389.   389.   389.     
 14.000  157.8500  1.0848 -0.16 208.10  1.39 -0.41  264.3000  1.2670 -0.60   376.   376.   376.     
 15.000  133.7200  0.9987 -0.11 201.06  1.41  0.17  231.7000  1.5730 -0.37   370.   370.   370.     
 16.000  112.7400  0.8543  0.11 196.07  1.53  0.16  200.3000  1.7350 -0.21   281.   281.   281.     
 17.000   94.7750  0.7564  0.24 194.12  1.80 -0.04  170.1000  1.8600 -0.03   277.   277.   277.     
 18.000   79.6160  0.6832  0.38 196.62  2.00 -0.18  141.1000  1.8400  0.31   274.   274.   274.     
 19.000   67.1710  0.5608  0.32 202.24  2.06 -0.29  115.7000  1.5140  0.61   272.   272.   272.     
 20.000   56.9450  0.4803  0.29 207.27  1.88 -0.32   95.7200  1.1390  0.58   269.   269.   269.     
 21.000   48.4510  0.4160  0.16 211.13  1.75 -0.07   79.9500  0.8336  0.43   252.   252.   252.     
 22.000   41.3200  0.3727  0.20 214.03  1.80  0.09   67.2600  0.7290 -0.30   252.   252.   252.     
 23.000   35.3060  0.3192  0.35 216.67  1.70  0.16   56.7700  0.5837 -0.08   238.   238.   238.     
 24.000   30.2110  0.2847  0.44 219.26  1.99 -0.01   48.0000  0.5210 -0.10   240.   240.   240.     
 25.000   25.9140  0.2389  0.33 221.90  1.89  0.18   40.6900  0.4204 -0.10   232.   232.   232.     
 26.000   22.2570  0.1982  0.22 224.34  1.65  0.28   34.5600  0.3360 -0.02   218.   218.   218.     
 27.000   19.1510  0.1706  0.11 226.58  1.64 -0.06   29.4500  0.2918  0.26   195.   195.   195.     
 28.000   16.5150  0.1526  0.07 228.68  1.66  0.01   25.1600  0.2600  0.25   191.   191.   191.     
 29.000   14.2560  0.1308 -0.06 230.68  1.85 -0.04   21.5300  0.2324  0.45   172.   172.   172.     
 30.000   12.3300  0.1173 -0.13 232.58  1.73 -0.17   18.4700  0.1893  0.11   167.   167.   167.     
 32.000    9.2050  0.0944 -0.22 236.92  3.02  0.06   13.5400  0.1668 -0.34    69.    70.    69.     
 34.000    6.9380  0.0809 -0.08 240.95  2.87  0.25   10.0300  0.1348 -0.33    69.    70.    69.     
 36.000    5.2560  0.0751 -0.51 245.80  3.63  0.65    7.4540  0.1249 -0.47    69.    70.    69.     
 38.000    4.0110  0.0608 -0.29 251.72  4.37  0.33    5.5550  0.0870 -0.21    69.    70.    69.     
 40.000    3.0780  0.0535  0.03 258.45  3.82  0.42    4.1530  0.0720 -1.00    69.    70.    69.     
 42.000    2.3810  0.0429  0.19 262.83  3.25 -0.02    3.1560  0.0587  0.15    68.    69.    68.     
 44.000    1.8460  0.0355  0.11 266.94  3.52 -0.03    2.4080  0.0421  0.18    69.    67.    69.     
 46.000    1.4370  0.0308  0.13 268.46  4.11  0.14    1.8630  0.0286 -0.39    69.    66.    69.     
 48.000    1.1190  0.0270  0.15 268.85  4.07  0.02    1.4500  0.0259 -0.14    69.    68.    69.     
 50.000    0.8720  0.0232  0.20 267.81  4.22  0.50    1.1350  0.0226 -0.18    68.    68.    68.     
 52.000    0.6790  0.0200  0.28 266.71  4.89  0.16    0.8870  0.0188 -0.42    68.    69.    68.     
 54.000    0.5270  0.0174  0.34 263.71  5.18  0.42    0.6950  0.0158 -0.01    68.    65.    68.     
 56.000    0.4080  0.0144  0.29 261.37  5.38 -0.08    0.5430  0.0131  0.07    66.    67.    66.     
 58.000    0.3140  0.0118  0.18 258.13  6.18  0.04    0.4240  0.0096  0.22    62.    64.    62.     
 60.000    0.2400  0.0100  0.24 252.92  6.70  0.06    0.3300  0.0082 -0.01    49.    50.    49.     
 62.000    0.1830  0.0086  0.44 248.61  6.82  0.38    0.2560  0.0085 -0.40    43.    44.    43.     
 64.000    0.1390  0.0068  0.38 243.90  7.56  0.17    0.1990  0.0082 -0.35    38.    39.    38.     
 66.000    0.1060  0.0058  0.41 241.90  9.19  0.06    0.1520  0.0062 -0.10    34.    35.    34.     
 68.000    0.0810  0.0053  0.07 242.66 11.66 -0.42    0.1160  0.0049 -0.28    23.    24.    23.     
 70.000    0.0630  0.0036 -0.48 244.23 11.06 -1.04    0.0890  0.0037 -0.46    13.    14.    13.     
     T A B L E  II -  6.  T H E R M O D Y N A M I C  S T A T I S T I C A L  P A R A M E T E R S     
                                              JUNE                                                  
 STATION =   913660     KWAJLEIN MISSILE RANGE                                                      
    Z      MEAN P   SD P  SKEWP MEAN T  SD T SKEWT    MEAN D    SD D SKEWD  NOBSP  NOBST  NOBSD     
    KM       MB        MB       DEG K  DEG K            G/M3    G/M3                                
  0.000 1010.8999  1.3706  0.04 301.77  1.24 -1.29 1154.0000  5.4250  1.08   394.   394.   394.     
  0.002 1010.7000  1.3669  0.03 301.74  1.25 -1.28 1154.0000  5.5130  1.07   398.   398.   398.     
  1.000  902.5200  1.2619  0.09 293.94  0.74 -0.10 1062.0000  3.1360 -0.14   399.   399.   399.     
  2.000  803.6101  1.0904 -0.15 288.95  1.00  0.28  963.7000  3.1330  0.16   399.   399.   399.     
  3.000  713.9199  1.0621 -0.53 283.94  1.06 -0.02  872.6001  2.8490  0.16   399.   399.   399.     
  4.000  632.7900  1.0738 -0.57 278.35  1.08  0.18  789.8000  2.6570 -0.47   399.   399.   399.     
  5.000  559.4399  1.0485 -0.61 272.76  1.00  0.34  713.1001  2.2640 -0.91   399.   399.   399.     
  6.000  493.3999  1.0272 -0.57 267.20  1.00  0.26  642.3999  2.1790 -0.93   395.   395.   395.     
  7.000  433.7900  1.0168 -0.36 261.23  1.07  0.26  577.8999  2.1800 -0.99   389.   389.   389.     
  8.000  380.3101  1.0134 -0.37 254.85  1.13  0.20  519.5000  2.1090 -1.48   387.   387.   387.     
  9.000  332.1899  1.0273 -0.11 247.89  1.28  0.08  466.6001  2.1400 -2.22   377.   377.   377.     
 10.000  289.1201  1.0632 -0.01 240.25  1.34  0.10  419.0000  2.0100 -3.88   366.   366.   366.     
 11.000  250.5700  1.0343  0.18 232.12  1.37  0.11  376.0000  1.3670 -0.12   360.   360.   360.     
 12.000  215.6400  1.0561  0.22 223.76  1.36  0.18  335.7000  1.0330  0.04   356.   356.   356.     
 13.000  184.9500  1.0501  0.30 215.45  1.41  0.14  299.1001  1.0540  0.29   348.   348.   348.     
 14.000  157.5200  1.0296  0.39 207.55  1.47  0.22  264.3999  1.1790 -0.30   341.   341.   341.     
 15.000  133.4200  0.9664  0.46 200.81  1.65  0.04  231.5000  1.6260 -0.21   337.   337.   337.     
 16.000  112.5100  0.9293  0.34 196.63  1.70  0.13  199.3000  1.8720  0.07   254.   254.   254.     
 17.000   94.6690  0.8000  0.35 196.00  2.18  0.08  168.3000  2.3690  0.29   250.   250.   250.     
 18.000   79.7100  0.6928  0.42 199.60  2.42 -0.08  139.1000  2.0090  0.50   249.   249.   249.     
 19.000   67.3980  0.5680  0.30 204.14  1.95 -0.23  115.0000  1.4960  0.60   249.   249.   249.     
 20.000   57.2000  0.4871  0.25 208.36  1.70  0.01   95.6400  1.0410  0.45   247.   247.   247.     
 21.000   48.7040  0.4272  0.20 211.79  1.67 -0.14   80.1200  0.7722  0.06   236.   236.   236.     
 22.000   41.5530  0.3885  0.20 214.27  1.82 -0.09   67.5600  0.6805 -0.16   235.   235.   235.     
 23.000   35.5170  0.3419  0.27 216.81  1.66 -0.17   57.0700  0.5350  0.05   229.   229.   229.     
 24.000   30.3990  0.3133  0.26 219.42  1.89  0.07   48.2700  0.4950  0.12   228.   228.   228.     
 25.000   26.0880  0.2767  0.19 221.82  1.83  0.05   40.9700  0.4370  0.10   228.   228.   228.     
 26.000   22.4070  0.2433  0.27 224.13  1.72 -0.23   34.8300  0.3685  0.35   217.   217.   217.     
 27.000   19.2880  0.2165  0.29 226.45  1.84  0.02   29.6700  0.3295  0.24   187.   187.   187.     
 28.000   16.6290  0.1945  0.22 228.48  1.78 -0.29   25.3500  0.2817  0.42   184.   184.   184.     
 29.000   14.3530  0.1759  0.15 230.44  2.01 -0.06   21.7000  0.2652  0.33   164.   164.   164.     
 30.000   12.4070  0.1588  0.09 231.89  2.12 -0.15   18.6400  0.2412  0.22   163.   163.   163.     
 32.000    9.2210  0.1167  0.45 235.16  3.95  1.09   13.6700  0.2007 -0.13    65.    67.    63.     
 34.000    6.9400  0.1046  1.05 238.92  3.44  0.80   10.1200  0.1291  0.06    64.    68.    63.     
 36.000    5.2470  0.0957  0.69 244.56  3.60  0.13    7.4700  0.1518 -0.91    63.    67.    63.     
 38.000    4.0030  0.0714  1.65 250.92  3.55  0.44    5.5540  0.0963  0.34    63.    68.    63.     
 40.000    3.0680  0.0607  1.52 255.57  3.65  0.24    4.1800  0.0638  0.51    63.    68.    63.     
 42.000    2.3640  0.0529  1.58 259.82  4.09  0.44    3.1690  0.0522  0.02    63.    68.    63.     
 44.000    1.8290  0.0451  1.56 264.81  3.75 -0.29    2.4060  0.0511  0.82    63.    68.    63.     
 46.000    1.4220  0.0379  1.52 267.21  4.30  0.67    1.8500  0.0387  0.19    62.    61.    62.     
 48.000    1.1070  0.0325  1.58 268.27  4.29  0.49    1.4370  0.0327  0.67    62.    66.    62.     
 50.000    0.8620  0.0273  1.58 268.22  4.20  0.49    1.1180  0.0300  1.00    62.    63.    62.     
 52.000    0.6710  0.0227  1.51 266.40  4.73 -0.17    0.8770  0.0250  1.26    62.    66.    62.     
 54.000    0.5220  0.0195  1.29 265.32  6.25  0.21    0.6850  0.0213  0.99    60.    64.    60.     
 56.000    0.4040  0.0165  1.26 262.31  6.31  0.00    0.5350  0.0161  0.97    56.    58.    56.     
 58.000    0.3130  0.0146  1.12 259.00  7.02 -0.12    0.4200  0.0130  0.53    53.    56.    53.     
 60.000    0.2390  0.0135  1.36 254.92  7.43  0.12    0.3260  0.0129  0.90    39.    42.    39.     
 62.000    0.1810  0.0091  1.34 249.86  7.93 -0.12    0.2520  0.0083  1.32    28.    30.    28.     
 64.000    0.1370  0.0054  0.15 243.78  9.48 -0.17    0.1960  0.0051  0.24    25.    26.    25.     
 66.000    0.1050  0.0047 -0.26 241.69  9.72 -0.77    0.1520  0.0042  0.22    19.    19.    19.     
 68.000    0.0800  0.0044 -0.59 241.83  9.69 -0.73    0.1160  0.0034 -0.30    12.    12.    12.     
 70.000    0.0620  0.0019 -0.90 248.66  4.09 -0.37    0.0870  0.0015 -0.65     6.     6.     6.     
     T A B L E  II -  7.  T H E R M O D Y N A M I C  S T A T I S T I C A L  P A R A M E T E R S     
                                              JULY                                                  
 STATION =   913660     KWAJLEIN MISSILE RANGE                                                      
    Z      MEAN P   SD P  SKEWP MEAN T  SD T SKEWT    MEAN D    SD D SKEWD  NOBSP  NOBST  NOBSD     
    KM       MB        MB       DEG K  DEG K            G/M3    G/M3                                
  0.000 1010.3000  1.4185  0.00 301.70  1.26 -1.16 1153.0000  5.6670  0.98   399.   399.   399.     
  0.002 1010.0000  1.4161  0.00 301.69  1.26 -1.16 1153.0000  5.6590  0.98   400.   400.   400.     
  1.000  901.9299  1.3230 -0.04 294.01  0.74 -0.32 1061.0000  3.1210  0.05   400.   400.   400.     
  2.000  803.1499  1.1363 -0.19 288.94  0.93  0.00  963.0000  3.1600 -0.08   400.   400.   400.     
  3.000  713.5601  1.0996 -0.17 283.92  0.94 -0.17  872.1001  2.8540  0.09   400.   400.   400.     
  4.000  632.4199  1.0617 -0.20 278.30  0.94  0.08  789.3999  2.6200 -0.09   400.   400.   400.     
  5.000  559.1599  0.9435 -0.23 272.75  0.95 -0.41  712.7000  2.3620  0.54   400.   400.   400.     
  6.000  493.1499  0.8893 -0.29 267.24  0.90 -0.03  642.0000  1.9920 -0.04   400.   400.   400.     
  7.000  433.5400  0.9287 -0.10 261.32  0.95 -0.04  577.3999  1.9320  0.10   398.   398.   398.     
  8.000  380.1499  0.8420 -0.21 254.93  0.98 -0.02  519.2000  1.7320  0.13   394.   394.   394.     
  9.000  332.0601  0.8063 -0.25 247.92  1.08 -0.14  466.5000  1.6900  0.22   382.   382.   382.     
 10.000  288.9800  0.8653 -0.21 240.22  1.22 -0.13  419.0000  1.5000  0.11   367.   367.   367.     
 11.000  250.4400  0.8625 -0.21 232.14  1.31 -0.03  375.8000  1.3730  0.09   358.   358.   358.     
 12.000  215.5100  0.8851 -0.09 223.67  1.31  0.05  335.7000  1.0710  0.21   352.   352.   352.     
 13.000  184.8200  0.9017  0.02 215.34  1.32  0.16  299.0000  0.9265  0.03   341.   341.   341.     
 14.000  157.3700  0.8871  0.09 207.32  1.38  0.26  264.3999  1.1550 -0.36   335.   335.   335.     
 15.000  133.2600  0.8460  0.09 200.54  1.50 -0.26  231.5000  1.5990 -0.04   334.   334.   334.     
 16.000  112.3600  0.7887 -0.07 196.84  1.75 -0.45  198.9000  2.1120  0.21   269.   269.   269.     
 17.000   94.5810  0.6550 -0.16 197.39  2.27 -0.28  166.9000  2.4750  0.40   263.   263.   263.     
 18.000   79.7810  0.5251 -0.22 202.28  2.24  0.41  137.4000  1.7830  0.21   261.   261.   261.     
 19.000   67.6050  0.4329 -0.35 206.44  1.81  0.08  114.1000  1.2360  0.03   256.   256.   256.     
 20.000   57.4570  0.3716 -0.41 209.84  1.65  0.07   95.3900  0.8881  0.17   249.   249.   249.     
 21.000   48.9490  0.3336 -0.34 212.45  1.82 -0.06   80.2700  0.7204 -0.01   239.   239.   239.     
 22.000   41.7800  0.3087 -0.29 214.64  1.82  0.02   67.8100  0.5801 -0.44   238.   238.   238.     
 23.000   35.7230  0.2804 -0.26 216.89  1.82  0.14   57.3800  0.4805 -0.27   226.   226.   226.     
 24.000   30.5760  0.2603 -0.27 219.19  2.08  0.21   48.6000  0.4862  0.14   224.   224.   224.     
 25.000   26.2300  0.2406 -0.26 221.58  1.94  0.01   41.2400  0.3758  0.20   217.   217.   217.     
 26.000   22.5290  0.2144 -0.34 223.77  1.81 -0.07   35.0700  0.2991  0.29   202.   202.   202.     
 27.000   19.3700  0.1893 -0.34 225.76  2.03  0.11   29.8900  0.3019  0.18   169.   169.   169.     
 28.000   16.6970  0.1716 -0.32 227.66  2.10  0.06   25.5500  0.2726 -0.12   167.   167.   167.     
 29.000   14.3920  0.1527 -0.24 229.26  2.33 -0.16   21.8700  0.2352 -0.21   140.   140.   140.     
 30.000   12.4300  0.1435 -0.21 230.58  2.22 -0.18   18.7800  0.1950 -0.30   138.   138.   138.     
 32.000    9.2160  0.1358  0.27 233.16  3.28  0.36   13.7800  0.1698 -0.36    52.    55.    52.     
 34.000    6.9100  0.1236  0.32 236.65  4.16 -0.10   10.1800  0.1491  0.12    52.    56.    51.     
 36.000    5.2110  0.1154  0.15 241.12  4.44  0.02    7.5350  0.1320 -0.18    52.    56.    52.     
 38.000    3.9550  0.0948  0.02 248.00  5.27 -0.36    5.5550  0.1066  0.09    52.    56.    52.     
 40.000    3.0260  0.0839  0.04 253.45  3.61  0.00    4.1630  0.0955  0.43    51.    55.    51.     
 42.000    2.3270  0.0693 -0.06 258.61  3.84 -0.09    3.1350  0.0755  0.62    51.    55.    51.     
 44.000    1.7990  0.0581 -0.11 263.20  4.43  0.42    2.3790  0.0613  0.12    51.    54.    51.     
 46.000    1.3950  0.0489 -0.13 264.97  5.07 -0.07    1.8330  0.0528 -0.05    51.    54.    51.     
 48.000    1.0860  0.0404 -0.20 266.38  5.23  0.16    1.4210  0.0408  0.03    49.    50.    49.     
 50.000    0.8440  0.0341 -0.23 267.00  5.46 -0.11    1.1020  0.0381 -0.19    49.    51.    49.     
 52.000    0.6560  0.0280 -0.19 265.94  6.01  0.06    0.8590  0.0345 -0.27    49.    50.    49.     
 54.000    0.5100  0.0232 -0.19 264.91  6.67  0.41    0.6720  0.0277 -0.47    47.    49.    47.     
 56.000    0.3960  0.0193 -0.14 261.32  6.71 -0.22    0.5280  0.0208 -0.54    47.    50.    47.     
 58.000    0.3050  0.0164 -0.01 257.65  7.30 -0.06    0.4120  0.0157 -0.68    45.    47.    45.     
 60.000    0.2320  0.0145  0.14 253.61  7.59  0.27    0.3200  0.0149 -0.30    39.    42.    39.     
 62.000    0.1760  0.0104  0.90 248.63  7.31  0.34    0.2470  0.0112  0.51    30.    32.    30.     
 64.000    0.1310  0.0060  0.76 239.98  8.16  0.05    0.1900  0.0070  0.67    22.    22.    22.     
 66.000    0.0990  0.0056  0.57 234.40 10.87  0.43    0.1480  0.0063  0.31    17.    17.    17.     
 68.000    0.0770  0.0055 -0.08 243.91 11.62 -0.36    0.1100  0.0061 -0.08     8.     8.     8.     
 70.000    1.0000  0.0000 99.99 999.99 99.99 99.99    1.0000  0.0000 99.99     5.     5.     5.     
     T A B L E  II -  8.  T H E R M O D Y N A M I C  S T A T I S T I C A L  P A R A M E T E R S     
                                              AUGUST                                                
 STATION =   913660     KWAJLEIN MISSILE RANGE                                                      
    Z      MEAN P   SD P  SKEWP MEAN T  SD T SKEWT    MEAN D    SD D SKEWD  NOBSP  NOBST  NOBSD     
    KM       MB        MB       DEG K  DEG K            G/M3    G/M3                                
  0.000 1010.7000  1.3063 -0.08 301.82  1.30 -0.83 1153.0000  5.6440  0.67   421.   421.   421.     
  0.002 1010.5000  1.3019 -0.07 301.81  1.29 -0.83 1153.0000  5.6220  0.68   424.   424.   424.     
  1.000  902.2700  1.1845  0.03 294.00  0.70  0.07 1061.0000  3.0560 -0.44   425.   425.   425.     
  2.000  803.3899  0.9951 -0.01 288.81  0.86  0.21  963.7000  3.1420 -0.53   425.   425.   425.     
  3.000  713.6799  0.9734 -0.12 283.81  0.88 -0.15  872.6001  2.7770 -0.27   425.   425.   425.     
  4.000  632.4700  0.9256 -0.17 278.20  0.85 -0.22  789.8000  2.2810 -0.36   424.   424.   424.     
  5.000  559.2100  0.8334 -0.25 272.59  0.79 -0.21  713.3000  2.0340 -0.51   424.   424.   424.     
  6.000  493.1499  0.8252 -0.24 267.06  0.87  0.19  642.3999  2.0120 -1.02   423.   423.   423.     
  7.000  433.4800  0.8504 -0.28 261.16  0.93 -0.01  577.7000  1.8910 -1.07   421.   421.   421.     
  8.000  380.0801  0.8310 -0.29 254.77  0.98 -0.24  519.3999  1.8060 -1.53   418.   418.   418.     
  9.000  331.9500  0.8502 -0.26 247.73  1.11 -0.18  466.7000  1.7870 -1.66   411.   411.   411.     
 10.000  288.8401  0.8827 -0.31 239.98  1.19 -0.03  419.2000  1.8810 -4.23   408.   408.   408.     
 11.000  250.2800  0.8876 -0.35 231.91  1.26 -0.14  375.8999  1.2500  0.40   400.   400.   400.     
 12.000  215.3400  0.9158 -0.24 223.45  1.22  0.05  335.7000  0.9068  0.07   386.   386.   386.     
 13.000  184.6200  0.9282 -0.21 215.06  1.17 -0.03  299.1001  0.7970 -0.17   376.   376.   376.     
 14.000  157.1800  0.9044 -0.15 207.02  1.19  0.01  264.5000  1.1260 -0.35   369.   369.   369.     
 15.000  133.0400  0.8281 -0.11 200.50  1.33  0.08  231.2000  1.6980 -0.40   362.   362.   362.     
 16.000  112.2900  0.7388 -0.30 197.59  1.74 -0.27  198.0000  2.1960 -0.17   268.   268.   268.     
 17.000   94.5640  0.5799  0.01 198.44  2.30 -0.40  166.0000  2.2930  0.36   265.   265.   265.     
 18.000   79.8220  0.4884  0.22 202.77  2.11  0.07  137.2000  1.6890  0.01   266.   266.   266.     
 19.000   67.6480  0.4097 -0.07 206.61  2.06 -0.05  114.1000  1.1540  0.15   263.   263.   263.     
 20.000   57.4920  0.3832 -0.17 209.47  2.11  0.04   95.6200  0.8996  0.21   259.   259.   259.     
 21.000   48.9650  0.3582 -0.23 211.96  2.10  0.06   80.4800  0.7197 -0.38   252.   252.   252.     
 22.000   41.7800  0.3434 -0.26 214.20  2.02 -0.29   67.9500  0.5421 -0.32   251.   251.   251.     
 23.000   35.7110  0.3201 -0.29 216.37  1.92 -0.35   57.5000  0.4115 -0.23   243.   243.   243.     
 24.000   30.5550  0.3033 -0.28 218.54  2.09 -0.55   48.7100  0.4093 -0.20   243.   243.   243.     
 25.000   26.2030  0.2822 -0.24 220.83  1.99 -0.08   41.3400  0.3770 -0.17   239.   239.   239.     
 26.000   22.4950  0.2517 -0.26 222.94  1.97 -0.14   35.1500  0.3563 -0.07   228.   228.   228.     
 27.000   19.3400  0.2290 -0.24 225.06  2.16  0.11   29.9400  0.3372 -0.04   196.   196.   196.     
 28.000   16.6660  0.2074 -0.22 227.00  1.93  0.14   25.5800  0.2766 -0.23   192.   192.   192.     
 29.000   14.3550  0.1854 -0.20 228.73  2.28  0.19   21.8600  0.2524 -0.53   156.   156.   156.     
 30.000   12.3970  0.1714 -0.13 230.00  2.41 -0.02   18.7800  0.2182 -0.91   154.   154.   154.     
 32.000    9.1270  0.1297  0.26 232.46  3.39 -0.07   13.6800  0.1918 -0.43    81.    86.    81.     
 34.000    6.8480  0.1097  0.47 236.59  3.48 -0.06   10.0800  0.1571 -0.20    80.    86.    80.     
 36.000    5.1640  0.0935  0.50 241.78  3.61  0.06    7.4450  0.1222  0.06    81.    87.    81.     
 38.000    3.9230  0.0816  0.40 248.56  4.50 -0.12    5.5040  0.0893  0.14    81.    87.    81.     
 40.000    3.0010  0.0715  0.32 255.17  5.03 -0.13    4.1030  0.0850 -0.11    80.    86.    80.     
 42.000    2.3120  0.0613  0.30 261.27  4.45  0.25    3.0840  0.0696  0.09    80.    85.    80.     
 44.000    1.7910  0.0519  0.39 265.59  4.82  0.06    2.3510  0.0567 -0.33    80.    84.    80.     
 46.000    1.3920  0.0446  0.41 268.51  5.39  0.10    1.8080  0.0442  0.31    79.    83.    79.     
 48.000    1.0850  0.0379  0.39 270.53  5.17  0.21    1.4000  0.0407  0.37    79.    83.    79.     
 50.000    0.8460  0.0316  0.36 269.67  5.19  0.19    1.0950  0.0336  0.35    79.    84.    79.     
 52.000    0.6590  0.0265  0.33 266.94  5.68  0.16    0.8590  0.0287  0.23    79.    79.    79.     
 54.000    0.5120  0.0222  0.32 264.98  5.78 -0.59    0.6730  0.0244  0.19    78.    82.    78.     
 56.000    0.3980  0.0182  0.28 263.42  5.41 -0.56    0.5260  0.0207  0.08    77.    82.    77.     
 58.000    0.3080  0.0148  0.31 261.41  5.73  0.02    0.4100  0.0158  0.12    75.    81.    75.     
 60.000    0.2360  0.0127  0.06 256.60  6.08  0.02    0.3210  0.0121 -0.13    65.    68.    65.     
 62.000    0.1780  0.0085  0.58 250.85  6.99  0.17    0.2480  0.0074  0.23    48.    48.    48.     
 64.000    0.1360  0.0064  0.34 247.43  8.07  0.00    0.1910  0.0055 -0.46    41.    41.    41.     
 66.000    0.1040  0.0053  0.46 246.16  9.72  0.05    0.1480  0.0057 -0.77    35.    35.    35.     
 68.000    0.0810  0.0045 -0.11 248.64  8.95 -0.41    0.1130  0.0044 -0.23    21.    21.    21.     
 70.000    0.0630  0.0036 -0.12 250.52  9.07 -0.81    0.0870  0.0029  0.18    14.    14.    14.     
     T A B L E  II -  9.  T H E R M O D Y N A M I C  S T A T I S T I C A L  P A R A M E T E R S     
                                              SEPTEMBER                                             
 STATION =   913660     KWAJLEIN MISSILE RANGE                                                      
    Z      MEAN P   SD P  SKEWP MEAN T  SD T SKEWT    MEAN D    SD D SKEWD  NOBSP  NOBST  NOBSD     
    KM       MB        MB       DEG K  DEG K            G/M3    G/M3                                
  0.000 1010.3999  1.3917  0.02 301.91  1.46 -0.68 1153.0000  6.0930  0.62   420.   420.   420.     
  0.002 1010.2000  1.3906  0.02 301.89  1.47 -0.69 1152.0000  6.0950  0.62   423.   423.   423.     
  1.000  902.0701  1.3104 -0.17 294.14  0.78 -0.12 1060.0000  3.0450  0.22   423.   423.   423.     
  2.000  803.3401  1.1404 -0.20 288.86  0.92  0.04  963.3000  3.1920 -0.07   423.   423.   423.     
  3.000  713.6699  1.1055 -0.35 283.84  0.94  0.10  872.3999  2.7080 -0.03   423.   423.   423.     
  4.000  632.4500  1.1055 -0.39 278.25  0.94  0.09  789.5000  2.4110 -0.09   423.   423.   423.     
  5.000  559.2400  1.0078 -0.18 272.69  0.90  0.09  712.8999  2.1420 -0.44   423.   423.   423.     
  6.000  493.2100  1.0113 -0.25 267.20  0.88  0.04  642.1001  2.0400 -0.51   424.   424.   424.     
  7.000  433.5701  1.0090 -0.17 261.36  0.92  0.20  577.3999  1.9390 -0.86   424.   424.   424.     
  8.000  380.2100  0.9499 -0.12 255.08  1.04  0.35  519.0000  1.8380 -1.05   423.   423.   423.     
  9.000  332.1299  0.9501  0.00 248.10  1.15  0.25  466.2000  1.7830 -1.37   419.   419.   419.     
 10.000  289.0901  0.9835 -0.02 240.46  1.22  0.34  418.7000  1.5610 -1.95   407.   407.   407.     
 11.000  250.5600  0.9653  0.04 232.39  1.28  0.46  375.6001  1.4840 -2.38   402.   402.   402.     
 12.000  215.6600  0.9816  0.14 223.93  1.24  0.52  335.5000  0.9913 -0.27   397.   397.   397.     
 13.000  184.9900  0.9862  0.21 215.50  1.23  0.49  299.0000  0.9735 -0.36   383.   383.   383.     
 14.000  157.5700  0.9334  0.44 207.44  1.34  0.62  264.6001  1.2560 -1.03   370.   370.   370.     
 15.000  133.4300  0.8722  0.48 200.69  1.40  0.48  231.6000  1.6620 -0.74   358.   358.   358.     
 16.000  112.5200  0.7958  0.40 197.09  1.68 -0.33  198.9000  2.1500  0.25   254.   254.   254.     
 17.000   94.7040  0.6648  0.52 197.21  2.37 -0.53  167.3000  2.4620  0.65   250.   250.   250.     
 18.000   79.8590  0.5614  0.57 201.41  2.53  0.12  138.1000  1.8750  0.50   248.   248.   248.     
 19.000   67.6180  0.4947  0.66 205.57  2.26  0.06  114.6000  1.2370  0.00   244.   244.   244.     
 20.000   57.4240  0.4612  0.57 208.75  2.22  0.13   95.8400  0.9029  0.29   241.   241.   241.     
 21.000   48.8880  0.4442  0.53 211.33  2.04  0.37   80.5900  0.7034  0.23   233.   233.   233.     
 22.000   41.6910  0.4197  0.55 213.41  1.87  0.29   68.0600  0.5510  0.20   233.   233.   233.     
 23.000   35.6200  0.3762  0.59 215.95  1.74  0.17   57.4600  0.4673  0.33   229.   229.   229.     
 24.000   30.4670  0.3487  0.63 218.57  2.09  0.19   48.5600  0.4638  0.30   230.   230.   230.     
 25.000   26.1290  0.3235  0.65 220.78  2.00 -0.14   41.2300  0.4423  0.21   223.   223.   223.     
 26.000   22.4320  0.2932  0.64 222.91  1.94 -0.28   35.0600  0.4210  0.33   215.   215.   215.     
 27.000   19.2920  0.2600  0.62 225.06  2.18  0.04   29.8600  0.4116  0.44   200.   200.   200.     
 28.000   16.6160  0.2247  0.46 227.30  1.82 -0.08   25.4700  0.3430  0.37   196.   196.   196.     
 29.000   14.3230  0.1942  0.43 229.21  2.08  0.00   21.7700  0.2969  0.35   158.   158.   158.     
 30.000   12.3730  0.1758  0.35 230.92  1.94 -0.29   18.6700  0.2595  0.24   159.   159.   159.     
 32.000    9.1410  0.1542 -0.08 235.73  3.83  0.20   13.5300  0.2680 -0.80    80.    84.    80.     
 34.000    6.8800  0.1258  0.09 239.96  3.68 -0.37   10.0000  0.1863 -0.46    80.    84.    80.     
 36.000    5.2050  0.1098  0.04 245.80  4.03 -0.18    7.3820  0.1488 -0.27    80.    84.    80.     
 38.000    3.9750  0.0879  0.19 252.22  3.93  0.26    5.4930  0.1139 -0.11    80.    84.    80.     
 40.000    3.0500  0.0733  0.29 258.70  4.57  0.19    4.1120  0.0929  0.03    80.    84.    80.     
 42.000    2.3610  0.0613  0.11 264.59  4.35  0.27    3.1120  0.0808  0.18    79.    82.    79.     
 44.000    1.8350  0.0496  0.09 268.82  4.19 -0.17    2.3800  0.0651  0.08    79.    82.    79.     
 46.000    1.4300  0.0399  0.08 270.05  4.03  0.10    1.8450  0.0515  0.23    79.    75.    79.     
 48.000    1.1150  0.0328  0.05 269.82  4.89  0.08    1.4400  0.0384 -0.20    79.    76.    79.     
 50.000    0.8700  0.0270  0.05 270.07  4.76  0.20    1.1220  0.0330  0.10    79.    76.    79.     
 52.000    0.6780  0.0223  0.04 269.41  4.93  0.30    0.8780  0.0251  0.07    79.    79.    79.     
 54.000    0.5290  0.0186 -0.01 268.92  4.56 -0.08    0.6850  0.0199  0.35    79.    80.    79.     
 56.000    0.4120  0.0157 -0.15 266.27  5.47 -0.04    0.5390  0.0166  0.32    75.    76.    75.     
 58.000    0.3200  0.0134 -0.18 262.60  6.06 -0.11    0.4240  0.0138 -0.11    75.    77.    75.     
 60.000    0.2460  0.0115 -0.06 258.61  6.69 -0.24    0.3320  0.0116  0.14    63.    66.    63.     
 62.000    0.1880  0.0102  0.30 252.24  9.09 -0.14    0.2590  0.0103  1.28    47.    48.    47.     
 64.000    0.1410  0.0078  0.34 245.40 10.08  0.19    0.2010  0.0081  0.73    37.    37.    37.     
 66.000    0.1080  0.0067  0.04 242.87 11.17 -0.14    0.1550  0.0062 -0.16    28.    28.    28.     
 68.000    0.0820  0.0057 -0.51 245.33 10.05 -0.37    0.1160  0.0061 -0.92    18.    18.    18.     
 70.000    0.0630  0.0039 -0.40 247.23  8.54  0.40    0.0890  0.0034 -0.29    15.    15.    15.     
     T A B L E  II - 10.  T H E R M O D Y N A M I C  S T A T I S T I C A L  P A R A M E T E R S     
                                              OCTOBER                                               
 STATION =   913660     KWAJLEIN MISSILE RANGE                                                      
    Z      MEAN P   SD P  SKEWP MEAN T  SD T SKEWT    MEAN D    SD D SKEWD  NOBSP  NOBST  NOBSD     
    KM       MB        MB       DEG K  DEG K            G/M3    G/M3                                
  0.000 1010.3000  1.5358 -0.50 301.84  1.38 -1.01 1153.0000  5.8800  1.04   438.   438.   438.     
  0.002 1010.1001  1.5318 -0.51 301.82  1.39 -1.01 1153.0000  5.9920  1.06   442.   442.   442.     
  1.000  902.0000  1.4095 -0.27 294.04  0.77  0.21 1060.0000  3.4300 -0.21   442.   442.   442.     
  2.000  803.2200  1.1934 -0.45 288.86  0.93  0.15  963.2000  3.4330 -0.26   442.   442.   442.     
  3.000  713.5901  1.1581 -0.32 283.90  0.97 -0.11  872.1001  2.8970 -0.13   442.   442.   442.     
  4.000  632.3999  1.1103 -0.12 278.31  0.96 -0.08  789.3000  2.5750 -0.52   442.   442.   442.     
  5.000  559.2000  1.0122 -0.13 272.74  0.93 -0.17  712.7000  2.4600 -0.72   442.   442.   442.     
  6.000  493.1899  0.9712 -0.09 267.27  1.00 -0.06  641.8999  2.4130 -0.90   440.   440.   440.     
  7.000  433.6001  0.9486 -0.11 261.40  0.97 -0.58  577.3000  2.1330 -0.74   439.   439.   439.     
  8.000  380.2100  0.9239 -0.29 255.13  1.03 -0.43  518.8000  1.9960 -1.45   437.   437.   437.     
  9.000  332.1399  0.9135 -0.39 248.21  1.19 -0.45  466.0000  2.0470 -1.73   435.   435.   435.     
 10.000  289.1299  0.9414 -0.54 240.51  1.33 -0.29  418.6001  1.9060 -2.02   426.   426.   426.     
 11.000  250.6000  0.9449 -0.71 232.40  1.39 -0.18  375.6001  1.4620 -0.33   418.   418.   418.     
 12.000  215.6900  0.9523 -0.85 224.00  1.38 -0.41  335.3999  1.1500 -0.12   411.   411.   411.     
 13.000  185.0300  0.9684 -0.87 215.68  1.34 -0.49  298.8999  1.0220 -0.21   394.   394.   394.     
 14.000  157.6100  0.9450 -0.90 207.75  1.38 -0.32  264.3000  1.3650 -0.57   380.   380.   380.     
 15.000  133.5000  0.8907 -0.94 200.90  1.41  0.07  231.5000  1.5580 -0.42   374.   374.   374.     
 16.000  112.5500  0.7140  0.01 196.40  1.64  0.23  199.6000  1.8900 -0.31   263.   263.   263.     
 17.000   94.6830  0.6127 -0.03 195.41  2.06 -0.07  168.8000  2.0420  0.22   262.   262.   262.     
 18.000   79.6630  0.5403  0.05 198.94  2.76 -0.14  139.5000  2.0500  0.43   263.   263.   263.     
 19.000   67.3380  0.4842  0.09 203.80  2.46 -0.20  115.1000  1.3920  0.52   263.   263.   263.     
 20.000   57.1270  0.4540  0.22 207.62  2.37  0.00   95.8600  0.9847  0.30   259.   259.   259.     
 21.000   48.6220  0.4281  0.33 210.66  2.32 -0.01   80.4100  0.7411 -0.33   243.   243.   243.     
 22.000   41.4460  0.4107  0.36 213.17  2.21 -0.09   67.7400  0.6208 -0.47   243.   243.   243.     
 23.000   35.4100  0.3780  0.32 215.73  2.05 -0.43   57.1800  0.5290  0.08   237.   237.   237.     
 24.000   30.2750  0.3547  0.28 218.37  2.16 -0.32   48.3000  0.5359  0.09   241.   241.   241.     
 25.000   25.9650  0.3191  0.27 220.98  1.92 -0.49   40.9300  0.4940  0.15   241.   241.   241.     
 26.000   22.3040  0.2810  0.28 223.56  1.76 -0.06   34.7600  0.4610 -0.01   236.   236.   236.     
 27.000   19.1980  0.2309  0.43 225.97  2.05  0.29   29.6000  0.4190  0.21   211.   211.   211.     
 28.000   16.5480  0.2024  0.40 228.02  1.96  0.10   25.2800  0.3703  0.22   209.   209.   209.     
 29.000   14.2710  0.1697  0.41 229.84  2.20 -0.25   21.6300  0.3341  0.40   182.   182.   182.     
 30.000   12.3380  0.1475  0.35 231.81  2.20 -0.19   18.5400  0.2820  0.42   179.   179.   179.     
 32.000    9.1900  0.1467  0.35 237.18  3.17 -0.09   13.5100  0.1920  0.02    59.    62.    58.     
 34.000    6.9400  0.1206  0.62 242.13  3.72 -0.09    9.9910  0.1339 -0.07    59.    62.    59.     
 36.000    5.2670  0.1096  0.37 248.29  4.18  0.26    7.3980  0.1458 -0.08    59.    62.    59.     
 38.000    4.0320  0.0883  0.65 255.19  4.25  0.02    5.5080  0.1027  0.36    59.    62.    59.     
 40.000    3.1010  0.0757  0.61 259.93  4.03 -0.48    4.1540  0.0903  0.45    59.    62.    59.     
 42.000    2.4030  0.0613  0.58 264.86  3.98  0.10    3.1590  0.0757  0.46    59.    61.    59.     
 44.000    1.8670  0.0506  0.55 267.14  4.28 -0.39    2.4330  0.0562  0.14    59.    59.    59.     
 46.000    1.4520  0.0427  0.58 268.77  4.66  0.27    1.8820  0.0441 -0.05    59.    59.    59.     
 48.000    1.1330  0.0364  0.56 271.00  4.97 -0.10    1.4550  0.0367  0.36    59.    56.    59.     
 50.000    0.8850  0.0309  0.47 272.34  4.83 -0.32    1.1320  0.0293  0.68    59.    56.    59.     
 52.000    0.6910  0.0258  0.36 270.94  4.69 -0.16    0.8890  0.0280  0.54    59.    58.    59.     
 54.000    0.5390  0.0214  0.27 267.58  4.50 -0.59    0.7000  0.0232  0.38    59.    55.    59.     
 56.000    0.4190  0.0177  0.20 264.36  4.23 -0.39    0.5520  0.0197  0.42    58.    60.    58.     
 58.000    0.3240  0.0152  0.16 260.40  5.09 -0.29    0.4330  0.0161  0.29    56.    58.    56.     
 60.000    0.2500  0.0127  0.24 256.74  6.14 -0.30    0.3390  0.0123  0.47    48.    50.    48.     
 62.000    0.1900  0.0099  0.38 252.78  6.42 -0.14    0.2620  0.0098  0.74    37.    39.    37.     
 64.000    0.1460  0.0081  0.54 249.42  8.39 -0.47    0.2030  0.0069  0.47    33.    35.    33.     
 66.000    0.1120  0.0049  0.11 248.12  8.92 -0.40    0.1570  0.0041  0.40    25.    26.    25.     
 68.000    0.0870  0.0033  0.30 249.72  6.05  0.07    0.1210  0.0040  0.23    15.    16.    15.     
 70.000    0.0660  0.0026  0.44 248.43  7.20  0.24    0.0920  0.0025 -0.20    10.    11.    10.     
     T A B L E  II - 11.  T H E R M O D Y N A M I C  S T A T I S T I C A L  P A R A M E T E R S     
                                              NOVEMBER                                              
 STATION =   913660     KWAJLEIN MISSILE RANGE                                                      
    Z      MEAN P   SD P  SKEWP MEAN T  SD T SKEWT    MEAN D    SD D SKEWD  NOBSP  NOBST  NOBSD     
    KM       MB        MB       DEG K  DEG K            G/M3    G/M3                                
  0.000 1010.0000  1.5943 -0.14 301.76  1.46 -0.88 1153.0000  6.1990  0.83   411.   411.   411.     
  0.002 1009.7000  1.6083 -0.14 301.75  1.47 -0.89 1153.0000  6.1840  0.83   415.   415.   415.     
  1.000  901.6399  1.4700 -0.16 293.92  0.83 -0.33 1061.0000  3.6580  0.11   416.   416.   416.     
  2.000  802.8301  1.3256 -0.08 288.97  1.03  0.02  962.6001  3.6000 -0.10   416.   416.   416.     
  3.000  713.2800  1.2766 -0.07 284.12  1.10 -0.16  871.3000  3.1400 -0.09   416.   416.   416.     
  4.000  632.2400  1.2462 -0.06 278.61  1.16 -0.11  788.3999  3.0090 -0.30   416.   416.   416.     
  5.000  559.0601  1.2191 -0.15 273.08  1.13  0.08  711.8000  2.8170 -0.69   416.   416.   416.     
  6.000  493.1101  1.1866 -0.21 267.45  1.16 -0.40  641.3999  2.6070 -0.62   416.   416.   416.     
  7.000  433.5601  1.1716 -0.19 261.46  1.17 -0.45  577.1001  2.3520 -1.02   415.   415.   415.     
  8.000  380.1499  1.1780 -0.32 255.10  1.20 -0.38  518.7000  2.1530 -1.59   415.   415.   415.     
  9.000  332.0901  1.1885 -0.31 248.18  1.33 -0.57  465.8999  2.1530 -1.84   410.   410.   410.     
 10.000  289.0500  1.2117 -0.41 240.54  1.41 -0.71  418.3999  2.0020 -2.84   399.   399.   399.     
 11.000  250.5400  1.2017 -0.53 232.51  1.45 -0.79  375.3000  1.5130 -0.67   394.   394.   394.     
 12.000  215.6800  1.2110 -0.53 224.25  1.48 -0.99  335.1001  1.1920  0.18   386.   386.   386.     
 13.000  185.0300  1.2260 -0.59 216.04  1.53 -1.16  298.3999  1.1970 -0.40   370.   370.   370.     
 14.000  157.6400  1.1926 -0.70 208.09  1.54 -1.25  263.8999  1.3740 -0.48   363.   363.   363.     
 15.000  133.5300  1.1279 -0.90 200.99  1.50 -0.92  231.4000  1.6370 -0.41   356.   356.   356.     
 16.000  112.6100  0.8591 -0.39 195.48  1.38  0.01  200.7000  1.7540  0.25   264.   264.   264.     
 17.000   94.5870  0.7486 -0.45 192.63  1.66 -0.01  171.1000  1.9530  0.05   262.   262.   262.     
 18.000   79.3280  0.6532 -0.49 194.84  2.52  0.09  141.9000  2.1700  0.08   262.   262.   262.     
 19.000   66.8700  0.5382 -0.37 201.59  2.54 -0.26  115.6000  1.7960 -0.01   260.   260.   260.     
 20.000   56.6600  0.4500 -0.15 206.49  2.35 -0.33   95.6000  1.3270 -0.15   258.   258.   258.     
 21.000   48.1750  0.3960  0.03 209.91  2.22 -0.34   79.9600  0.9750 -0.29   246.   246.   246.     
 22.000   41.0410  0.3562  0.22 212.61  2.13 -0.19   67.2500  0.7931 -0.17   243.   243.   243.     
 23.000   35.0600  0.3145  0.32 215.46  1.64  0.06   56.6900  0.5673 -0.05   237.   237.   237.     
 24.000   29.9720  0.2759  0.47 218.24  2.05  0.17   47.8500  0.5688  0.08   242.   242.   242.     
 25.000   25.7040  0.2459  0.37 221.22  2.10  0.23   40.4800  0.5272  0.04   234.   234.   234.     
 26.000   22.0890  0.2143  0.31 223.83  1.86  0.33   34.3800  0.4274  0.23   226.   226.   226.     
 27.000   19.0110  0.1817  0.07 226.31  2.16  0.17   29.2700  0.3826  0.33   208.   208.   208.     
 28.000   16.3900  0.1608 -0.05 228.62  2.22 -0.27   24.9800  0.3138  0.47   207.   207.   207.     
 29.000   14.1360  0.1379 -0.23 230.79  2.46 -0.53   21.3400  0.2537  0.49   163.   163.   163.     
 30.000   12.2250  0.1265 -0.25 232.51  2.14 -0.43   18.3200  0.1882  0.08   161.   161.   161.     
 32.000    9.0990  0.1689 -0.12 236.33  3.48 -0.20   13.4200  0.2056 -0.60    46.    47.    46.     
 34.000    6.8570  0.1468 -0.12 240.67  4.12 -0.66    9.9310  0.1528 -0.22    46.    47.    46.     
 36.000    5.1970  0.1270 -0.20 246.61  4.07 -0.32    7.3460  0.1502  0.30    46.    47.    46.     
 38.000    3.9680  0.1070 -0.30 252.50  4.02 -0.60    5.4780  0.1064  0.28    46.    47.    46.     
 40.000    3.0460  0.0906 -0.39 256.39  3.87 -0.07    4.1410  0.0955  0.06    46.    47.    46.     
 42.000    2.3490  0.0751 -0.42 262.06  3.64 -0.18    3.1250  0.0801 -0.37    46.    48.    46.     
 44.000    1.8200  0.0626 -0.42 265.07  4.17 -0.18    2.3920  0.0679 -0.40    46.    47.    46.     
 46.000    1.4150  0.0528 -0.39 268.96  4.92  0.00    1.8330  0.0547 -0.15    45.    44.    45.     
 48.000    1.1040  0.0447 -0.42 270.35  5.40 -0.09    1.4210  0.0414 -0.14    45.    41.    45.     
 50.000    0.8600  0.0382 -0.44 269.14  5.19 -0.30    1.1140  0.0384 -0.23    44.    45.    44.     
 52.000    0.6700  0.0322 -0.46 266.69  5.22 -0.38    0.8730  0.0318 -0.47    44.    43.    44.     
 54.000    0.5200  0.0269 -0.48 263.86  6.21 -0.76    0.6870  0.0263 -0.24    44.    46.    44.     
 56.000    0.4030  0.0224 -0.48 260.63  5.59 -0.40    0.5380  0.0222 -0.44    43.    45.    43.     
 58.000    0.3100  0.0195 -0.35 257.01  5.84 -0.27    0.4200  0.0197 -0.62    37.    39.    37.     
 60.000    0.2390  0.0151 -0.26 253.91  7.11  0.13    0.3280  0.0157 -0.78    34.    36.    34.     
 62.000    0.1810  0.0121  0.04 249.51  7.60  0.33    0.2530  0.0126 -0.65    29.    31.    29.     
 64.000    0.1370  0.0095  0.27 244.93  6.69  0.23    0.1950  0.0106 -0.24    25.    26.    25.     
 66.000    0.1040  0.0063 -0.23 244.10  6.75 -0.34    0.1490  0.0075 -0.53    16.    17.    16.     
 68.000    0.0820  0.0040 -0.30 247.76  6.13 -0.31    0.1160  0.0038  0.42     9.    10.     9.     
 70.000    0.0630  0.0036 -0.64 250.49  9.99 -0.56    0.0880  0.0035  0.12     8.     9.     8.     
     T A B L E  II - 12.  T H E R M O D Y N A M I C  S T A T I S T I C A L  P A R A M E T E R S     
                                              DECEMBER                                              
 STATION =   913660     KWAJLEIN MISSILE RANGE                                                      
    Z      MEAN P   SD P  SKEWP MEAN T  SD T SKEWT    MEAN D    SD D SKEWD  NOBSP  NOBST  NOBSD     
    KM       MB        MB       DEG K  DEG K            G/M3    G/M3                                
  0.000 1009.7000  1.7158 -0.01 301.55  1.12 -1.14 1154.0000  4.9670  0.81   410.   410.   410.     
  0.002 1009.5000  1.7376  0.01 301.55  1.11 -1.14 1154.0000  4.9980  0.79   422.   422.   422.     
  1.000  901.2700  1.5958 -0.06 293.43  0.99  0.03 1062.0000  4.2760 -0.10   422.   422.   422.     
  2.000  802.3999  1.5130 -0.21 289.07  1.31 -0.09  962.3000  4.1540  0.02   423.   423.   423.     
  3.000  712.8999  1.4786 -0.09 284.61  1.24 -0.50  869.8000  3.4110  0.12   423.   423.   423.     
  4.000  631.9800  1.4879 -0.58 279.27  1.19 -0.23  786.5000  3.1470 -0.39   423.   423.   423.     
  5.000  558.9900  1.3506 -0.12 273.65  1.17 -0.12  710.3000  2.8950 -0.55   422.   422.   422.     
  6.000  493.1399  1.3259 -0.25 267.95  1.18 -0.21  640.2000  2.7710 -0.31   421.   421.   421.     
  7.000  433.6699  1.2817 -0.17 261.91  1.16 -0.11  576.1001  2.5840 -0.55   420.   420.   420.     
  8.000  380.3101  1.2506 -0.25 255.54  1.16 -0.08  517.8999  2.2500 -0.59   410.   410.   410.     
  9.000  332.2900  1.2465 -0.14 248.63  1.22 -0.12  465.2000  2.2020 -0.85   397.   397.   397.     
 10.000  289.3101  1.2209 -0.19 241.06  1.28  0.20  417.8000  2.0540 -1.54   389.   389.   389.     
 11.000  250.8200  1.1713 -0.16 233.09  1.28  0.35  374.8000  1.6130 -1.09   385.   385.   385.     
 12.000  216.0100  1.1549 -0.07 224.85  1.26  0.40  334.7000  1.1950 -0.36   378.   378.   378.     
 13.000  185.3800  1.1324  0.00 216.60  1.26  0.27  298.2000  1.1740 -0.34   365.   365.   365.     
 14.000  157.9900  1.0818  0.09 208.44  1.36  0.06  264.1001  1.3500 -0.26   359.   359.   359.     
 15.000  133.8200  1.0138  0.11 200.95  1.32  0.04  232.0000  1.3980 -0.19   356.   356.   356.     
 16.000  112.7900  0.8606 -0.09 194.63  1.34  0.00  201.9000  1.6650 -0.09   270.   270.   270.     
 17.000   94.6590  0.7355 -0.06 190.82  1.80 -0.53  172.8000  2.1210  0.13   265.   265.   265.     
 18.000   79.2280  0.6217  0.08 192.64  2.71 -0.12  143.3000  2.4190  0.29   264.   264.   264.     
 19.000   66.6730  0.4896  0.11 199.78  2.64 -0.26  116.3000  1.8890  0.25   263.   263.   263.     
 20.000   56.4210  0.3987  0.27 205.48  2.46 -0.44   95.6700  1.3890  0.38   260.   260.   260.     
 21.000   47.9420  0.3444  0.37 209.51  2.12 -0.42   79.7200  0.9168  0.29   252.   252.   252.     
 22.000   40.8360  0.3095  0.44 212.74  2.12 -0.39   66.8800  0.7552  0.16   250.   250.   250.     
 23.000   34.8820  0.2722  0.45 215.61  1.79 -0.36   56.3600  0.5603  0.26   243.   243.   243.     
 24.000   29.8290  0.2405  0.39 218.34  2.24  0.08   47.6000  0.5686  0.26   240.   240.   240.     
 25.000   25.5800  0.2210  0.27 220.72  2.14  0.21   40.3800  0.4670  0.26   240.   240.   240.     
 26.000   21.9670  0.1974  0.20 222.91  1.94  0.28   34.3300  0.3486  0.00   228.   228.   228.     
 27.000   18.8900  0.1802  0.20 225.02  2.12  0.61   29.2500  0.3106 -0.29   206.   206.   206.     
 28.000   16.2660  0.1663  0.20 226.55  2.03  0.24   25.0100  0.2402 -0.14   205.   205.   205.     
 29.000   14.0200  0.1490  0.14 228.29  2.08 -0.08   21.4000  0.2104  0.24   178.   178.   178.     
 30.000   12.1050  0.1382  0.16 230.18  1.96  0.04   18.3200  0.1849  0.07   177.   177.   177.     
 32.000    9.0080  0.1486  0.40 234.67  3.23  0.20   13.3800  0.1868 -0.03    67.    69.    67.     
 34.000    6.7750  0.1273  0.44 239.74  3.57  0.03    9.8500  0.1516  0.20    67.    69.    67.     
 36.000    5.1240  0.1108  0.54 244.74  3.81  0.19    7.2970  0.1466 -0.11    67.    69.    67.     
 38.000    3.9050  0.0890  0.54 249.48  3.75  0.00    5.4540  0.1259  0.08    67.    69.    67.     
 40.000    2.9890  0.0739  0.48 254.06  4.53 -0.28    4.1000  0.0873  0.14    67.    69.    67.     
 42.000    2.3020  0.0633  0.30 260.74  5.10 -0.06    3.0750  0.0677  0.53    67.    69.    67.     
 44.000    1.7820  0.0548  0.20 265.04  4.74  0.10    2.3430  0.0576  0.19    67.    69.    67.     
 46.000    1.3840  0.0464  0.20 267.24  4.45 -0.11    1.8040  0.0447  0.13    67.    66.    67.     
 48.000    1.0780  0.0399  0.10 269.29  4.27  0.07    1.3920  0.0417  0.42    67.    61.    67.     
 50.000    0.8410  0.0325  0.06 269.46  4.42 -0.10    1.0860  0.0336  0.14    67.    63.    67.     
 52.000    0.6550  0.0271  0.08 267.73  4.74  0.16    0.8510  0.0281 -0.37    67.    63.    67.     
 54.000    0.5100  0.0226  0.13 265.94  4.73 -0.12    0.6670  0.0241 -0.23    66.    65.    66.     
 56.000    0.3960  0.0191  0.16 264.53  4.86 -0.21    0.5220  0.0204 -0.08    64.    65.    64.     
 58.000    0.3080  0.0158  0.18 262.18  5.35 -0.21    0.4090  0.0163  0.03    61.    63.    61.     
 60.000    0.2380  0.0132  0.11 259.02  6.71 -0.38    0.3200  0.0132  0.03    57.    57.    57.     
 62.000    0.1820  0.0109  0.02 255.59  8.02  0.26    0.2480  0.0104 -0.40    44.    44.    44.     
 64.000    0.1390  0.0086 -0.15 252.55  7.84 -0.12    0.1920  0.0088  0.16    33.    33.    33.     
 66.000    0.1060  0.0068 -0.81 249.95  9.07 -0.10    0.1480  0.0063 -1.06    19.    19.    19.     
 68.000    0.0840  0.0049 -0.69 252.94 13.69 -1.00    0.1160  0.0024 -0.20     9.     9.     9.     
 70.000    0.0660  0.0020 -0.43 262.99  5.49 -0.80    0.0880  0.0012  0.33     6.     6.     6.     
