      91366       8.73N  167.75E
     T A B L E  II -   1.  T H E R M O D Y N A M I C  S T A T I S T I C A L  P A R A M E T E R S
                                   January
 STATION =   913660     KWAJLEIN MISSILE RANGE
    Z      MEAN P   SD P  SKEWP MEAN T  SD T SKEWT    MEAN D    SD D SKEWD  NOBSP  NOBST  NOBSD
    KM       MB        MB      KELVIN KELVIN            G/M3    G/M3                           
  0.000 1020.0000  5.0000  0.00 290.00  5.00  0.00 1221.0000 25.0000  0.00    100    100    100
  0.002 1010.3730  1.7870  0.38 300.93  1.13 -0.19 1158.4130  6.2460  0.55   1227   1227   1227
  0.500  954.8760  1.7160  0.02 296.40  0.96  0.30 1111.8060  5.6800  0.44   1227   1227   1227
  1.000  901.3520  1.7180 -0.45 293.09  1.12  0.10 1062.8490  5.5090  0.34   1227   1227   1227
  1.500  850.6040  1.6710 -0.71 290.64  1.46 -0.06 1012.9110  5.7690  0.50   1227   1227   1227
  2.000  802.6010  1.5390 -0.58 289.18  1.60 -0.17  962.3010  5.0190  0.67   1227   1227   1227
  2.500  756.6590  1.4750 -0.53 287.41  1.58  0.03  913.9950  4.3320  0.23   1227   1227   1227
  3.000  713.0080  1.4530 -0.48 285.00  1.47 -0.01  869.2430  3.8270  0.14   1227   1227   1227
  3.500  671.6520  1.4340 -0.46 282.32  1.38  0.04  826.9940  3.5050  0.06   1227   1227   1227
  4.000  632.2710  1.4540 -0.55 279.51  1.35  0.03  786.6410  3.3560  0.07   1227   1227   1227
  4.500  594.7640  1.4300 -0.51 276.66  1.40 -0.02  747.8110  3.3640 -0.02   1226   1226   1226
  5.000  559.1210  1.3920 -0.44 273.83  1.37 -0.07  710.4470  3.1420 -0.14   1226   1226   1226
  5.500  525.3080  1.3630 -0.38 271.00  1.36 -0.19  674.6350  3.0630 -0.05   1226   1226   1226
  6.000  493.3250  1.3550 -0.33 268.20  1.33 -0.05  640.3410  2.9610 -0.07   1224   1224   1224
  6.500  462.9070  1.2960 -0.25 265.31  1.39 -0.10  607.4820  2.9240 -0.01   1224   1224   1224
  7.000  434.0360  1.2790 -0.22 262.35  1.45 -0.10  576.1000  2.8340  0.06   1222   1222   1222
  7.500  406.7640  1.2330 -0.15 259.26  1.48 -0.17  546.3930  2.7280  0.11   1222   1222   1222
  8.000  380.7860  1.2350 -0.00 256.06  1.51 -0.21  517.9240  2.5830  0.30   1220   1220   1220
  8.500  356.0470  1.2560  0.05 252.67  1.60 -0.24  490.8060  2.5230  0.38   1207   1207   1207
  9.000  332.7090  1.2660  0.02 249.12  1.65 -0.17  465.1860  2.3560  0.30   1201   1201   1201
  9.500  310.7180  1.2510 -0.02 245.36  1.68 -0.11  441.1100  2.2190  0.22   1197   1197   1197
 10.000  289.8810  1.2680  0.01 241.47  1.73  0.00  418.1820  2.1010  0.09   1192   1192   1192
 10.500  269.9810  1.2460  0.03 237.41  1.77  0.04  396.1440  2.0210  0.04   1186   1186   1186
 11.000  251.3150  1.2820  0.01 233.32  1.82  0.03  375.2370  1.8990  0.00   1183   1183   1183
 11.500  233.2930  1.3580  0.08 229.17  1.88  0.12  354.6480  1.7090 -0.06   1181   1181   1181
 12.000  216.4280  1.3530  0.10 224.99  1.95  0.21  335.1250  1.6150 -0.14   1179   1179   1179
 12.500  200.7610  1.3000  0.16 220.78  1.98  0.18  316.7860  1.5800 -0.18   1174   1174   1174
 13.000  185.6180  1.3740  0.17 216.64  2.02  0.22  298.4960  1.4900 -0.16   1171   1171   1171
 13.500  171.3940  1.3840  0.19 212.47  2.09  0.31  281.0220  1.4420 -0.33   1169   1169   1169
 14.000  158.1690  1.3710  0.24 208.32  2.19  0.42  264.5100  1.4190 -0.42   1163   1163   1163
 14.500  145.8570  1.4180  0.24 204.32  2.23  0.48  248.6890  1.4620 -0.25   1154   1154   1154
 15.000  133.9250  1.4140  0.34 200.53  2.28  0.61  232.6620  1.5290  0.01   1150   1150   1150
 15.500  122.9240  1.4050  0.42 196.89  2.39  0.70  217.5030  1.7150  0.05   1139   1139   1139
 16.000  112.7500  1.3680  0.46 193.53  2.59  0.73  202.9680  1.9110 -0.36   1131   1131   1131
 16.500  103.3470  1.3080  0.46 190.69  2.81  0.86  188.8240  2.3350 -0.50   1122   1122   1122
 17.000   94.6180  1.2780  0.53 189.10  3.04  0.71  174.3380  2.9490 -0.40   1067   1067   1067
 17.500   86.5180  1.2100  0.68 189.21  3.40  0.55  159.3410  3.2900 -0.18   1043   1043   1043
 18.000   79.1550  1.1290  0.81 191.14  3.71  0.24  144.3140  3.2310 -0.09   1031   1031   1031
 18.500   72.4810  1.0620  0.92 194.35  3.72  0.06  129.9610  2.8480  0.03   1021   1021   1021
 19.000   66.5110  0.9900  0.97 197.71  3.62  0.20  117.2230  2.4060 -0.11   1008   1008   1008
 19.500   61.0950  0.9420  1.07 200.61  3.56  0.29  106.1140  2.0090 -0.11    996    996    996
 20.000   56.1710  0.9010  1.11 202.96  3.47  0.27   96.4280  1.7130  0.01    988    988    988
 20.500   51.6750  0.8710  1.15 205.11  3.43  0.27   87.7790  1.5200  0.04    978    978    978
 21.000   47.6200  0.8260  1.13 207.00  3.37  0.27   80.1510  1.3450  0.14    967    967    967
 21.500   43.8930  0.7910  1.17 208.69  3.31  0.30   73.2770  1.2200  0.08    964    964    964
 22.000   40.4860  0.7560  1.22 210.21  3.24  0.36   67.0990  1.1460  0.07    954    954    954
 22.500   37.3620  0.7200  1.27 211.69  3.26  0.39   61.4910  1.0910  0.03    943    943    943
 23.000   34.4900  0.6800  1.28 213.02  3.23  0.45   56.4090  1.0100  0.04    931    931    931
 23.500   31.8470  0.6490  1.32 214.31  3.14  0.41   51.7730  0.9410  0.08    921    921    921
 24.000   29.4480  0.6020  1.22 215.55  3.10  0.29   47.5970  0.8790 -0.01    911    911    911
 24.500   27.2300  0.5820  1.27 216.72  3.10  0.33   43.7730  0.8310  0.15    907    907    907
 25.000   25.1880  0.5500  1.31 217.83  3.05  0.22   40.2840  0.7760  0.27    894    894    894
 25.500   23.3110  0.5290  1.29 219.00  3.05  0.19   37.0830  0.7360  0.38    879    879    879
 26.000   21.5720  0.5050  1.31 220.11  2.95  0.20   34.1430  0.6940  0.47    869    869    869
 26.500   19.9910  0.4610  1.39 221.17  2.95  0.10   31.4890  0.6390  0.51    852    852    852
 27.000   18.5290  0.4500  1.34 222.12  2.85  0.07   29.0600  0.6080  0.63    828    828    828
 27.500   17.1700  0.4330  1.37 223.00  2.87 -0.02   26.8220  0.5820  0.68    808    808    808
 28.000   15.9140  0.4120  1.34 223.95  2.99  0.01   24.7540  0.5510  0.68    775    775    775
 28.500   14.7540  0.3860  1.31 224.85  3.00  0.05   22.8590  0.5080  0.71    735    735    735
 29.000   13.6780  0.3650  1.39 225.65  3.03  0.14   21.1160  0.4650  0.89    678    678    678
 29.500   12.6850  0.3490  1.37 226.37  3.10  0.24   19.5200  0.4380  0.88    621    621    621
 30.000   11.7550  0.3290  1.40 227.10  3.24  0.32   18.0310  0.4110  0.84    538    538    538
     T A B L E  II -   2.  T H E R M O D Y N A M I C  S T A T I S T I C A L  P A R A M E T E R S
                                  February
 STATION =   913660     KWAJLEIN MISSILE RANGE
    Z      MEAN P   SD P  SKEWP MEAN T  SD T SKEWT    MEAN D    SD D SKEWD  NOBSP  NOBST  NOBSD
    KM       MB        MB      KELVIN KELVIN            G/M3    G/M3                           
  0.000 1020.0000  5.0000  0.00 290.00  5.00  0.00 1221.0000 25.0000  0.00    100    100    100
  0.002 1010.9220  1.8130  0.09 300.90  1.16  0.01 1159.3910  6.3480  0.39   1122   1122   1122
  0.500  955.3880  1.7460 -0.22 296.17  0.89  0.05 1113.4771  5.4830  0.33   1122   1122   1122
  1.000  901.8220  1.6540 -0.40 292.83  1.06  0.00 1064.6990  5.4820  0.32   1122   1122   1122
  1.500  851.0070  1.5970 -0.68 290.35  1.47 -0.12 1014.7690  5.8950  0.45   1122   1122   1122
  2.000  802.8800  1.4980 -0.57 288.94  1.66 -0.21  963.7230  5.1540  0.67   1122   1122   1122
  2.500  756.8610  1.4530 -0.56 287.09  1.59 -0.51  915.3860  4.3760  0.67   1122   1122   1122
  3.000  713.1420  1.4480 -0.53 284.71  1.48 -0.27  870.3790  3.9170  0.27   1122   1122   1122
  3.500  671.7440  1.4700 -0.73 282.12  1.49  0.12  827.8070  3.8900 -0.19   1121   1121   1121
  4.000  632.3220  1.4430 -0.67 279.38  1.50  0.14  787.1460  3.8270 -0.34   1121   1121   1121
  4.500  594.7900  1.4110 -0.60 276.62  1.47  0.05  748.0620  3.6170 -0.19   1121   1121   1121
  5.000  559.1380  1.3880 -0.50 273.78  1.43  0.18  710.6980  3.4010 -0.33   1120   1120   1120
  5.500  525.3260  1.3600 -0.43 270.98  1.43  0.15  674.7740  3.3460 -0.45   1119   1119   1119
  6.000  493.3120  1.3540 -0.35 268.21  1.44  0.04  640.3160  3.2850 -0.39   1117   1117   1117
  6.500  462.8720  1.3210 -0.38 265.41  1.46 -0.14  607.2490  3.2350 -0.22   1116   1116   1116
  7.000  434.0200  1.3010 -0.40 262.50  1.41 -0.14  575.7730  2.9280 -0.31   1116   1116   1116
  7.500  406.7430  1.2850 -0.31 259.39  1.41 -0.09  546.1170  2.7750 -0.44   1114   1114   1114
  8.000  380.7160  1.2900 -0.23 256.10  1.40  0.00  517.7610  2.6150 -0.42   1109   1109   1109
  8.500  355.9610  1.2870 -0.10 252.64  1.48  0.12  490.7570  2.5980 -0.40   1106   1106   1106
  9.000  332.6230  1.2590 -0.05 249.01  1.50  0.16  465.2850  2.4110 -0.38   1102   1102   1102
  9.500  310.6400  1.2300 -0.02 245.23  1.54  0.13  441.2430  2.2570 -0.53   1098   1098   1098
 10.000  289.8090  1.2820 -0.11 241.33  1.59  0.17  418.3220  2.2440 -0.75   1089   1089   1089
 10.500  269.9190  1.2590 -0.06 237.29  1.63  0.30  396.2550  2.2150 -0.81   1087   1087   1087
 11.000  251.2450  1.2990 -0.18 233.19  1.67  0.38  375.3350  2.1700 -1.14   1085   1085   1085
 11.500  233.2030  1.3320 -0.10 229.06  1.74  0.49  354.6780  2.0540 -1.36   1083   1083   1083
 12.000  216.3270  1.3190 -0.05 224.87  1.80  0.50  335.1450  1.9670 -1.40   1082   1082   1082
 12.500  200.6420  1.2960 -0.18 220.67  1.82  0.47  316.7640  1.9460 -1.62   1077   1077   1077
 13.000  185.4790  1.3310 -0.01 216.54  1.88  0.54  298.4040  1.8810 -1.42   1074   1074   1074
 13.500  171.2520  1.3170  0.11 212.40  1.95  0.58  280.8840  1.7990 -1.37   1070   1070   1070
 14.000  158.0470  1.2950  0.20 208.28  2.04  0.59  264.3550  1.7280 -1.62   1068   1068   1068
 14.500  145.7180  1.3360  0.20 204.31  2.06  0.62  248.4660  1.7410 -1.73   1058   1058   1058
 15.000  133.7900  1.3290  0.35 200.52  2.13  0.61  232.4420  1.7770 -1.32   1053   1053   1053
 15.500  122.7990  1.3180  0.48 196.88  2.22  0.60  217.2930  1.9080 -1.07   1049   1049   1049
 16.000  112.6350  1.2650  0.54 193.56  2.38  0.59  202.7320  2.0380 -0.87   1042   1042   1042
 16.500  103.2450  1.1950  0.47 190.81  2.57  0.65  188.5130  2.3100 -0.58   1031   1031   1031
 17.000   94.5210  1.1550  0.54 189.40  2.88  0.51  173.8860  2.8440 -0.26   1006   1006   1006
 17.500   86.4360  1.0930  0.63 189.61  3.40  0.32  158.8550  3.2230 -0.07    995    995    995
 18.000   79.0860  1.0300  0.71 191.53  3.81  0.16  143.8980  3.1630  0.17    982    982    982
 18.500   72.4190  0.9680  0.82 194.31  3.85  0.15  129.8820  2.7830  0.34    970    970    970
 19.000   66.4400  0.9140  0.88 197.27  3.72  0.22  117.3600  2.3310  0.29    961    961    961
 19.500   61.0150  0.8720  1.02 200.00  3.53  0.43  106.3020  1.9550  0.32    958    958    958
 20.000   56.0870  0.8370  1.15 202.42  3.55  0.32   96.5460  1.7780  0.31    951    951    951
 20.500   51.5850  0.8050  1.26 204.48  3.63  0.12   87.9040  1.6290  0.44    945    945    945
 21.000   47.5260  0.7650  1.29 206.37  3.49  0.11   80.2390  1.3740  0.28    939    939    939
 21.500   43.8000  0.7470  1.38 208.10  3.33  0.11   73.3310  1.1930  0.24    924    924    924
 22.000   40.3890  0.7150  1.43 209.75  3.35  0.18   67.0880  1.0820  0.27    916    916    916
 22.500   37.2720  0.6900  1.44 211.24  3.36  0.24   61.4710  1.0050  0.20    909    909    909
 23.000   34.4030  0.6570  1.43 212.58  3.33  0.14   56.3840  0.9360  0.19    901    901    901
 23.500   31.7640  0.6290  1.46 213.90  3.30  0.09   51.7360  0.8660  0.25    897    897    897
 24.000   29.3700  0.5840  1.38 215.17  3.32  0.18   47.5540  0.7960  0.17    882    882    882
 24.500   27.1600  0.5710  1.39 216.36  3.20  0.19   43.7320  0.7450  0.39    873    873    873
 25.000   25.1230  0.5440  1.42 217.60  3.24  0.17   40.2230  0.7210  0.47    859    859    859
 25.500   23.2480  0.5160  1.32 218.72  3.15  0.15   37.0290  0.6760  0.56    843    843    843
 26.000   21.5080  0.4920  1.32 219.83  3.05  0.03   34.0850  0.6440  0.66    830    830    830
 26.500   19.9270  0.4570  1.34 220.90  3.18  0.03   31.4270  0.6040  0.65    799    799    799
 27.000   18.4660  0.4500  1.28 221.94  3.12  0.00   28.9850  0.5820  0.75    768    768    768
 27.500   17.1100  0.4310  1.37 223.03  3.12  0.00   26.7260  0.5490  0.90    745    745    745
 28.000   15.8600  0.4120  1.30 224.05  3.25  0.06   24.6600  0.5250  0.87    713    713    713
 28.500   14.7060  0.3930  1.29 224.98  3.21  0.04   22.7710  0.4960  0.95    672    672    672
 29.000   13.6380  0.3750  1.22 225.88  3.21  0.05   21.0330  0.4750  0.92    627    627    627
 29.500   12.6410  0.3470  1.18 226.78  3.22  0.10   19.4180  0.4470  0.78    568    568    568
 30.000   11.7220  0.3190  1.27 227.68  3.21  0.06   17.9340  0.4080  0.86    503    503    503
     T A B L E  II -   3.  T H E R M O D Y N A M I C  S T A T I S T I C A L  P A R A M E T E R S
                                     March
 STATION =   913660     KWAJLEIN MISSILE RANGE
    Z      MEAN P   SD P  SKEWP MEAN T  SD T SKEWT    MEAN D    SD D SKEWD  NOBSP  NOBST  NOBSD
    KM       MB        MB      KELVIN KELVIN            G/M3    G/M3                           
  0.000 1020.0000  5.0000  0.00 290.00  5.00  0.00 1221.0000 25.0000  0.00    100    100    100
  0.002 1011.1780  1.8020  0.14 301.19  1.18  0.01 1158.5470  6.2460  0.43   1267   1267   1267
  0.500  955.6630  1.7410 -0.22 296.46  0.95  0.29 1112.4449  5.2880  0.34   1267   1267   1267
  1.000  902.0820  1.7180 -0.39 293.15  1.04 -0.01 1063.5820  5.2090  0.33   1267   1267   1267
  1.500  851.3450  1.6420 -0.49 290.61  1.27 -0.01 1013.9730  5.3060  0.36   1267   1267   1267
  2.000  803.1620  1.5600 -0.44 288.73  1.42 -0.02  964.1990  4.7730  0.40   1267   1267   1267
  2.500  757.1210  1.5200 -0.45 286.78  1.46 -0.02  916.1390  4.2310  0.33   1267   1267   1267
  3.000  713.3510  1.4880 -0.41 284.46  1.44  0.06  871.0320  3.8580  0.05   1267   1267   1267
  3.500  671.9500  1.4560 -0.35 281.85  1.45  0.01  828.5390  3.7930 -0.04   1267   1267   1267
  4.000  632.5090  1.4530 -0.30 279.14  1.44  0.03  787.8350  3.6500 -0.11   1267   1267   1267
  4.500  594.9240  1.4290 -0.34 276.37  1.44 -0.05  748.7330  3.4930 -0.08   1267   1267   1267
  5.000  559.2300  1.4080 -0.31 273.63  1.36 -0.06  711.0780  3.1250 -0.18   1267   1267   1267
  5.500  525.3860  1.3800 -0.29 270.80  1.33 -0.11  675.2050  2.9350 -0.14   1267   1267   1267
  6.000  493.3620  1.4090 -0.25 267.90  1.39 -0.06  641.0280  2.9840 -0.18   1264   1264   1264
  6.500  462.8550  1.4220 -0.42 265.00  1.43 -0.13  608.0710  3.0420 -0.29   1263   1263   1263
  7.000  433.9530  1.4090 -0.41 262.05  1.48 -0.34  576.5960  2.9660 -0.14   1263   1263   1263
  7.500  406.6450  1.3800 -0.42 259.02  1.51 -0.36  546.7010  2.8460 -0.17   1263   1263   1263
  8.000  380.6210  1.4300 -0.59 255.85  1.59 -0.34  518.1150  2.9170 -0.33   1261   1261   1261
  8.500  355.8700  1.4290 -0.55 252.47  1.68 -0.38  490.9360  2.8430 -0.21   1252   1252   1252
  9.000  332.5070  1.4190 -0.50 248.91  1.70 -0.24  465.2950  2.6670 -0.31   1244   1244   1244
  9.500  310.5180  1.3900 -0.48 245.18  1.71 -0.10  441.1490  2.5100 -0.48   1237   1237   1237
 10.000  289.6880  1.4100 -0.37 241.32  1.73  0.03  418.1520  2.4010 -0.65   1227   1227   1227
 10.500  269.7880  1.3910 -0.43 237.27  1.74  0.10  396.0920  2.3390 -0.88   1222   1222   1222
 11.000  251.1040  1.4480 -0.55 233.15  1.76  0.12  375.1900  2.3060 -1.26   1216   1216   1216
 11.500  233.0650  1.4770 -0.47 228.98  1.78  0.20  354.5860  2.1960 -1.48   1215   1215   1215
 12.000  216.1940  1.4420 -0.38 224.78  1.81  0.32  335.0640  2.1340 -1.57   1211   1211   1211
 12.500  200.5140  1.4210 -0.50 220.58  1.83  0.38  316.6830  2.1840 -1.74   1206   1206   1206
 13.000  185.3670  1.4660 -0.36 216.48  1.85  0.43  298.3120  2.1980 -1.68   1199   1199   1199
 13.500  171.1580  1.4180 -0.17 212.37  1.87  0.55  280.7760  2.1180 -1.68   1193   1193   1193
 14.000  157.9560  1.3650 -0.03 208.29  1.93  0.63  264.1930  2.0590 -1.67   1189   1189   1189
 14.500  145.6380  1.3910 -0.07 204.40  1.98  0.64  248.2260  2.1650 -1.60   1173   1173   1173
 15.000  133.7480  1.3560  0.12 200.76  2.07  0.70  232.0910  2.2140 -1.29   1167   1167   1167
 15.500  122.7800  1.3220  0.23 197.32  2.22  0.90  216.7770  2.3210 -0.92   1162   1162   1162
 16.000  112.6500  1.2780  0.34 194.23  2.39  0.88  202.0660  2.4640 -0.72   1157   1157   1157
 16.500  103.2820  1.2120  0.41 191.81  2.71  0.69  187.6020  2.6860 -0.46   1151   1151   1151
 17.000   94.5910  1.1740  0.61 190.67  3.02  0.52  172.8630  2.9960 -0.16   1094   1094   1094
 17.500   86.5560  1.1370  0.75 191.04  3.35  0.48  157.8770  3.0680 -0.09   1085   1085   1085
 18.000   79.2450  1.0720  0.83 192.88  3.56  0.46  143.1650  2.8660  0.06   1071   1071   1071
 18.500   72.6120  1.0280  0.85 195.67  3.57  0.41  129.3100  2.4880  0.17   1056   1056   1056
 19.000   66.6550  0.9700  0.93 198.48  3.61  0.41  117.0190  2.2170  0.45   1047   1047   1047
 19.500   61.2410  0.9290  1.00 200.91  3.59  0.40  106.2130  1.9620  0.47   1039   1039   1039
 20.000   56.3130  0.8910  1.07 203.22  3.45  0.24   96.5480  1.6960  0.55   1032   1032   1032
 20.500   51.8140  0.8640  1.11 205.42  3.38  0.18   87.8850  1.5300  0.46   1025   1025   1025
 21.000   47.7520  0.8180  1.11 207.34  3.39  0.24   80.2440  1.3640  0.36   1015   1015   1015
 21.500   44.0210  0.7840  1.17 209.01  3.36  0.30   73.3800  1.2100  0.33   1007   1007   1007
 22.000   40.6110  0.7560  1.20 210.59  3.35  0.27   67.1870  1.1100  0.38   1000   1000   1000
 22.500   37.4870  0.7210  1.23 212.14  3.35  0.24   61.5650  1.0240  0.26    993    993    993
 23.000   34.6230  0.6880  1.27 213.64  3.25  0.30   56.4600  0.9320  0.33    987    987    987
 23.500   31.9750  0.6510  1.18 215.11  3.14  0.25   51.7860  0.8710  0.37    980    980    980
 24.000   29.5780  0.6100  1.13 216.51  3.15  0.18   47.5940  0.8220  0.40    970    970    970
 24.500   27.3650  0.5940  1.14 217.73  3.05  0.19   43.7840  0.7740  0.48    955    955    955
 25.000   25.3220  0.5570  1.15 218.91  2.98  0.20   40.2980  0.7240  0.50    939    939    939
 25.500   23.4430  0.5280  1.25 220.07  2.88  0.19   37.1100  0.6760  0.75    921    921    921
 26.000   21.7010  0.4930  1.25 221.27  2.79  0.10   34.1660  0.6390  0.79    901    901    901
 26.500   20.1130  0.4510  1.32 222.52  2.77  0.13   31.4880  0.5960  0.80    874    874    874
 27.000   18.6530  0.4310  1.18 223.63  2.69  0.04   29.0570  0.5680  0.75    837    837    837
 27.500   17.2910  0.4140  1.20 224.74  2.68  0.03   26.8020  0.5460  0.79    819    819    819
 28.000   16.0350  0.3860  1.12 225.87  2.84  0.00   24.7300  0.5140  0.71    774    774    774
 28.500   14.8740  0.3660  1.01 226.94  2.94 -0.14   22.8330  0.4840  0.56    721    721    721
 29.000   13.8080  0.3460  1.05 228.00  2.98 -0.27   21.0960  0.4530  0.65    667    667    667
 29.500   12.8120  0.3210  0.85 229.00  3.06 -0.36   19.4900  0.4190  0.47    604    604    604
 30.000   11.9030  0.2970  0.94 230.02  3.04 -0.55   18.0260  0.3790  0.69    543    543    543
     T A B L E  II -   4.  T H E R M O D Y N A M I C  S T A T I S T I C A L  P A R A M E T E R S
                                     April
 STATION =   913660     KWAJLEIN MISSILE RANGE
    Z      MEAN P   SD P  SKEWP MEAN T  SD T SKEWT    MEAN D    SD D SKEWD  NOBSP  NOBST  NOBSD
    KM       MB        MB      KELVIN KELVIN            G/M3    G/M3                           
  0.000 1020.0000  5.0000  0.00 290.00  5.00  0.00 1221.0000 25.0000  0.00    100    100    100
  0.002 1011.2840  1.3560  0.11 301.31  1.22 -0.05 1157.5450  5.6880  0.19   1165   1165   1165
  0.500  955.8530  1.3140 -0.07 296.72  0.95  0.33 1111.3680  4.9680  0.20   1165   1165   1165
  1.000  902.3670  1.2780 -0.08 293.57  0.99  0.18 1062.1851  4.7770  0.25   1165   1165   1165
  1.500  851.7010  1.2400 -0.23 290.93  1.12  0.19 1012.9430  4.6030  0.25   1165   1165   1165
  2.000  803.5040  1.2220 -0.14 288.85  1.29 -0.09  963.9400  4.4630  0.49   1165   1165   1165
  2.500  757.4710  1.1660 -0.19 286.68  1.30 -0.14  916.5650  3.8520  0.37   1165   1165   1165
  3.000  713.6740  1.1650 -0.17 284.30  1.30 -0.08  871.5620  3.3790  0.30   1165   1165   1165
  3.500  672.2690  1.2780 -0.29 281.69  1.34 -0.05  829.1290  3.2540  0.18   1164   1164   1164
  4.000  632.8150  1.3220 -0.34 278.97  1.33  0.03  788.4470  3.0440  0.06   1163   1163   1163
  4.500  595.2270  1.3340 -0.29 276.22  1.37  0.14  749.3060  3.0050 -0.24   1162   1162   1162
  5.000  559.4930  1.3180 -0.25 273.45  1.39 -0.04  711.6920  2.9130 -0.07   1162   1162   1162
  5.500  525.6050  1.2940 -0.19 270.71  1.33  0.06  675.5630  2.6710 -0.06   1162   1162   1162
  6.000  493.5290  1.3190 -0.29 267.94  1.31 -0.03  641.0460  2.5970 -0.04   1162   1162   1162
  6.500  463.0660  1.3750 -0.30 265.07  1.29 -0.21  608.1190  2.5140  0.09   1159   1159   1159
  7.000  434.1720  1.3660 -0.23 262.06  1.30 -0.14  576.8160  2.3780 -0.12   1158   1158   1158
  7.500  406.8460  1.3330 -0.20 258.95  1.35 -0.12  547.0810  2.3530 -0.45   1158   1158   1158
  8.000  380.8230  1.3670 -0.27 255.71  1.38 -0.16  518.6240  2.3620 -0.72   1152   1152   1152
  8.500  356.0810  1.3830 -0.25 252.35  1.42 -0.05  491.4420  2.2640 -0.78   1150   1150   1150
  9.000  332.7140  1.3610 -0.19 248.81  1.43  0.03  465.7530  2.1310 -0.85   1143   1143   1143
  9.500  310.6790  1.3200 -0.18 245.10  1.43  0.08  441.5140  2.0390 -1.03   1137   1137   1137
 10.000  289.8130  1.3280 -0.15 241.23  1.46  0.17  418.4770  1.9960 -1.18   1128   1128   1128
 10.500  269.9060  1.2910 -0.10 237.22  1.44  0.37  396.3460  1.9110 -1.32   1121   1121   1121
 11.000  251.2080  1.3230 -0.23 233.14  1.48  0.40  375.3590  1.9580 -1.61   1111   1111   1111
 11.500  233.1670  1.3610 -0.14 228.98  1.51  0.41  354.7470  1.8920 -1.64   1103   1103   1103
 12.000  216.2910  1.3260 -0.10 224.77  1.56  0.43  335.2270  1.8580 -1.68   1093   1093   1093
 12.500  200.6060  1.2800 -0.14 220.55  1.62  0.44  316.8680  1.9110 -1.76   1088   1088   1088
 13.000  185.4320  1.3180 -0.05 216.37  1.66  0.43  298.5590  1.9320 -1.58   1079   1079   1079
 13.500  171.1990  1.2850  0.04 212.22  1.74  0.54  281.0370  1.9000 -1.54   1075   1075   1075
 14.000  157.9840  1.2370  0.14 208.11  1.87  0.51  264.4630  1.8980 -1.42   1069   1069   1069
 14.500  145.6710  1.2560  0.16 204.22  1.93  0.50  248.5060  2.0190 -1.26   1060   1060   1060
 15.000  133.7860  1.2190  0.30 200.62  2.03  0.63  232.3300  2.0830 -0.84   1054   1054   1054
 15.500  122.8110  1.1820  0.37 197.35  2.18  0.70  216.8020  2.1720 -0.54   1047   1047   1047
 16.000  112.6710  1.1420  0.43 194.43  2.37  0.61  201.8890  2.2670 -0.15   1042   1042   1042
 16.500  103.3090  1.0920  0.43 192.15  2.57  0.59  187.3230  2.3490 -0.01   1031   1031   1031
 17.000   94.6400  1.0860  0.37 191.08  2.70  0.61  172.5700  2.4940  0.23    987    987    987
 17.500   86.6130  1.0390  0.42 191.63  2.93  0.46  157.4800  2.4850 -0.09    975    975    975
 18.000   79.3220  0.9900  0.44 193.48  2.99  0.39  142.8440  2.3410 -0.10    960    960    960
 18.500   72.6930  0.9400  0.50 196.06  3.01  0.26  129.1850  2.2230  0.15    949    949    949
 19.000   66.7450  0.8830  0.52 198.93  3.00  0.19  116.9050  2.0110  0.23    940    940    940
 19.500   61.3420  0.8370  0.62 201.73  3.04  0.07  105.9460  1.7390  0.33    929    929    929
 20.000   56.4280  0.8020  0.67 204.23  3.08  0.11   96.2650  1.5450  0.25    917    917    917
 20.500   51.9410  0.7700  0.69 206.40  3.04  0.09   87.6800  1.4020  0.21    911    911    911
 21.000   47.8870  0.7260  0.70 208.21  3.07  0.31   80.1310  1.2740  0.14    899    899    899
 21.500   44.1660  0.6920  0.76 209.87  3.06  0.31   73.3220  1.1530  0.06    892    892    892
 22.000   40.7650  0.6610  0.84 211.51  3.05  0.27   67.1480  1.0600  0.07    885    885    885
 22.500   37.6370  0.6310  0.88 213.04  3.03  0.18   61.5490  0.9620  0.10    878    878    878
 23.000   34.7680  0.6030  0.88 214.54  2.98  0.19   56.4600  0.8930  0.13    871    871    871
 23.500   32.1200  0.5690  0.82 215.94  2.90  0.18   51.8210  0.8130  0.19    859    859    859
 24.000   29.7180  0.5290  0.76 217.27  3.03  0.19   47.6530  0.7670  0.13    852    852    852
 24.500   27.5060  0.5180  0.80 218.60  2.86  0.20   43.8360  0.6990  0.22    832    832    832
 25.000   25.4610  0.4920  0.84 219.86  2.78  0.28   40.3440  0.6310  0.24    821    821    821
 25.500   23.5810  0.4700  0.72 221.12  2.69  0.27   37.1500  0.5880  0.13    806    806    806
 26.000   21.8400  0.4500  0.75 222.45  2.67  0.17   34.2020  0.5480  0.26    797    797    797
 26.500   20.2340  0.4230  0.81 223.78  2.82  0.13   31.4990  0.5140  0.35    780    780    780
 27.000   18.7820  0.4080  0.74 224.86  2.80  0.20   29.0970  0.4850  0.36    736    736    736
 27.500   17.4240  0.3890  0.81 226.00  2.80  0.14   26.8570  0.4660  0.47    713    713    713
 28.000   16.1590  0.3710  0.80 227.08  2.86 -0.02   24.7880  0.4470  0.53    695    695    695
 28.500   14.9930  0.3470  0.53 228.08  2.95 -0.28   22.8990  0.4170  0.30    653    653    653
 29.000   13.9280  0.3260  0.65 229.10  2.97 -0.20   21.1780  0.4000  0.14    604    604    604
 29.500   12.9300  0.3100  0.59 230.09  2.99 -0.27   19.5750  0.3740  0.23    544    544    544
 30.000   12.0090  0.2940  0.41 231.00  2.99 -0.41   18.1100  0.3570  0.17    469    469    469
     T A B L E  II -   5.  T H E R M O D Y N A M I C  S T A T I S T I C A L  P A R A M E T E R S
                                       May
 STATION =   913660     KWAJLEIN MISSILE RANGE
    Z      MEAN P   SD P  SKEWP MEAN T  SD T SKEWT    MEAN D    SD D SKEWD  NOBSP  NOBST  NOBSD
    KM       MB        MB      KELVIN KELVIN            G/M3    G/M3                           
  0.000 1020.0000  5.0000  0.00 290.00  5.00  0.00 1221.0000 25.0000  0.00    100    100    100
  0.002 1011.2340  1.4450 -0.16 301.41  1.18  0.03 1156.8560  5.7320  0.14   1219   1219   1219
  0.500  955.8430  1.3360 -0.16 296.92  0.84  0.28 1110.3700  4.6760  0.38   1219   1219   1219
  1.000  902.3940  1.3250  0.07 293.85  0.90  0.04 1061.0050  4.2110  0.03   1219   1219   1219
  1.500  851.8260  1.2700 -0.13 291.36  1.06  0.23 1011.5400  4.1350  0.14   1219   1219   1219
  2.000  803.6870  1.2470 -0.30 289.25  1.15  0.10  962.6690  3.7340  0.13   1219   1219   1219
  2.500  757.7060  1.2040 -0.27 286.92  1.19 -0.07  915.8410  3.5140  0.27   1219   1219   1219
  3.000  713.9450  1.1570 -0.31 284.34  1.17  0.00  871.4430  3.2780  0.11   1219   1219   1219
  3.500  672.5280  1.2580 -0.43 281.62  1.15 -0.14  829.3770  3.0850  0.18   1219   1219   1219
  4.000  633.1110  1.2420 -0.62 278.79  1.13 -0.11  789.0100  2.8770  0.07   1219   1219   1219
  4.500  595.5050  1.1960 -0.54 275.96  1.17 -0.02  750.0310  2.8210 -0.03   1218   1218   1218
  5.000  559.7270  1.1680 -0.51 273.20  1.19 -0.14  712.3590  2.6870  0.14   1217   1217   1217
  5.500  525.7860  1.1300 -0.42 270.48  1.21 -0.04  676.1320  2.5680  0.14   1216   1216   1216
  6.000  493.6490  1.1390 -0.42 267.69  1.20  0.14  641.5880  2.4070 -0.05   1216   1216   1216
  6.500  463.2900  1.1960 -0.54 264.84  1.22 -0.07  608.7940  2.4230 -0.13   1216   1216   1216
  7.000  434.3810  1.1840 -0.54 261.91  1.26 -0.08  577.3200  2.3580  0.02   1216   1216   1216
  7.500  406.9900  1.1570 -0.51 258.80  1.29 -0.13  547.4950  2.2720  0.02   1215   1215   1215
  8.000  380.9560  1.1910 -0.50 255.55  1.32 -0.21  519.0800  2.1320 -0.01   1212   1212   1212
  8.500  356.2080  1.2120 -0.46 252.12  1.34 -0.17  492.0080  2.0510 -0.20   1204   1204   1204
  9.000  332.8190  1.2030 -0.36 248.54  1.37 -0.08  466.3640  1.9570 -0.34   1195   1195   1195
  9.500  310.7410  1.1680 -0.28 244.78  1.38 -0.02  442.1570  1.8400 -0.45   1191   1191   1191
 10.000  289.8350  1.1580 -0.17 240.90  1.39  0.06  419.0680  1.7570 -0.47   1184   1184   1184
 10.500  269.9280  1.1410 -0.17 236.90  1.42  0.12  396.9120  1.7310 -0.63   1178   1178   1178
 11.000  251.2160  1.1660 -0.13 232.83  1.50  0.20  375.8730  1.6430 -0.77   1172   1172   1172
 11.500  233.1600  1.1960 -0.08 228.66  1.52  0.29  355.2210  1.4910 -1.00   1165   1165   1165
 12.000  216.2670  1.1810 -0.03 224.44  1.55  0.33  335.6940  1.4220 -1.21   1158   1158   1158
 12.500  200.5680  1.1380 -0.04 220.20  1.58  0.34  317.3120  1.4090 -1.08   1154   1154   1154
 13.000  185.3800  1.1960  0.03 216.08  1.59  0.43  298.8830  1.4420 -0.85   1145   1145   1145
 13.500  171.1430  1.1800  0.10 211.94  1.65  0.57  281.3120  1.4660 -0.82   1135   1135   1135
 14.000  157.9250  1.1390  0.19 207.85  1.69  0.70  264.6950  1.4840 -0.87   1127   1127   1127
 14.500  145.6160  1.1430  0.24 204.05  1.72  0.84  248.6080  1.6050 -0.91   1108   1108   1108
 15.000  133.7580  1.1000  0.31 200.59  1.83  0.85  232.3070  1.7690 -0.62   1096   1096   1096
 15.500  122.8130  1.0680  0.43 197.47  2.03  0.71  216.6680  1.9800 -0.38   1087   1087   1087
 16.000  112.6880  1.0230  0.48 194.90  2.26  0.56  201.4390  2.1840 -0.27   1077   1077   1077
 16.500  103.3280  0.9810  0.51 193.13  2.38  0.43  186.4020  2.3100 -0.23   1066   1066   1066
 17.000   94.6940  0.9430  0.59 192.49  2.60  0.38  171.4000  2.4480 -0.11   1016   1016   1016
 17.500   86.7280  0.8900  0.69 193.24  2.82  0.38  156.3790  2.4640 -0.07   1000   1000   1000
 18.000   79.4810  0.8430  0.80 195.18  3.05  0.38  141.8940  2.3750 -0.07    990    990    990
 18.500   72.9050  0.8030  0.86 197.74  3.18  0.21  128.4640  2.1420  0.18    974    974    974
 19.000   66.9780  0.7580  0.93 200.48  3.05  0.33  116.4050  1.8440  0.26    962    962    962
 19.500   61.5920  0.7190  1.02 202.99  2.95  0.19  105.7180  1.6170  0.33    951    951    951
 20.000   56.6920  0.6850  1.12 205.26  2.72  0.17   96.2280  1.3610  0.32    940    940    940
 20.500   52.2060  0.6590  1.20 207.32  2.63  0.31   87.7350  1.2450  0.28    929    929    929
 21.000   48.1510  0.6250  1.17 209.06  2.66  0.35   80.2450  1.1370  0.19    920    920    920
 21.500   44.4180  0.5950  1.26 210.55  2.72  0.37   73.5010  1.0470  0.15    913    913    913
 22.000   41.0000  0.5610  1.25 212.03  2.70  0.41   67.3680  0.9400  0.12    908    908    908
 22.500   37.8630  0.5390  1.27 213.51  2.67  0.36   61.7820  0.8530  0.21    903    903    903
 23.000   34.9770  0.5130  1.31 214.94  2.64  0.33   56.6930  0.7840  0.31    893    893    893
 23.500   32.3230  0.4910  1.20 216.40  2.60  0.20   52.0370  0.7340  0.33    888    888    888
 24.000   29.9050  0.4480  1.24 217.82  2.58  0.22   47.8310  0.6730  0.19    874    874    874
 24.500   27.6820  0.4330  1.18 219.10  2.53  0.20   44.0170  0.6200  0.27    859    859    859
 25.000   25.6300  0.4140  1.19 220.41  2.56  0.27   40.5110  0.5730  0.35    847    847    847
 25.500   23.7420  0.4000  1.21 221.72  2.51  0.35   37.3050  0.5370  0.43    830    830    830
 26.000   21.9900  0.3890  1.14 222.92  2.51  0.26   34.3650  0.5160  0.34    818    818    818
 26.500   20.3780  0.3670  1.16 224.14  2.54  0.20   31.6730  0.4910  0.29    801    801    801
 27.000   18.9290  0.3430  1.21 225.16  2.55  0.26   29.2860  0.4400  0.51    766    766    766
 27.500   17.5550  0.3330  1.24 226.22  2.64  0.09   27.0340  0.4220  0.64    741    741    741
 28.000   16.2840  0.3210  1.20 227.26  2.79  0.06   24.9610  0.4150  0.41    715    715    715
 28.500   15.1190  0.3020  1.17 228.23  2.87  0.01   23.0770  0.3890  0.45    681    681    681
 29.000   14.0390  0.2980  1.03 229.08  2.91  0.08   21.3490  0.3870  0.19    618    618    618
 29.500   13.0300  0.2850  0.89 229.91  2.95  0.22   19.7430  0.3720 -0.01    564    564    564
 30.000   12.0990  0.2740  0.63 230.65  3.05  0.12   18.2730  0.3650 -0.32    500    500    500
     T A B L E  II -   6.  T H E R M O D Y N A M I C  S T A T I S T I C A L  P A R A M E T E R S
                                      June
 STATION =   913660     KWAJLEIN MISSILE RANGE
    Z      MEAN P   SD P  SKEWP MEAN T  SD T SKEWT    MEAN D    SD D SKEWD  NOBSP  NOBST  NOBSD
    KM       MB        MB      KELVIN KELVIN            G/M3    G/M3                           
  0.000 1020.0000  5.0000  0.00 290.00  5.00  0.00 1221.0000 25.0000  0.00    100    100    100
  0.002 1010.8560  1.3960 -0.09 301.40  1.20 -0.10 1156.1110  5.8230  0.17   1162   1162   1162
  0.500  955.5210  1.3220  0.03 297.17  0.84  0.40 1108.8860  4.7240  0.04   1162   1162   1162
  1.000  902.1850  1.3100  0.18 294.11  0.86  0.31 1059.9620  4.3750  0.17   1162   1162   1162
  1.500  851.6540  1.2270  0.03 291.49  0.95  0.08 1010.8930  4.0480  0.18   1162   1162   1162
  2.000  803.5090  1.1730 -0.23 289.26  1.10 -0.02  962.3920  3.9880  0.38   1162   1162   1162
  2.500  757.5570  1.1090 -0.26 286.90  1.14 -0.25  915.7340  3.6120  0.37   1162   1162   1162
  3.000  713.8030  1.0640 -0.18 284.29  1.10 -0.27  871.3620  3.2530  0.34   1162   1162   1162
  3.500  672.4010  1.1400 -0.29 281.55  1.07 -0.15  829.3780  2.9590  0.15   1162   1162   1162
  4.000  632.9900  1.1250 -0.37 278.70  1.07 -0.06  788.9980  2.7660  0.07   1162   1162   1162
  4.500  595.3550  1.0810 -0.35 275.79  1.08 -0.05  750.2260  2.5490 -0.01   1161   1161   1161
  5.000  559.5660  1.0550 -0.28 272.97  1.06  0.01  712.6820  2.3520 -0.04   1161   1161   1161
  5.500  525.6050  1.0360 -0.23 270.22  1.09  0.05  676.4690  2.3070  0.06   1161   1161   1161
  6.000  493.4500  1.0460 -0.25 267.44  1.14  0.07  641.9170  2.2880 -0.14   1161   1161   1161
  6.500  463.1060  1.1180 -0.32 264.58  1.16  0.09  609.1220  2.2790 -0.31   1161   1161   1161
  7.000  434.1730  1.0950 -0.38 261.61  1.19  0.13  577.6520  2.1930 -0.34   1160   1160   1160
  7.500  406.7630  1.0700 -0.29 258.52  1.23  0.10  547.7700  2.1510 -0.24   1160   1160   1160
  8.000  380.7170  1.0910 -0.18 255.25  1.28  0.17  519.3440  2.0790 -0.18   1157   1157   1157
  8.500  355.9560  1.1390 -0.19 251.81  1.31  0.13  492.2760  1.9600 -0.09   1154   1154   1154
  9.000  332.5380  1.1360 -0.14 248.20  1.34  0.21  466.6140  1.8500 -0.22   1148   1148   1148
  9.500  310.4510  1.1080 -0.11 244.44  1.38  0.28  442.3650  1.7650 -0.42   1143   1143   1143
 10.000  289.5380  1.1110 -0.09 240.53  1.41  0.22  419.2910  1.6890 -0.35   1136   1136   1136
 10.500  269.6350  1.0880 -0.10 236.51  1.42  0.33  397.1250  1.6180 -0.53   1133   1133   1133
 11.000  250.8910  1.1260 -0.07 232.42  1.46  0.38  376.0440  1.4800 -0.73   1130   1130   1130
 11.500  232.8050  1.1770 -0.02 228.21  1.47  0.41  355.3930  1.3120 -0.73   1126   1126   1126
 12.000  215.9020  1.1740  0.01 223.97  1.51  0.43  335.8300  1.2820 -0.67   1119   1119   1119
 12.500  200.2260  1.1230 -0.06 219.71  1.53  0.36  317.4770  1.3330 -0.78   1115   1115   1115
 13.000  185.0170  1.1750  0.07 215.55  1.56  0.31  299.0300  1.3890 -0.25   1109   1109   1109
 13.500  170.7810  1.1590  0.21 211.40  1.59  0.39  281.4300  1.3960 -0.35   1100   1100   1100
 14.000  157.5610  1.1230  0.25 207.32  1.60  0.55  264.7550  1.4210 -0.65   1090   1090   1090
 14.500  145.2420  1.1280  0.29 203.53  1.64  0.61  248.6030  1.5510 -0.56   1067   1067   1067
 15.000  133.4020  1.0820  0.45 200.12  1.77  0.59  232.2330  1.7600 -0.40   1056   1056   1056
 15.500  122.4790  1.0350  0.58 197.13  2.01  0.75  216.4550  2.1030 -0.53   1039   1039   1039
 16.000  112.3820  0.9840  0.63 194.97  2.36  0.76  200.8240  2.5110 -0.40   1025   1025   1025
 16.500  103.0520  0.9380  0.66 194.17  2.72  0.41  184.9210  2.7920 -0.06   1011   1011   1011
 17.000   94.4910  0.8900  0.76 194.85  3.00  0.20  168.9730  2.8190  0.22    981    981    981
 17.500   86.6510  0.8470  0.92 196.47  3.11  0.34  153.6740  2.5310  0.04    976    976    976
 18.000   79.5170  0.7990  1.01 198.52  3.01  0.31  139.5610  2.1450 -0.08    968    968    968
 18.500   73.0220  0.7700  1.08 200.56  2.85  0.26  126.8570  1.8190  0.09    962    962    962
 19.000   67.1590  0.7260  1.18 202.59  2.70  0.41  115.5000  1.5700  0.26    943    943    943
 19.500   61.8010  0.6900  1.31 204.52  2.58  0.47  105.2800  1.3380  0.14    938    938    938
 20.000   56.9080  0.6560  1.38 206.29  2.56  0.39   96.1090  1.2210  0.16    934    934    934
 20.500   52.4250  0.6360  1.42 208.11  2.53  0.49   87.7640  1.1230  0.04    931    931    931
 21.000   48.3680  0.6000  1.42 209.73  2.62  0.60   80.3480  1.0270  0.07    916    916    916
 21.500   44.6330  0.5770  1.54 211.20  2.63  0.61   73.6240  0.9480  0.19    909    909    909
 22.000   41.2000  0.5480  1.51 212.52  2.64  0.56   67.5420  0.8850  0.21    901    901    901
 22.500   38.0540  0.5250  1.56 213.85  2.55  0.57   61.9940  0.7990  0.43    894    894    894
 23.000   35.1580  0.4900  1.44 215.20  2.47  0.47   56.9180  0.7220  0.59    888    888    888
 23.500   32.4990  0.4680  1.44 216.56  2.42  0.37   52.2820  0.6710  0.69    875    875    875
 24.000   30.0650  0.4290  1.54 217.93  2.44  0.27   48.0610  0.6290  0.64    860    860    860
 24.500   27.8430  0.4190  1.42 219.13  2.42  0.16   44.2670  0.5980  0.67    843    843    843
 25.000   25.7740  0.3920  1.45 220.33  2.49  0.10   40.7540  0.5770  0.59    824    824    824
 25.500   23.8800  0.3740  1.48 221.47  2.50  0.09   37.5640  0.5370  0.72    807    807    807
 26.000   22.1190  0.3570  1.48 222.62  2.52  0.12   34.6140  0.4980  0.81    795    795    795
 26.500   20.4910  0.3420  1.47 223.76  2.52  0.20   31.9020  0.4700  0.79    774    774    774
 27.000   19.0300  0.3170  1.46 224.73  2.53  0.38   29.4990  0.4200  0.89    724    724    724
 27.500   17.6430  0.3040  1.54 225.68  2.47  0.31   27.2350  0.4010  0.97    701    701    701
 28.000   16.3650  0.2870  1.54 226.64  2.57  0.26   25.1550  0.3880  0.91    671    671    671
 28.500   15.1930  0.2760  1.55 227.56  2.71  0.22   23.2580  0.3820  0.90    638    638    638
 29.000   14.1060  0.2570  1.59 228.47  2.68  0.24   21.5090  0.3550  0.85    584    584    584
 29.500   13.0870  0.2280  1.29 229.25  2.61  0.05   19.8880  0.3280  0.68    527    527    527
 30.000   12.1520  0.2250  1.28 230.01  2.72 -0.00   18.4050  0.3210  0.66    455    455    455
     T A B L E  II -   7.  T H E R M O D Y N A M I C  S T A T I S T I C A L  P A R A M E T E R S
                                      July
 STATION =   913660     KWAJLEIN MISSILE RANGE
    Z      MEAN P   SD P  SKEWP MEAN T  SD T SKEWT    MEAN D    SD D SKEWD  NOBSP  NOBST  NOBSD
    KM       MB        MB      KELVIN KELVIN            G/M3    G/M3                           
  0.000 1020.0000  5.0000  0.00 290.00  5.00  0.00 1221.0000 25.0000  0.00    100    100    100
  0.002 1010.6150  1.2480  0.09 301.34  1.28 -0.22 1155.6710  5.8120  0.25   1229   1229   1229
  0.500  955.2860  1.2350 -0.15 297.19  0.85  0.32 1108.3450  4.5880  0.25   1229   1229   1229
  1.000  901.9090  1.2650 -0.38 294.13  0.86  0.12 1059.2540  4.0340  0.31   1229   1229   1229
  1.500  851.4140  1.2130 -0.41 291.43  0.91  0.14 1010.4240  3.7700  0.37   1229   1229   1229
  2.000  803.2330  1.1670 -0.20 289.07  0.99  0.08  962.3190  3.4860  0.16   1229   1229   1229
  2.500  757.2690  1.1170 -0.38 286.69  1.02  0.01  915.7290  3.2850  0.18   1229   1229   1229
  3.000  713.5220  1.0790 -0.44 284.08  1.02 -0.15  871.4450  3.0360  0.24   1229   1229   1229
  3.500  672.0910  1.1830 -0.26 281.31  1.01 -0.27  829.3710  2.8080  0.23   1229   1229   1229
  4.000  632.6470  1.1810 -0.42 278.43  1.01 -0.37  789.1870  2.6650  0.20   1229   1229   1229
  4.500  595.0390  1.1430 -0.48 275.55  1.04 -0.27  750.3220  2.5760  0.11   1229   1229   1229
  5.000  559.2600  1.1210 -0.28 272.75  1.03 -0.19  712.7400  2.3540 -0.03   1229   1229   1229
  5.500  525.3070  1.0870 -0.23 269.98  1.05 -0.12  676.5900  2.2610 -0.06   1229   1229   1229
  6.000  493.1890  1.0720 -0.19 267.18  1.04 -0.01  642.0880  2.1380 -0.27   1228   1228   1228
  6.500  462.8820  1.1510 -0.15 264.34  1.07 -0.03  609.2690  2.1650 -0.19   1227   1227   1227
  7.000  433.9360  1.1270 -0.22 261.38  1.14 -0.04  577.7990  2.1790 -0.20   1227   1227   1227
  7.500  406.5190  1.0950 -0.20 258.28  1.22 -0.02  547.9000  2.1610 -0.29   1227   1227   1227
  8.000  380.4630  1.1340 -0.29 255.01  1.26 -0.02  519.4620  2.0420 -0.21   1225   1225   1225
  8.500  355.7140  1.1620 -0.26 251.57  1.30  0.00  492.3900  1.9760 -0.23   1221   1221   1221
  9.000  332.2930  1.1550 -0.24 247.96  1.36  0.06  466.7150  1.8760 -0.16   1215   1215   1215
  9.500  310.1970  1.1330 -0.21 244.20  1.39  0.06  442.4220  1.7730 -0.14   1213   1213   1213
 10.000  289.2640  1.1430 -0.16 240.30  1.43  0.09  419.2900  1.6950 -0.02   1204   1204   1204
 10.500  269.3660  1.1390 -0.21 236.25  1.46  0.18  397.1740  1.6480 -0.12   1203   1203   1203
 11.000  250.6230  1.1930 -0.32 232.12  1.50  0.22  376.1270  1.5500 -0.25   1199   1199   1199
 11.500  232.5430  1.2460 -0.24 227.89  1.54  0.26  355.4880  1.4360 -0.22   1191   1191   1191
 12.000  215.6330  1.2330 -0.23 223.60  1.58  0.23  335.9660  1.3860 -0.23   1190   1190   1190
 12.500  199.9590  1.1900 -0.33 219.32  1.60  0.15  317.6290  1.4210 -0.35   1184   1184   1184
 13.000  184.7160  1.2390 -0.10 215.13  1.61  0.19  299.1180  1.4290 -0.38   1177   1177   1177
 13.500  170.4710  1.2210  0.00 210.98  1.64  0.22  281.4870  1.4730 -0.63   1172   1172   1172
 14.000  157.2610  1.1840  0.05 206.89  1.74  0.34  264.8000  1.5930 -0.93   1169   1169   1169
 14.500  144.9420  1.2040  0.08 203.15  1.80  0.45  248.5640  1.8610 -1.07   1144   1144   1144
 15.000  133.1280  1.1540  0.20 199.76  1.97  0.59  232.1730  2.1230 -0.90   1138   1138   1138
 15.500  122.2330  1.1070  0.29 196.94  2.28  0.74  216.2410  2.5090 -0.79   1129   1129   1129
 16.000  112.1610  1.0450  0.32 195.23  2.71  0.63  200.1720  2.9640 -0.41   1122   1122   1122
 16.500  102.8640  0.9860  0.32 195.21  3.02  0.25  183.6110  3.2340  0.08   1112   1112   1112
 17.000   94.3740  0.9210  0.20 196.55  3.07 -0.09  167.3070  3.0550  0.49   1075   1075   1075
 17.500   86.6150  0.8560  0.23 198.61  2.86 -0.02  151.9570  2.4960  0.41   1064   1064   1064
 18.000   79.5650  0.8080  0.30 200.69  2.65  0.23  138.1310  1.9990  0.22   1056   1056   1056
 18.500   73.1310  0.7640  0.32 202.59  2.56  0.16  125.7710  1.7270  0.22   1044   1044   1044
 19.000   67.3120  0.7260  0.30 204.42  2.55  0.05  114.7230  1.5030  0.27   1035   1035   1035
 19.500   61.9840  0.6940  0.28 206.08  2.49  0.05  104.7880  1.3430  0.37   1026   1026   1026
 20.000   57.1050  0.6710  0.28 207.66  2.51  0.05   95.8070  1.2260  0.43   1020   1020   1020
 20.500   52.6340  0.6450  0.28 209.11  2.49 -0.05   87.6910  1.0880  0.36   1011   1011   1011
 21.000   48.5710  0.6110  0.16 210.47  2.48 -0.04   80.4000  0.9930  0.44   1001   1001   1001
 21.500   44.8300  0.5920  0.21 211.70  2.51 -0.04   73.7740  0.9340  0.36    997    997    997
 22.000   41.3920  0.5690  0.22 212.85  2.53  0.03   67.7480  0.8680  0.27    983    983    983
 22.500   38.2370  0.5440  0.20 214.02  2.51  0.02   62.2440  0.8030  0.13    978    978    978
 23.000   35.3360  0.5210  0.19 215.19  2.48 -0.08   57.2070  0.7400  0.17    959    959    959
 23.500   32.6600  0.4980  0.20 216.36  2.49  0.04   52.5880  0.6820  0.16    947    947    947
 24.000   30.2030  0.4650  0.27 217.47  2.60  0.04   48.3850  0.6420  0.25    927    927    927
 24.500   27.9710  0.4550  0.15 218.56  2.63 -0.01   44.5860  0.6010  0.24    908    908    908
 25.000   25.8870  0.4370  0.14 219.69  2.64 -0.02   41.0510  0.5630  0.15    896    896    896
 25.500   23.9700  0.4180  0.08 220.80  2.64 -0.04   37.8200  0.5380  0.08    881    881    881
 26.000   22.1970  0.4010  0.04 221.85  2.59 -0.06   34.8560  0.5200 -0.03    863    863    863
 26.500   20.5620  0.3800  0.09 222.91  2.63 -0.02   32.1350  0.5050 -0.10    842    842    842
 27.000   19.0900  0.3580 -0.03 223.84  2.60 -0.07   29.7100  0.4710 -0.32    798    798    798
 27.500   17.6930  0.3480  0.03 224.68  2.52 -0.21   27.4340  0.4480 -0.37    777    777    777
 28.000   16.4060  0.3300  0.01 225.51  2.60 -0.22   25.3440  0.4250 -0.25    757    757    757
 28.500   15.2220  0.3140  0.02 226.36  2.63 -0.12   23.4260  0.4040 -0.09    720    720    720
 29.000   14.1210  0.2950 -0.20 227.08  2.66 -0.19   21.6620  0.3870 -0.14    676    676    676
 29.500   13.1060  0.2850 -0.22 227.80  2.66 -0.15   20.0420  0.3730 -0.23    625    625    625
 30.000   12.1610  0.2760 -0.33 228.52  2.78 -0.24   18.5370  0.3570 -0.37    569    569    569
     T A B L E  II -   8.  T H E R M O D Y N A M I C  S T A T I S T I C A L  P A R A M E T E R S
                                    August
 STATION =   913660     KWAJLEIN MISSILE RANGE
    Z      MEAN P   SD P  SKEWP MEAN T  SD T SKEWT    MEAN D    SD D SKEWD  NOBSP  NOBST  NOBSD
    KM       MB        MB      KELVIN KELVIN            G/M3    G/M3                           
  0.000 1020.0000  5.0000  0.00 290.00  5.00  0.00 1221.0000 25.0000  0.00    100    100    100
  0.002 1010.7790  1.3440 -0.06 301.44  1.34 -0.12 1155.3120  6.1270  0.20   1224   1224   1224
  0.500  955.4340  1.2680 -0.23 297.27  0.89  0.09 1108.1169  4.7340  0.17   1224   1224   1224
  1.000  902.0300  1.2750 -0.46 294.18  0.85  0.12 1059.1930  4.0410  0.19   1224   1224   1224
  1.500  851.5290  1.2670 -0.69 291.48  0.94  0.06 1010.3670  3.7850  0.09   1224   1224   1224
  2.000  803.3290  1.2320 -0.56 289.05  0.98  0.07  962.3210  3.6920  0.07   1224   1224   1224
  2.500  757.3900  1.1650 -0.60 286.61  1.00 -0.16  915.9710  3.3890  0.14   1224   1224   1224
  3.000  713.6580  1.1140 -0.71 283.99  0.99 -0.14  871.7300  3.0550  0.12   1224   1224   1224
  3.500  672.1570  1.2200 -0.54 281.26  1.00 -0.02  829.4950  2.8290  0.00   1224   1224   1224
  4.000  632.7400  1.2290 -0.61 278.42  1.01  0.01  789.2340  2.6410 -0.06   1224   1224   1224
  4.500  595.1380  1.1620 -0.66 275.54  1.02 -0.02  750.3660  2.4880 -0.12   1224   1224   1224
  5.000  559.3640  1.1060 -0.62 272.76  1.01 -0.10  712.7130  2.3640  0.07   1223   1223   1223
  5.500  525.4140  1.0490 -0.49 270.05  0.99  0.03  676.4740  2.2580 -0.20   1223   1223   1223
  6.000  493.2850  1.0550 -0.48 267.29  1.00  0.25  641.8870  2.1960 -0.49   1220   1220   1220
  6.500  462.9680  1.1530 -0.30 264.48  1.03  0.05  609.0460  2.2090 -0.47   1220   1220   1220
  7.000  434.0630  1.1140 -0.26 261.55  1.10  0.06  577.5870  2.1850 -0.32   1218   1218   1218
  7.500  406.6540  1.0700 -0.21 258.48  1.15  0.08  547.6550  2.1250 -0.25   1216   1216   1216
  8.000  380.6130  1.0680 -0.31 255.18  1.17  0.06  519.3050  2.0160 -0.18   1209   1209   1209
  8.500  355.8570  1.0980 -0.19 251.74  1.23  0.09  492.2390  1.9690 -0.17   1201   1201   1201
  9.000  332.4490  1.0850 -0.11 248.14  1.30  0.13  466.6000  1.9100 -0.22   1198   1198   1198
  9.500  310.3790  1.0430  0.00 244.41  1.37  0.14  442.3000  1.8660 -0.23   1192   1192   1192
 10.000  289.4550  1.0450  0.03 240.53  1.43  0.25  419.1790  1.8020 -0.22   1186   1186   1186
 10.500  269.5490  1.0480  0.02 236.46  1.46  0.30  397.0880  1.7540 -0.23   1181   1181   1181
 11.000  250.8170  1.0910  0.01 232.31  1.52  0.21  376.1130  1.6680 -0.12   1176   1176   1176
 11.500  232.7310  1.1320  0.02 228.06  1.54  0.31  355.5130  1.5130 -0.25   1171   1171   1171
 12.000  215.8250  1.1300  0.08 223.76  1.58  0.36  336.0170  1.4530 -0.44   1168   1168   1168
 12.500  200.1460  1.0930  0.02 219.47  1.61  0.36  317.7000  1.4710 -0.65   1165   1165   1165
 13.000  184.9130  1.1560  0.11 215.28  1.65  0.32  299.2400  1.5100 -0.33   1156   1156   1156
 13.500  170.6560  1.1500  0.23 211.11  1.67  0.38  281.6120  1.5100 -0.35   1149   1149   1149
 14.000  157.4370  1.1330  0.32 207.01  1.74  0.44  264.9560  1.5440 -0.37   1145   1145   1145
 14.500  145.1140  1.1550  0.23 203.20  1.78  0.57  248.7920  1.6980 -0.62   1130   1130   1130
 15.000  133.2950  1.1200  0.35 199.82  1.88  0.57  232.3960  1.9410 -0.45   1123   1123   1123
 15.500  122.3800  1.0840  0.39 196.97  2.15  0.47  216.4610  2.3140 -0.46   1115   1115   1115
 16.000  112.3100  1.0450  0.44 195.27  2.55  0.46  200.3900  2.7390 -0.30   1099   1099   1099
 16.500  103.0070  0.9970  0.50 195.38  2.82  0.10  183.7000  2.9650  0.20   1087   1087   1087
 17.000   94.5090  0.9530  0.42 197.02  2.92 -0.22  167.1390  2.8220  0.67   1054   1054   1054
 17.500   86.7520  0.9000  0.46 199.15  2.90 -0.01  151.7770  2.4380  0.32   1046   1046   1046
 18.000   79.6990  0.8540  0.56 201.13  2.83  0.08  138.0680  2.0870  0.13   1037   1037   1037
 18.500   73.2670  0.8140  0.64 202.86  2.72  0.17  125.8330  1.7550  0.05   1030   1030   1030
 19.000   67.4280  0.7630  0.61 204.50  2.65  0.23  114.8740  1.5230  0.12   1015   1015   1015
 19.500   62.0870  0.7320  0.61 206.02  2.69  0.20  104.9990  1.3810  0.07   1004   1004   1004
 20.000   57.2010  0.7070  0.63 207.47  2.76  0.24   96.0570  1.2500  0.25    997    997    997
 20.500   52.7220  0.6810  0.66 208.85  2.65  0.28   87.9480  1.0820  0.19    985    985    985
 21.000   48.6500  0.6520  0.59 210.22  2.63  0.36   80.6280  0.9810  0.09    977    977    977
 21.500   44.8930  0.6370  0.68 211.38  2.70  0.34   73.9920  0.9420 -0.04    965    965    965
 22.000   41.4490  0.6160  0.68 212.46  2.76  0.28   67.9670  0.8860 -0.07    951    951    951
 22.500   38.2780  0.5940  0.72 213.55  2.73  0.21   62.4460  0.8080  0.02    942    942    942
 23.000   35.3650  0.5760  0.73 214.71  2.70  0.25   57.3820  0.7260  0.14    927    927    927
 23.500   32.6810  0.5560  0.74 215.88  2.67  0.34   52.7380  0.6780  0.24    917    917    917
 24.000   30.2160  0.5220  0.79 217.04  2.72  0.26   48.4990  0.6440  0.26    900    900    900
 24.500   27.9760  0.5070  0.70 218.13  2.70  0.17   44.6790  0.6150  0.10    888    888    888
 25.000   25.8880  0.4910  0.70 219.13  2.75  0.17   41.1560  0.5920  0.08    878    878    878
 25.500   23.9670  0.4610  0.54 220.09  2.77  0.29   37.9350  0.5640 -0.02    870    870    870
 26.000   22.1900  0.4440  0.57 221.11  2.77  0.38   34.9620  0.5440 -0.02    851    851    851
 26.500   20.5450  0.4170  0.64 222.12  2.81  0.34   32.2230  0.5210  0.05    831    831    831
 27.000   19.0660  0.3950  0.49 223.01  2.84  0.26   29.7820  0.5010 -0.09    790    790    790
 27.500   17.6720  0.3870  0.58 223.85  2.85  0.25   27.5020  0.4920 -0.09    767    767    767
 28.000   16.3830  0.3700  0.59 224.68  2.91  0.25   25.4020  0.4770 -0.17    745    745    745
 28.500   15.1940  0.3570  0.61 225.51  3.00  0.26   23.4720  0.4590 -0.09    697    697    697
 29.000   14.1010  0.3470  0.60 226.36  3.00  0.33   21.7010  0.4360 -0.02    650    650    650
 29.500   13.0840  0.3250  0.60 227.05  2.90  0.19   20.0740  0.4000  0.11    594    594    594
 30.000   12.1400  0.3130  0.71 227.80  2.90  0.18   18.5640  0.3890  0.21    541    541    541
     T A B L E  II -   9.  T H E R M O D Y N A M I C  S T A T I S T I C A L  P A R A M E T E R S
                                 September
 STATION =   913660     KWAJLEIN MISSILE RANGE
    Z      MEAN P   SD P  SKEWP MEAN T  SD T SKEWT    MEAN D    SD D SKEWD  NOBSP  NOBST  NOBSD
    KM       MB        MB      KELVIN KELVIN            G/M3    G/M3                           
  0.000 1020.0000  5.0000  0.00 290.00  5.00  0.00 1221.0000 25.0000  0.00    100    100    100
  0.002 1010.8400  1.4870 -0.24 301.54  1.41 -0.18 1155.3160  6.4880  0.25   1196   1196   1196
  0.500  955.4920  1.4140 -0.34 297.34  0.93 -0.10 1108.2250  4.7800  0.27   1196   1196   1196
  1.000  902.1200  1.4500 -0.54 294.23  0.89 -0.17 1059.2390  4.1850  0.31   1196   1196   1196
  1.500  851.6170  1.4650 -0.71 291.45  0.94 -0.02 1010.6720  3.9140  0.25   1196   1196   1196
  2.000  803.3930  1.4010 -0.72 288.94  1.00 -0.31  962.8800  3.8790  0.34   1196   1196   1196
  2.500  757.4290  1.3350 -0.76 286.48  1.04 -0.42  916.5260  3.6090  0.22   1196   1196   1196
  3.000  713.6610  1.2790 -0.80 283.88  1.03 -0.47  872.1820  3.3390  0.22   1196   1196   1196
  3.500  672.1340  1.3410 -0.70 281.12  1.03 -0.43  829.9550  3.1020  0.03   1196   1196   1196
  4.000  632.7110  1.3270 -0.77 278.29  1.04 -0.50  789.5410  2.8540  0.02   1196   1196   1196
  4.500  595.1030  1.2870 -0.82 275.41  1.03 -0.25  750.6790  2.6520 -0.11   1196   1196   1196
  5.000  559.3030  1.2330 -0.81 272.61  0.99 -0.19  713.0730  2.4440 -0.13   1196   1196   1196
  5.500  525.3330  1.1740 -0.78 269.90  0.99 -0.10  676.7760  2.2720 -0.18   1195   1195   1195
  6.000  493.1770  1.1560 -0.85 267.13  1.02 -0.13  642.1610  2.2770 -0.18   1194   1194   1194
  6.500  462.8710  1.1780 -0.85 264.30  1.06 -0.20  609.3530  2.2310 -0.18   1192   1192   1192
  7.000  433.9290  1.1430 -0.75 261.35  1.09 -0.33  577.8410  2.1550 -0.13   1192   1192   1192
  7.500  406.5060  1.1080 -0.74 258.28  1.14 -0.23  547.8760  2.0640 -0.26   1190   1190   1190
  8.000  380.4520  1.1410 -0.74 255.01  1.19 -0.28  519.4300  2.0130 -0.26   1189   1189   1189
  8.500  355.6930  1.1560 -0.70 251.57  1.23 -0.24  492.3430  1.9280 -0.34   1183   1183   1183
  9.000  332.2820  1.1480 -0.65 247.98  1.26 -0.07  466.6490  1.8380 -0.56   1178   1178   1178
  9.500  310.1930  1.1160 -0.59 244.23  1.31 -0.02  442.3620  1.8010 -0.59   1171   1171   1171
 10.000  289.2740  1.1080 -0.57 240.34  1.35  0.02  419.2520  1.7230 -0.63   1165   1165   1165
 10.500  269.3800  1.0890 -0.61 236.28  1.40  0.06  397.1480  1.6910 -0.70   1161   1161   1161
 11.000  250.6330  1.1190 -0.51 232.14  1.46  0.09  376.1220  1.5780 -0.76   1160   1160   1160
 11.500  232.5440  1.1620 -0.44 227.88  1.48  0.20  355.5010  1.4500 -0.96   1154   1154   1154
 12.000  215.6370  1.1550 -0.35 223.59  1.52  0.35  335.9850  1.4030 -1.09   1152   1152   1152
 12.500  199.9610  1.1040 -0.55 219.30  1.54  0.41  317.6580  1.4280 -1.32   1149   1149   1149
 13.000  184.7290  1.1600 -0.33 215.12  1.58  0.49  299.1630  1.4430 -1.01   1143   1143   1143
 13.500  170.4810  1.1460 -0.20 210.96  1.64  0.58  281.5320  1.4630 -0.90   1140   1140   1140
 14.000  157.2710  1.1210 -0.02 206.86  1.74  0.58  264.8680  1.5650 -0.83   1135   1135   1135
 14.500  144.9480  1.1270 -0.15 203.06  1.81  0.67  248.6820  1.7450 -0.74   1117   1117   1117
 15.000  133.1350  1.0850 -0.09 199.73  1.94  0.91  232.2250  1.9340 -0.60   1110   1110   1110
 15.500  122.2350  1.0430  0.01 197.00  2.24  0.93  216.1760  2.2900 -0.46   1102   1102   1102
 16.000  112.1730  1.0090  0.12 195.42  2.70  0.66  199.9940  2.7630 -0.20   1093   1093   1093
 16.500  102.8820  0.9600  0.19 195.30  3.04  0.17  183.5520  3.0060  0.23   1079   1079   1079
 17.000   94.3920  0.9230  0.36 196.51  3.02 -0.15  167.3700  2.7410  0.44   1033   1033   1033
 17.500   86.6330  0.8820  0.43 198.20  2.91  0.13  152.3000  2.3290  0.07   1020   1020   1020
 18.000   79.5620  0.8430  0.53 200.10  2.90  0.22  138.5340  2.0310  0.03   1007   1007   1007
 18.500   73.1110  0.8030  0.47 202.02  2.79  0.24  126.0920  1.7610  0.04    996    996    996
 19.000   67.2770  0.7660  0.46 203.83  2.74  0.29  114.9960  1.5910  0.27    990    990    990
 19.500   61.9330  0.7330  0.56 205.45  2.85  0.20  105.0250  1.4590  0.28    983    983    983
 20.000   57.0450  0.6910  0.61 206.96  2.76  0.17   96.0320  1.3020  0.27    972    972    972
 20.500   52.5650  0.6660  0.65 208.43  2.70  0.20   87.8640  1.1640  0.12    964    964    964
 21.000   48.4940  0.6220  0.49 209.74  2.65  0.18   80.5550  1.0730  0.20    955    955    955
 21.500   44.7420  0.5990  0.53 210.91  2.68  0.18   73.9100  1.0210  0.28    950    950    950
 22.000   41.2990  0.5700  0.52 212.06  2.71  0.28   67.8510  0.9430  0.14    941    941    941
 22.500   38.1400  0.5480  0.55 213.26  2.72  0.24   62.3060  0.8700  0.16    938    938    938
 23.000   35.2340  0.5210  0.54 214.42  2.75  0.15   57.2500  0.7780  0.05    930    930    930
 23.500   32.5550  0.4990  0.53 215.58  2.73  0.13   52.6100  0.7090 -0.11    921    921    921
 24.000   30.1070  0.4640  0.57 216.73  2.83 -0.01   48.3960  0.6600 -0.00    912    912    912
 24.500   27.8720  0.4600  0.50 217.89  2.83  0.12   44.5660  0.6250  0.02    902    902    902
 25.000   25.7930  0.4390  0.45 218.99  2.80 -0.10   41.0330  0.6020  0.03    889    889    889
 25.500   23.8820  0.4200  0.46 220.03  2.78 -0.09   37.8130  0.5690  0.13    876    876    876
 26.000   22.1140  0.4060  0.42 221.10  2.73 -0.22   34.8440  0.5410  0.18    857    857    857
 26.500   20.4820  0.3850  0.47 222.23  2.78 -0.15   32.1080  0.5240  0.13    838    838    838
 27.000   19.0100  0.3630  0.32 223.25  2.74 -0.20   29.6660  0.4890  0.01    808    808    808
 27.500   17.6210  0.3490  0.34 224.25  2.68 -0.29   27.3730  0.4680  0.12    784    784    784
 28.000   16.3400  0.3320  0.33 225.31  2.82 -0.26   25.2650  0.4480  0.17    753    753    753
 28.500   15.1680  0.3150  0.34 226.30  2.99 -0.12   23.3500  0.4270  0.22    717    717    717
 29.000   14.0780  0.3040  0.28 227.06  2.94 -0.18   21.6000  0.4020  0.19    661    661    661
 29.500   13.0600  0.2980  0.28 227.83  2.90 -0.33   19.9690  0.3830  0.12    594    594    594
 30.000   12.1180  0.2920  0.28 228.65  2.93 -0.44   18.4610  0.3730  0.10    537    537    537
     T A B L E  II -  10.  T H E R M O D Y N A M I C  S T A T I S T I C A L  P A R A M E T E R S
                                   October
 STATION =   913660     KWAJLEIN MISSILE RANGE
    Z      MEAN P   SD P  SKEWP MEAN T  SD T SKEWT    MEAN D    SD D SKEWD  NOBSP  NOBST  NOBSD
    KM       MB        MB      KELVIN KELVIN            G/M3    G/M3                           
  0.000 1020.0000  5.0000  0.00 290.00  5.00  0.00 1221.0000 25.0000  0.00    100    100    100
  0.002 1010.3740  1.4910 -0.27 301.53  1.39 -0.13 1155.0100  6.5840  0.28   1272   1272   1272
  0.500  955.0750  1.4650 -0.34 297.35  0.93  0.46 1107.6490  4.9990  0.15   1272   1272   1272
  1.000  901.7160  1.4900 -0.24 294.24  0.93  0.36 1058.6730  4.5030  0.20   1272   1272   1272
  1.500  851.2220  1.4600 -0.44 291.49  0.99  0.31 1010.0230  4.1050  0.02   1272   1272   1272
  2.000  803.0710  1.3730 -0.20 289.02  1.02  0.09  962.2010  3.8800  0.07   1272   1272   1272
  2.500  757.1360  1.3100 -0.24 286.57  1.05 -0.16  915.8740  3.5630  0.19   1272   1272   1272
  3.000  713.4140  1.2540 -0.23 283.91  1.07 -0.38  871.7390  3.2410  0.29   1271   1271   1271
  3.500  671.9160  1.3350 -0.23 281.16  1.05 -0.36  829.5540  2.9750  0.15   1271   1271   1271
  4.000  632.4900  1.3440 -0.42 278.33  1.03 -0.21  789.1620  2.7660 -0.07   1271   1271   1271
  4.500  594.8710  1.3100 -0.52 275.45  1.03  0.06  750.2860  2.5760 -0.24   1271   1271   1271
  5.000  559.0920  1.2600 -0.49 272.69  1.02  0.15  712.6020  2.3940 -0.13   1269   1269   1269
  5.500  525.1580  1.2030 -0.45 269.96  1.02  0.19  676.3480  2.2670 -0.17   1267   1267   1267
  6.000  493.0290  1.1960 -0.44 267.20  1.04  0.23  641.7570  2.2790 -0.17   1266   1266   1266
  6.500  462.6980  1.2720 -0.20 264.39  1.06  0.22  608.8880  2.2940 -0.14   1264   1264   1264
  7.000  433.7830  1.2360 -0.18 261.45  1.07  0.20  577.4070  2.1700 -0.12   1262   1262   1262
  7.500  406.3940  1.1860 -0.14 258.38  1.13  0.15  547.4890  2.1420 -0.18   1257   1257   1257
  8.000  380.3500  1.2100 -0.16 255.12  1.17  0.22  519.0630  2.0540 -0.21   1251   1251   1251
  8.500  355.6150  1.2200 -0.12 251.69  1.22  0.23  491.9850  1.9990 -0.30   1248   1248   1248
  9.000  332.2110  1.1960 -0.07 248.10  1.28  0.28  466.3320  1.9300 -0.37   1243   1243   1243
  9.500  310.1410  1.1580 -0.02 244.37  1.36  0.40  442.0280  1.9040 -0.50   1239   1239   1239
 10.000  289.2390  1.1590  0.05 240.49  1.44  0.44  418.9240  1.8500 -0.48   1230   1230   1230
 10.500  269.3480  1.1400  0.10 236.46  1.50  0.43  396.8010  1.8240 -0.38   1226   1226   1226
 11.000  250.6400  1.1710  0.09 232.35  1.55  0.56  375.7830  1.7390 -0.65   1217   1217   1217
 11.500  232.5660  1.2210  0.12 228.11  1.58  0.68  355.1800  1.5790 -0.78   1211   1211   1211
 12.000  215.6710  1.2170  0.19 223.82  1.60  0.71  335.6920  1.5080 -0.82   1208   1208   1208
 12.500  200.0180  1.1750  0.20 219.55  1.65  0.78  317.3800  1.5310 -0.86   1205   1205   1205
 13.000  184.7960  1.2130  0.31 215.36  1.66  0.86  298.9380  1.4870 -0.82   1197   1197   1197
 13.500  170.5630  1.2160  0.46 211.19  1.70  0.91  281.3590  1.5300 -0.66   1194   1194   1194
 14.000  157.3540  1.1990  0.57 207.08  1.79  0.92  264.7180  1.6240 -0.68   1192   1192   1192
 14.500  145.0340  1.2000  0.41 203.28  1.84  1.03  248.5530  1.7410 -0.84   1178   1178   1178
 15.000  133.2190  1.1700  0.52 199.84  1.97  1.01  232.2400  1.9260 -0.60   1165   1165   1165
 15.500  122.3070  1.1550  0.66 196.83  2.17  0.90  216.4810  2.1790 -0.40   1148   1148   1148
 16.000  112.2140  1.1110  0.85 194.63  2.50  0.75  200.8800  2.4870 -0.17   1138   1138   1138
 16.500  102.8810  1.0390  0.73 193.70  2.76  0.52  185.0550  2.6980  0.12   1121   1121   1121
 17.000   94.3100  0.9950  0.71 194.26  2.96  0.28  169.1630  2.7610  0.18   1086   1086   1086
 17.500   86.4690  0.9530  0.81 195.79  3.16  0.11  153.8880  2.7150  0.22   1065   1065   1065
 18.000   79.3310  0.9040  0.83 197.74  3.19  0.08  139.7910  2.4080  0.11   1051   1051   1051
 18.500   72.8330  0.8630  0.86 199.83  3.06  0.07  126.9920  2.0400  0.10   1036   1036   1036
 19.000   66.9600  0.8080  0.87 201.97  3.03 -0.01  115.5150  1.8180  0.23   1027   1027   1027
 19.500   61.6000  0.7790  0.93 203.86  3.03  0.11  105.2790  1.6020  0.15   1025   1025   1025
 20.000   56.7080  0.7500  0.98 205.57  3.01  0.03   96.1100  1.4590  0.21   1018   1018   1018
 20.500   52.2270  0.7240  0.98 207.17  2.94  0.01   87.8320  1.2940  0.21   1011   1011   1011
 21.000   48.1630  0.6870  0.90 208.68  2.97  0.04   80.4130  1.1720  0.17    995    995    995
 21.500   44.4210  0.6640  0.92 210.08  2.97  0.11   73.6710  1.0810  0.28    982    982    982
 22.000   40.9890  0.6320  0.87 211.34  2.93  0.19   67.5690  0.9880  0.39    975    975    975
 22.500   37.8440  0.6080  0.86 212.63  2.98  0.31   62.0080  0.9100  0.41    966    966    966
 23.000   34.9520  0.5830  0.87 213.95  2.97  0.44   56.9150  0.8240  0.30    959    959    959
 23.500   32.2890  0.5600  0.82 215.21  2.97  0.31   52.2700  0.7600  0.23    947    947    947
 24.000   29.8640  0.5210  0.82 216.48  3.06  0.22   48.0630  0.7090  0.16    940    940    940
 24.500   27.6320  0.5150  0.77 217.71  3.03  0.17   44.2160  0.6780  0.19    930    930    930
 25.000   25.5720  0.4950  0.77 218.90  3.11  0.10   40.6990  0.6540  0.17    920    920    920
 25.500   23.6750  0.4790  0.73 220.10  3.13  0.20   37.4730  0.6350  0.09    908    908    908
 26.000   21.9210  0.4600  0.74 221.38  3.10  0.09   34.4960  0.6140  0.13    891    891    891
 26.500   20.3040  0.4300  0.79 222.56  3.11  0.03   31.7820  0.5760  0.20    883    883    883
 27.000   18.8380  0.4090  0.69 223.63  3.03  0.04   29.3460  0.5370  0.29    856    856    856
 27.500   17.4600  0.3920  0.67 224.71  3.00 -0.15   27.0690  0.5120  0.38    833    833    833
 28.000   16.1940  0.3770  0.62 225.83  3.06 -0.18   24.9800  0.4940  0.36    800    800    800
 28.500   15.0280  0.3610  0.62 226.83  3.14 -0.18   23.0790  0.4640  0.50    755    755    755
 29.000   13.9430  0.3510  0.53 227.85  3.19 -0.27   21.3180  0.4450  0.50    702    702    702
 29.500   12.9390  0.3240  0.36 228.79  3.26 -0.25   19.7010  0.4230  0.38    618    618    618
 30.000   12.0120  0.3030  0.13 229.64  3.21 -0.39   18.2220  0.3990  0.19    549    549    549
     T A B L E  II -  11.  T H E R M O D Y N A M I C  S T A T I S T I C A L  P A R A M E T E R S
                                  November
 STATION =   913660     KWAJLEIN MISSILE RANGE
    Z      MEAN P   SD P  SKEWP MEAN T  SD T SKEWT    MEAN D    SD D SKEWD  NOBSP  NOBST  NOBSD
    KM       MB        MB      KELVIN KELVIN            G/M3    G/M3                           
  0.000 1020.0000  5.0000  0.00 290.00  5.00  0.00 1221.0000 25.0000  0.00    100    100    100
  0.002 1009.6980  1.6940  0.09 301.43  1.36 -0.11 1154.5610  6.6060  0.28   1123   1123   1123
  0.500  954.4550  1.6110 -0.07 297.27  0.92  0.38 1107.1580  4.9240  0.20   1123   1123   1123
  1.000  901.1480  1.6480 -0.10 294.16  0.94  0.20 1058.3810  4.6580  0.37   1123   1123   1123
  1.500  850.6750  1.6380 -0.36 291.51  0.99  0.25 1009.3730  4.2770  0.41   1123   1123   1123
  2.000  802.6060  1.5080 -0.33 289.17  1.08 -0.03  961.2120  3.9850  0.35   1123   1123   1123
  2.500  756.6930  1.4340 -0.40 286.82  1.14 -0.34  914.6280  3.8100  0.39   1123   1123   1123
  3.000  713.0050  1.3850 -0.44 284.26  1.13 -0.28  870.3310  3.4410  0.27   1123   1123   1123
  3.500  671.5890  1.4760 -0.49 281.53  1.15 -0.27  828.2740  3.3390  0.18   1123   1123   1123
  4.000  632.2320  1.4640 -0.57 278.71  1.20 -0.04  787.9770  3.1640 -0.05   1123   1123   1123
  4.500  594.6760  1.4210 -0.61 275.89  1.24  0.10  749.0830  3.0090 -0.10   1122   1122   1122
  5.000  558.9500  1.3740 -0.57 273.11  1.19  0.18  711.5050  2.7860 -0.20   1121   1121   1121
  5.500  525.0540  1.3250 -0.52 270.37  1.20  0.11  675.3830  2.6540 -0.10   1119   1119   1119
  6.000  492.9680  1.3050 -0.48 267.56  1.21  0.22  640.9610  2.6130 -0.09   1115   1115   1115
  6.500  462.6450  1.3440 -0.31 264.70  1.22  0.16  608.2300  2.5810 -0.17   1115   1115   1115
  7.000  433.7760  1.3150 -0.26 261.74  1.25  0.13  576.8740  2.4850 -0.04   1114   1114   1114
  7.500  406.4380  1.2720 -0.17 258.62  1.32  0.09  547.1160  2.4830  0.03   1114   1114   1114
  8.000  380.4560  1.2600 -0.09 255.35  1.38  0.13  518.7840  2.4100  0.08   1110   1110   1110
  8.500  355.7120  1.2800 -0.02 251.93  1.46  0.16  491.7050  2.3640  0.00   1101   1101   1101
  9.000  332.3280  1.2750  0.06 248.35  1.52  0.22  466.0480  2.2920 -0.10   1095   1095   1095
  9.500  310.2760  1.2520  0.09 244.64  1.56  0.19  441.7480  2.2320 -0.33   1091   1091   1091
 10.000  289.3790  1.2670  0.11 240.79  1.60  0.24  418.6120  2.1270 -0.56   1085   1085   1085
 10.500  269.5040  1.2630  0.07 236.79  1.63  0.33  396.4660  2.0740 -0.91   1078   1078   1078
 11.000  250.8030  1.2880 -0.02 232.71  1.70  0.41  375.4540  2.0150 -1.41   1075   1075   1075
 11.500  232.7800  1.3560  0.13 228.51  1.73  0.53  354.8830  1.9590 -1.41   1071   1071   1071
 12.000  215.9000  1.3360  0.16 224.28  1.77  0.64  335.3650  1.8700 -1.78   1065   1065   1065
 12.500  200.2460  1.2800  0.12 220.07  1.80  0.80  316.9970  1.8710 -1.99   1058   1058   1058
 13.000  185.0860  1.3530  0.29 215.92  1.83  0.85  298.6240  1.8590 -1.56   1052   1052   1052
 13.500  170.8590  1.3240  0.38 211.79  1.85  0.86  281.0530  1.8130 -1.29   1048   1048   1048
 14.000  157.6530  1.2890  0.45 207.72  1.98  0.79  264.4060  1.8600 -1.17   1046   1046   1046
 14.500  145.3520  1.3270  0.52 203.89  2.09  0.75  248.3580  1.9940 -0.97   1034   1034   1034
 15.000  133.4960  1.3010  0.60 200.33  2.22  0.77  232.1590  2.0960 -0.68   1028   1028   1028
 15.500  122.5530  1.2680  0.70 197.07  2.31  0.77  216.6570  2.2250 -0.44   1018   1018   1018
 16.000  112.4330  1.2320  0.81 194.32  2.49  0.79  201.5810  2.3580 -0.20   1006   1006   1006
 16.500  103.0820  1.1820  0.77 192.21  2.70  0.71  186.8490  2.5910 -0.07    999    999    999
 17.000   94.4320  1.1440  0.86 191.39  2.98  0.62  171.9150  2.8850  0.01    960    960    960
 17.500   86.4540  1.0840  0.98 192.19  3.49  0.25  156.7530  3.2300  0.18    931    931    931
 18.000   79.2110  1.0160  1.02 194.38  3.67  0.18  142.0080  3.0830  0.28    913    913    913
 18.500   72.6310  0.9550  1.01 197.16  3.58  0.26  128.3710  2.6000  0.33    900    900    900
 19.000   66.7110  0.8960  1.00 200.01  3.41  0.21  116.2220  2.1640  0.54    892    892    892
 19.500   61.3330  0.8560  1.03 202.51  3.38  0.16  105.5270  1.8620  0.44    885    885    885
 20.000   56.4340  0.8240  1.03 204.61  3.32  0.41   96.0980  1.6310  0.22    880    880    880
 20.500   51.9520  0.7940  1.02 206.49  3.15  0.37   87.6610  1.4160  0.29    872    872    872
 21.000   47.9020  0.7540  0.99 208.19  3.11  0.30   80.1640  1.2880  0.31    863    863    863
 21.500   44.1760  0.7230  1.08 209.85  3.17  0.18   73.3460  1.1900  0.33    860    860    860
 22.000   40.7680  0.6890  1.12 211.39  3.21  0.22   67.1930  1.0910  0.30    857    857    857
 22.500   37.6390  0.6610  1.14 212.90  3.19  0.23   61.5930  0.9920  0.35    849    849    849
 23.000   34.7680  0.6280  1.08 214.28  3.09  0.25   56.5290  0.9020  0.39    838    838    838
 23.500   32.1230  0.6070  1.04 215.61  2.93  0.26   51.9060  0.8410  0.26    828    828    828
 24.000   29.7180  0.5680  1.04 217.00  2.98  0.34   47.7100  0.7790  0.16    821    821    821
 24.500   27.5020  0.5580  1.04 218.34  3.04  0.43   43.8810  0.7530  0.28    812    812    812
 25.000   25.4560  0.5340  1.07 219.73  3.19  0.39   40.3600  0.7190  0.28    798    798    798
 25.500   23.5780  0.5140  1.08 221.08  3.24  0.44   37.1540  0.6840  0.46    786    786    786
 26.000   21.8400  0.4960  1.06 222.44  3.17  0.20   34.2050  0.6450  0.37    770    770    770
 26.500   20.2430  0.4590  1.19 223.69  3.17  0.04   31.5270  0.6110  0.52    751    751    751
 27.000   18.7920  0.4450  1.04 224.75  3.06  0.13   29.1270  0.5820  0.60    729    729    729
 27.500   17.4230  0.4240  0.89 225.84  3.03  0.05   26.8760  0.5650  0.57    710    710    710
 28.000   16.1630  0.4010  0.86 226.87  3.04  0.02   24.8180  0.5400  0.49    684    684    684
 28.500   15.0010  0.3690  0.72 227.88  2.92  0.09   22.9330  0.5020  0.37    636    636    636
 29.000   13.9250  0.3560  0.68 228.85  2.94  0.16   21.1980  0.4780  0.49    575    575    575
 29.500   12.9280  0.3460  0.68 229.70  2.97  0.27   19.6070  0.4640  0.47    505    505    505
 30.000   11.9930  0.3160  0.45 230.57  2.99  0.00   18.1200  0.4290  0.46    442    442    442
     T A B L E  II -  12.  T H E R M O D Y N A M I C  S T A T I S T I C A L  P A R A M E T E R S
                                  December
 STATION =   913660     KWAJLEIN MISSILE RANGE
    Z      MEAN P   SD P  SKEWP MEAN T  SD T SKEWT    MEAN D    SD D SKEWD  NOBSP  NOBST  NOBSD
    KM       MB        MB      KELVIN KELVIN            G/M3    G/M3                           
  0.000 1020.0000  5.0000  0.00 290.00  5.00  0.00 1221.0000 25.0000  0.00    100    100    100
  0.002 1009.7870  1.6360 -0.41 301.23  1.17  0.01 1155.8210  5.8990  0.26   1065   1065   1065
  0.500  954.3940  1.6190 -0.71 296.92  0.94  0.31 1108.7350  5.0980  0.25   1065   1065   1065
  1.000  901.0250  1.6300 -0.70 293.72  1.05 -0.05 1059.8690  5.0670  0.16   1065   1065   1065
  1.500  850.4950  1.6000 -0.48 291.18  1.24 -0.13 1010.6150  4.8400  0.33   1065   1065   1065
  2.000  802.4530  1.5230 -0.46 289.24  1.36 -0.21  961.3190  4.2660  0.42   1065   1065   1065
  2.500  756.5460  1.4810 -0.48 287.20  1.35 -0.01  913.9490  3.7510  0.31   1065   1065   1065
  3.000  712.8980  1.4400 -0.47 284.71  1.34 -0.10  869.4050  3.4670  0.48   1065   1065   1065
  3.500  671.5590  1.4470 -0.41 282.10  1.30 -0.15  827.1310  3.2520  0.29   1065   1065   1065
  4.000  632.2110  1.4400 -0.43 279.33  1.31 -0.09  786.7270  3.1350  0.00   1065   1065   1065
  4.500  594.7190  1.4190 -0.48 276.56  1.31 -0.11  747.7680  2.9590 -0.01   1065   1065   1065
  5.000  559.0450  1.3870 -0.49 273.75  1.25 -0.09  710.3720  2.8320  0.13   1064   1064   1064
  5.500  525.2260  1.3380 -0.46 270.94  1.22 -0.07  674.5270  2.7770  0.06   1063   1063   1063
  6.000  493.2000  1.3310 -0.47 268.08  1.28 -0.07  640.2930  2.8640  0.04   1061   1061   1061
  6.500  462.7910  1.3260 -0.37 265.17  1.32 -0.12  607.5580  2.8270  0.08   1060   1060   1060
  7.000  433.9280  1.3030 -0.34 262.14  1.34 -0.14  576.3390  2.7060  0.06   1060   1060   1060
  7.500  406.6320  1.2540 -0.24 259.01  1.34 -0.16  546.6900  2.5570 -0.12   1059   1059   1059
  8.000  380.6230  1.2640 -0.14 255.73  1.45 -0.14  518.3360  2.5030 -0.01   1056   1056   1056
  8.500  355.8830  1.2860 -0.10 252.30  1.54 -0.10  491.2690  2.4150  0.03   1055   1055   1055
  9.000  332.5210  1.2850 -0.06 248.73  1.59 -0.04  465.6440  2.2880 -0.10   1052   1052   1052
  9.500  310.5190  1.2580 -0.02 245.01  1.64  0.09  441.4460  2.1680 -0.25   1047   1047   1047
 10.000  289.6910  1.2780  0.06 241.19  1.70  0.34  418.3890  2.0960 -0.39   1043   1043   1043
 10.500  269.8130  1.2650  0.13 237.21  1.72  0.42  396.2270  1.9970 -0.29   1038   1038   1038
 11.000  251.1480  1.2990  0.13 233.19  1.77  0.38  375.2000  1.8480 -0.28   1036   1036   1036
 11.500  233.1360  1.3750  0.23 229.04  1.80  0.44  354.6000  1.6840  0.05   1030   1030   1030
 12.000  216.2660  1.3630  0.24 224.85  1.82  0.40  335.0790  1.5880 -0.12   1028   1028   1028
 12.500  200.6100  1.3080  0.22 220.65  1.86  0.36  316.7420  1.5490 -0.27   1026   1026   1026
 13.000  185.4610  1.3570  0.28 216.50  1.90  0.37  298.4290  1.5600 -0.22   1020   1020   1020
 13.500  171.2540  1.3540  0.34 212.39  1.96  0.49  280.9020  1.5560 -0.37   1013   1013   1013
 14.000  158.0470  1.3330  0.37 208.29  2.06  0.53  264.3410  1.5540 -0.57   1007   1007   1007
 14.500  145.7280  1.3640  0.38 204.37  2.11  0.59  248.4190  1.6480 -0.63    998    998    998
 15.000  133.8220  1.3560  0.47 200.65  2.23  0.71  232.3530  1.7870 -0.37    995    995    995
 15.500  122.8380  1.3490  0.51 197.11  2.43  0.77  217.1160  1.9670 -0.35    993    993    993
 16.000  112.6910  1.3100  0.54 193.86  2.68  0.77  202.5220  2.1160 -0.40    984    984    984
 16.500  103.3070  1.2440  0.59 191.16  2.92  0.64  188.2880  2.3020 -0.35    970    970    970
 17.000   94.5980  1.2270  0.67 189.50  3.13  0.56  173.9350  2.5870 -0.41    927    927    927
 17.500   86.5230  1.1910  0.73 189.56  3.45  0.51  159.0460  2.9760 -0.45    905    905    905
 18.000   79.1820  1.1390  0.86 191.52  3.74  0.40  144.0750  3.1080 -0.12    892    892    892
 18.500   72.5260  1.0730  0.97 194.86  3.87  0.26  129.7080  2.9430  0.05    879    879    879
 19.000   66.5540  1.0030  1.03 198.24  3.97  0.15  116.9970  2.6110  0.18    868    868    868
 19.500   61.1520  0.9640  1.12 201.22  3.85  0.24  105.8980  2.1580  0.23    857    857    857
 20.000   56.2400  0.9230  1.16 203.66  3.71  0.36   96.2210  1.7430  0.14    850    850    850
 20.500   51.7550  0.8940  1.19 205.76  3.63  0.37   87.6400  1.4770  0.02    843    843    843
 21.000   47.7110  0.8530  1.16 207.67  3.56  0.40   80.0430  1.3190  0.05    834    834    834
 21.500   43.9940  0.8240  1.19 209.45  3.50  0.36   73.1820  1.2260  0.03    829    829    829
 22.000   40.5910  0.7880  1.20 211.10  3.45  0.41   66.9920  1.1480  0.10    822    822    822
 22.500   37.4720  0.7460  1.15 212.71  3.44  0.31   61.3750  1.0970  0.04    815    815    815
 23.000   34.6120  0.7120  1.15 214.11  3.36  0.15   56.3200  1.0150  0.20    811    811    811
 23.500   31.9820  0.6810  1.16 215.55  3.19  0.21   51.6900  0.9390  0.28    807    807    807
 24.000   29.5900  0.6370  1.16 216.84  3.18  0.24   47.5400  0.8750  0.29    797    797    797
 24.500   27.3700  0.6080  1.12 217.98  3.11  0.24   43.7430  0.8210  0.41    782    782    782
 25.000   25.3340  0.5770  1.12 219.21  3.08  0.20   40.2630  0.7630  0.45    769    769    769
 25.500   23.4540  0.5470  1.06 220.34  2.94  0.17   37.0820  0.7130  0.49    749    749    749
 26.000   21.7140  0.5200  1.02 221.40  2.93  0.14   34.1670  0.6720  0.47    740    740    740
 26.500   20.1260  0.4720  1.04 222.50  3.03  0.21   31.5110  0.6090  0.43    728    728    728
 27.000   18.6670  0.4620  0.94 223.53  2.94  0.35   29.0910  0.5900  0.45    706    706    706
 27.500   17.3080  0.4430  1.00 224.55  2.92  0.39   26.8510  0.5640  0.57    677    677    677
 28.000   16.0520  0.4160  0.95 225.64  2.91  0.22   24.7810  0.5390  0.63    643    643    643
 28.500   14.8900  0.3920  0.94 226.63  2.94  0.19   22.8880  0.5050  0.60    589    589    589
 29.000   13.8210  0.3620  0.87 227.51  2.94  0.18   21.1630  0.4740  0.62    539    539    539
 29.500   12.8260  0.3470  0.80 228.35  3.05  0.32   19.5660  0.4520  0.56    486    486    486
 30.000   11.8980  0.3210  0.78 229.16  3.13  0.46   18.0870  0.4240  0.49    400    400    400
     T A B L E  II -  13.  T H E R M O D Y N A M I C  S T A T I S T I C A L  P A R A M E T E R S
                                    Annual
 STATION =   913660     KWAJLEIN MISSILE RANGE
    Z      MEAN P   SD P  SKEWP MEAN T  SD T SKEWT    MEAN D    SD D SKEWD  NOBSP  NOBST  NOBSD
    KM       MB        MB      KELVIN KELVIN            G/M3    G/M3                           
  0.000 1020.0000  5.0000  0.00 290.00  5.00  0.00 1221.0000 25.0000  0.00    100    100    100
  0.002 1010.6730  1.6260 -0.06 301.31  1.27 -0.04 1156.5490  6.3240  0.26  14271  14271  14271
  0.500  955.2940  1.5600 -0.31 296.93  0.99  0.14 1109.7190  5.3870  0.33  14271  14271  14271
  1.000  901.8570  1.5490 -0.43 293.77  1.08 -0.18 1060.7410  5.1010  0.42  14271  14271  14271
  1.500  851.2680  1.5130 -0.60 291.16  1.19 -0.30 1011.5460  4.8640  0.56  14271  14271  14271
  2.000  803.1280  1.4280 -0.51 289.05  1.25 -0.13  962.6380  4.3120  0.47  14271  14271  14271
  2.500  757.1620  1.3690 -0.55 286.84  1.28  0.00  915.5490  3.8800  0.26  14271  14271  14271
  3.000  713.4330  1.3250 -0.56 284.32  1.27  0.07  871.0120  3.5480  0.12  14270  14270  14270
  3.500  672.0050  1.3730 -0.50 281.63  1.27  0.14  828.7750  3.3800 -0.06  14268  14268  14268
  4.000  632.5920  1.3680 -0.56 278.82  1.28  0.19  788.3470  3.2330 -0.21  14267  14267  14267
  4.500  595.0160  1.3290 -0.57 275.99  1.31  0.23  749.4150  3.1190 -0.29  14262  14262  14262
  5.000  559.2750  1.2900 -0.50 273.20  1.28  0.22  711.8490  2.9060 -0.29  14255  14255  14255
  5.500  525.3770  1.2480 -0.43 270.44  1.26  0.20  675.7580  2.7450 -0.31  14247  14247  14247
  6.000  493.2880  1.2470 -0.38 267.64  1.27  0.22  641.3000  2.6770 -0.34  14228  14228  14228
  6.500  462.9130  1.2760 -0.38 264.79  1.29  0.13  608.4490  2.6730 -0.34  14217  14217  14217
  7.000  434.0140  1.2530 -0.35 261.83  1.32  0.08  577.0240  2.5630 -0.29  14208  14208  14208
  7.500  406.6580  1.2180 -0.28 258.74  1.35  0.04  547.2010  2.4680 -0.31  14195  14195  14195
  8.000  380.6330  1.2390 -0.29 255.49  1.40  0.04  518.7770  2.3970 -0.33  14151  14151  14151
  8.500  355.8820  1.2570 -0.23 252.07  1.46  0.07  491.6870  2.3340 -0.35  14082  14082  14082
  9.000  332.4980  1.2490 -0.17 248.48  1.50  0.14  466.0480  2.2110 -0.41  14014  14014  14014
  9.500  310.4530  1.2230 -0.13 244.74  1.54  0.18  441.8260  2.1000 -0.51  13956  13956  13956
 10.000  289.5700  1.2380 -0.06 240.86  1.58  0.25  418.7670  2.0140 -0.61  13869  13869  13869
 10.500  269.6730  1.2220 -0.06 236.83  1.61  0.31  396.6560  1.9570 -0.71  13814  13814  13814
 11.000  250.9650  1.2620 -0.10 232.73  1.66  0.33  375.6610  1.8730 -0.97  13760  13760  13760
 11.500  232.9120  1.3140 -0.03 228.54  1.70  0.41  355.0430  1.7460 -1.12  13701  13701  13701
 12.000  216.0230  1.3030  0.02 224.30  1.75  0.46  335.5230  1.6820 -1.24  13653  13653  13653
 12.500  200.3500  1.2600 -0.03 220.06  1.79  0.47  317.1740  1.6980 -1.38  13601  13601  13601
 13.000  185.1600  1.3180  0.09 215.90  1.83  0.50  298.7720  1.6820 -1.20  13522  13522  13522
 13.500  170.9290  1.3060  0.20 211.76  1.88  0.57  281.2060  1.6580 -1.13  13458  13458  13458
 14.000  157.7160  1.2760  0.28 207.66  1.96  0.62  264.5930  1.6720 -1.13  13400  13400  13400
 14.500  145.4000  1.2990  0.28 203.81  1.99  0.67  248.5400  1.7860 -1.08  13221  13221  13221
 15.000  133.5380  1.2610  0.40 200.27  2.06  0.72  232.3010  1.9270 -0.78  13135  13135  13135
 15.500  122.5930  1.2260  0.50 197.08  2.23  0.73  216.7150  2.1880 -0.62  13028  13028  13028
 16.000  112.4770  1.1780  0.57 194.54  2.58  0.64  201.4440  2.6120 -0.51  12916  12916  12916
 16.500  103.1300  1.1160  0.57 193.00  3.23  0.39  186.1970  3.2680 -0.31  12780  12780  12780
 17.000   94.5130  1.0700  0.60 192.78  4.11  0.20  170.8600  3.8560 -0.05  12286  12286  12286
 17.500   86.5800  1.0180  0.63 193.80  4.78  0.06  155.7210  3.9400  0.14  12105  12105  12105
 18.000   79.3670  0.9760  0.61 195.77  4.89 -0.05  141.3090  3.4830  0.32  11958  11958  11958
 18.500   72.8080  0.9480  0.56 198.24  4.52 -0.12  128.0010  2.7810  0.46  11817  11817  11817
 19.000   66.9010  0.9150  0.51 200.75  4.11 -0.14  116.1270  2.2030  0.51  11688  11688  11688
 19.500   61.5220  0.8910  0.52 203.03  3.78 -0.10  105.5840  1.7880  0.44  11591  11591  11591
 20.000   56.6190  0.8660  0.52 205.06  3.55 -0.08   96.2040  1.5190  0.35  11499  11499  11499
 20.500   52.1330  0.8450  0.52 206.91  3.38 -0.10   87.7860  1.3440  0.25  11405  11405  11405
 21.000   48.0730  0.8080  0.48 208.57  3.27 -0.03   80.3030  1.2130  0.14  11281  11281  11281
 21.500   44.3390  0.7800  0.51 210.07  3.20  0.04   73.5330  1.1290  0.07  11192  11192  11192
 22.000   40.9170  0.7460  0.52 211.49  3.14  0.10   67.4040  1.0630  0.04  11093  11093  11093
 22.500   37.7790  0.7140  0.54 212.88  3.10  0.11   61.8280  1.0020 -0.00  11008  11008  11008
 23.000   34.8950  0.6800  0.54 214.21  3.05  0.09   56.7520  0.9320 -0.00  10895  10895  10895
 23.500   32.2390  0.6500  0.52 215.53  2.99  0.08   52.1110  0.8760 -0.00  10787  10787  10787
 24.000   29.8180  0.6040  0.51 216.81  3.03  0.07   47.9130  0.8200 -0.02  10646  10646  10646
 24.500   27.5940  0.5880  0.50 218.01  2.99  0.08   44.0960  0.7810  0.05  10491  10491  10491
 25.000   25.5370  0.5580  0.52 219.20  3.02  0.06   40.5870  0.7400  0.09  10334  10334  10334
 25.500   23.6460  0.5310  0.49 220.36  2.99  0.08   37.3830  0.7020  0.14  10156  10156  10156
 26.000   21.8930  0.5080  0.50 221.52  2.97  0.03   34.4300  0.6680  0.17   9982   9982   9982
 26.500   20.2840  0.4700  0.56 222.67  3.03  0.01   31.7350  0.6240  0.22   9753   9753   9753
 27.000   18.8200  0.4530  0.46 223.68  2.99  0.03   29.3120  0.5940  0.20   9346   9346   9346
 27.500   17.4470  0.4330  0.49 224.68  2.99 -0.02   27.0510  0.5690  0.25   9075   9075   9075
 28.000   16.1800  0.4100  0.47 225.70  3.08 -0.05   24.9730  0.5440  0.24   8725   8725   8725
 28.500   15.0130  0.3880  0.43 226.65  3.14 -0.05   23.0740  0.5130  0.25   8214   8214   8214
 29.000   13.9330  0.3700  0.41 227.54  3.17 -0.05   21.3310  0.4880  0.25   7581   7581   7581
 29.500   12.9280  0.3500  0.34 228.36  3.21 -0.04   19.7210  0.4620  0.19   6850   6850   6850
 30.000   11.9990  0.3310  0.32 229.18  3.26 -0.09   18.2380  0.4380  0.19   6046   6046   6046
