                 36.62N  116.02W                                                
     T A B L E  II - 13.  T H E R M O D Y N A M I C  S T A T I S T I C A L  P A R A M E T E R S
                                              ANNUAL    
 STATION =   723870     NELLIS/DESERT ROCK            
    Z      MEAN P   SD P  SKEWP MEAN T  SD T SKEWT    MEAN D    SD D SKEWD  NOBSP  NOBST  NOBSD
    KM       MB        MB       DEG K  DEG K            G/M3    G/M3
   .000 1013.1310  8.5010   .31 292.80 13.18   .38 1204.3600 62.4100  -.04  4409.  4409.  4409.
  1.000  900.8410  4.9330   .10 290.91 10.65   .19 1077.4800 41.7100   .01  6103.  6103.  6103.
  1.007  899.9650  4.8510   .11 290.86 10.61   .19 1076.6300 41.6500   .01  6103.  6103.  6103.
  2.000  799.8860  4.8390  -.64 284.82  8.70  -.02  977.0800 28.1200   .10  6165.  6165.  6165.
  3.000  708.7840  5.9620  -.61 277.69  7.60  -.18  888.1700 19.2800   .20  6164.  6164.  6164.
  4.000  625.6050  7.1410  -.54 270.98  6.90  -.42  803.6400 13.2700   .44  6161.  6161.  6161.
  5.000  550.7270  7.9510  -.52 264.35  6.67  -.55  725.4300  9.6900   .57  6156.  6156.  6156.
  6.000  483.4590  8.6410  -.53 257.47  6.77  -.57  654.0100  7.5100   .48  6141.  6140.  6141.
  7.000  422.5130  8.8860  -.53 250.30  6.86  -.46  588.0100  5.9900   .26  6120.  6119.  6120.
  8.000  367.8050  9.0850  -.50 242.90  6.73  -.26  527.4900  5.0500  -.26  6100.  6100.  6100.
  9.000  318.8930  8.9500  -.45 235.47  6.42  -.05  471.7700  5.5700 -1.56  6079.  6079.  6079.
 10.000  275.3240  8.7930  -.30 228.48  5.95   .10  419.7700  7.4100 -2.10  6060.  6060.  6060.
 11.000  236.6690  8.2460  -.17 222.43  5.52   .05  370.6800  9.8400 -1.68  6032.  6032.  6032.
 12.000  202.6830  7.3630  -.04 218.26  5.08  -.21  323.6000 11.7800 -1.02  6019.  6019.  6019.
 13.000  173.1280  6.3660   .08 215.78  4.45  -.31  279.6500 12.2700  -.44  5993.  5993.  5993.
 14.000  147.7180  5.3310   .13 213.73  4.09   .11  240.9300 11.6000  -.05  5972.  5972.  5972.
 15.000  125.7300  4.3260   .17 211.49  4.30   .14  207.2800 10.3000   .13  5941.  5941.  5941.
 16.000  106.9320  3.4470   .17 209.84  4.39   .10  177.6700  8.5000   .14  5936.  5936.  5936.
 17.000   90.8650  2.7890   .18 209.47  4.03   .16  151.2100  6.5000   .05  5510.  5510.  5510.
 18.000   77.2110  2.2970   .20 210.16  3.50   .07  128.0400  4.7100  -.03  5487.  5487.  5487.
 19.000   65.6920  1.9370   .21 211.63  3.08  -.17  108.1500  3.3800  -.07  5425.  5425.  5425.
 20.000   55.9400  1.6910   .22 213.11  2.96  -.44   91.4500  2.5300  -.03  5404.  5404.  5404.
 21.000   47.6960  1.4790   .21 214.55  3.02  -.56   77.4400  1.9500   .03  5314.  5314.  5314.
 22.000   40.7340  1.3310   .19 215.99  3.19  -.60   65.6900  1.6200   .09  5247.  5247.  5247.
 23.000   34.7930  1.1990   .17 217.45  3.32  -.64   55.7300  1.3800   .16  5192.  5192.  5192.
 24.000   29.7570  1.0720   .14 218.93  3.53  -.63   47.3400  1.1800   .18  5067.  5067.  5067.
 25.000   25.4750   .9730   .11 220.34  3.77  -.64   40.2700  1.0400   .14  4913.  4913.  4913.
 26.000   21.8300   .8820   .10 221.83  3.99  -.55   34.2700   .9400   .09  4836.  4835.  4836.
 27.000   18.7500   .7890   .06 223.33  4.19  -.54   29.2400   .8300   .04  4450.  4450.  4450.
 28.000   16.1160   .7130   .03 224.75  4.41  -.50   24.9700   .7600  -.02  4097.  4097.  4097.
 29.000   13.8790   .6420  -.01 226.29  4.64  -.48   21.3600   .6900  -.08  3635.  3635.  3635.
 30.000   11.9440   .5750  -.03 227.77  4.76  -.50   18.2600   .6300  -.12  3135.  3135.  3135.
     T A B L E  II -  1.  T H E R M O D Y N A M I C  S T A T I S T I C A L  P A R A M E T E R S
                                              JANUARY   
 STATION =   723870     NELLIS/DESERT ROCK            
    Z      MEAN P   SD P  SKEWP MEAN T  SD T SKEWT    MEAN D    SD D SKEWD  NOBSP  NOBST  NOBSD
    KM       MB        MB       DEG K  DEG K            G/M3    G/M3
   .000 1019.6910  8.2410  -.13 284.18  9.83   .15 1248.5900 50.1800   .05   392.   392.   392.
  1.000  903.8340  5.9240  -.37 280.91  6.08   .15 1119.1600 25.7500   .10   482.   482.   482.
  1.007  903.0560  5.9140  -.37 280.88  6.07   .15 1118.3400 25.6400   .10   482.   482.   482.
  2.000  799.5660  5.6990  -.53 276.11  4.92  -.29 1007.5000 16.0600   .61   483.   483.   483.
  3.000  705.9840  6.0260  -.53 271.24  5.37  -.54  906.0200 13.1700   .64   483.   483.   483.
  4.000  621.3740  6.6420  -.57 265.66  5.47  -.77  814.4400 10.3900   .86   483.   483.   483.
  5.000  545.5950  7.1310  -.63 259.23  5.51  -.87  733.0100  8.2100   .75   482.   482.   482.
  6.000  477.6320  7.6320  -.68 252.30  5.58  -.95  659.4000  6.5800   .51   480.   480.   480.
  7.000  416.3140  7.7220  -.74 245.08  5.30  -.80  591.7200  5.1800   .12   478.   478.   478.
  8.000  361.2980  7.6700  -.73 237.66  4.70  -.51  529.5700  5.5600  -.90   475.   475.   475.
  9.000  312.3110  7.3510  -.64 230.30  4.08  -.23  472.4100  7.1500 -1.72   473.   473.   473.
 10.000  268.6220  6.7240  -.50 223.56  3.60   .03  418.6200  9.7700 -1.66   473.   473.   473.
 11.000  230.2110  5.8620  -.35 218.60  4.36   .90  367.0400 12.5500 -1.12   467.   467.   467.
 12.000  196.8000  4.8110  -.23 216.65  5.62   .45  316.7400 13.4000  -.32   465.   465.   465.
 13.000  168.0480  3.8150  -.18 216.54  5.24  -.41  270.5800 10.7600   .12   465.   465.   465.
 14.000  143.4840  3.0820  -.12 215.75  3.97  -.16  231.8100  7.8600  -.06   464.   464.   464.
 15.000  122.2960  2.4320  -.13 213.53  3.64   .25  199.6200  6.4300  -.13   462.   462.   462.
 16.000  104.1840  1.9120  -.14 211.25  3.88   .24  171.8900  5.5800  -.13   462.   462.   462.
 17.000   88.5460  1.4890  -.19 210.08  3.82   .09  146.8900  4.3700  -.04   437.   437.   437.
 18.000   75.2620  1.1840  -.21 209.90  3.85  -.15  124.9600  3.3400  -.01   434.   434.   434.
 19.000   64.0000   .9990  -.28 210.63  3.81  -.36  105.8800  2.4600   .06   427.   427.   427.
 20.000   54.4370   .8800  -.32 211.53  3.82  -.41   89.6700  1.7500  -.07   424.   424.   424.
 21.000   46.3580   .8060  -.40 212.45  3.89  -.48   76.0300  1.2500   .07   414.   414.   414.
 22.000   39.5070   .7640  -.48 213.51  4.11  -.37   64.4600  1.0000  -.04   406.   406.   406.
 23.000   33.6670   .7290  -.50 214.51  4.18  -.42   54.6800   .8300  -.04   400.   400.   400.
 24.000   28.7400   .6740  -.48 215.55  4.22  -.45   46.4500   .7300  -.11   384.   384.   384.
 25.000   24.5370   .6290  -.45 216.50  4.32  -.58   39.4800   .7000  -.35   379.   379.   379.
 26.000   20.9760   .5740  -.42 217.74  4.28  -.47   33.5600   .6700  -.82   368.   368.   368.
 27.000   17.9610   .5200  -.44 218.91  4.26  -.57   28.5800   .6300  -.63   338.   338.   338.
 28.000   15.3940   .4670  -.43 220.15  4.47  -.36   24.3600   .6100  -.70   301.   301.   301.
 29.000   13.2250   .4050  -.36 221.49  4.69  -.45   20.8000   .5600  -.79   247.   247.   247.
 30.000   11.3760   .3650  -.43 223.31  5.07  -.53   17.7500   .5300  -.79   209.   209.   209.
     T A B L E  II -  2.  T H E R M O D Y N A M I C  S T A T I S T I C A L  P A R A M E T E R S
                                              FEBRUARY  
 STATION =   723870     NELLIS/DESERT ROCK            
    Z      MEAN P   SD P  SKEWP MEAN T  SD T SKEWT    MEAN D    SD D SKEWD  NOBSP  NOBST  NOBSD
    KM       MB        MB       DEG K  DEG K            G/M3    G/M3
   .000 1018.3230  7.8400  -.23 284.45 10.21   .28 1245.6400 51.8600  -.05   325.   325.   325.
  1.000  902.5210  5.1990  -.29 282.35  6.84   .10 1111.9900 28.3000   .12   446.   446.   446.
  1.007  901.7510  5.1880  -.29 282.31  6.81   .10 1111.1900 28.1800   .12   446.   446.   446.
  2.000  798.6930  5.1260  -.29 276.75  5.01  -.25 1004.1500 16.0100   .38   446.   446.   446.
  3.000  705.3510  5.5890  -.30 271.12  5.12  -.46  905.6200 12.5200   .56   446.   446.   446.
  4.000  620.7100  6.1880  -.36 265.31  5.02  -.65  814.6500  9.5600   .66   446.   446.   446.
  5.000  544.9210  6.6480  -.40 258.73  5.04  -.54  733.4900  7.6600   .28   445.   445.   445.
  6.000  476.8990  7.0360  -.42 251.58  5.12  -.52  660.2500  6.2800   .07   443.   443.   443.
  7.000  415.5170  7.0930  -.45 244.16  5.00  -.40  592.7900  5.0600  -.25   441.   441.   441.
  8.000  360.4190  7.1350  -.46 236.50  4.72  -.15  530.8700  4.5800  -.89   440.   440.   440.
  9.000  311.3210  6.9250  -.35 229.05  4.25  -.02  473.4900  6.0200 -1.54   439.   439.   439.
 10.000  267.5360  6.4240  -.23 222.27  3.77   .38  419.3600  8.7000 -1.52   438.   438.   438.
 11.000  229.0300  5.6370  -.09 217.01  4.41   .99  367.8200 11.8800  -.97   437.   437.   437.
 12.000  195.5970  4.6700   .05 215.45  5.82   .27  316.5800 13.2600  -.18   435.   435.   435.
 13.000  166.9250  3.7290   .13 216.27  5.20  -.69  269.1000 10.4900   .47   431.   431.   431.
 14.000  142.5170  3.0120   .18 215.85  3.96  -.50  230.1300  7.7000   .36   428.   428.   428.
 15.000  121.5120  2.3860   .14 214.03  3.53  -.26  197.8700  6.3600   .36   427.   427.   427.
 16.000  103.5650  1.8700   .09 212.21  3.77  -.24  170.1000  5.3800   .36   426.   426.   426.
 17.000   88.1190  1.4660   .00 210.96  4.10  -.34  145.5900  4.5300   .43   410.   410.   410.
 18.000   74.9320  1.1560  -.12 210.67  4.05  -.32  123.9600  3.4900   .43   407.   407.   407.
 19.000   63.7650   .9350  -.27 211.49  3.76  -.33  105.0700  2.4600   .50   394.   394.   394.
 20.000   54.2690   .8040  -.47 212.41  3.46  -.30   89.0300  1.7400   .33   392.   392.   392.
 21.000   46.2380   .7220  -.58 213.40  3.29  -.18   75.4900  1.2600   .07   383.   383.   383.
 22.000   39.4430   .6430  -.58 214.57  3.24  -.20   64.0400   .9500  -.02   372.   372.   372.
 23.000   33.6540   .5950  -.60 215.68  3.03  -.28   54.3600   .7400  -.34   366.   366.   366.
 24.000   28.7470   .5400  -.59 216.84  2.99  -.25   46.1900   .6400  -.31   354.   354.   354.
 25.000   24.5780   .4990  -.59 217.94  2.95  -.43   39.2900   .6000  -.68   349.   349.   349.
 26.000   21.0300   .4410  -.40 219.26  2.87  -.47   33.4200   .5400  -.73   342.   342.   342.
 27.000   18.0230   .3760  -.57 220.45  2.96  -.84   28.4800   .4900 -1.09   301.   301.   301.
 28.000   15.4610   .3390  -.48 221.61  3.20  -.68   24.3100   .4500 -1.33   269.   269.   269.
 29.000   13.2760   .3070  -.37 222.91  3.22  -.23   20.7500   .4100 -1.41   227.   227.   227.
 30.000   11.3950   .2720  -.29 224.26  3.31   .18   17.7000   .3700  -.86   187.   187.   187.
     T A B L E  II -  3.  T H E R M O D Y N A M I C  S T A T I S T I C A L  P A R A M E T E R S
                                              MARCH     
 STATION =   723870     NELLIS/DESERT ROCK            
    Z      MEAN P   SD P  SKEWP MEAN T  SD T SKEWT    MEAN D    SD D SKEWD  NOBSP  NOBST  NOBSD
    KM       MB        MB       DEG K  DEG K            G/M3    G/M3
   .000 1014.1000  7.4910  -.18 285.34  7.60   .83 1235.3200 38.5100  -.45   297.   297.   297.
  1.000  899.6000  5.3680  -.32 284.54  6.46   .29 1099.5100 25.1300  -.06   491.   491.   491.
  1.007  898.8290  5.3630  -.33 284.51  6.39   .32 1098.6900 24.9000  -.08   491.   491.   491.
  2.000  796.5080  5.3810  -.40 277.66  4.43   .31  997.8500 13.2900  -.21   491.   491.   491.
  3.000  703.5950  5.6200  -.31 270.34  4.27   .11  905.6600 10.4700   .06   491.   491.   491.
  4.000  618.9200  6.0200  -.25 264.09  4.46  -.22  815.9700  8.8800   .29   490.   490.   490.
  5.000  543.0070  6.2550  -.21 257.54  4.66  -.35  734.3000  7.6200   .23   490.   490.   490.
  6.000  474.8520  6.5520  -.23 250.48  4.66  -.44  660.3200  6.2000  -.07   489.   489.   489.
  7.000  413.4960  6.5640  -.25 242.99  4.64  -.40  592.7600  5.4400  -.44   486.   486.   486.
  8.000  358.4470  6.5780  -.29 235.50  4.37  -.35  530.2300  5.3700  -.79   486.   486.   486.
  9.000  309.4760  6.3230  -.21 228.30  3.79  -.17  472.2400  6.5000 -1.34   483.   483.   483.
 10.000  265.8780  5.7310  -.13 222.14  3.26   .22  417.0000  9.1500 -1.17   479.   479.   479.
 11.000  227.6730  4.8930   .01 217.90  4.26   .68  364.1800 12.0100  -.66   477.   477.   477.
 12.000  194.5820  3.9150   .12 216.77  5.76  -.02  313.0200 12.7200   .11   475.   475.   475.
 13.000  166.1970  3.0120   .15 217.08  5.33  -.60  266.9300  9.8900   .50   475.   475.   475.
 14.000  141.9780  2.3860   .19 216.69  3.92  -.54  228.3600  6.7000   .27   471.   471.   471.
 15.000  121.1430  1.8680   .19 215.03  3.46  -.16  196.3400  5.3700   .15   470.   470.   470.
 16.000  103.3290  1.4510   .21 213.24  3.58  -.04  168.8700  4.5800   .21   469.   469.   469.
 17.000   88.0290  1.1320   .20 212.33  3.77   .00  144.4900  3.8000   .27   441.   441.   441.
 18.000   74.9360   .8770   .18 211.99  3.54  -.19  123.1900  2.9200   .25   439.   439.   439.
 19.000   63.8230   .7150   .17 212.48  3.00   .08  104.6600  2.0100  -.02   431.   431.   431.
 20.000   54.3600   .6020   .23 213.13  2.76   .08   88.8700  1.4300   .15   429.   429.   429.
 21.000   46.3450   .5260   .24 213.89  2.57  -.06   75.4900  1.0700   .15   419.   419.   419.
 22.000   39.5270   .4730   .29 214.60  2.49  -.02   64.1800   .8100   .24   409.   409.   409.
 23.000   33.7190   .4360   .33 215.61  2.43   .01   54.4900   .6400   .02   403.   403.   403.
 24.000   28.7900   .4010   .36 216.63  2.48  -.19   46.3000   .5700  -.07   386.   386.   386.
 25.000   24.6110   .3710   .27 217.73  2.69  -.17   39.3800   .5000  -.27   377.   377.   377.
 26.000   21.0530   .3350   .36 219.15  2.64   .13   33.4700   .4500  -.41   366.   366.   366.
 27.000   18.0540   .3040   .31 220.67  2.85   .09   28.5000   .4100  -.34   324.   324.   324.
 28.000   15.4840   .2810   .26 222.23  3.19   .59   24.2700   .3800  -.26   296.   296.   296.
 29.000   13.2940   .2550   .43 223.96  3.54   .63   20.6800   .3500  -.29   245.   245.   245.
 30.000   11.4070   .2450   .40 225.76  3.74   .35   17.6000   .3300  -.17   203.   203.   203.
     T A B L E  II -  4.  T H E R M O D Y N A M I C  S T A T I S T I C A L  P A R A M E T E R S
                                              APRIL     
 STATION =   723870     NELLIS/DESERT ROCK            
    Z      MEAN P   SD P  SKEWP MEAN T  SD T SKEWT    MEAN D    SD D SKEWD  NOBSP  NOBST  NOBSD
    KM       MB        MB       DEG K  DEG K            G/M3    G/M3
   .000 1012.3190  6.4360   .07 289.15  8.51   .85 1217.4900 40.6500  -.56   288.   288.   288.
  1.000  899.0860  4.3580   .17 288.75  7.27   .22 1083.2900 27.8900  -.07   477.   477.   477.
  1.007  898.3330  4.3480   .17 288.71  7.24   .21 1082.5200 27.8200  -.06   477.   477.   477.
  2.000  797.3440  4.4110  -.17 281.70  5.38  -.18  984.8300 16.7500   .20   477.   477.   477.
  3.000  705.5400  4.9250  -.34 273.68  5.05  -.42  897.1900 12.8100   .42   476.   476.   476.
  4.000  621.5500  5.5520  -.46 266.86  5.04  -.85  810.9400 10.2000   .90   476.   476.   476.
  5.000  546.0810  6.0540  -.60 260.41  5.08 -1.11  730.3500  8.1600  1.03   476.   476.   476.
  6.000  478.2700  6.5530  -.71 253.31  5.19 -1.24  657.6700  6.7100   .87   475.   475.   475.
  7.000  417.0920  6.6950  -.85 246.03  5.01 -1.31  590.5500  5.4700   .60   475.   475.   475.
  8.000  362.2460  6.6740  -.90 238.64  4.35 -1.08  528.7800  5.0400  -.49   472.   472.   472.
  9.000  313.3810  6.4150  -.88 231.33  3.49  -.59  471.9300  6.5000 -1.44   472.   472.   472.
 10.000  269.6790  5.8380  -.74 224.41  2.97   .05  418.6700  8.8200 -1.74   469.   469.   469.
 11.000  231.1610  5.0360  -.55 218.41  3.53  1.04  368.8200 10.7800 -1.48   467.   467.   467.
 12.000  197.4970  4.1080  -.39 214.75  4.88   .75  320.6100 11.9400  -.78   464.   464.   464.
 13.000  168.3840  3.1760  -.28 214.52  5.32  -.05  273.6800 10.5200  -.08   463.   463.   463.
 14.000  143.6150  2.4710  -.23 214.71  4.03  -.26  233.1300  7.3200   .02   462.   462.   462.
 15.000  122.4090  1.9170  -.21 213.69  3.41   .30  199.6400  5.5100  -.27   459.   459.   459.
 16.000  104.3140  1.5000  -.14 212.71  3.34   .43  170.9000  4.4400  -.31   459.   459.   459.
 17.000   88.8190  1.1880  -.07 212.26  3.37   .23  145.8200  3.5100  -.21   425.   425.   425.
 18.000   75.6120   .9550   .03 212.41  3.27  -.07  124.0500  2.7300  -.11   425.   425.   425.
 19.000   64.4220   .7890   .08 213.16  3.20   .08  105.3100  2.1200  -.15   418.   418.   418.
 20.000   54.8980   .6770   .10 213.89  2.82   .15   89.4200  1.5300  -.13   417.   417.   417.
 21.000   46.8270   .5980   .10 214.79  2.55   .07   75.9600  1.1200   .00   410.   410.   410.
 22.000   39.9790   .5380   .10 215.97  2.40  -.02   64.4900   .8700  -.08   401.   401.   401.
 23.000   34.1440   .4870   .06 217.31  2.33  -.07   54.7400   .7100  -.18   397.   397.   397.
 24.000   29.1800   .4450   .08 218.51  2.27  -.04   46.5200   .5800  -.29   386.   386.   386.
 25.000   24.9790   .4010   .02 220.11  2.40  -.07   39.5400   .5300  -.44   376.   376.   376.
 26.000   21.3880   .3670  -.01 221.77  2.73   .25   33.6000   .4900  -.37   367.   367.   367.
 27.000   18.3560   .3380   .00 223.42  2.85   .17   28.6300   .4400  -.27   324.   324.   324.
 28.000   15.7780   .3150  -.05 225.13  3.02   .32   24.4100   .4000  -.25   300.   300.   300.
 29.000   13.5710   .2850  -.04 227.02  3.19   .20   20.8200   .3500  -.26   262.   262.   262.
 30.000   11.6600   .2520  -.12 228.83  3.07   .03   17.7500   .3100  -.17   224.   224.   224.
     T A B L E  II -  5.  T H E R M O D Y N A M I C  S T A T I S T I C A L  P A R A M E T E R S
                                              MAY       
 STATION =   723870     NELLIS/DESERT ROCK            
    Z      MEAN P   SD P  SKEWP MEAN T  SD T SKEWT    MEAN D    SD D SKEWD  NOBSP  NOBST  NOBSD
    KM       MB        MB       DEG K  DEG K            G/M3    G/M3
   .000 1008.0830  5.7370   .01 295.67 10.00   .88 1185.5800 43.9800  -.61   306.   306.   306.
  1.000  897.4380  3.5750  -.03 294.35  7.72   .14 1060.3400 28.3500  -.01   473.   473.   473.
  1.007  896.7120  3.5680  -.03 294.30  7.69   .14 1059.6700 28.2600  -.01   473.   473.   473.
  2.000  797.7080  3.7590  -.45 287.22  5.46  -.30  965.9300 16.5400   .32   473.   473.   473.
  3.000  707.5230  4.3660  -.58 278.73  5.07  -.35  883.0400 12.4000   .32   473.   473.   473.
  4.000  624.6810  5.0340  -.59 271.11  4.72  -.56  801.9100  9.3500   .46   473.   473.   473.
  5.000  549.9510  5.4680  -.64 264.34  4.46  -.84  724.3700  7.1600   .56   473.   473.   473.
  6.000  482.7280  5.8710  -.69 257.39  4.54 -1.02  653.1700  5.9100   .26   472.   472.   472.
  7.000  421.8880  5.9310  -.78 250.16  4.58 -1.00  587.4400  5.0700  -.26   469.   469.   469.
  8.000  367.1520  5.9830  -.77 242.59  4.24  -.71  527.2100  4.4100  -.95   469.   469.   469.
  9.000  318.3250  5.7710  -.77 234.90  3.73  -.46  472.0800  4.9800 -2.26   468.   468.   468.
 10.000  274.6450  5.5220  -.53 227.55  3.29  -.13  420.4800  6.5500 -2.71   468.   468.   468.
 11.000  235.8830  4.9720  -.32 221.04  3.14   .46  371.8000  8.4100 -1.94   465.   465.   465.
 12.000  201.7960  4.2010  -.12 216.31  4.07   .80  325.1500 10.1900 -1.07   464.   464.   464.
 13.000  172.1720  3.3710   .02 214.39  4.96   .25  279.9800 10.3400  -.23   462.   462.   462.
 14.000  146.8330  2.5990   .06 214.21  4.72  -.42  238.9600  8.4400   .37   461.   461.   461.
 15.000  125.1050  1.9970   .04 213.61  3.79  -.37  204.1200  6.0200   .30   459.   459.   459.
 16.000  106.5890  1.5590   .04 212.48  3.49  -.25  174.8200  4.6400   .16   459.   459.   459.
 17.000   90.7980  1.2250   .08 211.92  3.42  -.03  149.3100  3.6900   .04   428.   428.   428.
 18.000   77.2820   .9720   .09 211.97  3.27   .04  127.0500  2.9200   .08   427.   427.   427.
 19.000   65.8090   .7880   .03 212.78  2.84  -.05  107.7700  2.1000   .14   422.   422.   422.
 20.000   56.0820   .6690   .06 214.07  2.59   .01   91.2800  1.4800   .10   420.   420.   420.
 21.000   47.8460   .5800   .06 215.75  2.36  -.04   77.2600  1.0200   .05   415.   415.   415.
 22.000   40.8980   .5290   .06 217.39  2.25  -.19   65.5400   .7600  -.08   413.   413.   413.
 23.000   34.9670   .4890   .07 219.11  2.17  -.29   55.6000   .5800  -.11   411.   411.   411.
 24.000   29.9160   .4480   .07 220.86  2.24  -.29   47.1900   .4900   .02   400.   400.   400.
 25.000   25.6590   .4090   .01 222.55  2.25  -.27   40.1600   .4200  -.05   383.   383.   383.
 26.000   22.0140   .3790  -.02 224.37  2.32  -.10   34.1800   .4000  -.01   376.   376.   376.
 27.000   18.9140   .3470  -.01 226.17  2.38  -.24   29.1300   .3800   .02   353.   353.   353.
 28.000   16.2780   .3180   .01 227.97  2.50  -.09   24.8800   .3400   .07   321.   321.   321.
 29.000   14.0200   .2920  -.04 229.78  2.56   .07   21.2500   .3200   .04   300.   300.   300.
 30.000   12.0760   .2640  -.01 231.59  2.50   .26   18.1600   .2800   .04   259.   259.   259.
     T A B L E  II -  6.  T H E R M O D Y N A M I C  S T A T I S T I C A L  P A R A M E T E R S
                                              JUNE      
 STATION =   723870     NELLIS/DESERT ROCK            
    Z      MEAN P   SD P  SKEWP MEAN T  SD T SKEWT    MEAN D    SD D SKEWD  NOBSP  NOBST  NOBSD
    KM       MB        MB       DEG K  DEG K            G/M3    G/M3
   .000 1006.6840  5.4740   .04 301.31 10.91   .64 1162.4300 46.2100  -.44   356.   356.   356.
  1.000  898.1980  3.2470  -.13 299.66  7.52   .07 1042.2200 27.1100   .02   516.   516.   516.
  1.007  897.3240  3.1400  -.13 299.59  7.48   .07 1041.4200 26.9700   .02   516.   516.   516.
  2.000  800.1450  3.3260  -.54 292.75  4.43  -.48  950.1400 13.1300   .49   528.   528.   528.
  3.000  711.3020  3.7270  -.61 284.22  4.02  -.43  870.3900  9.7100   .43   528.   528.   528.
  4.000  629.4730  4.0830  -.56 276.41  3.70  -.57  792.3800  7.5000   .43   528.   528.   528.
  5.000  555.4930  4.3700  -.62 269.23  3.47  -.83  718.2200  5.9300   .66   528.   528.   528.
  6.000  488.9640  4.6460  -.65 262.25  3.30  -.89  649.2300  4.7100  -.05   527.   527.   527.
  7.000  428.2870  4.5910  -.68 255.02  3.25  -.80  584.9000  4.1800  -.46   526.   526.   526.
  8.000  373.7940  4.6360  -.66 247.47  3.21  -.62  526.1000  3.6600  -.53   524.   524.   524.
  9.000  324.8540  4.4410  -.64 239.78  3.14  -.45  471.9300  3.5900  -.78   523.   523.   523.
 10.000  281.3110  4.3850  -.58 232.26  2.96  -.42  421.9400  3.9200 -1.64   522.   522.   522.
 11.000  242.2990  4.1070  -.49 225.14  2.85  -.31  374.9300  4.9600 -1.75   518.   518.   518.
 12.000  207.7130  3.6340  -.42 219.24  3.10   .26  330.0900  6.3700 -1.33   517.   517.   517.
 13.000  177.5100  3.1220  -.33 215.51  3.62   .20  287.0300  7.5700  -.57   514.   514.   514.
 14.000  151.4120  2.5510  -.30 213.44  3.71  -.17  247.2400  7.2100  -.16   513.   513.   513.
 15.000  128.8690  1.9860  -.29 211.45  3.72  -.04  212.4100  6.2800  -.09   512.   512.   512.
 16.000  109.5910  1.5050  -.29 209.90  3.75   .07  181.9800  5.1000  -.17   512.   512.   512.
 17.000   93.1820  1.1540  -.27 209.14  3.48   .29  155.2700  3.8300  -.32   478.   478.   478.
 18.000   79.1750   .9160  -.17 210.13  3.01   .29  131.2900  2.6600  -.35   478.   478.   478.
 19.000   67.3630   .7630  -.05 212.27  2.48   .06  110.5600  1.7200  -.40   476.   476.   476.
 20.000   57.4100   .6710   .04 214.38  2.19  -.01   93.3000  1.2200  -.22   474.   474.   474.
 21.000   48.9810   .6000   .04 216.31  1.96   .06   78.8800   .8900  -.15   464.   464.   464.
 22.000   41.8890   .5490   .08 218.17  1.84  -.01   66.8900   .7300  -.14   464.   464.   464.
 23.000   35.8360   .5000   .11 219.99  1.82   .03   56.7400   .6200  -.02   457.   457.   457.
 24.000   30.6720   .4540   .16 221.83  1.81  -.19   48.1700   .5600   .02   455.   455.   455.
 25.000   26.3350   .4090   .14 223.77  1.84  -.18   40.9900   .4900  -.01   442.   442.   442.
 26.000   22.6160   .3730   .12 225.56  1.94  -.03   34.9300   .4400   .03   437.   436.   437.
 27.000   19.4510   .3300   .13 227.35  1.91  -.02   29.8000   .4000  -.03   409.   409.   409.
 28.000   16.7510   .2960   .14 229.06  1.93  -.04   25.4700   .3600  -.15   375.   375.   375.
 29.000   14.4380   .2710   .15 230.78  2.04  -.20   21.7900   .3200   .06   338.   338.   338.
 30.000   12.4530   .2480   .12 232.51  2.16  -.07   18.6500   .2900   .01   292.   292.   292.
     T A B L E  II -  7.  T H E R M O D Y N A M I C  S T A T I S T I C A L  P A R A M E T E R S
                                              JULY      
 STATION =   723870     NELLIS/DESERT ROCK            
    Z      MEAN P   SD P  SKEWP MEAN T  SD T SKEWT    MEAN D    SD D SKEWD  NOBSP  NOBST  NOBSD
    KM       MB        MB       DEG K  DEG K            G/M3    G/M3
   .000 1006.9890  4.9910  -.28 304.67 10.59   .61 1147.7700 43.9300  -.42   396.   396.   396.
  1.000  899.8850  2.5110  -.02 302.45  7.04   .06 1033.2000 24.7800   .02   550.   550.   550.
  1.007  899.1200  2.5210   .01 302.39  7.00   .06 1032.5100 24.6400   .01   550.   550.   550.
  2.000  802.6610  2.2550  -.54 295.61  3.48  -.47  943.0000 10.5800   .42   558.   558.   558.
  3.000  714.3700  2.4080  -.70 287.14  2.92  -.48  864.4200  7.3400   .44   558.   558.   558.
  4.000  633.1610  2.6890  -.75 279.27  2.42  -.71  788.2200  5.1400   .46   557.   557.   557.
  5.000  559.5490  2.8220  -.71 272.09  2.15  -.70  715.4600  4.1200  -.04   556.   556.   556.
  6.000  493.2270  2.8220  -.84 265.33  2.05  -.65  647.1400  3.8300  -.06   555.   554.   555.
  7.000  432.7280  2.7730 -1.00 258.55  2.24  -.78  582.8600  3.6600   .21   553.   552.   553.
  8.000  378.4820  2.7940 -1.13 251.44  2.42 -1.08  524.2700  3.3200   .30   547.   547.   547.
  9.000  329.6020  2.7320 -1.21 244.04  2.48  -.62  470.4500  3.2000  -.02   544.   544.   544.
 10.000  286.2510  2.7290 -1.20 236.55  2.48  -.56  421.5400  3.0700  -.68   543.   543.   543.
 11.000  247.2590  2.6520 -1.11 229.32  2.43  -.32  375.6400  3.1900 -1.51   542.   542.   542.
 12.000  212.4250  2.4180 -1.05 222.66  2.32  -.03  332.3800  3.4900 -1.45   542.   542.   542.
 13.000  181.8260  2.1550  -.92 216.72  2.27   .17  292.3100  4.3900 -1.23   540.   540.   540.
 14.000  155.0890  1.8180  -.75 211.52  2.73   .86  255.4700  4.8600 -1.38   540.   540.   540.
 15.000  131.7670  1.4710  -.48 207.78  3.14  1.11  220.9800  4.7700 -1.19   539.   539.   539.
 16.000  111.7450  1.1470  -.18 206.37  3.22   .94  188.6900  4.0500  -.87   539.   539.   539.
 17.000   94.7760   .9050  -.01 207.22  2.73   .63  159.3600  2.7600  -.57   499.   499.   499.
 18.000   80.4470   .7680   .06 209.27  2.40   .28  133.9400  1.8800  -.42   497.   497.   497.
 19.000   68.4120   .6640   .10 212.08  1.93   .27  112.3800  1.2800  -.18   497.   497.   497.
 20.000   58.3160   .6050   .12 214.61  1.72   .16   94.6700   .9500  -.12   496.   496.   496.
 21.000   49.7500   .5420   .18 216.76  1.69   .16   79.9600   .7500  -.01   494.   494.   494.
 22.000   42.5690   .4950   .16 218.75  1.80   .35   67.7900   .6500  -.15   489.   489.   489.
 23.000   36.4370   .4550   .17 220.50  1.70   .28   57.5700   .5700   .01   485.   485.   485.
 24.000   31.2010   .4170   .17 222.17  1.72   .04   48.9200   .4800   .01   484.   484.   484.
 25.000   26.7840   .3730   .13 223.91  1.75   .04   41.6700   .4200  -.05   463.   463.   463.
 26.000   23.0080   .3440   .15 225.65  1.84   .04   35.5200   .3800  -.01   456.   456.   456.
 27.000   19.7850   .3090   .11 227.35  1.99   .03   30.3100   .3400   .04   433.   433.   433.
 28.000   17.0430   .2860   .14 228.95  2.05   .02   25.9400   .3100   .01   398.   398.   398.
 29.000   14.6930   .2620   .16 230.59  2.27  -.26   22.2000   .3000   .22   366.   366.   366.
 30.000   12.6650   .2350   .17 232.09  2.26  -.14   19.0100   .2700   .01   321.   321.   321.
     T A B L E  II -  8.  T H E R M O D Y N A M I C  S T A T I S T I C A L  P A R A M E T E R S
                                              AUGUST    
 STATION =   723870     NELLIS/DESERT ROCK            
    Z      MEAN P   SD P  SKEWP MEAN T  SD T SKEWT    MEAN D    SD D SKEWD  NOBSP  NOBST  NOBSD
    KM       MB        MB       DEG K  DEG K            G/M3    G/M3
   .000 1008.0260  5.3590  -.12 304.68 10.62   .48 1148.0300 43.7400  -.28   414.   414.   414.
  1.000  900.7060  3.2330   .18 301.78  7.05   .08 1035.9600 24.9000   .00   543.   543.   543.
  1.007  899.4420  2.7010  -.20 301.69  6.99   .08 1034.8300 24.6700  -.02   543.   543.   543.
  2.000  803.2120  2.7940   .27 295.03  3.64  -.27  945.2600 11.2600   .22   551.   551.   551.
  3.000  714.6870  2.7480   .27 286.51  3.08  -.12  866.5100  8.0800   .13   551.   551.   551.
  4.000  633.2850  2.9210   .13 278.69  2.49  -.27  789.9500  5.7500   .28   551.   551.   551.
  5.000  559.5170  2.9620   .07 271.63  2.15  -.43  716.6300  4.3100   .24   551.   551.   551.
  6.000  493.1260  2.9920   .02 264.96  2.09  -.46  647.8700  4.0200   .01   549.   549.   549.
  7.000  432.5750  2.9200  -.19 258.16  2.23  -.65  583.5000  3.5200   .23   546.   546.   546.
  8.000  378.2620  2.9440  -.36 250.95  2.48  -.55  524.9900  3.3000   .10   546.   546.   546.
  9.000  329.3280  2.9290  -.44 243.47  2.77  -.37  471.1700  3.0700  -.25   544.   544.   544.
 10.000  285.8640  2.9430  -.57 236.03  2.87  -.39  421.9000  2.7800  -.25   543.   543.   543.
 11.000  246.8540  2.9250  -.56 228.93  2.86  -.52  375.6500  2.8000  -.58   543.   543.   543.
 12.000  212.0560  2.7330  -.57 222.45  2.42  -.34  332.0900  3.1200  -.87   542.   542.   542.
 13.000  181.4970  2.4710  -.49 216.78  2.05   .37  291.6900  4.4200 -1.02   539.   539.   539.
 14.000  154.8400  2.0720  -.35 211.89  2.56   .71  254.6200  5.3000  -.99   538.   538.   538.
 15.000  131.5930  1.6500  -.09 208.28  3.36   .85  220.1800  5.3800  -.81   534.   534.   534.
 16.000  111.6300  1.2650   .16 206.64  3.58   .56  188.2600  4.5500  -.50   532.   532.   532.
 17.000   94.6610   .9880   .37 207.57  3.00   .44  158.9000  3.0900  -.31   492.   492.   492.
 18.000   80.3810   .8230   .43 209.79  2.38   .07  133.4900  2.0500   .04   486.   486.   486.
 19.000   68.3740   .7010   .43 212.52  1.98   .00  112.0900  1.4400   .03   483.   483.   483.
 20.000   58.2950   .6170   .35 214.78  1.74   .11   94.5500  1.0400   .20   482.   482.   482.
 21.000   49.7420   .5520   .41 216.79  1.63   .07   79.9300   .8200   .48   481.   481.   481.
 22.000   42.5570   .4990   .40 218.46  1.56   .01   67.8600   .7000   .41   480.   480.   480.
 23.000   36.4190   .4570   .46 220.07  1.54  -.02   57.6500   .5900   .64   476.   476.   476.
 24.000   31.1760   .4170   .46 221.71  1.63   .05   48.9800   .5100   .78   475.   475.   475.
 25.000   26.7490   .3790   .45 223.28  1.70   .10   41.7300   .4400  1.00   453.   453.   453.
 26.000   22.9680   .3460   .45 224.89  1.86   .19   35.5800   .4000   .80   449.   449.   449.
 27.000   19.7420   .3140   .43 226.37  2.01   .34   30.3700   .3500   .80   422.   422.   422.
 28.000   16.9890   .2870   .42 227.70  2.07   .29   25.9900   .3100   .65   401.   401.   401.
 29.000   14.6300   .2670   .44 229.01  2.24   .13   22.2500   .2800   .58   375.   375.   375.
 30.000   12.6010   .2440   .41 230.29  2.39   .02   19.0600   .2500   .54   330.   330.   330.
     T A B L E  II -  9.  T H E R M O D Y N A M I C  S T A T I S T I C A L  P A R A M E T E R S
                                              SEPTEMBER 
 STATION =   723870     NELLIS/DESERT ROCK            
    Z      MEAN P   SD P  SKEWP MEAN T  SD T SKEWT    MEAN D    SD D SKEWD  NOBSP  NOBST  NOBSD
    KM       MB        MB       DEG K  DEG K            G/M3    G/M3
   .000 1009.2960  6.3690   .32 300.39 11.36   .46 1167.5600 49.1100  -.23   371.   371.   371.
  1.000  900.2210  3.9480   .36 297.73  7.46  -.03 1050.4700 27.2900   .17   506.   506.   506.
  1.007  898.9470  3.3840  -.32 297.63  7.41  -.03 1049.3000 26.9700   .15   506.   506.   506.
  2.000  801.3100  4.0530  -.30 290.90  4.95  -.80  957.0600 14.8000   .82   532.   532.   532.
  3.000  711.8270  4.4650  -.68 282.50  4.37  -.92  875.8200 10.5100   .92   532.   532.   532.
  4.000  629.7230  4.9550  -.86 275.30  3.74 -1.18  795.6300  7.4500   .99   532.   532.   532.
  5.000  555.5200  5.1190  -.99 268.81  3.62 -1.24  719.2900  6.1400   .87   532.   532.   532.
  6.000  488.8200  5.2240 -1.12 262.27  3.69 -1.12  648.9800  5.1200   .44   531.   531.   531.
  7.000  428.2200  5.2170 -1.15 255.30  3.73  -.97  584.1800  4.2600   .15   530.   530.   530.
  8.000  373.7960  5.2160 -1.13 247.92  3.72  -.74  525.1700  4.0900  -.33   529.   529.   529.
  9.000  324.9450  5.0170 -1.07 240.36  3.55  -.29  470.9100  4.2400  -.61   528.   528.   528.
 10.000  281.5110  4.9180  -.95 233.14  3.44  -.02  420.6400  4.9800 -1.60   527.   527.   527.
 11.000  242.6630  4.5910  -.79 226.43  3.44  -.10  373.3700  6.0400 -1.72   526.   526.   526.
 12.000  208.2350  4.0710  -.66 220.91  3.30  -.25  328.4400  6.8400 -1.33   526.   526.   526.
 13.000  178.0600  3.5330  -.55 216.42  2.88  -.11  286.6800  7.0600  -.83   524.   524.   524.
 14.000  151.9470  2.9340  -.51 212.79  2.98   .48  248.8300  7.1700  -.59   524.   524.   524.
 15.000  129.1950  2.3210  -.48 209.62  3.72   .27  214.8200  6.8800  -.34   518.   518.   518.
 16.000  109.7060  1.7620  -.48 207.70  4.07   .05  184.1100  5.9300  -.24   518.   518.   518.
 17.000   93.1100  1.3220  -.45 207.94  3.79   .34  156.0600  4.4700  -.47   480.   480.   480.
 18.000   79.0630  1.0190  -.36 209.73  3.16   .72  131.3700  3.0900  -.70   477.   477.   477.
 19.000   67.2410   .8130  -.24 211.92  2.56   .39  110.5600  2.1000  -.64   475.   475.   475.
 20.000   57.2910   .6830  -.15 214.04  2.10   .06   93.2500  1.4700  -.49   472.   472.   472.
 21.000   48.8620   .5800  -.06 215.93  1.87  -.01   78.8400  1.0900  -.34   466.   466.   466.
 22.000   41.7730   .5180  -.03 217.60  1.76  -.13   66.8800   .8300  -.28   462.   462.   462.
 23.000   35.7230   .4620   .02 219.26  1.79  -.01   56.7600   .6500  -.22   458.   458.   458.
 24.000   30.5690   .4100   .07 220.94  1.89   .00   48.2000   .5600  -.33   452.   452.   452.
 25.000   26.2130   .3680   .12 222.40  1.89   .15   41.0600   .4700  -.25   436.   436.   436.
 26.000   22.4920   .3350   .10 223.82  1.88   .27   35.0000   .3900  -.17   432.   432.   432.
 27.000   19.3080   .3060   .14 225.13  1.93   .08   29.8800   .3500  -.10   409.   409.   409.
 28.000   16.6060   .2790   .21 226.29  2.09  -.05   25.5600   .3100  -.08   385.   385.   385.
 29.000   14.2880   .2580   .19 227.44  2.34   .00   21.8800   .2700  -.01   353.   353.   353.
 30.000   12.2940   .2320   .23 228.45  2.35   .07   18.7500   .2400   .15   308.   308.   308.
     T A B L E  II - 10.  T H E R M O D Y N A M I C  S T A T I S T I C A L  P A R A M E T E R S
                                              OCTOBER   
 STATION =   723870     NELLIS/DESERT ROCK            
    Z      MEAN P   SD P  SKEWP MEAN T  SD T SKEWT    MEAN D    SD D SKEWD  NOBSP  NOBST  NOBSD
    KM       MB        MB       DEG K  DEG K            G/M3    G/M3
   .000 1014.2490  7.0720  -.09 292.71 11.82   .55 1205.7800 53.9600  -.32   373.   373.   373.
  1.000  901.8240  4.5670  -.33 291.18  7.67   .20 1077.1200 29.1800   .03   539.   539.   539.
  1.007  900.8790  4.3540  -.39 291.11  7.61   .19 1076.2000 29.1600   .03   539.   539.   539.
  2.000  800.9920  4.5960  -.39 285.18  5.28   .03  976.7200 16.0900   .28   543.   543.   543.
  3.000  709.8440  5.0150  -.30 277.60  4.84  -.23  889.5100 11.6900   .41   543.   543.   543.
  4.000  626.6870  5.5250  -.28 271.52  4.50  -.70  803.3900  8.5900   .61   543.   543.   543.
  5.000  551.8340  5.8560  -.35 265.34  4.37  -.74  724.1400  6.7100   .49   543.   543.   543.
  6.000  484.6850  6.1800  -.43 258.55  4.30  -.75  652.8600  5.6100   .00   542.   542.   542.
  7.000  423.7920  6.1220  -.50 251.28  4.21  -.79  587.4100  4.9300  -.20   542.   542.   542.
  8.000  369.0750  6.1060  -.53 243.73  4.08  -.78  527.4600  4.4600  -.40   541.   541.   541.
  9.000  320.1880  5.8410  -.59 236.19  3.72  -.56  472.2200  4.9600 -1.02   538.   538.   538.
 10.000  276.5880  5.5800  -.44 229.29  3.17   .32  420.2200  6.5500 -1.37   535.   535.   535.
 11.000  237.8800  5.0310  -.30 223.20  3.37   .43  371.3400  8.5000 -1.33   534.   534.   534.
 12.000  203.8300  4.2940  -.15 218.77  3.78   .29  324.6900  9.1200  -.88   533.   533.   533.
 13.000  174.0740  3.5860   .02 215.45  3.95  -.09  281.5900  8.7300  -.43   531.   531.   531.
 14.000  148.4910  2.9340   .12 212.83  3.70   .04  243.1600  7.6100  -.19   529.   529.   529.
 15.000  126.2570  2.3130   .21 210.30  3.65   .24  209.2400  6.5400  -.07   525.   525.   525.
 16.000  107.2770  1.7960   .27 208.55  3.73   .29  179.2800  5.4800   .01   525.   525.   525.
 17.000   91.1130  1.4020   .27 208.22  3.82   .21  152.5100  4.4900   .13   470.   470.   470.
 18.000   77.3580  1.0920   .25 209.23  3.44   .17  128.8400  3.2700   .21   469.   469.   469.
 19.000   65.7690   .8790   .24 210.70  2.90   .17  108.7600  2.2700   .25   465.   465.   465.
 20.000   55.9560   .7400   .22 212.24  2.50   .18   91.8600  1.6000   .33   463.   463.   463.
 21.000   47.6650   .6330   .24 213.60  2.12   .15   77.7500  1.2000   .23   459.   459.   459.
 22.000   40.6630   .5570   .27 215.09  1.97   .21   65.8700   .9400   .16   455.   455.   455.
 23.000   34.7060   .4890   .29 216.66  2.03   .17   55.8100   .7800   .04   451.   451.   451.
 24.000   29.6580   .4360   .30 218.24  2.10   .15   47.3500   .6400   .06   438.   438.   438.
 25.000   25.3880   .3910   .29 219.78  2.01  -.15   40.2400   .5300  -.05   421.   421.   421.
 26.000   21.7410   .3540   .27 221.30  2.20  -.29   34.2300   .4700   .06   417.   417.   417.
 27.000   18.6540   .3170   .24 222.71  2.18  -.29   29.1800   .4000   .04   386.   386.   386.
 28.000   16.0130   .2830   .20 223.89  2.33  -.10   24.9100   .3500  -.02   367.   367.   367.
 29.000   13.7580   .2640   .24 224.98  2.57   .15   21.3000   .3000   .09   329.   329.   329.
 30.000   11.8220   .2330   .27 225.96  2.61   .05   18.2300   .2600   .13   300.   300.   300.
     T A B L E  II - 11.  T H E R M O D Y N A M I C  S T A T I S T I C A L  P A R A M E T E R S
                                              NOVEMBER  
 STATION =   723870     NELLIS/DESERT ROCK            
    Z      MEAN P   SD P  SKEWP MEAN T  SD T SKEWT    MEAN D    SD D SKEWD  NOBSP  NOBST  NOBSD
    KM       MB        MB       DEG K  DEG K            G/M3    G/M3
   .000 1016.9610  8.1590  -.17 286.73 10.70   .34 1234.5800 53.0200  -.12   418.   418.   418.
  1.000  902.4130  5.4080  -.47 284.18  6.96   .25 1104.7400 28.6200  -.02   538.   538.   538.
  1.007  901.6470  5.4000  -.47 284.15  6.93   .25 1103.9500 28.5200  -.02   538.   538.   538.
  2.000  799.3300  5.1000  -.69 278.84  5.12  -.11  997.3100 17.0700   .30   538.   538.   538.
  3.000  706.6590  5.3970  -.65 273.68  5.31  -.35  898.6900 13.6600   .41   538.   538.   538.
  4.000  622.7230  5.9730  -.61 267.98  5.44  -.62  809.1100 11.0300   .69   538.   538.   538.
  5.000  547.3990  6.5050  -.63 261.66  5.42  -.75  728.5700  8.7300   .77   537.   537.   537.
  6.000  479.7930  6.9940  -.64 254.79  5.47  -.80  655.8700  7.0700   .67   536.   536.   536.
  7.000  418.7600  7.1310  -.68 247.59  5.29  -.83  589.1400  5.6000   .36   533.   533.   533.
  8.000  364.0110  7.1230  -.68 240.41  4.59  -.48  527.4200  5.1600  -.56   531.   531.   531.
  9.000  315.2060  6.8250  -.62 233.18  3.89  -.18  470.9000  6.4800 -1.67   529.   529.   529.
 10.000  271.7150  6.3360  -.44 226.51  3.49   .33  417.9200  8.7600 -1.64   526.   526.   526.
 11.000  233.2550  5.6060  -.26 220.91  3.98   .60  367.9500 10.8500 -1.13   522.   522.   522.
 12.000  199.6030  4.7070  -.11 216.99  4.95   .36  320.6500 11.6000  -.66   522.   522.   522.
 13.000  170.3320  3.8250   .02 214.79  4.85   .11  276.4500 10.2600  -.26   519.   519.   519.
 14.000  145.2250  3.1030   .11 212.86  4.30   .29  237.8200  8.5000  -.10   516.   516.   516.
 15.000  123.5200  2.3860   .10 210.75  4.21   .43  204.3100  7.1200   .01   513.   513.   513.
 16.000  105.0020  1.8210   .08 209.07  4.36   .35  175.0800  6.0400   .10   513.   513.   513.
 17.000   89.2040  1.3760   .04 208.38  4.04  -.10  149.2100  4.6200   .23   468.   468.   468.
 18.000   75.7310  1.0580  -.04 208.91  3.30  -.04  126.3300  3.1700   .15   468.   468.   468.
 19.000   64.3570   .8450  -.14 210.12  2.61   .17  106.7200  2.1600   .02   465.   465.   465.
 20.000   54.7260   .7030  -.22 211.36  2.26  -.04   90.2100  1.5900   .05   465.   465.   465.
 21.000   46.6000   .5940  -.29 212.62  2.06  -.08   76.3600  1.1700  -.14   457.   457.   457.
 22.000   39.7190   .5210  -.28 213.94  2.12  -.14   64.6800   .9500  -.37   450.   450.   450.
 23.000   33.8750   .4580  -.29 215.46  2.06  -.16   54.7700   .7500  -.53   447.   447.   447.
 24.000   28.9170   .4090  -.28 216.81  2.22   .06   46.4600   .6200  -.75   432.   432.   432.
 25.000   24.7210   .3680  -.24 218.03  2.55   .23   39.5000   .5700 -1.02   422.   422.   422.
 26.000   21.1380   .3350  -.20 219.17  2.88   .56   33.6000   .5100 -1.51   420.   420.   420.
 27.000   18.1130   .2980  -.06 220.30  3.06   .90   28.6400   .4400 -1.59   387.   387.   387.
 28.000   15.5230   .2800  -.05 221.47  3.27  1.02   24.4200   .3900 -1.42   353.   353.   353.
 29.000   13.3140   .2630  -.04 222.83  3.75  1.38   20.8200   .3900 -1.40   308.   308.   308.
 30.000   11.4330   .2340   .01 224.11  3.85  1.36   17.7700   .3400 -1.10   266.   266.   266.
     T A B L E  II - 12.  T H E R M O D Y N A M I C  S T A T I S T I C A L  P A R A M E T E R S
                                              DECEMBER  
 STATION =   723870     NELLIS/DESERT ROCK            
    Z      MEAN P   SD P  SKEWP MEAN T  SD T SKEWT    MEAN D    SD D SKEWD  NOBSP  NOBST  NOBSD
    KM       MB        MB       DEG K  DEG K            G/M3    G/M3
   .000 1020.4850  7.6710  -.22 283.43 10.55   .11 1253.3800 53.7300   .08   473.   473.   473.
  1.000  904.1010  5.4140  -.69 280.67  6.19   .25 1120.5400 25.9700   .02   542.   542.   542.
  1.007  903.3190  5.4170  -.69 280.66  6.18   .25 1119.7000 25.8700   .02   542.   542.   542.
  2.000  799.9080  5.3920  -.65 276.85  4.80  -.45 1005.2700 15.0100   .86   545.   545.   545.
  3.000  706.6270  5.8480  -.57 272.48  5.46  -.80  902.7000 13.3700  1.08   545.   545.   545.
  4.000  622.2210  6.5400  -.61 266.73  5.56  -.86  812.2800 10.5900  1.07   544.   544.   544.
  5.000  546.6590  7.0280  -.69 260.40  5.38  -.97  731.1000  8.0700   .81   543.   543.   543.
  6.000  478.9300  7.4410  -.72 253.47  5.30  -.99  658.0900  6.6800   .26   542.   542.   542.
  7.000  417.7060  7.4580  -.78 246.20  5.10  -.82  590.9700  5.6500  -.29   541.   541.   541.
  8.000  362.7780  7.3810  -.77 238.86  4.61  -.40  529.0500  5.8400 -1.08   540.   540.   540.
  9.000  313.8570  7.0480  -.67 231.65  4.05   .06  472.0000  7.5700 -1.97   538.   538.   538.
 10.000  270.1990  6.4650  -.46 225.02  3.75   .42  418.3700  9.6200 -1.80   537.   537.   537.
 11.000  231.7640  5.6850  -.25 219.58  4.36   .70  367.8400 11.5500 -1.22   534.   534.   534.
 12.000  198.1930  4.7400  -.06 216.46  5.14   .40  319.2000 12.2800  -.52   534.   534.   534.
 13.000  169.1060  3.7930   .08 214.80  5.26  -.03  274.4900 10.9600  -.07   530.   530.   530.
 14.000  144.2050  3.0270   .16 213.47  4.49  -.10  235.4900  8.4700   .06   526.   526.   526.
 15.000  122.7180  2.3460   .16 211.54  4.06   .09  202.2100  6.8000   .14   523.   523.   523.
 16.000  104.3860  1.8180   .13 209.75  4.00   .09  173.4700  5.7000   .18   522.   522.   522.
 17.000   88.6800  1.4040   .11 208.77  3.89  -.10  148.0600  4.5900   .28   482.   482.   482.
 18.000   75.2770  1.0650   .05 208.57  3.60  -.17  125.7900  3.4400   .33   480.   480.   480.
 19.000   63.9490   .8510  -.05 209.59  3.22   .11  106.3300  2.3700   .23   472.   472.   472.
 20.000   54.3500   .7170  -.06 210.63  3.02   .05   89.9100  1.6700   .18   470.   470.   470.
 21.000   46.2610   .6180   .07 211.68  3.03   .26   76.1500  1.2300   .10   452.   452.   452.
 22.000   39.4040   .5600   .17 212.81  3.16   .25   64.5100   .9700  -.07   446.   446.   446.
 23.000   33.5750   .5200   .21 214.01  3.27   .25   54.6600   .7500  -.09   441.   441.   441.
 24.000   28.6380   .4830   .25 215.14  3.41   .28   46.3700   .6000  -.20   421.   421.   421.
 25.000   24.4520   .4580   .25 216.27  3.39   .20   39.3900   .5100  -.16   412.   412.   412.
 26.000   20.8790   .4300   .28 217.31  3.51   .19   33.4700   .4800  -.11   406.   406.   406.
 27.000   17.8760   .4000   .25 218.40  3.56   .28   28.5100   .4500  -.10   364.   364.   364.
 28.000   15.3050   .3710   .22 219.41  3.74   .29   24.3000   .4500  -.14   331.   331.   331.
 29.000   13.1090   .3500   .26 220.21  3.83   .33   20.7300   .4500  -.02   285.   285.   285.
 30.000   11.2170   .3180   .33 221.30  4.09   .48   17.6600   .4300   .04   236.   236.   236.
