 0 1NTD 723910   34.12N  119.12W   4 1601279   1 880   0  30                                        
     T A B L E  II - 13.  T H E R M O D Y N A M I C  S T A T I S T I C A L  P A R A M E T E R S     
                                              ANNUAL                                                
 STATION =   723910     PT. MUGU                                                                    
    Z      MEAN P   SD P  SKEWP MEAN T  SD T SKEWT    MEAN D    SD D SKEWD  NOBSP  NOBST  NOBSD     
    KM       MB        MB       DEG K  DEG K            G/M3    G/M3                                
  0.000 1016.0000  3.9412  0.17 287.95  4.98 -0.18 1224.0000 24.0100  0.36  5887.  5887.  5887.     
  0.004 1015.3999  3.9054  0.20 287.86  4.87 -0.16 1223.0000 23.5200  0.36  7017.  7016.  7016.     
  1.000  902.7600  3.5853  0.11 288.10  7.12  0.10 1089.0000 26.6900 -0.12  7016.  7016.  7016.     
  2.000  801.5300  4.3049 -0.60 284.09  7.20 -0.24  981.3999 22.4700  0.15  7012.  7012.  7012.     
  3.000  710.1101  5.4419 -0.74 278.35  6.56 -0.46  887.6001 16.4800  0.30  7012.  7012.  7012.     
  4.000  627.3999  6.3998 -0.77 272.15  6.18 -0.59  802.2000 12.2400  0.31  7008.  7008.  7008.     
  5.000  552.7800  7.0981 -0.80 265.51  6.11 -0.60  724.6001  9.7190  0.21  7005.  7005.  7005.     
  6.000  485.4099  7.6328 -0.77 258.54  6.20 -0.52  653.5000  7.8740  0.03  7000.  7000.  7000.     
  7.000  424.6599  7.9381 -0.73 251.25  6.28 -0.39  588.3000  6.5100 -0.05  6986.  6986.  6986.     
  8.000  370.0701  8.0994 -0.65 243.73  6.29 -0.21  528.5000  5.7390 -0.22  6981.  6981.  6981.     
  9.000  321.1499  8.1003 -0.55 236.19  6.09  0.00  473.3000  5.8350 -1.16  6967.  6967.  6967.     
 10.000  277.3999  7.9069 -0.40 228.99  5.78  0.11  421.8000  6.9860 -1.87  6947.  6947.  6947.     
 11.000  238.6700  7.5059 -0.24 222.79  5.31  0.12  373.2000  8.7340 -1.80  6917.  6917.  6917.     
 12.000  204.5300  6.7792 -0.10 217.99  5.03 -0.20  326.8999 10.3900 -1.21  6896.  6896.  6896.     
 13.000  174.8300  5.9621  0.04 215.06  4.22 -0.32  283.3000 11.0700 -0.57  6873.  6873.  6873.     
 14.000  149.1500  5.0045  0.11 212.68  3.74  0.13  244.4000 10.6900 -0.13  6844.  6844.  6844.     
 15.000  127.0100  4.0616  0.13 210.31  4.02  0.17  210.5000  9.6450  0.07  6809.  6809.  6809.     
 16.000  107.9900  3.2637  0.14 208.76  4.12  0.17  180.3000  7.9950  0.09  6765.  6765.  6765.     
 17.000   91.7970  2.6230  0.14 208.46  3.91  0.09  153.5000  6.1960  0.04  6254.  6254.  6254.     
 18.000   78.0250  2.1588  0.16 209.40  3.48 -0.14  129.9000  4.5000 -0.03  6197.  6197.  6197.     
 19.000   66.4080  1.8323  0.17 211.16  3.06 -0.43  109.6000  3.1890 -0.09  6128.  6128.  6128.     
 20.000   56.5990  1.5973  0.18 212.89  2.92 -0.48   92.6200  2.3920 -0.09  6052.  6052.  6052.     
 21.000   48.3060  1.4130  0.17 214.63  2.97 -0.51   78.4000  1.9000 -0.04  5952.  5952.  5952.     
 22.000   41.2820  1.2645  0.17 216.30  3.03 -0.55   66.4800  1.5910  0.06  5862.  5862.  5862.     
 23.000   35.3240  1.1346  0.14 217.92  3.13 -0.58   56.4600  1.3510  0.12  5701.  5701.  5701.     
 24.000   30.2620  1.0222  0.10 219.55  3.28 -0.62   48.0100  1.1800  0.14  5574.  5574.  5574.     
 25.000   25.9580  0.9226  0.06 221.14  3.46 -0.63   40.8800  1.0390  0.13  5385.  5385.  5385.     
 26.000   22.2820  0.8359  0.04 222.68  3.67 -0.58   34.8500  0.9191  0.11  5092.  5092.  5092.     
 27.000   19.1690  0.7599  0.00 224.30  3.89 -0.52   29.7600  0.8306  0.06  4673.  4673.  4673.     
 28.000   16.4820  0.6857  0.00 225.81  4.07 -0.51   25.4200  0.7511  0.03  4436.  4436.  4436.     
 29.000   14.2240  0.6272 -0.06 227.48  4.21 -0.44   21.7800  0.6917 -0.01  3671.  3671.  3671.     
 30.000   12.2490  0.5635 -0.06 229.05  4.37 -0.48   18.6200  0.6305 -0.05  3447.  3447.  3447.     
 32.000    9.1080  0.4387  0.08 233.68  5.57 -0.07   13.5900  0.5425 -0.10  1400.  1446.  1367.     
 34.000    6.8400  0.3520  0.06 238.18  6.02 -0.23   10.0100  0.4507 -0.11  1411.  1459.  1402.     
 36.000    5.1670  0.2832  0.04 242.94  6.67 -0.22    7.4120  0.3733 -0.20  1413.  1463.  1413.     
 38.000    3.9250  0.2267  0.00 247.88  7.23 -0.25    5.5190  0.2921 -0.19  1421.  1475.  1421.     
 40.000    2.9980  0.1828 -0.05 253.38  7.41 -0.44    4.1230  0.2220 -0.12  1420.  1473.  1420.     
 42.000    2.3050  0.1489 -0.12 258.91  7.51 -0.64    3.1010  0.1756 -0.12  1420.  1473.  1420.     
 44.000    1.7810  0.1205 -0.16 263.57  6.94 -0.60    2.3530  0.1418 -0.15  1416.  1448.  1416.     
 46.000    1.3810  0.0972 -0.19 266.27  6.89 -0.32    1.8060  0.1149 -0.22  1410.  1419.  1410.     
 48.000    1.0730  0.0786 -0.19 267.34  6.72 -0.45    1.3980  0.0913 -0.25  1402.  1402.  1402.     
 50.000    0.8350  0.0633 -0.20 266.86  6.63 -0.42    1.0890  0.0724 -0.29  1387.  1383.  1387.     
 52.000    0.6480  0.0514 -0.19 265.31  6.52 -0.43    0.8510  0.0589 -0.31  1365.  1378.  1365.     
 54.000    0.5030  0.0416 -0.16 263.06  6.39 -0.20    0.6650  0.0488 -0.31  1336.  1359.  1336.     
 56.000    0.3890  0.0332 -0.08 260.64  6.76 -0.19    0.5200  0.0402 -0.27  1283.  1330.  1283.     
 58.000    0.3000  0.0261  0.01 257.84  7.18 -0.21    0.4050  0.0328 -0.14  1140.  1182.  1140.     
 60.000    0.2290  0.0203  0.05 254.27  8.68 -0.05    0.3140  0.0258 -0.12   842.   881.   842.     
 62.000    0.1740  0.0155  0.10 248.47  9.94  0.26    0.2440  0.0204 -0.02   560.   590.   560.     
 64.000    0.1300  0.0114  0.11 240.89 10.43  0.77    0.1890  0.0162 -0.07   427.   445.   427.     
 66.000    0.0980  0.0087  0.18 234.41 11.27  1.03    0.1460  0.0129  0.09   396.   407.   396.     
 68.000    0.0730  0.0069  0.33 225.21 13.52  1.23    0.1140  0.0106 -0.07   387.   392.   387.     
 70.000    0.0540  0.0053  0.89 218.45 13.05  1.22    0.0860  0.0086  0.02   345.   350.   345.     
     T A B L E  II -  1.  T H E R M O D Y N A M I C  S T A T I S T I C A L  P A R A M E T E R S     
                                              JANUARY                                               
 STATION =   723910     PT. MUGU                                                                    
    Z      MEAN P   SD P  SKEWP MEAN T  SD T SKEWT    MEAN D    SD D SKEWD  NOBSP  NOBST  NOBSD     
    KM       MB        MB       DEG K  DEG K            G/M3    G/M3                                
  0.000 1019.0000  4.1046 -0.40 284.96  5.21  0.25 1242.0000 23.0500  0.07   507.   507.   507.     
  0.004 1018.5000  3.9762 -0.41 284.89  5.21  0.28 1242.0000 23.0400  0.04   583.   583.   583.     
  1.000  904.3899  4.0785 -0.48 283.55  5.28  0.23 1109.0000 18.3300 -0.11   582.   582.   582.     
  2.000  801.2500  4.8683 -0.39 278.87  5.39 -0.26  999.8000 15.2700  0.38   581.   581.   581.     
  3.000  708.3201  5.6920 -0.40 273.61  5.16 -0.55  901.0000 11.6800  0.61   581.   581.   581.     
  4.000  624.4900  6.2932 -0.44 267.68  4.83 -0.64  812.1001  8.4920  0.66   579.   579.   579.     
  5.000  549.0500  6.7195 -0.51 260.96  4.77 -0.66  732.5000  6.9810  0.42   579.   579.   579.     
  6.000  481.0000  6.9478 -0.53 253.90  4.70 -0.50  659.7000  5.7550  0.03   578.   578.   578.     
  7.000  419.7600  6.9804 -0.52 246.51  4.74 -0.30  593.0000  5.4900 -0.18   578.   578.   578.     
  8.000  364.8401  6.9205 -0.49 238.83  4.61 -0.20  532.1001  5.4640 -0.59   578.   578.   578.     
  9.000  315.6599  6.7000 -0.40 231.14  4.18 -0.05  475.7000  6.1980 -1.27   578.   578.   578.     
 10.000  271.7200  6.2513 -0.24 223.97  3.79  0.06  422.7000  8.1710 -1.67   576.   576.   576.     
 11.000  233.0100  5.5791 -0.04 218.64  4.01  0.60  371.3999 10.6400 -1.22   573.   573.   573.     
 12.000  199.2100  4.7289  0.15 215.30  5.45  0.37  322.6001 12.1200 -0.48   572.   572.   572.     
 13.000  170.0200  3.8612  0.30 214.44  5.24 -0.20  276.3999 10.5100  0.12   568.   568.   568.     
 14.000  145.0300  3.1137  0.37 213.44  4.09 -0.25  236.8000  7.9750  0.21   565.   565.   565.     
 15.000  123.6100  2.4816  0.40 211.37  3.70  0.03  203.8000  6.6960  0.27   561.   561.   561.     
 16.000  105.1700  1.9308  0.40 209.35  3.94  0.10  175.1000  5.8700  0.32   556.   556.   556.     
 17.000   89.4190  1.4606  0.36 208.11  3.99 -0.13  149.8000  4.8590  0.46   516.   516.   516.     
 18.000   75.9510  1.0944  0.29 208.16  3.88 -0.28  127.2000  3.7650  0.53   507.   507.   507.     
 19.000   64.5590  0.8372  0.20 209.29  3.55 -0.26  107.5000  2.7370  0.42   495.   495.   495.     
 20.000   54.9250  0.6694  0.17 210.62  3.25 -0.31   90.8700  1.9490  0.27   488.   488.   488.     
 21.000   46.7820  0.5603  0.16 212.09  3.18 -0.33   76.8600  1.4220  0.27   472.   472.   472.     
 22.000   39.8910  0.4923  0.09 213.46  3.15 -0.36   65.1100  1.0360  0.25   462.   462.   462.     
 23.000   34.0560  0.4548  0.05 214.78  3.29 -0.32   55.2500  0.8279  0.21   447.   447.   447.     
 24.000   29.0990  0.4247  0.00 216.10  3.48 -0.37   46.9200  0.6952  0.17   433.   433.   433.     
 25.000   24.8890  0.4018 -0.08 217.56  3.69 -0.43   39.8600  0.5786  0.17   411.   411.   411.     
 26.000   21.3120  0.3776 -0.12 218.66  3.57 -0.64   33.9600  0.4826  0.00   396.   396.   396.     
 27.000   18.2730  0.3546 -0.11 219.98  3.58 -0.28   28.9400  0.4310 -0.24   360.   360.   360.     
 28.000   15.6820  0.3278 -0.08 221.50  3.63  0.05   24.6700  0.4001 -0.13   343.   343.   343.     
 29.000   13.4850  0.3111 -0.14 223.14  3.54  0.10   21.0500  0.3818 -0.09   276.   276.   276.     
 30.000   11.5970  0.2862 -0.16 224.85  3.85  0.10   17.9700  0.3724 -0.23   267.   267.   267.     
 32.000    8.6060  0.1945  0.31 230.35  5.67  0.41   13.0200  0.4154 -0.29   145.   146.   144.     
 34.000    6.4430  0.1536  0.45 235.52  6.79  0.04    9.5370  0.3328 -0.22   150.   151.   150.     
 36.000    4.8520  0.1253  0.19 240.68  8.53  0.19    7.0270  0.2771 -0.39   150.   151.   150.     
 38.000    3.6750  0.1065 -0.32 246.15 10.01  0.31    5.2080  0.2000 -0.15   150.   152.   150.     
 40.000    2.8010  0.0964 -0.65 251.19 10.12 -0.14    3.8870  0.1353 -0.04   150.   151.   150.     
 42.000    2.1480  0.0872 -0.75 257.35 10.35 -0.35    2.9090  0.1102  0.11   150.   151.   150.     
 44.000    1.6590  0.0753 -0.75 262.97  9.53 -0.31    2.1970  0.0924 -0.41   150.   149.   150.     
 46.000    1.2870  0.0636 -0.69 266.34  8.93 -0.16    1.6820  0.0769 -1.02   149.   146.   149.     
 48.000    1.0000  0.0529 -0.59 265.70  7.41 -0.75    1.3090  0.0585 -1.09   149.   144.   149.     
 50.000    0.7750  0.0438 -0.54 262.73  6.40 -0.30    1.0270  0.0504 -0.82   148.   147.   148.     
 52.000    0.5990  0.0359 -0.53 259.32  6.26 -0.03    0.8050  0.0447 -0.99   148.   150.   148.     
 54.000    0.4620  0.0282 -0.33 257.02  5.59 -0.13    0.6260  0.0366 -0.75   146.   147.   146.     
 56.000    0.3560  0.0216 -0.06 255.30  6.48  0.46    0.4860  0.0290 -0.50   142.   143.   142.     
 58.000    0.2730  0.0166  0.11 253.67  6.49  0.00    0.3750  0.0219 -0.13   123.   125.   123.     
 60.000    0.2080  0.0139  0.20 251.11  9.27  0.38    0.2890  0.0173 -0.09    91.    93.    91.     
 62.000    0.1540  0.0094  0.36 245.33 10.48  0.67    0.2190  0.0117 -0.22    53.    53.    53.     
 64.000    0.1160  0.0077  0.58 240.59 11.03  1.49    0.1690  0.0094 -0.64    47.    47.    47.     
 66.000    0.0880  0.0062  0.98 234.89 13.85  1.43    0.1300  0.0066 -0.07    41.    41.    41.     
 68.000    0.0650  0.0060  0.99 227.98 14.55  1.53    0.1000  0.0065 -0.58    39.    39.    39.     
 70.000    0.0480  0.0034 -0.22 222.88  9.25  0.02    0.0750  0.0049 -0.48    36.    36.    36.     
     T A B L E  II -  2.  T H E R M O D Y N A M I C  S T A T I S T I C A L  P A R A M E T E R S     
                                              FEBRUARY                                              
 STATION =   723910     PT. MUGU                                                                    
    Z      MEAN P   SD P  SKEWP MEAN T  SD T SKEWT    MEAN D    SD D SKEWD  NOBSP  NOBST  NOBSD     
    KM       MB        MB       DEG K  DEG K            G/M3    G/M3                                
  0.000 1018.1001  4.1930 -1.09 285.37  4.37  0.09 1239.0000 19.7200  0.11   453.   453.   453.     
  0.004 1017.7000  4.1991 -1.16 285.03  4.38  0.14 1240.0000 19.9000  0.05   526.   525.   525.     
  1.000  903.6799  4.2766 -0.99 283.66  4.50  0.06 1108.0000 15.3200  0.13   525.   525.   525.     
  2.000  800.6001  4.7661 -0.79 278.59  4.47 -0.10  999.8000 12.5100 -0.07   525.   525.   525.     
  3.000  707.6201  5.2379 -0.67 273.17  4.17 -0.47  901.3999  9.4400  0.29   525.   525.   525.     
  4.000  623.7100  5.6252 -0.65 266.98  4.04 -0.78  813.1001  7.4060  0.53   525.   525.   525.     
  5.000  548.1699  5.9248 -0.71 260.18  4.10 -0.91  733.5000  6.2790  0.50   525.   525.   525.     
  6.000  479.9900  6.1084 -0.76 252.94  4.18 -0.86  660.7000  5.4090  0.11   525.   525.   525.     
  7.000  418.6799  6.1496 -0.81 245.43  4.25 -0.84  594.0000  5.0000 -0.01   524.   524.   524.     
  8.000  363.6799  6.0999 -0.83 237.87  4.07 -0.59  532.3999  5.2250 -0.86   524.   524.   524.     
  9.000  314.4800  5.8704 -0.77 230.42  3.87  0.17  475.5000  6.8720 -1.66   523.   523.   523.     
 10.000  270.6201  5.3917 -0.62 223.56  4.01  0.75  421.8000  8.9680 -1.52   522.   522.   522.     
 11.000  232.0200  4.7839 -0.42 218.53  4.82  0.89  370.1001 10.9400 -1.10   519.   519.   519.     
 12.000  198.3900  4.0669 -0.21 216.01  5.91  0.25  320.2000 11.6000 -0.35   517.   517.   517.     
 13.000  169.4600  3.3623 -0.05 215.74  4.88 -0.44  273.8000  8.9090  0.07   516.   516.   516.     
 14.000  144.7000  2.7846  0.03 214.44  3.61 -0.37  235.2000  6.8590  0.06   514.   514.   514.     
 15.000  123.4100  2.2429  0.03 212.22  3.38  0.03  202.7000  6.0370  0.10   512.   512.   512.     
 16.000  105.0600  1.7466  0.01 210.10  3.64 -0.06  174.3000  5.2890  0.15   510.   510.   510.     
 17.000   89.3650  1.3394 -0.03 209.03  3.62 -0.27  149.0000  4.2200  0.25   473.   473.   473.     
 18.000   75.9590  1.0443 -0.05 208.97  3.40 -0.24  126.7000  3.2120  0.18   463.   463.   463.     
 19.000   64.6000  0.8415 -0.04 209.97  3.12  0.02  107.2000  2.3320 -0.02   453.   453.   453.     
 20.000   54.9980  0.7007 -0.03 211.28  2.90  0.09   90.7000  1.7330 -0.06   449.   449.   449.     
 21.000   46.8690  0.6043 -0.02 212.62  2.87  0.10   76.8000  1.2990  0.05   437.   437.   437.     
 22.000   39.9850  0.5368  0.02 213.88  2.91  0.11   65.1400  0.9907 -0.06   430.   430.   430.     
 23.000   34.1420  0.4886  0.06 215.08  2.96  0.07   55.3100  0.7960  0.17   421.   421.   421.     
 24.000   29.1820  0.4528  0.07 216.36  2.99  0.07   46.9900  0.6471  0.08   408.   408.   408.     
 25.000   24.9710  0.4240  0.11 217.81  3.00  0.00   39.9400  0.5550  0.02   387.   387.   387.     
 26.000   21.3960  0.3972  0.16 219.38  2.92 -0.17   33.9800  0.4879 -0.11   366.   366.   366.     
 27.000   18.3510  0.3656  0.21 220.85  2.95 -0.29   28.9500  0.4522 -0.13   324.   324.   324.     
 28.000   15.7520  0.3349  0.23 222.42  3.19 -0.43   24.6700  0.4359 -0.18   315.   315.   315.     
 29.000   13.5350  0.2972  0.23 224.19  3.12 -0.28   21.0300  0.4049 -0.12   250.   250.   250.     
 30.000   11.6430  0.2648  0.24 226.21  3.43 -0.14   17.9300  0.3855 -0.06   244.   244.   244.     
 32.000    8.6740  0.2054  0.33 232.40  5.30 -0.01   13.0200  0.3618  0.21   142.   145.   139.     
 34.000    6.5040  0.1720  0.13 237.98  5.97 -0.37    9.5260  0.3025  0.20   140.   144.   140.     
 36.000    4.9140  0.1371  0.08 244.57  7.23 -0.14    7.0040  0.2634  0.11   141.   146.   141.     
 38.000    3.7410  0.1109  0.00 250.62  8.26 -0.15    5.2020  0.1992 -0.23   142.   147.   142.     
 40.000    2.8650  0.0932 -0.10 255.53  9.07 -0.03    3.9090  0.1496 -0.57   142.   146.   142.     
 42.000    2.2060  0.0799 -0.21 260.08  8.84 -0.08    2.9570  0.1051 -0.07   142.   146.   142.     
 44.000    1.7050  0.0689 -0.28 263.08  7.79  0.01    2.2590  0.0785  0.12   141.   146.   141.     
 46.000    1.3210  0.0584 -0.27 264.01  7.23  0.23    1.7430  0.0637 -0.37   141.   143.   141.     
 48.000    1.0230  0.0485 -0.12 263.81  6.88 -0.02    1.3510  0.0569 -0.67   140.   141.   140.     
 50.000    0.7930  0.0398 -0.05 262.79  6.49 -0.15    1.0530  0.0469 -0.48   140.   145.   140.     
 52.000    0.6130  0.0326  0.06 261.31  6.28 -0.07    0.8180  0.0396 -0.32   137.   142.   137.     
 54.000    0.4730  0.0266  0.06 260.15  5.57  0.23    0.6340  0.0335 -0.34   134.   139.   134.     
 56.000    0.3650  0.0208  0.27 257.33  5.93 -0.04    0.4950  0.0266 -0.17   128.   134.   128.     
 58.000    0.2810  0.0168  0.38 255.31  6.95 -0.11    0.3830  0.0215  0.18   112.   117.   112.     
 60.000    0.2160  0.0137  0.33 254.07  8.49  0.04    0.2960  0.0162  0.09    85.    88.    85.     
 62.000    0.1630  0.0109  0.55 249.64  9.41  0.39    0.2270  0.0110  0.03    52.    58.    52.     
 64.000    0.1220  0.0080  0.55 241.53  8.63  0.26    0.1760  0.0088 -0.09    36.    38.    36.     
 66.000    0.0920  0.0067  0.64 236.16  9.73  0.95    0.1360  0.0082  0.40    31.    31.    31.     
 68.000    0.0690  0.0056  0.76 226.56 12.28  0.69    0.1060  0.0084  0.96    31.    30.    31.     
 70.000    0.0500  0.0036  0.81 220.49  9.49 -0.07    0.0790  0.0053  0.24    25.    24.    25.     
     T A B L E  II -  3.  T H E R M O D Y N A M I C  S T A T I S T I C A L  P A R A M E T E R S     
                                              MARCH                                                 
 STATION =   723910     PT. MUGU                                                                    
    Z      MEAN P   SD P  SKEWP MEAN T  SD T SKEWT    MEAN D    SD D SKEWD  NOBSP  NOBST  NOBSD     
    KM       MB        MB       DEG K  DEG K            G/M3    G/M3                                
  0.000 1017.0000  4.2210 -0.55 285.24  4.33 -0.08 1238.0000 19.6900  0.34   549.   549.   549.     
  0.004 1016.5000  4.0862 -0.49 285.18  4.25  0.01 1237.0000 19.2300  0.27   628.   628.   628.     
  1.000  902.2900  4.1066 -0.58 282.92  5.26  0.40 1109.0000 18.6700 -0.42   628.   628.   628.     
  2.000  799.2300  4.7959 -0.54 278.46  5.51 -0.18  998.7000 16.2100  0.13   628.   628.   628.     
  3.000  706.3301  5.6137 -0.51 272.96  5.29 -0.49  900.6001 12.6300  0.37   628.   628.   628.     
  4.000  622.5200  6.2441 -0.54 266.87  5.06 -0.71  812.0000  9.6520  0.46   627.   627.   627.     
  5.000  547.0601  6.7368 -0.59 260.10  5.10 -0.83  732.3000  7.9130  0.44   626.   626.   626.     
  6.000  479.0200  7.0602 -0.64 252.79  5.03 -0.79  659.8000  6.0650  0.33   624.   624.   624.     
  7.000  417.8101  7.1249 -0.64 245.30  4.79 -0.59  593.1001  4.9820 -0.28   624.   624.   624.     
  8.000  362.9099  7.0320 -0.61 237.75  4.38 -0.30  531.6001  5.1450 -1.06   625.   625.   625.     
  9.000  313.8201  6.7401 -0.51 230.50  3.76 -0.03  474.2000  6.9190 -1.74   623.   623.   623.     
 10.000  270.1201  6.1252 -0.36 223.99  3.64  0.43  420.2000  9.5400 -1.53   620.   620.   620.     
 11.000  231.6600  5.3197 -0.18 219.05  4.17  0.78  368.6001 11.8400 -0.94   618.   618.   618.     
 12.000  198.1400  4.3510 -0.04 216.07  5.55  0.24  319.8000 12.9400 -0.25   616.   616.   616.     
 13.000  169.2500  3.3722  0.00 215.45  5.29 -0.36  273.8999 10.7200  0.28   615.   615.   615.     
 14.000  144.5100  2.6292  0.00 214.50  3.98 -0.46  234.8000  7.5860  0.28   614.   614.   614.     
 15.000  123.2500  2.0439 -0.06 212.53  3.70 -0.18  202.1000  6.1030  0.18   612.   612.   612.     
 16.000  104.9700  1.5745 -0.15 210.97  3.62 -0.21  173.4000  4.8870  0.20   607.   607.   607.     
 17.000   89.3290  1.2288 -0.29 210.48  3.30 -0.28  147.9000  3.6950  0.22   552.   552.   552.     
 18.000   76.0270  0.9754 -0.46 210.66  3.06 -0.41  125.8000  2.7960  0.24   546.   546.   546.     
 19.000   64.7370  0.8011 -0.61 211.39  2.77 -0.47  106.7000  2.0540  0.19   544.   544.   544.     
 20.000   55.1680  0.6765 -0.74 212.46  2.83 -0.33   90.4700  1.6210  0.08   539.   539.   539.     
 21.000   47.0540  0.5896 -0.83 213.78  2.84 -0.33   76.6900  1.2480  0.06   526.   526.   526.     
 22.000   40.1890  0.5118 -0.73 215.28  2.76 -0.13   65.0400  0.9623 -0.13   511.   511.   511.     
 23.000   34.3620  0.4717 -0.60 216.73  2.70  0.10   55.2400  0.7563 -0.51   493.   493.   493.     
 24.000   29.4030  0.4325 -0.49 218.24  2.71  0.32   46.9400  0.6230 -0.85   472.   472.   472.     
 25.000   25.2000  0.3982 -0.35 219.77  2.71  0.44   39.9500  0.5409 -1.27   453.   453.   453.     
 26.000   21.6240  0.3583 -0.02 221.35  2.91  0.61   34.0300  0.4905 -1.22   429.   429.   429.     
 27.000   18.5540  0.3270  0.15 222.94  3.20  0.83   28.9900  0.4566 -1.07   379.   379.   379.     
 28.000   15.9560  0.3028  0.26 224.83  3.72  0.93   24.7300  0.4167 -1.04   362.   362.   362.     
 29.000   13.7320  0.2869  0.50 226.62  4.04  1.06   21.1100  0.3543 -0.75   270.   270.   270.     
 30.000   11.8370  0.2693  0.60 228.68  4.38  0.74   18.0300  0.3286 -0.46   257.   257.   257.     
 32.000    8.8330  0.1973  0.65 234.18  5.89  0.78   13.1500  0.2873  0.21   116.   119.   113.     
 34.000    6.6380  0.1740  0.62 238.74  6.27  0.62    9.6960  0.2397  0.40   116.   119.   115.     
 36.000    5.0190  0.1450  0.81 244.35  6.69  0.00    7.1620  0.2126  0.31   115.   118.   115.     
 38.000    3.8180  0.1233  0.80 248.17  6.18  0.01    5.3620  0.1596  0.29   116.   119.   116.     
 40.000    2.9170  0.1035  0.72 253.65  6.13  0.39    4.0090  0.1252  0.79   116.   119.   116.     
 42.000    2.2410  0.0860  0.62 258.10  6.22  0.11    3.0260  0.1055  0.61   116.   119.   116.     
 44.000    1.7300  0.0704  0.54 262.04  5.15  0.16    2.2990  0.0868  0.57   116.   117.   116.     
 46.000    1.3390  0.0569  0.50 264.53  5.29 -0.10    1.7630  0.0699  0.53   116.   116.   116.     
 48.000    1.0390  0.0463  0.51 265.58  5.80 -1.19    1.3610  0.0554  0.44   116.   115.   116.     
 50.000    0.8070  0.0378  0.38 265.91  5.83 -0.84    1.0580  0.0440  0.48   115.   116.   115.     
 52.000    0.6270  0.0310  0.34 264.97  5.30 -0.26    0.8250  0.0371  0.22   113.   115.   113.     
 54.000    0.4860  0.0252  0.38 262.96  5.01 -0.07    0.6440  0.0305 -0.02   110.   108.   110.     
 56.000    0.3760  0.0202  0.47 261.81  6.10  0.07    0.5010  0.0239 -0.18   105.   107.   105.     
 58.000    0.2910  0.0167  0.56 259.80  6.31 -0.08    0.3900  0.0192 -0.12    95.    96.    95.     
 60.000    0.2220  0.0130  0.61 256.21  7.62 -0.07    0.3020  0.0148 -0.34    65.    65.    65.     
 62.000    0.1690  0.0096  0.73 251.36  7.92  0.42    0.2340  0.0106  0.55    51.    51.    51.     
 64.000    0.1280  0.0072  1.08 246.63  7.80  1.17    0.1810  0.0077  0.34    32.    32.    32.     
 66.000    0.0970  0.0054  1.45 241.20  8.02  1.09    0.1390  0.0064  0.82    25.    25.    25.     
 68.000    0.0730  0.0046  1.66 232.49 10.88  0.62    0.1090  0.0057  0.56    24.    24.    24.     
 70.000    0.0530  0.0021  0.22 225.78 10.05 -0.45    0.0820  0.0046  1.43    21.    21.    21.     
     T A B L E  II -  4.  T H E R M O D Y N A M I C  S T A T I S T I C A L  P A R A M E T E R S     
                                              APRIL                                                 
 STATION =   723910     PT. MUGU                                                                    
    Z      MEAN P   SD P  SKEWP MEAN T  SD T SKEWT    MEAN D    SD D SKEWD  NOBSP  NOBST  NOBSD     
    KM       MB        MB       DEG K  DEG K            G/M3    G/M3                                
  0.000 1016.3999  3.2035 -0.15 286.08  4.04 -0.07 1233.0000 17.9000  0.34   498.   498.   498.     
  0.004 1015.8999  3.1168 -0.14 285.87  3.95  0.01 1233.0000 17.5500  0.27   604.   604.   604.     
  1.000  902.0100  3.2821 -0.17 283.61  5.11  0.26 1106.0000 18.1100 -0.28   603.   603.   603.     
  2.000  799.1699  3.9966 -0.30 279.06  5.07 -0.33  996.3999 15.1800  0.23   603.   603.   603.     
  3.000  706.5300  4.7401 -0.47 273.80  4.94 -0.80  898.0000 12.2200  0.75   603.   603.   603.     
  4.000  622.9600  5.3928 -0.63 267.93  4.83 -1.01  809.3000  9.5510  0.85   603.   603.   603.     
  5.000  547.7900  5.8871 -0.76 261.40  4.57 -1.08  729.5000  7.5040  0.49   603.   603.   603.     
  6.000  480.0000  6.1199 -0.84 254.37  4.31 -1.27  656.8999  6.1310  0.26   602.   602.   602.     
  7.000  418.9900  6.1426 -0.91 246.90  4.11 -1.13  590.8000  5.2190 -0.35   602.   602.   602.     
  8.000  364.2500  6.0159 -0.91 239.25  3.68 -0.70  530.1001  5.1360 -0.86   600.   600.   600.     
  9.000  315.2800  5.7349 -0.83 231.77  3.24 -0.37  473.8000  6.1330 -1.83   600.   600.   600.     
 10.000  271.5400  5.2053 -0.67 224.76  2.85  0.24  420.8999  7.8860 -1.77   598.   598.   598.     
 11.000  232.9600  4.5327 -0.47 218.94  3.22  0.87  370.8000  9.7500 -1.37   595.   595.   595.     
 12.000  199.1900  3.6873 -0.24 214.93  4.65  0.61  323.1001 10.9800 -0.76   592.   592.   592.     
 13.000  170.0100  2.8438 -0.10 214.55  4.91 -0.09  276.3000  9.6180  0.03   590.   590.   590.     
 14.000  145.0900  2.1833 -0.05 214.46  3.89 -0.55  235.8000  6.8110  0.25   588.   588.   588.     
 15.000  123.8000  1.6970 -0.05 213.39  3.38 -0.20  202.2000  5.2080  0.12   586.   586.   586.     
 16.000  105.5200  1.3119 -0.08 212.23  3.41 -0.09  173.3000  4.2670  0.08   580.   580.   580.     
 17.000   89.9390  1.0076 -0.04 212.08  3.33 -0.19  147.8000  3.3750  0.20   531.   531.   531.     
 18.000   76.6360  0.7981 -0.08 212.33  3.10 -0.33  125.8000  2.5280  0.27   530.   530.   530.     
 19.000   65.3410  0.6553 -0.10 213.08  2.64 -0.09  106.8000  1.7830  0.02   526.   526.   526.     
 20.000   55.7510  0.5536 -0.11 213.86  2.59  0.26   90.8300  1.4050 -0.20   518.   518.   518.     
 21.000   47.6130  0.4774 -0.18 215.19  2.60  0.26   77.0900  1.1370 -0.01   511.   511.   511.     
 22.000   40.6960  0.4249 -0.20 216.76  2.67  0.24   65.4100  0.9073  0.14   508.   508.   508.     
 23.000   34.8410  0.3884 -0.16 218.28  2.55  0.34   55.6100  0.6902  0.01   492.   492.   492.     
 24.000   29.8410  0.3578 -0.07 219.79  2.61  0.35   47.3000  0.5633 -0.16   483.   483.   483.     
 25.000   25.5920  0.3347  0.05 221.31  2.86  0.51   40.2900  0.4878 -0.35   471.   471.   471.     
 26.000   21.9800  0.3126  0.10 223.01  2.95  0.48   34.3400  0.4232 -0.39   452.   452.   452.     
 27.000   18.9020  0.2913  0.15 224.84  3.05  0.41   29.2900  0.3838 -0.21   404.   404.   404.     
 28.000   16.2740  0.2727  0.16 226.73  3.15  0.34   25.0100  0.3331 -0.21   391.   391.   391.     
 29.000   14.0250  0.2550  0.16 228.58  3.23  0.23   21.3800  0.3091 -0.09   319.   319.   319.     
 30.000   12.1090  0.2389  0.17 230.74  3.43  0.18   18.2800  0.2883  0.01   309.   309.   309.     
 32.000    9.0440  0.2233  0.16 236.47  4.23  0.13   13.3300  0.2902  0.33   120.   123.   116.     
 34.000    6.8250  0.1869 -0.02 241.96  4.44  0.09    9.8280  0.2575  0.51   122.   125.   120.     
 36.000    5.1780  0.1513 -0.19 246.57  5.25  0.62    7.3140  0.2283  0.36   122.   125.   122.     
 38.000    3.9480  0.1218 -0.30 250.87  4.73 -0.34    5.4810  0.1598  0.19   123.   126.   123.     
 40.000    3.0250  0.0984 -0.34 256.14  4.82  0.06    4.1130  0.1302  0.02   124.   127.   124.     
 42.000    2.3320  0.0787 -0.31 261.93  4.28  0.10    3.1000  0.1064 -0.37   124.   126.   124.     
 44.000    1.8080  0.0626 -0.22 266.73  4.61  0.14    2.3610  0.0799 -0.45   124.   127.   124.     
 46.000    1.4060  0.0505 -0.12 268.26  4.79 -0.43    1.8250  0.0647 -0.30   124.   121.   124.     
 48.000    1.0950  0.0409 -0.02 269.81  4.47 -0.17    1.4140  0.0474 -0.27   124.   124.   124.     
 50.000    0.8530  0.0334  0.09 269.10  4.48 -0.56    1.1040  0.0388 -0.11   123.   121.   123.     
 52.000    0.6650  0.0273  0.16 268.13  4.47 -0.17    0.8630  0.0304 -0.08   123.   123.   123.     
 54.000    0.5170  0.0228  0.23 265.68  5.10 -0.05    0.6780  0.0262  0.22   120.   124.   120.     
 56.000    0.4010  0.0185  0.27 263.74  5.73 -0.55    0.5300  0.0208 -0.37   115.   120.   115.     
 58.000    0.3100  0.0152  0.41 260.72  6.18 -0.70    0.4140  0.0164 -0.11   105.   110.   105.     
 60.000    0.2380  0.0125  0.54 257.23  7.78 -0.51    0.3230  0.0124  0.65    79.    84.    79.     
 62.000    0.1800  0.0092  0.23 251.06  9.86  0.14    0.2500  0.0096  0.65    48.    51.    48.     
 64.000    0.1350  0.0069 -0.13 243.21  8.88  1.11    0.1930  0.0080  0.80    38.    40.    38.     
 66.000    0.1020  0.0059  0.15 235.67  9.15  1.96    0.1510  0.0070  0.16    37.    39.    37.     
 68.000    0.0770  0.0044  1.56 227.80 12.29  1.59    0.1180  0.0055  0.36    35.    36.    35.     
 70.000    0.0560  0.0026  0.85 218.16 11.06  1.53    0.0900  0.0044  0.59    30.    31.    30.     
     T A B L E  II -  5.  T H E R M O D Y N A M I C  S T A T I S T I C A L  P A R A M E T E R S     
                                              MAY                                                   
 STATION =   723910     PT. MUGU                                                                    
    Z      MEAN P   SD P  SKEWP MEAN T  SD T SKEWT    MEAN D    SD D SKEWD  NOBSP  NOBST  NOBSD     
    KM       MB        MB       DEG K  DEG K            G/M3    G/M3                                
  0.000 1015.0000  2.8776 -0.33 287.71  3.36  0.18 1223.0000 15.3500  0.05   493.   493.   493.     
  0.004 1014.3999  2.7827 -0.22 287.61  3.25  0.18 1223.0000 14.7700  0.07   602.   602.   602.     
  1.000  901.2700  2.7293 -0.25 286.54  5.66  0.40 1093.0000 19.9800 -0.37   602.   602.   602.     
  2.000  800.0300  3.4459 -0.41 283.93  5.15 -0.56  980.0000 15.6200  0.53   602.   602.   602.     
  3.000  708.7200  4.1163 -0.60 278.12  4.51 -0.82  886.5000 11.4600  0.60   602.   602.   602.     
  4.000  626.1001  4.6350 -0.75 271.90  4.29 -0.96  801.2000  9.0110  0.49   602.   602.   602.     
  5.000  551.5701  5.0031 -0.89 265.18  4.16 -0.84  723.8000  7.3060  0.14   602.   602.   602.     
  6.000  484.2300  5.2577 -0.95 257.98  4.21 -0.88  653.2000  6.2400 -0.14   602.   602.   602.     
  7.000  423.4800  5.3867 -0.98 250.42  4.18 -0.88  588.6001  5.1970 -0.25   602.   602.   602.     
  8.000  368.8501  5.4395 -0.99 242.65  4.03 -0.73  529.0000  4.4190 -0.56   602.   602.   602.     
  9.000  319.8999  5.3498 -0.91 234.93  3.48 -0.27  473.8999  4.6790 -1.59   601.   601.   601.     
 10.000  276.0500  5.0350 -0.73 227.53  2.99 -0.22  422.6001  6.0510 -2.47   600.   600.   600.     
 11.000  237.2500  4.5621 -0.52 221.01  2.84  0.30  374.0000  7.5620 -2.09   600.   600.   600.     
 12.000  203.0800  3.8891 -0.32 216.00  3.40  0.88  327.6001  8.7140 -1.39   598.   598.   598.     
 13.000  173.3800  3.1932 -0.11 214.06  4.03  0.32  282.3000  8.7230 -0.52   596.   596.   596.     
 14.000  147.9100  2.5447 -0.02 213.85  3.61  0.06  241.0000  6.9150 -0.05   594.   594.   594.     
 15.000  126.1400  2.0315  0.01 212.85  3.34  0.03  206.5000  5.4890  0.09   592.   592.   592.     
 16.000  107.4900  1.6254  0.00 211.93  3.38 -0.14  176.7000  4.5710  0.27   590.   590.   590.     
 17.000   91.5960  1.3107 -0.05 211.58  3.36 -0.49  150.9000  3.7790  0.33   548.   548.   548.     
 18.000   78.0220  1.0525 -0.02 211.91  3.07 -0.26  128.3000  2.9690  0.14   547.   547.   547.     
 19.000   66.5100  0.8527 -0.02 213.04  2.47 -0.14  108.8000  2.1440  0.09   545.   545.   545.     
 20.000   56.7510  0.7043 -0.04 214.36  2.18 -0.01   92.2400  1.6070  0.14   540.   540.   540.     
 21.000   48.4810  0.5898 -0.09 215.90  2.07  0.05   78.2300  1.2150  0.14   536.   536.   536.     
 22.000   41.4670  0.5118 -0.14 217.75  2.05  0.12   66.3500  0.9555  0.11   529.   529.   529.     
 23.000   35.5220  0.4482 -0.15 219.61  1.90  0.13   56.3500  0.7562  0.07   516.   516.   516.     
 24.000   30.4490  0.3968 -0.18 221.25  1.98  0.11   47.9500  0.6111 -0.16   503.   503.   503.     
 25.000   26.1480  0.3552 -0.17 223.07  1.97  0.06   40.8400  0.5105 -0.21   487.   487.   487.     
 26.000   22.4890  0.3214 -0.19 224.99  2.01  0.21   34.8200  0.4439 -0.12   458.   458.   458.     
 27.000   19.3610  0.2905 -0.18 226.92  2.12  0.27   29.7200  0.3967 -0.04   417.   417.   417.     
 28.000   16.6920  0.2644 -0.17 228.70  2.10  0.22   25.4300  0.3434 -0.20   397.   397.   397.     
 29.000   14.3980  0.2395 -0.20 230.52  2.13  0.23   21.7600  0.3032 -0.22   309.   309.   309.     
 30.000   12.4530  0.2185 -0.21 232.47  2.05 -0.05   18.6600  0.2764 -0.34   293.   293.   293.     
 32.000    9.3170  0.1544  0.44 237.27  3.34  0.55   13.6900  0.2102  0.06   145.   149.   142.     
 34.000    7.0280  0.1299  0.38 242.36  3.41  0.48   10.1100  0.1672  0.19   146.   150.   146.     
 36.000    5.3320  0.1049  0.42 246.86  3.61 -0.23    7.5260  0.1453  0.26   146.   150.   146.     
 38.000    4.0700  0.0893  0.63 252.33  4.01 -0.47    5.6210  0.1285  0.85   148.   152.   148.     
 40.000    3.1230  0.0719  0.48 258.03  3.29  0.20    4.2180  0.0984  0.89   147.   151.   147.     
 42.000    2.4130  0.0565  0.40 263.92  3.45 -0.38    3.1850  0.0717  0.26   147.   151.   147.     
 44.000    1.8730  0.0452  0.39 268.29  3.55  0.00    2.4320  0.0561  0.72   145.   144.   145.     
 46.000    1.4590  0.0372  0.29 270.88  4.17 -0.12    1.8760  0.0428  0.48   145.   138.   145.     
 48.000    1.1390  0.0311  0.23 271.94  4.42 -0.26    1.4590  0.0332  0.55   144.   139.   144.     
 50.000    0.8890  0.0260  0.16 271.72  4.42 -0.09    1.1400  0.0291  0.20   144.   129.   144.     
 52.000    0.6940  0.0214  0.13 269.48  4.45 -0.63    0.8970  0.0244  0.53   143.   138.   143.     
 54.000    0.5400  0.0178  0.13 266.81  4.55  0.06    0.7050  0.0188  0.24   141.   139.   141.     
 56.000    0.4190  0.0153  0.13 263.78  5.28 -0.12    0.5530  0.0157  0.06   130.   132.   130.     
 58.000    0.3240  0.0126  0.03 260.39  5.12 -0.28    0.4330  0.0129  0.01   114.   115.   114.     
 60.000    0.2480  0.0097  0.33 256.26  5.86  0.28    0.3370  0.0108  0.07    81.    82.    81.     
 62.000    0.1890  0.0080  0.93 249.96  6.51  0.21    0.2640  0.0084  0.37    54.    55.    54.     
 64.000    0.1430  0.0047  0.62 241.78  7.05  0.36    0.2050  0.0066  0.81    39.    39.    39.     
 66.000    0.1070  0.0040  0.82 233.48  8.65  0.65    0.1600  0.0044  0.48    37.    37.    37.     
 68.000    0.0800  0.0039  1.01 222.69 11.80  1.12    0.1250  0.0034  1.07    36.    36.    36.     
 70.000    0.0590  0.0038  1.39 213.01 14.54  1.95    0.0960  0.0039  0.61    34.    34.    34.     
     T A B L E  II -  6.  T H E R M O D Y N A M I C  S T A T I S T I C A L  P A R A M E T E R S     
                                              JUNE                                                  
 STATION =   723910     PT. MUGU                                                                    
    Z      MEAN P   SD P  SKEWP MEAN T  SD T SKEWT    MEAN D    SD D SKEWD  NOBSP  NOBST  NOBSD     
    KM       MB        MB       DEG K  DEG K            G/M3    G/M3                                
  0.000 1013.5000  2.4860  0.12 289.40  2.92 -0.15 1213.0000 13.1200  0.28   469.   469.   469.     
  0.004 1013.0000  2.4414  0.09 289.24  2.92  0.02 1213.0000 13.1100  0.10   620.   620.   620.     
  1.000  901.1899  2.4109 -0.07 291.46  6.49 -0.14 1074.0000 22.5100  0.18   620.   620.   620.     
  2.000  801.7100  3.2544 -0.27 289.27  4.85 -0.62  963.2000 14.1000  0.64   619.   619.   619.     
  3.000  711.8000  3.9169 -0.41 283.21  3.95 -0.67  873.6001  9.4770  0.39   619.   619.   619.     
  4.000  630.2100  4.3131 -0.51 276.72  3.56 -0.73  791.7000  7.4460  0.11   619.   619.   619.     
  5.000  556.4700  4.5154 -0.60 270.10  3.47 -0.83  716.3000  6.5700 -0.10   618.   618.   618.     
  6.000  489.7800  4.6814 -0.69 263.13  3.53 -0.93  647.2000  5.8290 -0.18   618.   618.   618.     
  7.000  429.4700  4.7097 -0.77 255.80  3.55 -0.90  583.8000  5.1290 -0.35   616.   616.   616.     
  8.000  375.1899  4.7177 -0.80 248.21  3.56 -0.71  525.5000  4.8230 -0.34   616.   616.   616.     
  9.000  326.4399  4.6386 -0.78 240.47  3.56 -0.53  472.0000  4.6250 -0.43   615.   615.   615.     
 10.000  282.7200  4.5260 -0.73 232.90  3.34 -0.34  422.3000  4.7340 -1.02   614.   614.   614.     
 11.000  243.8000  4.3078 -0.62 225.79  3.16 -0.12  376.1001  5.0780 -1.75   611.   611.   611.     
 12.000  209.2300  3.8639 -0.51 219.80  3.12 -0.05  331.7000  6.1970 -1.41   611.   611.   611.     
 13.000  179.0000  3.4077 -0.38 215.44  3.20  0.24  289.5000  7.1260 -0.89   609.   609.   609.     
 14.000  152.7200  2.8248 -0.33 212.46  3.46  0.18  250.5000  7.2570 -0.38   608.   608.   608.     
 15.000  130.0200  2.2323 -0.34 210.23  3.57  0.02  215.6000  6.5190 -0.15   606.   606.   606.     
 16.000  110.5700  1.7122 -0.39 208.81  3.63  0.10  184.6000  5.4740 -0.15   607.   607.   607.     
 17.000   93.9980  1.2738 -0.39 208.46  3.44  0.20  157.2000  4.2410 -0.19   560.   560.   560.     
 18.000   79.8950  0.9763 -0.40 209.71  2.96  0.19  132.8000  2.9920 -0.26   557.   557.   557.     
 19.000   68.0340  0.7778 -0.37 212.28  2.22  0.34  111.7000  1.9020 -0.44   555.   555.   555.     
 20.000   58.0490  0.6518 -0.34 214.56  1.80  0.23   94.2600  1.3160 -0.40   551.   551.   551.     
 21.000   49.6060  0.5593 -0.35 216.69  1.61  0.12   79.7500  1.0420 -0.25   543.   543.   543.     
 22.000   42.4590  0.4897 -0.36 218.67  1.46  0.22   67.6400  0.8352 -0.22   536.   536.   536.     
 23.000   36.3950  0.4269 -0.34 220.56  1.46  0.31   57.4900  0.6808 -0.36   526.   526.   526.     
 24.000   31.2280  0.3786 -0.31 222.40  1.48  0.41   48.9200  0.5799 -0.32   520.   520.   520.     
 25.000   26.8330  0.3363 -0.29 224.13  1.51  0.26   41.7100  0.4907 -0.32   503.   503.   503.     
 26.000   23.0900  0.3021 -0.29 225.88  1.59  0.08   35.6100  0.4256 -0.23   480.   480.   480.     
 27.000   19.8910  0.2670 -0.40 227.72  1.75  0.26   30.4300  0.3695 -0.38   447.   447.   447.     
 28.000   17.1600  0.2427 -0.34 229.57  1.76  0.14   26.0400  0.3173 -0.54   426.   426.   426.     
 29.000   14.8220  0.2186 -0.23 231.37  1.94  0.11   22.3200  0.2859 -0.44   374.   374.   374.     
 30.000   12.8200  0.1968 -0.30 233.18  1.87 -0.06   19.1500  0.2492 -0.29   351.   351.   351.     
 32.000    9.5970  0.1740  0.34 237.94  3.18  0.24   14.0500  0.2301  0.46   118.   121.   116.     
 34.000    7.2350  0.1488  0.22 242.71  3.45  0.33   10.3900  0.1979 -0.28   118.   121.   117.     
 36.000    5.5000  0.1156  0.19 247.39  3.98 -0.01    7.7430  0.1650  0.50   118.   121.   118.     
 38.000    4.1960  0.0948  0.19 252.25  4.25 -0.07    5.7960  0.1196  0.23   118.   122.   118.     
 40.000    3.2220  0.0785  0.20 258.44  3.90  0.77    4.3410  0.0957 -0.02   117.   122.   117.     
 42.000    2.4890  0.0645  0.19 264.09  4.16 -0.15    3.2810  0.0810  0.02   117.   121.   117.     
 44.000    1.9310  0.0523  0.18 268.17  3.64 -0.03    2.5070  0.0624  0.03   116.   114.   116.     
 46.000    1.5050  0.0431  0.23 270.58  4.37  0.03    1.9360  0.0497 -0.09   116.   109.   116.     
 48.000    1.1740  0.0356  0.27 271.84  4.53  0.03    1.5050  0.0389 -0.12   115.   109.   115.     
 50.000    0.9160  0.0297  0.37 272.24  4.81 -0.14    1.1720  0.0314 -0.03   111.   106.   111.     
 52.000    0.7150  0.0248  0.37 270.36  4.96 -0.62    0.9200  0.0305 -0.45   104.    98.   104.     
 54.000    0.5570  0.0203  0.28 267.78  4.91 -0.09    0.7230  0.0239 -0.34    98.    95.    98.     
 56.000    0.4330  0.0168  0.39 264.20  5.27 -0.12    0.5710  0.0181 -0.11    93.    95.    93.     
 58.000    0.3350  0.0150  0.49 260.35  5.47 -0.29    0.4480  0.0145  0.34    71.    75.    71.     
 60.000    0.2570  0.0121  0.69 256.07  6.25 -0.17    0.3500  0.0113  0.34    51.    55.    51.     
 62.000    0.1940  0.0096  1.10 248.53  8.54  0.01    0.2720  0.0086  0.47    30.    32.    30.     
 64.000    0.1450  0.0077  1.62 240.97 10.10  0.59    0.2120  0.0061  0.66    23.    26.    23.     
 66.000    0.1090  0.0047  0.66 234.08 12.24  0.01    0.1640  0.0057  0.82    22.    25.    22.     
 68.000    0.0810  0.0040  0.41 223.08 12.74  0.52    0.1280  0.0043  0.71    23.    24.    23.     
 70.000    0.0600  0.0038  0.23 215.46 15.78  1.33    0.0980  0.0045 -0.50    19.    20.    19.     
     T A B L E  II -  7.  T H E R M O D Y N A M I C  S T A T I S T I C A L  P A R A M E T E R S     
                                              JULY                                                  
 STATION =   723910     PT. MUGU                                                                    
    Z      MEAN P   SD P  SKEWP MEAN T  SD T SKEWT    MEAN D    SD D SKEWD  NOBSP  NOBST  NOBSD     
    KM       MB        MB       DEG K  DEG K            G/M3    G/M3                                
  0.000 1014.0000  2.0284 -0.21 291.03  3.00 -0.05 1206.0000 12.7900  0.06   430.   430.   430.     
  0.004 1013.3000  2.0537 -0.12 290.62  2.98  0.12 1207.0000 12.7400 -0.10   573.   573.   573.     
  1.000  902.5801  1.9323 -0.16 295.89  4.03 -0.59 1059.0000 14.2200  0.42   574.   574.   574.     
  2.000  804.1799  2.2150 -0.36 292.73  2.80 -0.16  954.2000  8.4580 -0.18   572.   572.   572.     
  3.000  715.0000  2.3941 -0.44 286.16  2.21  0.03  868.0000  6.1600 -0.56   572.   572.   572.     
  4.000  633.8301  2.4572 -0.53 279.10  2.04 -0.21  789.2000  5.3760 -0.26   572.   572.   572.     
  5.000  560.2200  2.4490 -0.57 272.11  2.16 -0.43  715.7000  5.2250 -0.10   571.   571.   571.     
  6.000  493.6201  2.4708 -0.64 265.40  2.31 -0.47  646.6001  4.7280 -0.15   571.   571.   571.     
  7.000  433.3999  2.5482 -0.67 258.60  2.43 -0.60  582.7000  4.1860 -0.34   570.   570.   570.     
  8.000  379.2200  2.6253 -0.72 251.48  2.47 -0.67  524.3000  3.8420 -0.42   567.   567.   567.     
  9.000  330.5601  2.6819 -0.74 244.11  2.64 -0.51  470.8000  3.8720 -0.47   567.   567.   567.     
 10.000  286.9399  2.7053 -0.73 236.66  2.59 -0.36  421.5000  3.6800 -0.80   566.   566.   566.     
 11.000  248.0700  2.6767 -0.66 229.51  2.49 -0.21  376.5000  3.0410 -0.97   566.   566.   566.     
 12.000  213.2800  2.4561 -0.64 222.70  2.33 -0.20  333.6001  3.3190 -0.91   565.   565.   565.     
 13.000  182.7800  2.2635 -0.53 216.40  2.32  0.12  294.3000  4.1790 -1.14   564.   564.   564.     
 14.000  155.8900  1.9613 -0.42 210.80  2.40  0.49  257.7000  4.4050 -0.90   563.   563.   563.     
 15.000  132.4700  1.6327 -0.38 206.83  2.65  0.46  223.2000  4.2640 -0.53   560.   560.   560.     
 16.000  112.3500  1.3529 -0.37 205.48  2.58  0.37  190.5000  3.6320 -0.31   556.   556.   556.     
 17.000   95.2740  1.1272 -0.46 206.35  2.31  0.04  160.9000  2.8090 -0.06   513.   513.   513.     
 18.000   80.8870  0.9517 -0.58 208.87  2.19  0.09  134.9000  2.1960  0.11   512.   512.   512.     
 19.000   68.8380  0.7992 -0.77 211.92  1.86 -0.17  113.2000  1.6380  0.37   506.   506.   506.     
 20.000   58.7140  0.6854 -0.91 214.48  1.67 -0.57   95.3700  1.2820  0.44   501.   501.   501.     
 21.000   50.1700  0.5933 -1.01 216.84  1.55 -0.47   80.6100  1.0700 -0.16   494.   494.   494.     
 22.000   42.9450  0.5229 -1.05 218.68  1.41 -0.52   68.4200  0.8499 -0.30   482.   482.   482.     
 23.000   36.8100  0.4560 -1.15 220.40  1.41 -0.06   58.1800  0.6828 -0.57   466.   466.   466.     
 24.000   31.5800  0.4074 -1.16 222.21  1.43  0.11   49.5100  0.5784 -0.64   459.   459.   459.     
 25.000   27.1340  0.3636 -1.18 223.96  1.54 -0.12   42.2100  0.4916 -0.66   447.   447.   447.     
 26.000   23.3410  0.3297 -1.15 225.74  1.62 -0.15   36.0200  0.4341 -0.72   408.   408.   408.     
 27.000   20.1090  0.2941 -1.21 227.51  1.80 -0.18   30.7900  0.3852 -0.78   386.   386.   386.     
 28.000   17.3400  0.2766 -1.17 229.06  1.74 -0.34   26.3700  0.3449 -0.78   340.   340.   340.     
 29.000   14.9840  0.2424 -1.26 230.70  1.87 -0.34   22.6300  0.3054 -0.81   301.   301.   301.     
 30.000   12.9420  0.2249 -1.12 232.36  1.81 -0.17   19.4000  0.2726 -0.84   256.   256.   256.     
 32.000    9.7040  0.1560  0.56 236.70  3.43  0.30   14.2900  0.2333 -0.04   113.   118.   109.     
 34.000    7.3140  0.1279  0.53 240.94  3.32  0.18   10.5800  0.1625 -0.18   111.   117.   111.     
 36.000    5.5390  0.1046  0.64 245.20  3.43 -0.18    7.8750  0.1301  0.32   111.   117.   111.     
 38.000    4.2160  0.0874  0.56 249.97  3.92 -0.47    5.8780  0.1131  0.34   111.   118.   111.     
 40.000    3.2270  0.0726  0.52 255.68  3.95 -0.39    4.3960  0.0842  0.33   111.   118.   111.     
 42.000    2.4860  0.0604  0.50 260.89  3.53 -0.29    3.3190  0.0703  0.48   110.   117.   110.     
 44.000    1.9240  0.0500  0.44 264.50  4.46 -0.35    2.5340  0.0584  0.08   110.   116.   110.     
 46.000    1.4920  0.0419  0.35 266.80  5.44 -0.41    1.9500  0.0473  0.22   108.   114.   108.     
 48.000    1.1600  0.0356  0.25 268.05  4.96 -0.72    1.5080  0.0376  0.27   107.   111.   107.     
 50.000    0.9030  0.0290  0.38 267.67  4.22 -0.46    1.1750  0.0310  0.25   103.   106.   103.     
 52.000    0.7020  0.0241  0.40 265.87  4.26 -0.27    0.9190  0.0259  0.03   102.   103.   102.     
 54.000    0.5450  0.0202  0.41 262.69  5.38 -0.10    0.7230  0.0196  0.25    98.   101.    98.     
 56.000    0.4210  0.0176  0.46 259.11  5.90  0.16    0.5670  0.0160  0.64    94.   100.    94.     
 58.000    0.3230  0.0153  0.58 253.93  7.30  0.13    0.4440  0.0150  0.72    81.    86.    81.     
 60.000    0.2460  0.0122  0.39 249.24  9.70  0.03    0.3440  0.0129  0.22    59.    62.    59.     
 62.000    0.1860  0.0105  0.57 241.31 10.00  0.10    0.2690  0.0123  0.49    44.    46.    44.     
 64.000    0.1390  0.0080  0.71 234.39 10.13  0.35    0.2070  0.0100  0.41    37.    39.    37.     
 66.000    0.1030  0.0061  0.49 227.33  9.44 -0.11    0.1580  0.0094  0.87    34.    35.    34.     
 68.000    0.0750  0.0045  0.71 218.65 10.95  0.31    0.1200  0.0078  0.55    35.    35.    35.     
 70.000    0.0550  0.0037  1.06 212.89 10.10  0.12    0.0900  0.0053  0.41    30.    30.    30.     
     T A B L E  II -  8.  T H E R M O D Y N A M I C  S T A T I S T I C A L  P A R A M E T E R S     
                                              AUGUST                                                
 STATION =   723910     PT. MUGU                                                                    
    Z      MEAN P   SD P  SKEWP MEAN T  SD T SKEWT    MEAN D    SD D SKEWD  NOBSP  NOBST  NOBSD     
    KM       MB        MB       DEG K  DEG K            G/M3    G/M3                                
  0.000 1013.6001  2.3730  0.01 291.92  2.96 -0.14 1202.0000 13.1900  0.10   516.   516.   516.     
  0.004 1012.8000  2.4543  0.00 291.78  2.93 -0.05 1201.0000 12.9200  0.07   616.   616.   616.     
  1.000  902.3301  2.0816 -0.10 295.65  4.39 -0.61 1060.0000 15.9200  0.56   616.   616.   616.     
  2.000  803.8601  2.2778 -0.45 292.24  3.48 -0.67  955.6001 11.0500  0.51   616.   616.   616.     
  3.000  714.5500  2.5752 -0.53 285.64  2.76 -0.67  869.2000  7.7700  0.10   616.   616.   616.     
  4.000  633.3501  2.7509 -0.62 278.80  2.31 -0.64  789.7000  5.9900 -0.38   616.   616.   616.     
  5.000  559.7200  2.7460 -0.73 272.11  2.16 -0.41  715.3000  5.4950 -0.48   616.   616.   616.     
  6.000  493.1699  2.7352 -0.85 265.40  2.21 -0.39  646.3000  5.1880 -0.51   616.   616.   616.     
  7.000  433.0200  2.7272 -0.92 258.63  2.30 -0.42  582.3000  4.6050 -0.66   615.   615.   615.     
  8.000  378.9099  2.7495 -0.94 251.57  2.52 -0.56  523.8000  4.2560 -0.66   614.   614.   614.     
  9.000  330.2900  2.7915 -0.91 244.09  2.79 -0.59  470.6001  4.2780 -0.54   613.   613.   613.     
 10.000  286.7000  2.8260 -0.86 236.60  2.91 -0.39  421.3999  4.1110 -0.90   611.   611.   611.     
 11.000  247.8500  2.8147 -0.77 229.42  2.84 -0.30  376.3000  3.2420 -1.06   610.   610.   610.     
 12.000  213.1000  2.6136 -0.64 222.76  2.40 -0.11  333.3000  3.3410 -1.58   609.   609.   609.     
 13.000  182.6400  2.4068 -0.49 216.68  2.09  0.06  293.7000  4.1300 -1.24   608.   608.   608.     
 14.000  155.8300  2.0609 -0.32 211.33  2.48  0.47  256.8999  4.8800 -1.06   605.   605.   605.     
 15.000  132.4700  1.6610 -0.13 207.37  3.18  0.80  222.6000  5.0630 -0.82   603.   603.   603.     
 16.000  112.3900  1.3078  0.02 205.84  3.38  0.79  190.3000  4.4020 -0.53   601.   601.   601.     
 17.000   95.3520  1.0330  0.03 206.50  3.01  0.47  160.9000  3.2590 -0.22   561.   561.   561.     
 18.000   80.9710  0.8616  0.06 209.18  2.66  0.26  134.9000  2.2390 -0.19   560.   560.   560.     
 19.000   68.9310  0.7381  0.10 212.15  2.13  0.22  113.2000  1.5100 -0.22   554.   554.   554.     
 20.000   58.8130  0.6459  0.11 214.63  1.79  0.34   95.4700  1.1630 -0.04   544.   544.   544.     
 21.000   50.2570  0.5713  0.13 216.76  1.60  0.39   80.7700  0.9020 -0.09   538.   538.   538.     
 22.000   43.0190  0.5117  0.14 218.47  1.47  0.24   68.6000  0.7402  0.06   533.   533.   533.     
 23.000   36.8670  0.4540  0.18 220.18  1.42  0.35   58.3300  0.6332  0.13   515.   515.   515.     
 24.000   31.6260  0.4084  0.18 221.84  1.48  0.27   49.6600  0.5512  0.17   512.   512.   512.     
 25.000   27.1710  0.3674  0.15 223.57  1.57  0.10   42.3400  0.4827  0.16   493.   493.   493.     
 26.000   23.3730  0.3291  0.07 225.34  1.74  0.09   36.1300  0.4178  0.25   464.   464.   464.     
 27.000   20.1280  0.2979  0.03 227.01  1.78  0.05   30.8900  0.3705  0.44   447.   447.   447.     
 28.000   17.3500  0.2799  0.03 228.52  1.77 -0.07   26.4500  0.3317  0.35   398.   398.   398.     
 29.000   14.9790  0.2581 -0.02 230.11  2.02 -0.04   22.6800  0.3104  0.11   355.   355.   355.     
 30.000   12.9310  0.2376 -0.03 231.53  1.95 -0.18   19.4600  0.2742 -0.02   299.   299.   299.     
 32.000    9.6590  0.1281  0.44 235.80  4.33  0.79   14.3100  0.2136 -0.19    98.   108.    96.     
 34.000    7.2570  0.1221  0.23 239.12  4.54  0.83   10.6000  0.2135 -0.60   101.   111.   101.     
 36.000    5.4900  0.0915  0.87 242.78  4.35  0.07    7.8910  0.1218  0.08   101.   112.   101.     
 38.000    4.1660  0.0789  0.93 247.52  4.34  0.33    5.8780  0.1008  0.83   101.   112.   101.     
 40.000    3.1820  0.0664  1.03 253.19  4.12  0.18    4.3860  0.0884  0.03   101.   112.   101.     
 42.000    2.4430  0.0545  1.06 257.99  4.06  0.26    3.3050  0.0661  0.60   101.   113.   101.     
 44.000    1.8860  0.0448  1.04 262.71  4.21 -0.60    2.5020  0.0583  0.66   101.   111.   101.     
 46.000    1.4610  0.0377  0.86 264.84  4.48 -0.50    1.9250  0.0426  0.74   100.   110.   100.     
 48.000    1.1340  0.0303  0.95 264.91  4.99 -0.33    1.4920  0.0343  0.61    98.   104.    98.     
 50.000    0.8800  0.0259  0.77 265.12  5.22 -0.48    1.1570  0.0271  1.00    99.   108.    99.     
 52.000    0.6820  0.0224  0.60 264.06  4.94 -0.22    0.9010  0.0221  0.87    98.   107.    98.     
 54.000    0.5290  0.0196  0.55 261.38  6.11  0.09    0.7060  0.0220  0.48    98.   108.    98.     
 56.000    0.4080  0.0168  0.58 257.89  7.31  0.07    0.5530  0.0163  0.29    97.   107.    97.     
 58.000    0.3140  0.0150  0.63 254.38  7.92  0.04    0.4310  0.0169  1.28    89.    98.    89.     
 60.000    0.2380  0.0119  0.73 249.36  8.82  0.30    0.3340  0.0124  0.79    64.    71.    64.     
 62.000    0.1790  0.0091  1.23 242.91  9.17  0.48    0.2580  0.0100  1.00    51.    55.    51.     
 64.000    0.1340  0.0072  1.62 235.12 10.60  0.94    0.1990  0.0087  1.42    45.    48.    45.     
 66.000    0.1000  0.0061  1.40 229.52 11.64  1.40    0.1530  0.0095  1.93    44.    45.    44.     
 68.000    0.0740  0.0047  0.90 220.00 11.08 -0.19    0.1180  0.0078  2.29    45.    45.    45.     
 70.000    0.0550  0.0039  0.58 213.56  9.91 -0.52    0.0890  0.0060  1.45    40.    40.    40.     
     T A B L E  II -  9.  T H E R M O D Y N A M I C  S T A T I S T I C A L  P A R A M E T E R S     
                                              SEPTEMBER                                             
 STATION =   723910     PT. MUGU                                                                    
    Z      MEAN P   SD P  SKEWP MEAN T  SD T SKEWT    MEAN D    SD D SKEWD  NOBSP  NOBST  NOBSD     
    KM       MB        MB       DEG K  DEG K            G/M3    G/M3                                
  0.000 1012.8999  2.7514 -0.32 292.11  3.54  0.46 1201.0000 15.0500 -0.10   437.   437.   437.     
  0.004 1012.3999  2.7414 -0.28 291.70  3.63  0.31 1202.0000 15.5000  0.03   523.   523.   523.     
  1.000  901.7800  2.4946 -0.20 293.60  5.37 -0.11 1066.0000 18.6300  0.14   523.   523.   523.     
  2.000  802.5701  2.8849 -0.30 289.38  3.88 -0.36  963.6001 11.4100  0.30   523.   523.   523.     
  3.000  712.5801  3.2397 -0.44 283.04  3.19 -0.41  875.1001  8.2430  0.05   523.   523.   523.     
  4.000  630.9399  3.4064 -0.53 276.81  2.89 -0.30  792.5000  7.0690 -0.10   523.   523.   523.     
  5.000  557.1599  3.4431 -0.58 270.52  2.76 -0.26  716.3000  6.0490 -0.13   523.   523.   523.     
  6.000  490.5100  3.5231 -0.58 263.91  2.81 -0.28  646.5000  5.0910 -0.04   523.   523.   523.     
  7.000  430.3501  3.5289 -0.55 256.71  2.77 -0.30  583.1001  4.5600 -0.16   519.   519.   519.     
  8.000  376.1201  3.4975 -0.53 249.20  2.83 -0.41  525.0000  4.4910 -0.25   519.   519.   519.     
  9.000  327.3899  3.4449 -0.51 241.43  2.95 -0.32  471.7000  4.5390 -0.32   518.   518.   518.     
 10.000  283.7000  3.3647 -0.44 233.91  2.99 -0.18  422.2000  4.6830 -0.72   518.   518.   518.     
 11.000  244.8400  3.2098 -0.32 227.17  2.95 -0.23  375.5000  4.8570 -0.94   517.   517.   517.     
 12.000  210.3300  2.8682 -0.21 221.42  2.82 -0.42  331.0000  5.1510 -0.80   517.   517.   517.     
 13.000  180.1400  2.5332 -0.12 216.33  2.76 -0.50  290.1001  5.3490 -0.57   515.   515.   515.     
 14.000  153.6900  2.1436 -0.08 211.88  2.72  0.26  252.7000  5.2230 -0.40   511.   511.   511.     
 15.000  130.7300  1.7375 -0.12 208.38  3.02  0.41  218.6000  4.9390 -0.16   509.   509.   509.     
 16.000  111.0000  1.3846 -0.19 206.75  3.21  0.30  187.1000  4.3320 -0.04   507.   507.   507.     
 17.000   94.1650  1.0838 -0.28 206.88  3.11  0.26  158.6000  3.3320 -0.12   493.   493.   493.     
 18.000   79.9530  0.8984 -0.29 208.59  2.73  0.22  133.6000  2.3730 -0.25   488.   488.   488.     
 19.000   68.0290  0.7685 -0.31 211.41  2.37  0.20  112.1000  1.6210 -0.20   484.   484.   484.     
 20.000   58.0100  0.6795 -0.37 213.90  2.13  0.16   94.4800  1.1990 -0.25   479.   479.   479.     
 21.000   49.5440  0.6063 -0.38 215.93  2.07 -0.12   79.9400  0.9567 -0.27   473.   473.   473.     
 22.000   42.3830  0.5518 -0.38 217.76  1.94  0.12   67.8000  0.8031 -0.38   468.   468.   468.     
 23.000   36.3020  0.4981 -0.36 219.65  1.83  0.22   57.5700  0.6652 -0.46   451.   451.   451.     
 24.000   31.1300  0.4511 -0.35 221.46  1.83 -0.06   48.9700  0.5853 -0.44   447.   447.   447.     
 25.000   26.7330  0.4071 -0.31 223.14  1.85 -0.09   41.7400  0.5226 -0.45   434.   434.   434.     
 26.000   22.9940  0.3698 -0.28 224.78  1.92 -0.11   35.6400  0.4454 -0.42   400.   400.   400.     
 27.000   19.7950  0.3392 -0.28 226.31  2.02 -0.11   30.4700  0.3994 -0.41   372.   372.   372.     
 28.000   17.0560  0.3087 -0.24 227.73  2.03 -0.05   26.0900  0.3478 -0.47   358.   358.   358.     
 29.000   14.7050  0.2851 -0.17 229.13  2.29  0.06   22.3600  0.3119 -0.38   319.   319.   319.     
 30.000   12.6890  0.2556 -0.21 230.39  2.16 -0.25   19.1900  0.2785 -0.32   300.   300.   300.     
 32.000    9.4810  0.1879  0.79 234.37  3.69  0.60   14.1200  0.2459  0.85    95.    98.    92.     
 34.000    7.1190  0.1598  0.82 237.02  3.70  0.35   10.4800  0.1999  1.12    96.    99.    94.     
 36.000    5.3720  0.1363  0.56 241.31  4.58 -0.22    7.7610  0.1789  0.66    97.   100.    97.     
 38.000    4.0740  0.1072  1.09 245.79  3.43  0.64    5.7790  0.1272  0.31    97.   100.    97.     
 40.000    3.1030  0.0882  1.22 250.97  4.60  0.02    4.3140  0.1138  0.58    97.   100.    97.     
 42.000    2.3810  0.0722  1.31 256.85  4.10  0.18    3.2330  0.0815  0.82    97.   100.    97.     
 44.000    1.8370  0.0588  1.40 262.05  4.20  0.14    2.4440  0.0707  0.87    97.   100.    97.     
 46.000    1.4220  0.0483  1.45 264.49  4.64 -0.50    1.8750  0.0571  0.87    97.   100.    97.     
 48.000    1.1040  0.0401  1.45 266.30  5.06 -0.50    1.4440  0.0445  1.10    96.    96.    96.     
 50.000    0.8580  0.0336  1.36 266.41  4.99 -0.97    1.1220  0.0351  1.27    96.    96.    96.     
 52.000    0.6670  0.0287  1.22 265.30  5.32 -0.58    0.8750  0.0273  1.47    92.    91.    92.     
 54.000    0.5170  0.0243  1.15 263.28  5.65 -0.42    0.6840  0.0235  1.57    89.    88.    89.     
 56.000    0.4000  0.0203  1.10 261.58  5.46 -0.08    0.5330  0.0209  1.76    86.    89.    86.     
 58.000    0.3080  0.0173  1.08 258.48  6.35  0.21    0.4160  0.0175  1.12    76.    79.    76.     
 60.000    0.2350  0.0142  1.28 253.29  7.57  0.27    0.3240  0.0132  1.02    62.    63.    62.     
 62.000    0.1770  0.0091  1.49 248.02  8.04  0.78    0.2490  0.0071  0.68    42.    44.    42.     
 64.000    0.1320  0.0048  0.08 240.13  7.45  0.72    0.1930  0.0059  0.00    33.    34.    33.     
 66.000    0.1000  0.0039  0.05 233.91  7.01  0.06    0.1480  0.0047 -0.22    32.    32.    32.     
 68.000    0.0750  0.0034  0.08 224.50  9.94 -0.07    0.1160  0.0042 -0.69    32.    32.    32.     
 70.000    0.0550  0.0028  0.12 218.33  7.44  0.19    0.0880  0.0032  0.02    29.    29.    29.     
     T A B L E  II - 10.  T H E R M O D Y N A M I C  S T A T I S T I C A L  P A R A M E T E R S     
                                              OCTOBER                                               
 STATION =   723910     PT. MUGU                                                                    
    Z      MEAN P   SD P  SKEWP MEAN T  SD T SKEWT    MEAN D    SD D SKEWD  NOBSP  NOBST  NOBSD     
    KM       MB        MB       DEG K  DEG K            G/M3    G/M3                                
  0.000 1015.3999  2.8210 -0.41 290.37  4.44  0.24 1212.0000 19.4800  0.07   476.   476.   476.     
  0.004 1014.8000  2.9096 -0.48 290.04  4.50  0.27 1213.0000 19.7200  0.05   574.   574.   574.     
  1.000  903.8101  4.1885  1.88 290.43  5.75  0.03 1081.0000 20.4000  0.14   573.   573.   573.     
  2.000  803.1399  4.3714  0.99 285.72  4.84 -0.49  977.3000 15.0200  0.60   573.   573.   573.     
  3.000  712.0400  4.6583  0.36 279.96  4.09 -0.60  884.5000 10.6700  0.32   573.   573.   573.     
  4.000  629.6499  4.8813 -0.08 274.09  3.81 -0.60  799.2000  8.4640 -0.04   572.   572.   572.     
  5.000  555.3000  4.9854 -0.38 267.65  3.71 -0.70  721.8999  7.0850 -0.10   572.   572.   572.     
  6.000  488.1499  5.1158 -0.54 260.68  3.57 -0.80  651.6001  5.6590 -0.11   572.   572.   572.     
  7.000  427.5100  5.0809 -0.72 253.22  3.50 -0.94  587.6001  5.0270  0.46   571.   571.   571.     
  8.000  372.9399  5.0063 -0.83 245.49  3.49 -0.89  528.8000  4.8780  1.85   571.   571.   571.     
  9.000  323.9500  4.8424 -0.88 237.83  3.12 -0.59  474.2000  4.7120 -0.63   570.   570.   570.     
 10.000  280.1001  4.5417 -0.79 230.56  2.84  0.03  423.2000  5.9890 -1.37   569.   569.   569.     
 11.000  241.2600  4.0727 -0.63 224.05  3.05  0.86  375.2000  7.0820 -1.69   567.   567.   567.     
 12.000  206.8900  3.5014 -0.48 218.72  3.53  0.64  329.6001  7.5150 -1.24   565.   565.   565.     
 13.000  176.8700  2.9987 -0.31 214.60  3.46  0.53  287.2000  6.9640 -0.85   563.   563.   563.     
 14.000  150.7900  2.5109 -0.19 211.47  3.16  0.32  248.5000  6.1400 -0.38   559.   559.   559.     
 15.000  128.2700  2.0468 -0.15 208.85  3.13  0.21  214.0000  5.3430 -0.21   556.   556.   556.     
 16.000  108.9500  1.6502 -0.15 207.14  3.11  0.14  183.3000  4.5340 -0.07   547.   547.   547.     
 17.000   92.4070  1.2668 -0.22 206.79  3.10 -0.03  155.7000  3.6450  0.03   499.   499.   499.     
 18.000   78.4370  1.0277 -0.19 207.96  2.86 -0.10  131.4000  2.7650  0.04   493.   493.   493.     
 19.000   66.7020  0.8486 -0.14 210.15  2.53  0.04  110.6000  1.9300  0.10   489.   489.   489.     
 20.000   56.8130  0.7348 -0.21 212.32  2.29  0.10   93.2300  1.4070  0.13   487.   487.   487.     
 21.000   48.4700  0.6478 -0.25 214.28  2.21 -0.16   78.8000  1.0440  0.26   482.   482.   482.     
 22.000   41.4130  0.5833 -0.28 216.18  2.06 -0.21   66.7400  0.8432  0.05   479.   479.   479.     
 23.000   35.4430  0.5279 -0.33 217.95  2.09 -0.24   56.6500  0.7127  0.05   469.   469.   469.     
 24.000   30.3510  0.4801 -0.34 219.66  2.11 -0.27   48.1300  0.6352 -0.12   462.   462.   462.     
 25.000   26.0390  0.4387 -0.37 221.29  2.24 -0.36   40.9900  0.5324 -0.16   447.   447.   447.     
 26.000   22.3660  0.3980 -0.41 222.71  2.34 -0.34   34.9900  0.4530 -0.12   423.   423.   423.     
 27.000   19.2260  0.3638 -0.40 224.02  2.51 -0.27   29.9000  0.4081 -0.31   388.   388.   388.     
 28.000   16.5360  0.3365 -0.38 225.29  2.70 -0.37   25.5700  0.3643 -0.53   379.   379.   379.     
 29.000   14.2340  0.3058 -0.43 226.57  2.83 -0.22   21.8900  0.3381 -0.50   315.   315.   315.     
 30.000   12.2690  0.2810 -0.42 227.86  2.86 -0.29   18.7600  0.3002 -0.45   307.   307.   307.     
 32.000    9.1560  0.2134  0.02 231.38  4.41  1.11   13.7900  0.2415 -0.36   102.   105.   101.     
 34.000    6.8520  0.1845  0.07 234.80  4.20  0.15   10.1700  0.1945 -0.10   104.   107.   104.     
 36.000    5.1550  0.1564  0.12 239.05  3.89  0.21    7.5110  0.1710 -0.32   104.   107.   104.     
 38.000    3.9030  0.1328  0.18 243.93  4.58 -0.10    5.5740  0.1562  0.21   106.   109.   106.     
 40.000    2.9690  0.1087  0.17 249.95  5.00 -0.18    4.1380  0.1279  0.49   106.   109.   106.     
 42.000    2.2730  0.0901  0.13 255.69  5.35 -0.24    3.0980  0.1069  0.29   107.   110.   107.     
 44.000    1.7520  0.0741  0.05 260.87  5.65 -0.53    2.3410  0.0832  0.38   107.   110.   107.     
 46.000    1.3560  0.0611 -0.01 265.09  5.72 -0.20    1.7820  0.0620  0.36   105.   108.   105.     
 48.000    1.0520  0.0511 -0.05 266.85  5.50 -0.45    1.3740  0.0535  0.20   105.   105.   105.     
 50.000    0.8190  0.0415 -0.08 266.85  6.10 -0.24    1.0690  0.0473  0.06   102.   103.   102.     
 52.000    0.6370  0.0343 -0.08 266.09  6.14 -0.06    0.8340  0.0365  0.06   101.   105.   101.     
 54.000    0.4940  0.0286 -0.10 264.08  6.78  0.22    0.6520  0.0280  0.01   100.   100.   100.     
 56.000    0.3830  0.0239 -0.07 262.22  6.31  0.18    0.5090  0.0251 -0.13    99.   102.    99.     
 58.000    0.2960  0.0202 -0.05 259.71  5.96 -0.19    0.3970  0.0209 -0.03    94.    97.    94.     
 60.000    0.2250  0.0170  0.20 255.41  6.54  0.51    0.3070  0.0183  0.05    69.    73.    69.     
 62.000    0.1720  0.0142  0.33 250.43  8.31  0.57    0.2390  0.0158 -0.04    55.    59.    55.     
 64.000    0.1280  0.0087 -0.05 243.30 10.54  1.54    0.1840  0.0114 -0.46    39.    42.    39.     
 66.000    0.0960  0.0062 -0.31 235.37  6.43  0.33    0.1420  0.0088 -0.20    37.    39.    37.     
 68.000    0.0710  0.0046 -0.29 225.47 10.01  0.29    0.1100  0.0088 -0.14    34.    36.    34.     
 70.000    0.0530  0.0034 -0.04 220.13  9.75 -0.13    0.0830  0.0064 -0.21    31.    33.    31.     
     T A B L E  II - 11.  T H E R M O D Y N A M I C  S T A T I S T I C A L  P A R A M E T E R S     
                                              NOVEMBER                                              
 STATION =   723910     PT. MUGU                                                                    
    Z      MEAN P   SD P  SKEWP MEAN T  SD T SKEWT    MEAN D    SD D SKEWD  NOBSP  NOBST  NOBSD     
    KM       MB        MB       DEG K  DEG K            G/M3    G/M3                                
  0.000 1017.5000  3.5281 -0.38 287.93  5.46  0.22 1227.0000 23.7900  0.02   474.   474.   474.     
  0.004 1017.0000  3.4799 -0.38 287.67  5.42  0.27 1227.0000 23.5500 -0.03   539.   539.   539.     
  1.000  904.1899  3.5676 -0.65 286.74  5.21  0.05 1096.0000 17.9300 -0.08   540.   540.   540.     
  2.000  802.1399  4.3139 -0.71 281.96  5.25 -0.48  989.6001 14.8600  0.45   540.   540.   540.     
  3.000  710.1201  5.1351 -0.75 276.86  4.98 -0.81  892.5000 11.2800  0.87   540.   540.   540.     
  4.000  627.0400  5.7970 -0.79 271.05  4.84 -0.89  805.2000  8.6550  0.89   540.   540.   540.     
  5.000  552.2000  6.2420 -0.85 264.54  4.75 -0.89  726.6001  6.9080  0.70   540.   540.   540.     
  6.000  484.6699  6.5407 -0.86 257.58  4.63 -0.82  655.1001  5.7090 -0.05   540.   540.   540.     
  7.000  423.8000  6.6209 -0.89 250.26  4.47 -0.94  589.6001  5.0090 -0.17   536.   536.   536.     
  8.000  369.1101  6.5542 -0.88 242.74  4.22 -0.72  529.6001  4.7960 -0.65   536.   536.   536.     
  9.000  320.1599  6.3285 -0.83 235.28  3.66 -0.34  473.8999  5.7010 -1.42   535.   535.   535.     
 10.000  276.3799  5.8817 -0.72 228.10  3.36 -0.01  422.1001  7.2350 -1.78   532.   532.   532.     
 11.000  237.6200  5.3201 -0.56 221.64  3.39  0.46  373.5000  8.8000 -1.49   523.   523.   523.     
 12.000  203.4600  4.5681 -0.43 216.30  3.93  0.47  327.8000  9.7500 -1.04   522.   522.   522.     
 13.000  173.6700  3.8403 -0.28 212.86  4.18  0.12  284.3999  9.4610 -0.49   519.   519.   519.     
 14.000  147.9100  3.1157 -0.19 210.73  3.62  0.17  244.6000  7.9880 -0.31   517.   517.   517.     
 15.000  125.7800  2.4648 -0.17 208.71  3.48  0.14  210.0000  6.7470 -0.19   512.   512.   512.     
 16.000  106.8300  1.9147 -0.14 207.39  3.57  0.20  179.5000  5.6690 -0.17   509.   509.   509.     
 17.000   90.7360  1.4605 -0.14 206.90  3.63  0.19  152.8000  4.5630 -0.12   464.   464.   464.     
 18.000   77.0180  1.1231 -0.14 207.52  3.39  0.09  129.3000  3.4340 -0.06   458.   458.   458.     
 19.000   65.4450  0.8956 -0.14 209.01  2.91  0.06  109.1000  2.4120 -0.03   454.   454.   454.     
 20.000   55.6750  0.7412 -0.12 210.60  2.50  0.16   92.1100  1.7150 -0.11   444.   444.   444.     
 21.000   47.4260  0.6334 -0.08 212.07  2.27  0.20   77.9100  1.2440 -0.14   435.   435.   435.     
 22.000   40.4490  0.5565 -0.02 213.68  2.26  0.17   65.9500  0.9239 -0.23   427.   427.   427.     
 23.000   34.5530  0.5000  0.02 215.35  2.21 -0.14   55.9000  0.6959 -0.14   418.   418.   418.     
 24.000   29.5410  0.4540  0.00 217.11  2.34 -0.25   47.4000  0.6083 -0.06   410.   410.   410.     
 25.000   25.2950  0.4143  0.00 218.58  2.58 -0.22   40.3100  0.5360 -0.13   401.   401.   401.     
 26.000   21.6750  0.3830 -0.02 219.81  2.66 -0.03   34.3500  0.4723 -0.20   383.   383.   383.     
 27.000   18.6020  0.3453  0.08 221.22  2.73  0.21   29.2900  0.4283 -0.20   351.   351.   351.     
 28.000   15.9710  0.3170  0.11 222.49  2.76  0.15   25.0100  0.3939 -0.23   344.   344.   344.     
 29.000   13.7270  0.2895  0.15 223.73  2.82  0.06   21.3700  0.3517  0.06   280.   280.   280.     
 30.000   11.8100  0.2636  0.15 225.04  2.98 -0.10   18.2800  0.3243  0.01   270.   270.   270.     
 32.000    8.7740  0.2071  0.49 228.78  3.80  0.62   13.4000  0.2330  0.14    79.    84.    75.     
 34.000    6.5590  0.1676  0.74 232.95  4.12  0.29    9.8210  0.2268  0.00    81.    86.    79.     
 36.000    4.9240  0.1352  0.85 237.49  5.33  0.19    7.2260  0.2072  0.27    82.    87.    82.     
 38.000    3.7220  0.1157  0.86 241.56  6.44  0.13    5.3700  0.1819  0.77    84.    89.    84.     
 40.000    2.8250  0.0951  0.89 247.29  6.04  0.53    3.9810  0.1302  0.39    84.    89.    84.     
 42.000    2.1570  0.0818  0.86 252.48  7.23 -0.58    2.9770  0.1070  0.60    83.    88.    83.     
 44.000    1.6570  0.0675  1.01 257.69  6.89 -0.56    2.2400  0.0863  0.39    83.    87.    83.     
 46.000    1.2800  0.0560  0.96 261.52  6.84 -0.46    1.7020  0.0666  0.89    83.    85.    83.     
 48.000    0.9920  0.0469  0.79 264.45  6.72 -0.52    1.3050  0.0534  0.97    82.    85.    82.     
 50.000    0.7700  0.0389  0.62 264.92  6.63 -0.35    1.0100  0.0466  0.96    81.    82.    81.     
 52.000    0.5970  0.0321  0.52 264.80  6.54 -0.28    0.7850  0.0374  0.87    79.    83.    79.     
 54.000    0.4630  0.0273  0.33 263.26  6.33 -0.31    0.6120  0.0317  0.15    77.    82.    77.     
 56.000    0.3590  0.0220  0.47 261.83  6.93 -0.48    0.4770  0.0258  0.36    75.    80.    75.     
 58.000    0.2780  0.0179  0.52 260.23  7.62 -0.24    0.3720  0.0201  0.16    73.    75.    73.     
 60.000    0.2140  0.0153  0.60 257.09  9.25  0.12    0.2900  0.0147  0.36    57.    61.    57.     
 62.000    0.1640  0.0135  0.61 252.49 10.34  0.45    0.2260  0.0134  0.28    37.    39.    37.     
 64.000    0.1220  0.0100  0.64 243.05  8.50  0.16    0.1750  0.0116  0.17    26.    27.    26.     
 66.000    0.0910  0.0069  0.68 235.97 11.19  0.28    0.1350  0.0092  0.05    25.    26.    25.     
 68.000    0.0680  0.0057  0.80 225.93 13.19  0.49    0.1050  0.0074 -0.13    25.    26.    25.     
 70.000    0.0500  0.0047  0.96 218.76 10.89  0.39    0.0800  0.0062  0.21    24.    25.    24.     
     T A B L E  II - 12.  T H E R M O D Y N A M I C  S T A T I S T I C A L  P A R A M E T E R S     
                                              DECEMBER                                              
 STATION =   723910     PT. MUGU                                                                    
    Z      MEAN P   SD P  SKEWP MEAN T  SD T SKEWT    MEAN D    SD D SKEWD  NOBSP  NOBST  NOBSD     
    KM       MB        MB       DEG K  DEG K            G/M3    G/M3                                
  0.000 1018.3999  4.4005 -0.18 284.92  5.23  0.12 1242.0000 23.6700  0.05   585.   585.   585.     
  0.004 1017.8999  4.3800 -0.22 285.05  5.17  0.08 1241.0000 23.3200  0.09   629.   629.   629.     
  1.000  903.9199  4.3982 -0.58 283.71  5.44 -0.18 1108.0000 19.3500  0.19   630.   630.   630.     
  2.000  800.8899  5.1521 -0.76 279.10  5.84 -0.66  998.7000 16.8500  0.66   630.   630.   630.     
  3.000  708.0701  6.0929 -0.86 273.93  5.72 -1.00  899.8000 12.9700  0.97   630.   630.   630.     
  4.000  624.3899  6.8586 -0.96 268.07  5.45 -1.18  810.8999  9.5860  1.04   630.   630.   630.     
  5.000  549.0801  7.3620 -1.05 261.55  5.25 -1.15  731.0000  7.3540  0.72   630.   630.   630.     
  6.000  481.1899  7.6065 -1.07 254.69  5.07 -1.00  658.0000  6.1930 -0.38   629.   629.   629.     
  7.000  420.1599  7.5943 -1.07 247.56  4.67 -0.74  591.1001  5.4040 -0.25   629.   629.   629.     
  8.000  365.4099  7.4038 -1.00 240.08  4.39 -0.50  530.2000  6.0640 -1.23   629.   629.   629.     
  9.000  316.3701  7.0456 -0.89 232.59  3.98 -0.25  473.8000  7.2960 -1.93   624.   624.   624.     
 10.000  272.6299  6.5047 -0.74 225.51  3.68  0.18  421.2000  8.6910 -1.85   621.   621.   621.     
 11.000  234.0200  5.8029 -0.55 219.86  3.73  0.65  370.8999 10.2800 -1.34   618.   618.   618.     
 12.000  200.2300  4.9810 -0.36 215.94  4.77  0.18  323.2000 11.4100 -0.80   612.   612.   612.     
 13.000  170.9200  4.1274 -0.15 214.15  4.79 -0.24  278.2000 10.3000 -0.41   610.   610.   610.     
 14.000  145.7700  3.3673 -0.04 212.53  4.09  0.00  239.1000  8.5640 -0.18   606.   606.   606.     
 15.000  124.1300  2.6694 -0.02 210.51  3.95  0.07  205.5000  7.2450 -0.02   600.   600.   600.     
 16.000  105.5400  2.0920 -0.03 208.69  4.04  0.02  176.3000  6.0890  0.05   595.   595.   595.     
 17.000   89.6710  1.5875 -0.14 207.94  4.28 -0.16  150.3000  5.0610  0.14   544.   544.   544.     
 18.000   76.1540  1.2242 -0.27 208.28  4.09 -0.37  127.4000  3.8810  0.26   536.   536.   536.     
 19.000   64.7340  0.9708 -0.43 209.46  3.62 -0.37  107.7000  2.8130  0.24   523.   523.   523.     
 20.000   55.0980  0.7938 -0.54 210.78  3.03 -0.18   91.0800  1.9290  0.02   512.   512.   512.     
 21.000   46.9370  0.6797 -0.58 212.34  2.69 -0.16   77.0100  1.3560 -0.22   505.   505.   505.     
 22.000   40.0270  0.5969 -0.57 213.84  2.68 -0.16   65.2100  1.0380 -0.37   497.   497.   497.     
 23.000   34.1870  0.5390 -0.53 215.27  2.62 -0.09   55.3300  0.8187 -0.53   487.   487.   487.     
 24.000   29.2240  0.4894 -0.45 216.69  2.82 -0.04   46.9800  0.6991 -0.64   465.   465.   465.     
 25.000   25.0090  0.4484 -0.38 217.85  2.98  0.04   39.9900  0.5980 -0.87   451.   451.   451.     
 26.000   21.4060  0.4098 -0.30 218.94  3.15  0.04   34.0600  0.5505 -1.03   433.   433.   433.     
 27.000   18.3550  0.3758 -0.23 220.10  3.37 -0.01   29.0500  0.4962 -0.85   398.   398.   398.     
 28.000   15.7450  0.3437 -0.08 221.23  3.64  0.09   24.8000  0.4498 -0.72   383.   383.   383.     
 29.000   13.5030  0.3083 -0.10 222.30  3.55  0.11   21.1600  0.3981 -0.67   303.   303.   303.     
 30.000   11.6000  0.2831 -0.03 223.60  3.68  0.07   18.0700  0.3668 -0.52   294.   294.   294.     
 32.000    8.7160  0.2147  0.81 227.70  4.85  0.64   13.3500  0.2828 -0.17   127.   130.   124.     
 34.000    6.5010  0.1812  0.89 232.13  6.10  0.46    9.7640  0.2678 -0.04   126.   129.   125.     
 36.000    4.8750  0.1521  0.94 236.41  6.73  0.45    7.1880  0.2350  0.08   126.   129.   126.     
 38.000    3.6740  0.1261  0.91 242.00  8.81  0.44    5.2930  0.2031  0.54   125.   129.   125.     
 40.000    2.7900  0.1080  0.78 247.40  9.47  0.00    3.9310  0.1622  0.82   125.   129.   125.     
 42.000    2.1320  0.0932  0.64 254.25 10.51 -0.13    2.9240  0.1268  0.88   126.   131.   126.     
 44.000    1.6420  0.0810  0.48 261.04  9.86 -0.39    2.1890  0.0970  0.85   126.   127.   126.     
 46.000    1.2720  0.0692  0.30 266.04 10.18 -0.25    1.6670  0.0766  0.49   126.   129.   126.     
 48.000    0.9890  0.0589  0.22 267.88  9.92 -0.04    1.2860  0.0645  0.27   126.   129.   126.     
 50.000    0.7700  0.0503  0.13 267.97  9.03 -0.35    1.0000  0.0548  0.28   125.   124.   125.     
 52.000    0.5990  0.0415  0.11 266.33  7.94 -0.62    0.7830  0.0459  0.09   125.   123.   125.     
 54.000    0.4650  0.0338  0.10 263.71  6.80 -0.60    0.6140  0.0397  0.04   125.   128.   125.     
 56.000    0.3600  0.0274  0.15 261.18  6.59 -0.46    0.4800  0.0347  0.03   119.   121.   119.     
 58.000    0.2790  0.0214  0.28 258.69  7.51  0.21    0.3750  0.0278 -0.11   107.   109.   107.     
 60.000    0.2140  0.0170  0.58 255.93  9.94  0.01    0.2920  0.0217 -0.11    79.    84.    79.     
 62.000    0.1650  0.0134  1.20 251.01 12.67  0.22    0.2310  0.0162  0.21    43.    47.    43.     
 64.000    0.1250  0.0115  1.91 243.10 14.74  0.91    0.1800  0.0119  0.30    32.    33.    32.     
 66.000    0.0940  0.0102  2.18 239.28 16.60  1.17    0.1370  0.0099  0.41    31.    32.    31.     
 68.000    0.0710  0.0095  2.18 231.61 22.40  1.43    0.1080  0.0090  0.58    28.    29.    28.     
 70.000    0.0540  0.0089  2.10 225.68 23.65  1.16    0.0830  0.0102  0.89    26.    27.    26.     
