      72391      34.12N  119.12W
     T A B L E  II -   1.  T H E R M O D Y N A M I C  S T A T I S T I C A L  P A R A M E T E R S
                                   January
 STATION =   723910     Pt. Mugu Naval Air Station, CA
    Z      MEAN P   SD P   SKEWP  MEAN T  SD T  SKEWT    MEAN D   SD D  SKEWD  NOBSP  NOBST  NOBSD
    KM       MB       MB             K      K             G/M3    G/M3                           
  0.000 1020.0000  5.0000   0.00 290.00   5.00   0.00 1221.0000 25.0000  0.00    100    100    100
  0.004 1017.3960  4.5250  -0.60 286.88   4.72   0.04 1231.4659 21.0640  0.30    768    768    768
  0.500  959.1210  4.3760  -0.74 286.14   4.43   0.43 1164.8330 16.6650 -0.23    768    768    768
  1.000  903.4550  4.4220  -0.70 283.83   4.78   0.16 1106.7729 16.3200  0.01    768    768    768
  1.500  850.6320  4.6500  -0.65 281.46   4.77  -0.11 1051.2810 14.6370  0.25    768    768    768
  2.000  800.4630  4.9320  -0.59 278.94   4.72  -0.32  998.4770 12.9300  0.47    768    768    768
  2.500  752.8100  5.2360  -0.55 276.38   4.73  -0.48  947.9730 11.7610  0.66    768    768    768
  3.000  707.6390  5.5320  -0.54 273.63   4.74  -0.60  900.2140 10.5660  0.76    768    768    768
  3.500  664.6550  5.8090  -0.54 270.69   4.64  -0.69  854.8180  9.2790  0.81    768    768    768
  4.000  623.8050  6.0300  -0.55 267.58   4.65  -0.76  811.7210  8.4390  0.83    768    768    768
  4.500  585.0700  6.2330  -0.57 264.39   4.64  -0.82  770.5570  7.6280  0.81    768    768    768
  5.000  548.3600  6.3780  -0.60 261.07   4.60  -0.80  731.4790  6.9230  0.57    768    768    768
  5.500  513.5770  6.4860  -0.61 257.59   4.60  -0.74  694.3880  6.4010  0.30    768    768    768
  6.000  480.5370  6.6520  -0.61 254.02   4.58  -0.68  658.8650  5.9230  0.05    768    768    768
  6.500  449.1130  6.6830  -0.62 250.37   4.63  -0.60  624.8140  5.7490  0.06    768    768    768
  7.000  419.4070  6.6730  -0.62 246.63   4.69  -0.58  592.3630  5.7110  0.23    768    768    768
  7.500  391.3730  6.7040  -0.61 242.96   4.55  -0.45  561.1300  5.5310 -0.54    768    768    768
  8.000  364.5720  6.5900  -0.60 239.21   4.45  -0.29  530.9140  5.6910 -1.05    767    767    767
  8.500  339.3720  6.5240  -0.58 235.41   4.35  -0.15  502.2120  6.0960 -1.39    767    767    767
  9.000  315.5410  6.3620  -0.53 231.64   4.21   0.06  474.5540  6.5810 -1.62    767    767    767
  9.500  293.1160  6.2200  -0.48 228.07   4.04   0.29  447.7600  7.5180 -1.65    767    767    767
 10.000  271.8340  5.9720  -0.38 224.76   3.99   0.69  421.3910  8.8100 -1.50    766    766    766
 10.500  251.9990  5.6370  -0.33 221.94   4.21   0.95  395.6570 10.2330 -1.23    765    765    765
 11.000  233.3020  5.2520  -0.26 219.69   4.81   0.80  370.1290 11.5270 -0.94    763    763    763
 11.500  215.8390  4.8340  -0.17 218.16   5.55   0.54  344.9030 12.3330 -0.61    761    761    761
 12.000  199.6640  4.4130  -0.07 217.36   5.94   0.20  320.2820 12.2580 -0.26    756    756    756
 12.500  184.6030  4.0170   0.01 217.07   5.79  -0.13  296.5200 11.2750  0.02    754    754    754
 13.000  170.6540  3.6370   0.07 216.70   5.25  -0.33  274.5420  9.7880  0.18    749    749    749
 13.500  157.7710  3.3120   0.11 216.02   4.50  -0.46  254.5620  8.3540  0.20    744    744    744
 14.000  145.8200  3.0050   0.13 215.07   4.01  -0.34  236.3010  7.3610  0.10    736    736    736
 14.500  134.6880  2.7250   0.18 213.95   3.70  -0.15  219.4020  6.6710  0.09    732    732    732
 15.000  124.3560  2.4590   0.21 212.67   3.61  -0.04  203.7900  6.1840  0.12    726    726    726
 15.500  114.7810  2.2300   0.21 211.39   3.67   0.05  189.2370  5.8660  0.11    719    719    719
 16.000  105.9210  2.0050   0.21 210.29   3.93   0.06  175.5560  5.6390  0.16    706    706    706
 16.500   98.2640  2.1570   0.14 207.60   3.83   0.25  164.9790  5.5990 -0.12    226    226    226
 17.000   89.5880  1.3470  -0.11 207.30   4.08   0.01  150.6360  4.6770  0.24    155    155    155
 17.500   82.5400  1.1780  -0.17 206.90   4.13  -0.19  139.0540  4.2090  0.30    152    152    152
 18.000   76.0230  0.9920  -0.48 206.91   3.81  -0.15  128.0530  3.4960  0.21    144    144    144
 18.500   70.0650  0.9140  -0.35 207.16   3.74   0.10  117.8720  3.0760  0.05    136    136    136
 19.000   64.5700  0.8110  -0.58 207.72   3.64   0.15  108.3300  2.6750 -0.17    127    127    127
 19.500   59.4720  0.7560  -0.50 208.29   3.73   0.14   99.5030  2.3660 -0.17    109    109    109
 20.000   54.7800  0.6890  -0.58 208.87   3.71  -0.09   91.3930  1.9880 -0.14     98     98     98
 20.500   50.4920  0.6120  -0.45 209.83   3.54  -0.32   83.8480  1.5530 -0.17     92     92     92
 21.000   46.5820  0.5950  -0.48 210.35   3.20  -0.26   77.1610  1.2840  0.14     87     87     87
 21.500   42.9340  0.5520  -0.51 210.56   3.29  -0.48   71.0430  1.1360  0.22     83     83     83
 22.000   39.6030  0.5370  -0.47 211.11   3.37  -0.55   65.3620  0.9530  0.28     79     79     79
 22.500   36.5160  0.5150  -0.47 211.67   3.43  -0.44   60.1060  0.8570  0.23     76     76     76
 23.000   33.7100  0.5080  -0.49 212.38   3.50  -0.34   55.3020  0.8160  0.07     73     73     73
 23.500   31.1020  0.4830  -0.48 212.99   3.60  -0.29   50.8780  0.7660 -0.05     72     72     72
 24.000   28.7540  0.4710  -0.41 213.53   3.33  -0.27   46.9150  0.6900 -0.28     71     71     71
 24.500   26.5620  0.4460  -0.37 214.10   3.21  -0.23   43.2240  0.6220 -0.34     70     70     70
 25.000   24.5450  0.4360  -0.31 214.86   3.22  -0.30   39.7990  0.5720 -0.39     69     69     69
 25.500   22.6860  0.4250  -0.30 215.64   3.06  -0.35   36.6500  0.4850 -0.22     67     67     67
 26.000   20.9490  0.4060  -0.25 216.32   3.21  -0.37   33.7380  0.4730  0.13     65     65     65
 26.500   19.4140  0.3880  -0.29 216.96   3.12  -0.55   31.1730  0.4380 -0.06     60     60     60
 27.000   17.9490  0.3750  -0.20 217.58   3.32  -0.25   28.7390  0.4200 -0.42     59     59     59
 27.500   16.6090  0.3650  -0.19 218.41   3.60  -0.05   26.4930  0.4550 -0.45     58     58     58
 28.000   15.3710  0.3470  -0.21 219.56   3.41  -0.01   24.3900  0.4720 -0.46     58     58     58
 28.500   14.2290  0.3300  -0.14 220.84   3.24  -0.23   22.4460  0.4560 -0.48     58     58     58
 29.000   13.1820  0.3060  -0.15 222.15   3.35   0.19   20.6740  0.4610 -0.47     57     57     57
 29.500   12.2140  0.2930  -0.13 223.07   3.57   0.22   19.0770  0.4700 -0.40     57     57     57
 30.000   11.3210  0.2730  -0.16 223.80   3.49   0.00   17.6260  0.4640 -0.46     55     55     55
     T A B L E  II -   2.  T H E R M O D Y N A M I C  S T A T I S T I C A L  P A R A M E T E R S
                                  February
 STATION =   723910     Pt. Mugu Naval Air Station, CA
    Z      MEAN P   SD P   SKEWP  MEAN T  SD T  SKEWT    MEAN D   SD D  SKEWD  NOBSP  NOBST  NOBSD
    KM       MB       MB             K      K             G/M3    G/M3                           
  0.000 1020.0000  5.0000   0.00 290.00   5.00   0.00 1221.0000 25.0000  0.00    100    100    100
  0.004 1016.9090  4.4520  -0.83 286.82   4.46  -0.01 1230.7070 20.3810  0.33    854    854    854
  0.500  958.6240  4.3130  -0.73 286.36   4.66   0.50 1163.3390 17.6850 -0.26    854    854    854
  1.000  902.9330  4.4130  -0.69 284.08   5.11   0.25 1105.2400 17.6070 -0.12    854    854    854
  1.500  849.9880  4.7330  -0.58 281.38   5.21   0.01 1050.8409 16.3940  0.12    854    854    854
  2.000  799.9130  4.9830  -0.53 278.67   5.12  -0.22  998.8770 14.3930  0.40    854    854    854
  2.500  752.2930  5.2950  -0.49 276.03   4.86  -0.40  948.6240 12.0500  0.60    854    854    854
  3.000  707.0990  5.6130  -0.47 273.26   4.61  -0.48  900.8070 10.0490  0.56    854    854    854
  3.500  664.0900  5.8530  -0.47 270.29   4.47  -0.55  855.4200  8.6380  0.55    854    854    854
  4.000  623.1980  6.0420  -0.48 267.17   4.41  -0.64  812.2090  7.7440  0.59    854    854    854
  4.500  584.4220  6.2100  -0.50 263.87   4.39  -0.72  771.2720  7.0070  0.69    854    854    854
  5.000  547.6790  6.3530  -0.51 260.46   4.35  -0.71  732.2840  6.1770  0.58    854    854    854
  5.500  512.8940  6.4530  -0.52 256.97   4.34  -0.63  695.1370  5.6840  0.35    854    854    854
  6.000  479.8210  6.5950  -0.54 253.39   4.39  -0.61  659.5240  5.4430  0.09    854    854    854
  6.500  448.3640  6.6030  -0.55 249.70   4.39  -0.59  625.4330  5.1570 -0.17    854    854    854
  7.000  418.6420  6.5700  -0.54 245.92   4.33  -0.50  592.9620  4.8810 -0.24    854    854    854
  7.500  390.5630  6.6200  -0.54 242.16   4.23  -0.38  561.8080  4.8540 -0.50    854    854    854
  8.000  363.7420  6.4990  -0.52 238.35   4.10  -0.23  531.6070  5.0660 -0.65    854    854    854
  8.500  338.4960  6.4140  -0.49 234.57   3.95  -0.04  502.7020  5.5270 -1.06    854    854    854
  9.000  314.6580  6.2320  -0.44 230.84   3.81   0.03  474.8620  6.2590 -1.39    854    854    854
  9.500  292.2070  6.0770  -0.38 227.27   3.73   0.12  447.9190  7.3830 -1.50    854    854    854
 10.000  270.9000  5.7640  -0.31 223.91   3.81   0.34  421.5190  8.4910 -1.48    853    853    853
 10.500  251.0410  5.4450  -0.25 221.03   4.12   0.62  395.7630  9.8320 -1.26    852    852    852
 11.000  232.3580  5.1190  -0.17 218.92   4.74   0.74  369.9200 11.2330 -0.90    851    851    851
 11.500  214.9170  4.7090  -0.10 217.71   5.45   0.50  344.1330 12.1190 -0.52    849    849    849
 12.000  198.7930  4.3020  -0.04 217.23   5.81   0.05  319.0580 11.9680 -0.13    847    847    847
 12.500  183.8070  3.9250   0.03 217.15   5.53  -0.44  295.1030 10.7600  0.17    846    846    846
 13.000  169.9610  3.5450   0.08 216.88   4.82  -0.68  273.1590  9.1840  0.28    839    839    839
 13.500  157.1130  3.2290   0.12 216.31   4.14  -0.64  253.1430  7.8860  0.22    836    836    836
 14.000  145.2810  2.9250   0.15 215.31   3.66  -0.44  235.1530  7.0380  0.20    820    820    820
 14.500  134.1860  2.6310   0.15 214.03   3.48  -0.22  218.4880  6.5390  0.20    813    813    813
 15.000  123.8910  2.3760   0.14 212.69   3.49  -0.07  203.0010  6.1530  0.21    805    805    805
 15.500  114.3570  2.1240   0.11 211.42   3.65  -0.10  188.5180  5.8500  0.25    795    795    795
 16.000  105.5260  1.9170   0.12 210.31   3.72  -0.10  174.8820  5.4560  0.25    788    788    788
 16.500   97.8170  2.0600  -0.14 207.59   3.62   0.01  164.2310  5.5580  0.07    229    229    229
 17.000   89.5780  1.5770  -0.20 207.41   3.47  -0.17  150.5230  4.5400  0.31    181    181    181
 17.500   82.4900  1.4430  -0.20 207.26   3.45   0.04  138.7050  4.0420  0.30    170    170    170
 18.000   75.9220  1.2540  -0.22 207.30   3.26  -0.12  127.6310  3.4270  0.34    161    161    161
 18.500   70.0090  1.1580  -0.07 207.73   3.24  -0.23  117.4440  3.1370  0.23    158    158    158
 19.000   64.4980  0.9910  -0.47 207.91   3.15  -0.23  108.1070  2.7330  0.09    146    146    146
 19.500   59.3720  0.8720  -0.59 208.37   3.12  -0.33   99.2920  2.4010  0.02    123    123    123
 20.000   54.7270  0.7920  -0.39 209.25   3.22  -0.43   91.1370  2.1260  0.10    107    107    107
 20.500   50.3910  0.7520   0.05 209.76   3.09  -0.12   83.7090  1.9020 -0.08     93     93     93
 21.000   46.4680  0.6490  -0.58 210.81   2.86  -0.36   76.8020  1.5450 -0.13     86     86     86
 21.500   42.8730  0.6090  -0.48 211.34   2.77  -0.70   70.6810  1.3540 -0.32     80     80     80
 22.000   39.5510  0.5890  -0.22 211.94   2.56  -0.65   65.0200  1.2000 -0.20     74     74     74
 22.500   36.5220  0.5770  -0.06 212.77   2.61  -0.80   59.8030  1.0430  0.35     72     72     72
 23.000   33.7150  0.5600   0.25 213.15   2.66  -1.14   55.1080  0.9860  0.53     70     70     70
 23.500   31.1600  0.5390   0.69 214.12   2.69  -0.95   50.7030  0.9760  0.51     67     67     67
 24.000   28.7860  0.4350  -0.40 215.03   2.42  -0.53   46.6410  0.7860 -0.57     66     66     66
 24.500   26.6340  0.3850  -0.35 216.22   2.36  -0.11   42.9160  0.7040 -0.70     64     64     64
 25.000   24.6360  0.3740  -0.35 217.22   2.56  -0.29   39.5140  0.6740 -0.74     63     63     63
 25.500   22.7890  0.3610  -0.30 217.86   2.66  -0.39   36.4450  0.6330 -1.00     62     62     62
 26.000   21.0700  0.3490  -0.17 218.71   2.78  -0.54   33.5660  0.6160 -0.94     61     61     61
 26.500   19.5290  0.2860  -0.54 219.58   2.78  -0.35   30.9860  0.4750 -0.81     58     58     58
 27.000   18.0850  0.2910  -0.44 220.68   2.74  -0.38   28.5520  0.4820 -0.73     57     57     57
 27.500   16.7320  0.2910  -0.45 221.61   3.19  -0.31   26.3060  0.4870 -0.99     55     55     55
 28.000   15.4960  0.2730  -0.16 222.27   3.51   0.07   24.2900  0.4860 -0.88     52     52     52
 28.500   14.3630  0.2790  -0.19 223.18   3.80   0.27   22.4250  0.5110 -0.59     51     51     51
 29.000   13.3090  0.2780  -0.22 224.21   4.19   0.24   20.6850  0.5360 -0.56     50     50     50
 29.500   12.3310  0.2770  -0.18 225.60   4.58   0.43   19.0470  0.5130 -0.63     50     50     50
 30.000   11.4320  0.2530  -0.70 226.54   4.78   0.57   17.5860  0.4780 -1.08     43     43     43
     T A B L E  II -   3.  T H E R M O D Y N A M I C  S T A T I S T I C A L  P A R A M E T E R S
                                     March
 STATION =   723910     Pt. Mugu Naval Air Station, CA
    Z      MEAN P   SD P   SKEWP  MEAN T  SD T  SKEWT    MEAN D   SD D  SKEWD  NOBSP  NOBST  NOBSD
    KM       MB       MB             K      K             G/M3    G/M3                           
  0.000 1020.0000  5.0000   0.00 290.00   5.00   0.00 1221.0000 25.0000  0.00    100    100    100
  0.004 1015.8890  3.8060  -0.53 286.91   4.03  -0.43 1228.6630 17.7490  0.74   1003   1003   1003
  0.500  957.5030  3.7620  -0.54 285.61   4.35   0.68 1164.5909 16.0560 -0.56   1003   1003   1003
  1.000  901.8320  3.9790  -0.52 283.72   5.16   0.31 1105.0680 17.3990 -0.28   1003   1003   1003
  1.500  849.0580  4.3740  -0.47 281.33   5.27  -0.04 1049.8280 16.0820  0.04   1003   1003   1003
  2.000  798.9800  4.7600  -0.45 278.70   5.10  -0.23  997.5860 14.0740  0.26   1003   1003   1003
  2.500  751.3520  5.1450  -0.45 275.95   4.96  -0.38  947.7080 12.1590  0.42   1003   1003   1003
  3.000  706.1990  5.5150  -0.46 273.13   4.85  -0.51  900.1380 10.5580  0.54   1003   1003   1003
  3.500  663.2110  5.8370  -0.49 270.20   4.78  -0.61  854.6140  9.2670  0.50   1003   1003   1003
  4.000  622.3510  6.0940  -0.51 267.07   4.75  -0.68  811.4530  8.2300  0.50   1003   1003   1003
  4.500  583.6090  6.3180  -0.54 263.80   4.73  -0.75  770.4380  7.4290  0.44   1003   1003   1003
  5.000  546.9210  6.5050  -0.58 260.41   4.74  -0.83  731.4630  6.8090  0.49   1003   1003   1003
  5.500  512.1650  6.6290  -0.62 256.86   4.77  -0.85  694.4800  6.3280  0.34   1003   1003   1003
  6.000  479.0800  6.7950  -0.65 253.22   4.71  -0.82  658.9920  5.6900  0.07   1003   1003   1003
  6.500  447.6490  6.8220  -0.67 249.47   4.70  -0.77  625.0340  5.4150 -0.16   1003   1003   1003
  7.000  417.9550  6.8230  -0.68 245.72   4.64  -0.64  592.5020  5.2790 -0.31   1003   1003   1003
  7.500  389.9120  6.8860  -0.68 241.95   4.54  -0.49  561.3860  5.3810 -0.67   1003   1003   1003
  8.000  363.0920  6.7620  -0.65 238.15   4.38  -0.27  531.1100  5.5670 -1.02   1003   1003   1003
  8.500  337.8770  6.6670  -0.62 234.38   4.20  -0.10  502.1980  6.0240 -1.36   1003   1003   1003
  9.000  314.0860  6.4980  -0.56 230.72   3.99   0.06  474.2560  6.6990 -1.57   1003   1003   1003
  9.500  291.6690  6.3350  -0.48 227.22   3.76   0.24  447.1950  7.7110 -1.60   1002   1002   1002
 10.000  270.3970  5.9950  -0.40 223.90   3.59   0.30  420.7470  8.7820 -1.53   1002   1002   1002
 10.500  250.5740  5.6400  -0.31 221.04   3.66   0.39  394.9900 10.0770 -1.29    998    998    998
 11.000  231.9080  5.2630  -0.21 218.72   4.13   0.51  369.5210 11.3410 -1.00    996    996    996
 11.500  214.4790  4.7900  -0.12 217.19   4.82   0.43  344.2340 12.1630 -0.64    996    996    996
 12.000  198.3610  4.3020  -0.05 216.43   5.45   0.17  319.5580 12.4820 -0.25    995    995    995
 12.500  183.3380  3.8610   0.03 216.21   5.57  -0.20  295.6670 11.6940  0.08    986    986    986
 13.000  169.4550  3.4320   0.07 216.18   5.13  -0.55  273.2830 10.2350  0.31    983    983    983
 13.500  156.6130  3.0570   0.10 215.94   4.44  -0.70  252.8120  8.6700  0.35    971    971    971
 14.000  144.7580  2.7350   0.12 215.35   3.78  -0.37  234.2860  7.3640  0.20    963    963    963
 14.500  133.6990  2.4340   0.12 214.36   3.60  -0.15  217.3820  6.6660  0.17    959    959    959
 15.000  123.4650  2.1460   0.11 213.22   3.67  -0.10  201.8160  6.1820  0.19    957    957    957
 15.500  113.9750  1.8950   0.11 212.15   3.70  -0.05  187.2480  5.7170  0.21    949    949    949
 16.000  105.1800  1.6660   0.10 211.26   3.76  -0.03  173.5210  5.2180  0.22    940    940    940
 16.500   97.6660  1.5450   0.19 208.93   3.58   0.01  162.9220  4.8290  0.15    256    256    256
 17.000   89.8000  1.1540  -0.16 208.55   3.76  -0.21  150.0720  4.1850  0.18    231    231    231
 17.500   82.7610  1.0010  -0.20 208.42   3.74  -0.03  138.3950  3.7280  0.15    226    226    226
 18.000   76.2930  0.8650  -0.30 208.52   3.58   0.15  127.5100  3.1650  0.04    220    220    220
 18.500   70.3330  0.7340  -0.30 208.71   3.22   0.02  117.4340  2.5820  0.11    211    211    211
 19.000   64.8440  0.6400  -0.45 209.00   3.07  -0.38  108.1110  2.1920  0.31    200    200    200
 19.500   59.8010  0.5840  -0.53 209.57   2.85  -0.65   99.4270  1.8340  0.51    180    180    180
 20.000   55.1710  0.5120  -0.50 209.90   2.79  -0.71   91.5830  1.6070  0.54    164    164    164
 20.500   50.8790  0.4750  -0.63 210.42   2.78  -0.19   84.2510  1.3990  0.10    154    154    154
 21.000   46.9630  0.4480  -0.69 211.16   2.87  -0.11   77.4920  1.2050  0.04    142    142    142
 21.500   43.3420  0.4100  -0.80 211.83   2.62  -0.20   71.2870  1.0080  0.02    137    137    137
 22.000   39.9990  0.3950  -0.80 212.57   2.44  -0.28   65.5600  0.8760  0.03    131    131    131
 22.500   36.9230  0.3720  -0.82 213.27   2.38  -0.48   60.3190  0.7770 -0.10    126    126    126
 23.000   34.0890  0.3590  -0.76 213.97   2.20  -0.52   55.5040  0.6600 -0.05    122    122    122
 23.500   31.4810  0.3420  -0.62 214.71   2.08  -0.36   51.0810  0.5650 -0.10    117    117    117
 24.000   29.1420  0.3190  -0.56 215.38   1.98  -0.31   47.1390  0.5080 -0.32    115    115    115
 24.500   26.9390  0.2950  -0.54 215.94   1.99  -0.25   43.4610  0.4490 -0.31    114    114    114
 25.000   24.9000  0.2880  -0.55 216.62   1.79  -0.17   40.0440  0.3930 -0.29    111    111    111
 25.500   23.0260  0.2720  -0.46 217.35   1.66   0.24   36.9060  0.3860 -0.32    109    109    109
 26.000   21.2800  0.2620  -0.42 218.14   1.54  -0.30   33.9840  0.4010 -0.53    108    108    108
 26.500   19.7310  0.2360  -0.58 218.88   1.56  -0.25   31.4040  0.3700 -0.34    102    102    102
 27.000   18.2590  0.2370  -0.58 219.61   1.69  -0.12   28.9650  0.3810 -0.20    101    101    101
 27.500   16.8870  0.2270  -0.49 220.42   1.80   0.13   26.6910  0.3830 -0.27     99     99     99
 28.000   15.6310  0.2220  -0.56 221.33   1.91   0.02   24.6040  0.4000 -0.43     96     96     96
 28.500   14.4940  0.2200  -0.79 222.19   2.08   0.00   22.7260  0.4010 -0.68     95     95     95
 29.000   13.4190  0.2050  -1.04 223.22   2.14   0.08   20.9440  0.3690 -0.94     92     92     92
 29.500   12.4230  0.2010  -1.14 224.27   2.30   0.11   19.2990  0.3650 -0.92     90     90     90
 30.000   11.5150  0.2010  -1.29 225.25   2.34   0.04   17.8120  0.3620 -1.17     86     86     86
     T A B L E  II -   4.  T H E R M O D Y N A M I C  S T A T I S T I C A L  P A R A M E T E R S
                                     April
 STATION =   723910     Pt. Mugu Naval Air Station, CA
    Z      MEAN P   SD P   SKEWP  MEAN T  SD T  SKEWT    MEAN D   SD D  SKEWD  NOBSP  NOBST  NOBSD
    KM       MB       MB             K      K             G/M3    G/M3                           
  0.000 1020.0000  5.0000   0.00 290.00   5.00   0.00 1221.0000 25.0000  0.00    100    100    100
  0.004 1014.8060  2.8840  -0.22 287.70   3.89  -0.06 1223.6360 17.3840  0.27    990    990    990
  0.500  956.6680  2.7930  -0.32 286.80   4.59   0.80 1158.4790 17.4220 -0.66    990    990    990
  1.000  901.3660  2.9700  -0.41 285.84   5.38   0.22 1096.1990 18.7270 -0.17    990    990    990
  1.500  849.0360  3.3580  -0.39 284.05   5.49  -0.16 1039.8400 17.6830  0.14    990    990    990
  2.000  799.4170  3.7080  -0.49 281.49   5.24  -0.37  988.3130 15.3460  0.32    990    990    990
  2.500  752.2190  4.1450  -0.55 278.70   4.97  -0.58  939.5270 13.0360  0.52    990    990    990
  3.000  707.4450  4.5700  -0.62 275.78   4.81  -0.78  893.0920 11.2320  0.71    990    990    990
  3.500  664.7550  4.8700  -0.67 272.79   4.61  -0.88  848.5070  9.6170  0.77    990    990    990
  4.000  624.1700  5.1340  -0.73 269.65   4.51  -0.99  806.0610  8.4890  0.82    990    990    990
  4.500  585.6900  5.3950  -0.75 266.40   4.48  -0.96  765.6540  7.7740  0.50    990    990    990
  5.000  549.1950  5.5710  -0.83 262.98   4.39  -1.18  727.3390  6.9090  0.86    990    990    990
  5.500  514.6420  5.7180  -0.88 259.45   4.33  -1.28  690.8780  6.1880  0.83    990    990    990
  6.000  481.7670  5.8890  -0.91 255.80   4.28  -1.20  655.9960  5.5850  0.56    990    990    990
  6.500  450.4330  5.9150  -0.96 252.07   4.28  -1.20  622.4400  5.1710  0.25    990    990    990
  7.000  420.8410  5.9180  -0.98 248.27   4.22  -1.15  590.4810  4.8800  0.19    990    990    990
  7.500  392.9260  5.9870  -1.00 244.50   4.04  -1.01  559.8200  4.5760 -0.47    990    990    990
  8.000  366.1130  5.8990  -0.98 240.68   3.83  -0.82  529.9010  4.6950 -1.07    990    990    990
  8.500  340.9510  5.8050  -0.97 236.86   3.65  -0.59  501.4450  5.1540 -1.61    990    990    990
  9.000  317.1830  5.6620  -0.92 233.08   3.39  -0.32  474.0680  5.7970 -1.91    990    990    990
  9.500  294.8120  5.5020  -0.83 229.36   3.21  -0.12  447.7920  6.6790 -2.11    989    989    989
 10.000  273.4400  5.2080  -0.74 225.76   3.14   0.26  421.9790  7.5040 -2.19    988    988    988
 10.500  253.5360  4.8970  -0.65 222.29   3.22   0.63  397.3830  8.3130 -2.08    987    987    987
 11.000  234.7390  4.6180  -0.50 219.15   3.49   0.97  373.2360  9.1700 -1.86    985    985    985
 11.500  217.0760  4.2290  -0.38 216.51   4.03   1.12  349.4150  9.9750 -1.58    984    984    984
 12.000  200.6960  3.8180  -0.25 214.57   4.60   1.00  326.0220 10.4950 -1.15    978    978    978
 12.500  185.3860  3.4260  -0.15 213.59   5.08   0.61  302.5850 10.6350 -0.64    972    972    972
 13.000  171.1960  3.0340  -0.06 213.46   5.23   0.13  279.6150 10.0460 -0.17    968    968    968
 13.500  158.0760  2.6810  -0.01 213.72   4.81  -0.21  257.8450  8.6960  0.11    965    965    965
 14.000  146.0060  2.3800   0.03 213.75   4.06  -0.26  238.0790  7.0600  0.10    953    953    953
 14.500  134.7770  2.1170   0.07 213.23   3.57  -0.11  220.2800  5.9770  0.03    943    943    943
 15.000  124.4180  1.8920   0.11 212.59   3.36  -0.03  203.9530  5.3090  0.05    935    935    935
 15.500  114.8380  1.7040   0.19 211.91   3.29   0.03  188.8520  4.7850  0.08    928    928    928
 16.000  105.9690  1.5330   0.31 211.33   3.27  -0.03  174.7410  4.3270  0.18    917    917    917
 16.500   98.1410  1.6710   0.17 209.59   3.27  -0.06  163.1800  4.2940  0.07    259    259    259
 17.000   89.8570  1.0730  -0.02 209.08   3.32  -0.05  149.7740  3.6230  0.26    199    199    199
 17.500   82.8380  0.9370  -0.07 208.90   3.30   0.02  138.1860  3.2080  0.22    197    197    197
 18.000   76.3800  0.8360  -0.11 209.04   3.23   0.22  127.3230  2.8030  0.14    194    194    194
 18.500   70.4220  0.7450  -0.00 209.39   3.07  -0.12  117.1920  2.3630  0.40    187    187    187
 19.000   64.9490  0.6610  -0.23 209.61   2.87  -0.09  107.9650  1.9800  0.46    177    177    177
 19.500   59.8930  0.6170  -0.27 210.03   2.75   0.01   99.3600  1.7450  0.47    169    169    169
 20.000   55.2580  0.5780  -0.35 210.49   2.59   0.06   91.4670  1.5520  0.32    156    156    156
 20.500   51.0010  0.5260  -0.27 210.92   2.35  -0.10   84.2460  1.2630  0.39    145    145    145
 21.000   47.0720  0.4710  -0.49 211.53   2.22  -0.38   77.5300  1.0190  0.61    137    137    137
 21.500   43.4540  0.4490  -0.53 212.32   2.02   0.15   71.3020  0.8930  0.35    134    134    134
 22.000   40.1230  0.4320  -0.50 213.32   1.79  -0.27   65.5250  0.7150  0.38    131    131    131
 22.500   37.0520  0.4120  -0.46 214.30   1.74  -0.57   60.2320  0.6470  0.31    130    130    130
 23.000   34.2140  0.3860  -0.57 215.07   2.05  -0.43   55.4210  0.5880  0.17    125    125    125
 23.500   31.6210  0.3760  -0.56 215.83   2.04  -0.19   51.0400  0.5440  0.00    124    124    124
 24.000   29.2770  0.3450  -0.58 216.65   2.06  -0.19   47.0780  0.4920  0.06    119    119    119
 24.500   27.0670  0.3360  -0.55 217.49   2.20  -0.10   43.3570  0.4800  0.13    118    118    118
 25.000   25.0270  0.3160  -0.52 218.33   2.28  -0.32   39.9360  0.4390  0.15    116    116    116
 25.500   23.1480  0.3120  -0.53 219.04   2.48  -0.28   36.8160  0.4230  0.04    114    114    114
 26.000   21.4210  0.2920  -0.55 219.86   2.51  -0.17   33.9420  0.3890 -0.22    112    112    112
 26.500   19.8640  0.2610  -0.74 220.78   2.64   0.05   31.3440  0.3440 -0.01    111    111    111
 27.000   18.4040  0.2700  -0.62 221.64   2.66   0.04   28.9280  0.3450 -0.11    111    111    111
 27.500   17.0390  0.2650  -0.56 222.65   2.92  -0.10   26.6600  0.3500  0.09    110    110    110
 28.000   15.8000  0.2560  -0.55 223.75   3.04  -0.18   24.6020  0.3390 -0.04    110    110    110
 28.500   14.6420  0.2540  -0.48 224.75   3.04  -0.12   22.6960  0.3140 -0.11    108    108    108
 29.000   13.5710  0.2540  -0.52 225.74   3.05  -0.01   20.9440  0.3000 -0.43    106    106    106
 29.500   12.5780  0.2490  -0.50 226.73   2.91  -0.10   19.3260  0.3040 -0.68    104    104    104
 30.000   11.6610  0.2360  -0.49 227.91   2.81  -0.07   17.8250  0.3040 -0.33     94     94     94
     T A B L E  II -   5.  T H E R M O D Y N A M I C  S T A T I S T I C A L  P A R A M E T E R S
                                       May
 STATION =   723910     Pt. Mugu Naval Air Station, CA
    Z      MEAN P   SD P   SKEWP  MEAN T  SD T  SKEWT    MEAN D   SD D  SKEWD  NOBSP  NOBST  NOBSD
    KM       MB       MB             K      K             G/M3    G/M3                           
  0.000 1020.0000  5.0000   0.00 290.00   5.00   0.00 1221.0000 25.0000  0.00    100    100    100
  0.004 1013.6650  2.4120  -0.19 288.62   3.13  -0.18 1217.5970 14.0810  0.30    917    917    917
  0.500  955.6260  2.2710  -0.26 286.72   3.81   1.17 1156.3979 14.9550 -0.89    917    917    917
  1.000  900.5310  2.3660  -0.35 287.12   5.20   0.41 1089.6610 18.2470 -0.37    917    917    917
  1.500  848.5960  2.6840  -0.29 286.50   5.26  -0.25 1030.0100 17.0580  0.28    917    917    917
  2.000  799.4880  3.0080  -0.40 284.25   4.82  -0.53  978.5790 14.2800  0.52    917    917    917
  2.500  752.7240  3.3890  -0.48 281.37   4.47  -0.73  931.0360 12.0640  0.69    917    917    917
  3.000  708.3360  3.7270  -0.57 278.37   4.17  -0.84  885.7280 10.1600  0.68    917    917    917
  3.500  666.0260  4.0190  -0.67 275.33   4.04  -0.88  842.1550  8.9620  0.61    917    917    917
  4.000  625.7670  4.2520  -0.75 272.15   3.98  -0.92  800.5820  8.0120  0.55    917    917    917
  4.500  587.5280  4.4430  -0.84 268.92   3.93  -0.94  760.7900  7.2830  0.41    917    917    917
  5.000  551.2550  4.5810  -0.92 265.60   3.88  -0.94  722.8090  6.5370  0.29    917    917    917
  5.500  516.8740  4.6940  -0.96 262.17   3.89  -0.97  686.6480  5.9900  0.26    917    917    917
  6.000  484.2290  4.8470  -0.97 258.64   3.92  -1.02  652.0950  5.5870  0.16    917    917    917
  6.500  453.0850  4.9060  -0.99 255.04   3.93  -1.02  618.8080  5.2220 -0.05    917    917    917
  7.000  423.6510  4.9480  -1.00 251.32   3.88  -0.99  587.1890  4.7680 -0.21    917    917    917
  7.500  395.8930  5.0120  -1.04 247.56   3.80  -0.93  557.0760  4.4160 -0.51    917    917    917
  8.000  369.1680  4.9780  -0.99 243.71   3.74  -0.77  527.6890  4.1990 -0.77    917    917    917
  8.500  344.0540  4.9170  -0.99 239.84   3.58  -0.59  499.7360  4.1500 -0.94    917    917    917
  9.000  320.3500  4.8420  -0.96 235.98   3.36  -0.40  472.9180  4.2320 -1.40    917    917    917
  9.500  298.0600  4.8050  -0.91 232.21   3.11  -0.20  447.1480  4.7370 -1.85    917    917    917
 10.000  276.7200  4.6520  -0.80 228.44   2.92  -0.11  421.9950  5.4380 -2.09    917    917    917
 10.500  256.7670  4.4120  -0.73 224.84   2.83   0.03  397.8560  6.2030 -2.12    914    914    914
 11.000  237.9770  4.2280  -0.64 221.57   2.83   0.41  374.2020  7.0330 -1.87    912    912    912
 11.500  220.2270  3.9070  -0.56 218.70   3.11   0.77  350.8650  7.7980 -1.58    912    912    912
 12.000  203.7310  3.6030  -0.45 216.38   3.68   0.79  328.1210  8.5960 -1.18    906    906    906
 12.500  188.3150  3.2910  -0.38 214.74   4.36   0.60  305.6590  9.1940 -0.80    902    902    902
 13.000  173.9290  2.9380  -0.32 213.80   4.77   0.25  283.5740  9.0970 -0.45    900    900    900
 13.500  160.6150  2.6200  -0.26 213.57   4.70  -0.10  262.1490  8.3820 -0.15    898    898    898
 14.000  148.3620  2.3270  -0.21 213.54   4.24  -0.25  242.1570  7.2100  0.06    893    893    893
 14.500  136.9630  2.0830  -0.19 213.08   3.83  -0.25  224.0230  6.2240  0.08    888    888    888
 15.000  126.4140  1.8400  -0.19 212.48   3.54  -0.17  207.3380  5.4110  0.07    873    873    873
 15.500  116.6800  1.6450  -0.19 211.87   3.49  -0.11  191.9210  4.8840  0.04    868    868    868
 16.000  107.6780  1.4700  -0.18 211.27   3.55  -0.11  177.6180  4.4560  0.03    862    862    862
 16.500  100.0460  1.1720  -0.52 209.97   3.46   0.02  166.0410  3.5160 -0.00    463    463    463
 17.000   91.4930  0.9760   0.02 209.29   3.55  -0.23  152.3480  3.5570  0.43    214    214    214
 17.500   84.3690  0.8730   0.08 209.25   3.39  -0.38  140.5030  3.0810  0.51    213    213    213
 18.000   77.7990  0.8000   0.32 209.62   3.10  -0.46  129.3290  2.6130  0.45    211    211    211
 18.500   71.7710  0.7710   0.73 209.91   2.76   0.18  119.1380  2.2100  0.31    209    209    209
 19.000   66.1910  0.6090  -0.29 210.43   2.69   0.37  109.5960  1.7910  0.06    201    201    201
 19.500   61.0900  0.5910  -0.20 211.09   2.59   0.55  100.8330  1.5750  0.11    193    193    193
 20.000   56.4000  0.5670  -0.03 211.54   2.50   0.17   92.8920  1.4030  0.08    185    185    185
 20.500   52.0710  0.5640   0.31 212.29   2.28   0.41   85.4550  1.1940  0.10    179    179    179
 21.000   48.0510  0.4730  -0.24 213.14   2.28   0.24   78.5440  0.9600 -0.07    165    165    165
 21.500   44.3770  0.4610  -0.14 213.98   2.18   0.12   72.2530  0.8300 -0.17    153    153    153
 22.000   40.9930  0.4670   0.11 214.94   2.12   0.20   66.4440  0.7610 -0.05    146    146    146
 22.500   37.8900  0.4390   0.01 215.72   2.16   0.26   61.1920  0.6960 -0.19    135    135    135
 23.000   35.0280  0.4380   0.04 216.75   2.15  -0.01   56.3010  0.6990 -0.29    131    131    131
 23.500   32.3850  0.4330   0.18 217.83   2.11  -0.09   51.7940  0.6940 -0.23    129    129    129
 24.000   29.9750  0.3800   0.31 218.97   2.08  -0.23   47.6900  0.6180 -0.04    125    125    125
 24.500   27.7360  0.3610   0.19 219.82   2.14  -0.34   43.9570  0.5760 -0.29    121    121    121
 25.000   25.6600  0.3570   0.19 220.69   2.06  -0.14   40.5070  0.5500 -0.31    119    119    119
 25.500   23.7480  0.3550   0.18 221.67   2.09   0.12   37.3220  0.5760 -0.44    115    115    115
 26.000   22.0000  0.3510   0.01 222.70   2.33   0.15   34.4170  0.5930 -0.60    110    110    110
 26.500   20.3870  0.3320   0.02 223.73   2.42   0.19   31.7460  0.5560 -0.41    109    109    109
 27.000   18.9360  0.2750   0.35 224.85   2.49  -0.06   29.3390  0.4590  0.00    106    106    106
 27.500   17.5360  0.2770   0.29 225.94   2.58  -0.20   27.0400  0.4780  0.23    102    102    102
 28.000   16.2470  0.2710   0.29 226.90   2.78  -0.29   24.9470  0.4880  0.20    101    101    101
 28.500   15.0790  0.2650   0.12 227.88   2.93  -0.32   23.0540  0.4620 -0.03     99     99     99
 29.000   13.9910  0.2540   0.03 228.83   3.09  -0.07   21.3020  0.4500 -0.08     97     97     97
 29.500   12.9880  0.2430  -0.12 229.98   3.00   0.15   19.6760  0.4170 -0.01     90     90     90
 30.000   12.0500  0.2400  -0.24 231.22   3.15   0.08   18.1580  0.4150 -0.29     85     85     85
     T A B L E  II -   6.  T H E R M O D Y N A M I C  S T A T I S T I C A L  P A R A M E T E R S
                                      June
 STATION =   723910     Pt. Mugu Naval Air Station, CA
    Z      MEAN P   SD P   SKEWP  MEAN T  SD T  SKEWT    MEAN D   SD D  SKEWD  NOBSP  NOBST  NOBSD
    KM       MB       MB             K      K             G/M3    G/M3                           
  0.000 1020.0000  5.0000   0.00 290.00   5.00   0.00 1221.0000 25.0000  0.00    100    100    100
  0.004 1012.5840  2.3990  -0.18 290.24   3.06   0.34 1208.7330 13.9220 -0.29    988    988    988
  0.500  955.0210  2.1150  -0.16 289.92   5.05   0.86 1142.4800 19.4950 -0.75    988    988    988
  1.000  900.7810  2.1200  -0.23 292.39   5.89  -0.10 1070.4460 20.4000  0.14    988    988    988
  1.500  849.7590  2.4410  -0.22 292.06   5.04  -0.47 1011.7710 16.0760  0.50    988    988    988
  2.000  801.4940  2.7020  -0.29 289.68   4.46  -0.55  962.5190 13.0400  0.57    988    988    988
  2.500  755.4750  3.0460  -0.30 286.71   4.05  -0.61  916.8520 10.6500  0.58    988    988    988
  3.000  711.7510  3.3340  -0.38 283.62   3.68  -0.61  873.3320  8.7070  0.47    988    988    988
  3.500  669.9830  3.5660  -0.41 280.53   3.42  -0.49  831.2890  7.3250  0.22    988    988    988
  4.000  630.1690  3.7370  -0.45 277.35   3.32  -0.42  790.9610  6.5590  0.14    988    988    988
  4.500  592.3670  3.8630  -0.47 274.09   3.20  -0.40  752.4600  5.8760  0.12    988    988    988
  5.000  556.4740  3.9320  -0.50 270.72   3.14  -0.33  715.7610  5.4730  0.02    988    988    988
  5.500  522.4430  3.9620  -0.53 267.30   3.05  -0.44  680.6420  4.9760  0.10    988    988    988
  6.000  490.1350  4.0280  -0.52 263.78   2.98  -0.55  647.1250  4.5610  0.09    988    988    988
  6.500  459.1720  4.0290  -0.52 260.16   2.97  -0.62  614.7320  4.2990  0.02    988    988    988
  7.000  429.8860  4.0160  -0.54 256.45   2.96  -0.61  583.8770  3.9530 -0.16    988    988    988
  7.500  402.2660  3.9850  -0.58 252.69   2.96  -0.54  554.5120  3.7880 -0.40    988    988    988
  8.000  375.6960  4.0270  -0.53 248.85   2.99  -0.44  525.8960  3.6690 -0.54    988    988    988
  8.500  350.5700  3.9660  -0.51 244.95   2.99  -0.37  498.5560  3.5580 -0.71    988    988    988
  9.000  326.8790  3.9110  -0.50 241.03   3.00  -0.35  472.4290  3.4960 -0.98    988    988    988
  9.500  304.6090  3.8290  -0.51 237.17   2.98  -0.33  447.4190  3.4900 -1.37    988    988    988
 10.000  283.3830  3.8470  -0.49 233.30   2.94  -0.29  423.1470  3.6070 -1.56    988    988    988
 10.500  263.2810  3.7300  -0.44 229.54   2.94  -0.22  399.5890  3.8350 -1.59    988    988    988
 11.000  244.4500  3.6510  -0.43 225.97   3.00  -0.06  376.8660  4.3570 -1.54    988    988    988
 11.500  226.4910  3.4920  -0.38 222.65   3.07   0.14  354.4080  4.8460 -1.41    986    986    986
 12.000  209.7580  3.3270  -0.34 219.68   3.15   0.29  332.6620  5.3900 -1.25    985    985    985
 12.500  194.1560  3.1960  -0.29 217.20   3.27   0.31  311.4510  6.0130 -0.97    982    982    982
 13.000  179.4320  2.9480  -0.25 215.17   3.40   0.26  290.5710  6.4450 -0.68    976    976    976
 13.500  165.7590  2.7080  -0.20 213.65   3.47   0.03  270.3600  6.6310 -0.39    968    968    968
 14.000  153.0660  2.4690  -0.16 212.39   3.57  -0.09  251.1530  6.6250 -0.20    963    963    963
 14.500  141.2930  2.2340  -0.13 211.20   3.70  -0.14  233.1550  6.4560 -0.08    956    956    956
 15.000  130.2990  1.9960  -0.09 210.13   3.78  -0.09  216.1200  6.1500  0.01    944    944    944
 15.500  120.1430  1.7660  -0.04 209.12   3.92  -0.06  200.2440  5.7580  0.04    940    940    940
 16.000  110.7480  1.5560  -0.00 208.28   3.94   0.04  185.3240  5.2430  0.02    933    933    933
 16.500  102.2120  1.2590   0.35 207.59   3.82   0.12  171.5980  4.3550  0.09    881    881    881
 17.000   93.8920  1.0360  -0.09 205.96   3.35   0.43  158.8680  3.8510 -0.25    238    238    238
 17.500   86.4760  0.9180   0.09 206.32   2.94   0.40  146.0540  3.2040 -0.26    232    232    232
 18.000   79.6510  0.8370   0.44 207.05   2.70   0.44  134.0470  2.6330 -0.18    228    228    228
 18.500   73.3810  0.7290   0.27 207.98   2.47   0.36  122.9330  2.1160 -0.14    226    226    226
 19.000   67.6530  0.6280   0.10 209.05   2.10   0.29  112.7510  1.6380 -0.12    221    221    221
 19.500   62.3980  0.5840   0.17 210.40   1.93   0.03  103.3250  1.3840 -0.05    218    218    218
 20.000   57.5590  0.5440   0.16 211.56   1.83   0.23   94.7870  1.1700 -0.22    206    206    206
 20.500   53.1280  0.5200   0.20 212.71   1.63   0.07   87.0160  1.0170 -0.09    201    201    201
 21.000   49.1020  0.4690   0.07 213.70   1.49  -0.06   80.0470  0.8840  0.09    191    191    191
 21.500   45.3700  0.4430   0.06 214.73   1.52  -0.29   73.6090  0.8030  0.40    177    177    177
 22.000   41.9320  0.4310  -0.00 215.70   1.55  -0.20   67.7240  0.7390  0.24    172    172    172
 22.500   38.7690  0.4050  -0.12 216.85   1.47  -0.13   62.2830  0.6610  0.18    161    161    161
 23.000   35.8630  0.3840  -0.11 217.96   1.47  -0.10   57.3200  0.6170 -0.07    158    158    158
 23.500   33.1770  0.3680  -0.22 219.00   1.52   0.02   52.7760  0.5850 -0.03    155    155    155
 24.000   30.6990  0.3560  -0.16 219.93   1.54   0.24   48.6290  0.5590  0.11    154    154    154
 24.500   28.4690  0.3120  -0.20 220.87   1.50   0.39   44.9030  0.4520 -0.00    151    151    151
 25.000   26.3470  0.2940  -0.67 221.92   1.60   0.12   41.3610  0.4170 -0.27    148    148    148
 25.500   24.4020  0.2800  -0.68 222.96   1.52   0.07   38.1280  0.3880 -0.47    147    147    147
 26.000   22.6120  0.2800  -0.76 223.97   1.62   0.35   35.1700  0.3870 -0.40    146    146    146
 26.500   20.9660  0.2760  -0.62 225.02   1.64   0.15   32.4580  0.3690 -0.35    144    144    144
 27.000   19.4790  0.2310  -0.72 225.98   1.81  -0.02   30.0290  0.3120 -0.30    139    139    139
 27.500   18.0490  0.2380  -0.60 226.98   2.03   0.01   27.7020  0.3460 -0.29    137    137    137
 28.000   16.7400  0.2390  -0.58 227.79   1.95   0.17   25.6010  0.3520 -0.40    136    136    136
 28.500   15.5320  0.2270  -0.61 228.58   1.98  -0.08   23.6720  0.3440 -0.54    129    129    129
 29.000   14.4300  0.2080  -0.68 229.52   1.90  -0.16   21.9020  0.3150 -0.93    128    128    128
 29.500   13.3980  0.2000  -0.66 230.35   1.78  -0.34   20.2630  0.3100 -0.71    119    119    119
 30.000   12.4440  0.2080  -0.80 231.31   1.75  -0.20   18.7420  0.3340 -0.75    113    113    113
     T A B L E  II -   7.  T H E R M O D Y N A M I C  S T A T I S T I C A L  P A R A M E T E R S
                                      July
 STATION =   723910     Pt. Mugu Naval Air Station, CA
    Z      MEAN P   SD P   SKEWP  MEAN T  SD T  SKEWT    MEAN D   SD D  SKEWD  NOBSP  NOBST  NOBSD
    KM       MB       MB             K      K             G/M3    G/M3                           
  0.000 1020.0000  5.0000   0.00 290.00   5.00   0.00 1221.0000 25.0000  0.00    100    100    100
  0.004 1013.2120  2.3170  -0.14 291.74   2.85   0.01 1202.4890 12.2930 -0.04    921    921    921
  0.500  955.9390  2.1480   0.04 292.10   4.63   0.32 1134.5950 17.5630 -0.27    921    921    921
  1.000  902.1420  2.0770   0.05 295.39   4.52  -0.48 1060.7980 15.7660  0.44    921    921    921
  1.500  851.5630  2.1780  -0.07 295.14   3.66  -0.50 1002.7840 11.8760  0.43    921    921    921
  2.000  803.6950  2.2710  -0.09 292.74   3.14  -0.45  954.4860  9.4120  0.40    921    921    921
  2.500  758.0530  2.3750  -0.15 289.74   2.72  -0.42  909.7940  7.4800  0.34    921    921    921
  3.000  714.6170  2.4530  -0.22 286.44   2.43  -0.55  867.6960  6.2290  0.45    921    921    921
  3.500  673.0810  2.5240  -0.28 283.06   2.23  -0.46  827.1630  5.4370  0.22    921    921    921
  4.000  633.4560  2.6180  -0.37 279.63   2.12  -0.44  788.1640  4.9620  0.10    921    921    921
  4.500  595.7800  2.6330  -0.39 276.18   2.06  -0.47  750.7000  4.7520  0.13    921    921    921
  5.000  559.9450  2.5850  -0.40 272.76   2.05  -0.43  714.5450  4.6720  0.14    921    921    921
  5.500  525.9340  2.5150  -0.46 269.37   2.05  -0.37  679.7000  4.4720  0.24    921    921    921
  6.000  493.7000  2.4610  -0.49 265.99   2.03  -0.47  646.2520  4.1250  0.31    921    921    921
  6.500  462.8370  2.4490  -0.48 262.56   2.00  -0.60  613.8510  3.7590  0.44    921    921    921
  7.000  433.5960  2.4370  -0.50 259.08   2.04  -0.61  582.8660  3.4130  0.42    921    921    921
  7.500  405.9520  2.3860  -0.55 255.49   2.07  -0.59  553.4080  3.1640  0.31    921    921    921
  8.000  379.5230  2.4320  -0.56 251.82   2.10  -0.58  524.9640  2.9630  0.16    921    921    921
  8.500  354.4240  2.4380  -0.53 248.11   2.17  -0.51  497.6030  2.8130  0.06    921    921    921
  9.000  330.7690  2.4320  -0.54 244.35   2.23  -0.46  471.5490  2.7300 -0.01    921    921    921
  9.500  308.4800  2.3730  -0.58 240.59   2.25  -0.41  446.6560  2.6640 -0.05    921    921    921
 10.000  287.3610  2.3800  -0.61 236.87   2.28  -0.36  422.6270  2.6410 -0.13    916    916    916
 10.500  267.2690  2.3470  -0.62 233.18   2.30  -0.26  399.3050  2.6460 -0.29    915    915    915
 11.000  248.4440  2.3240  -0.64 229.68   2.30  -0.21  376.8460  2.7410 -0.50    914    914    914
 11.500  230.4290  2.2610  -0.57 226.25   2.23  -0.28  354.8160  3.0050 -0.56    913    913    913
 12.000  213.6190  2.1710  -0.55 222.95   2.19  -0.33  333.7960  3.3230 -0.78    912    912    912
 12.500  197.9780  2.0940  -0.58 219.84   2.16  -0.18  313.7440  3.6740 -0.98    909    909    909
 13.000  183.0420  1.9750  -0.46 216.83   2.21   0.10  294.1050  3.9640 -1.06    909    909    909
 13.500  169.1490  1.8460  -0.37 213.97   2.29   0.43  275.4300  4.1830 -1.09    902    902    902
 14.000  156.1890  1.6910  -0.34 211.25   2.46   0.60  257.6090  4.3070 -1.02    898    898    898
 14.500  144.1210  1.5520  -0.30 208.85   2.64   0.64  240.4370  4.3020 -0.93    888    888    888
 15.000  132.7760  1.3880  -0.19 206.92   2.83   0.75  223.5820  4.1630 -0.90    872    872    872
 15.500  122.2980  1.2720  -0.03 205.67   3.01   0.76  207.2020  3.9930 -0.77    857    857    857
 16.000  112.6010  1.1460   0.02 205.26   3.02   0.77  191.1530  3.6060 -0.73    842    842    842
 16.500  103.6790  1.0460   0.24 205.46   2.98   0.63  175.8300  3.2040 -0.58    830    830    830
 17.000   95.1810  0.7370  -0.45 204.70   2.26   0.21  162.0050  2.3610 -0.32    194    194    194
 17.500   87.6120  0.6630  -0.42 205.48   2.08  -0.24  148.5510  2.0050 -0.15    188    188    188
 18.000   80.6960  0.6140  -0.23 206.66   2.02  -0.47  136.0450  1.7370  0.15    188    188    188
 18.500   74.3430  0.5760   0.03 207.88   1.98  -0.43  124.5960  1.5630  0.06    187    187    187
 19.000   68.5440  0.4990  -0.28 209.32   1.82  -0.64  114.0870  1.3180  0.19    186    186    186
 19.500   63.2240  0.4710  -0.15 210.58   1.63  -0.22  104.5970  1.0920 -0.24    182    182    182
 20.000   58.3370  0.4570   0.08 211.94   1.48  -0.01   95.8920  0.9580 -0.42    180    180    180
 20.500   53.8430  0.4430   0.43 213.15   1.51   0.29   88.0030  0.8970  0.12    173    173    173
 21.000   49.7510  0.3900   0.52 214.24   1.47   0.20   80.9020  0.7830  0.09    164    164    164
 21.500   45.9680  0.3620   0.04 215.45   1.51   0.40   74.3300  0.7240 -0.17    153    153    153
 22.000   42.4700  0.3510   0.11 216.48   1.61   0.41   68.3490  0.7130 -0.27    144    144    144
 22.500   39.2700  0.3500   0.16 217.40   1.65   0.52   62.9310  0.6790 -0.34    139    139    139
 23.000   36.3130  0.3510   0.29 218.38   1.63   0.12   57.9320  0.6430  0.11    130    130    130
 23.500   33.5920  0.3610   0.31 219.40   1.63  -0.04   53.3390  0.6350  0.48    124    124    124
 24.000   31.1040  0.3590   0.34 220.44   1.70  -0.01   49.1560  0.6550  0.52    118    118    118
 24.500   28.8550  0.2320   0.06 221.46   1.59   0.24   45.3910  0.4470  0.09    113    113    113
 25.000   26.7040  0.2350  -0.06 222.32   1.64   0.60   41.8450  0.4640 -0.10    108    108    108
 25.500   24.7450  0.2330  -0.12 223.23   1.76   0.56   38.6190  0.4560 -0.25    105    105    105
 26.000   22.9240  0.2400  -0.32 224.10   1.81   0.11   35.6370  0.4320 -0.41    104    104    104
 26.500   21.2300  0.2590  -0.39 224.96   1.84  -0.10   32.8770  0.4350 -0.60    101    101    101
 27.000   19.7570  0.1820  -0.39 225.68   1.85   0.05   30.4990  0.3160 -1.00     91     91     91
 27.500   18.3260  0.1730  -0.00 226.79   1.86   0.23   28.1510  0.2680 -0.23     86     86     86
 28.000   16.9820  0.1760  -0.14 227.61   1.83   0.29   25.9940  0.2680  0.19     81     81     81
 28.500   15.7450  0.1890  -0.31 228.40   1.78   0.49   24.0150  0.2850 -0.25     80     80     80
 29.000   14.6170  0.2010  -0.46 229.28   1.93   0.26   22.2090  0.2870 -0.66     78     78     78
 29.500   13.5710  0.2070  -0.79 230.06   2.09  -0.06   20.5500  0.3120 -0.84     76     76     76
 30.000   12.6020  0.1980  -0.54 230.92   2.30  -0.03   19.0130  0.3100 -0.44     74     74     74
     T A B L E  II -   8.  T H E R M O D Y N A M I C  S T A T I S T I C A L  P A R A M E T E R S
                                    August
 STATION =   723910     Pt. Mugu Naval Air Station, CA
    Z      MEAN P   SD P   SKEWP  MEAN T  SD T  SKEWT    MEAN D   SD D  SKEWD  NOBSP  NOBST  NOBSD
    KM       MB       MB             K      K             G/M3    G/M3                           
  0.000 1020.0000  5.0000   0.00 290.00   5.00   0.00 1221.0000 25.0000  0.00    100    100    100
  0.004 1012.7990  2.4400  -0.30 292.38   2.78  -0.07 1199.0920 12.3670  0.12    952    952    952
  0.500  955.7260  2.1790  -0.15 293.19   4.81   0.35 1130.1000 18.2410 -0.31    952    952    952
  1.000  902.1350  2.0810  -0.00 296.02   4.36  -0.41 1058.4760 15.1850  0.31    952    952    952
  1.500  851.5960  2.1830  -0.02 295.02   3.63  -0.47 1003.0460 11.7350  0.35    952    952    952
  2.000  803.7240  2.2390  -0.10 292.47   3.00  -0.43  955.2390  9.0490  0.28    952    952    952
  2.500  757.9890  2.3390  -0.20 289.29   2.59  -0.48  910.9510  7.0970  0.30    952    952    952
  3.000  714.4840  2.4290  -0.29 285.91   2.26  -0.45  868.9510  5.6770  0.29    952    952    952
  3.500  672.9250  2.4800  -0.34 282.46   2.02  -0.46  828.5960  4.9260  0.25    952    952    952
  4.000  633.2670  2.5380  -0.35 279.04   1.89  -0.31  789.5250  4.5740  0.15    952    952    952
  4.500  595.5340  2.5430  -0.40 275.60   1.84  -0.12  751.9490  4.4450  0.02    952    952    952
  5.000  559.6200  2.4810  -0.46 272.17   1.83  -0.08  715.6650  4.2770  0.03    952    952    952
  5.500  525.5460  2.3930  -0.50 268.82   1.84  -0.10  680.6050  3.9990  0.06    952    952    952
  6.000  493.2580  2.3570  -0.53 265.57   1.87  -0.16  646.7190  3.7720  0.07    952    952    952
  6.500  462.3800  2.3910  -0.51 262.24   1.92  -0.28  614.0220  3.4470  0.12    952    952    952
  7.000  433.1420  2.3830  -0.50 258.78   2.00  -0.27  582.9530  3.2070  0.05    952    952    952
  7.500  405.4970  2.3370  -0.53 255.18   2.10  -0.28  553.4770  3.0860 -0.00    952    952    952
  8.000  379.0530  2.4130  -0.56 251.49   2.21  -0.23  525.0060  2.9800 -0.14    952    952    952
  8.500  353.9440  2.4440  -0.57 247.73   2.32  -0.16  497.6790  2.9090 -0.17    952    952    952
  9.000  330.2790  2.4420  -0.55 243.95   2.43  -0.14  471.6200  2.8290 -0.17    952    952    952
  9.500  307.9980  2.3830  -0.53 240.23   2.53  -0.13  446.6330  2.8020 -0.06    952    952    952
 10.000  286.8760  2.3930  -0.52 236.55   2.57  -0.14  422.4950  2.8360 -0.05    946    946    946
 10.500  266.7810  2.3830  -0.48 232.92   2.57  -0.23  399.0240  2.8640 -0.37    942    942    942
 11.000  247.9760  2.3820  -0.47 229.45   2.56  -0.27  376.5040  2.9650 -0.47    941    941    941
 11.500  229.9810  2.3310  -0.41 226.05   2.44  -0.26  354.4400  3.0550 -0.75    938    938    938
 12.000  213.1970  2.2490  -0.39 222.76   2.31  -0.24  333.4210  3.2110 -0.99    936    936    936
 12.500  197.5970  2.1830  -0.38 219.72   2.04   0.02  313.3080  3.3910 -1.03    931    931    931
 13.000  182.6820  2.0480  -0.31 216.80   1.84   0.33  293.5570  3.6800 -0.90    928    928    928
 13.500  168.8260  1.9100  -0.26 214.04   1.90   0.51  274.8010  4.0250 -0.80    925    925    925
 14.000  155.9050  1.7470  -0.19 211.48   2.24   0.60  256.8590  4.3970 -0.74    920    920    920
 14.500  143.8540  1.5750  -0.16 209.23   2.68   0.56  239.5620  4.5850 -0.63    901    901    901
 15.000  132.5650  1.4060  -0.08 207.32   3.08   0.51  222.8140  4.5720 -0.53    888    888    888
 15.500  122.1210  1.2740   0.01 206.05   3.38   0.38  206.5320  4.4150 -0.36    870    870    870
 16.000  112.4510  1.1330   0.10 205.58   3.37   0.27  190.6120  3.9440 -0.23    856    856    856
 16.500  103.5280  1.0240   0.21 205.74   3.20   0.20  175.3430  3.3660 -0.16    843    843    843
 17.000   95.1290  0.7830  -0.49 204.60   2.60  -0.07  162.0110  2.8380  0.20    222    222    222
 17.500   87.6120  0.7310  -0.29 205.55   2.53  -0.05  148.5090  2.5220  0.14    212    212    212
 18.000   80.7090  0.6590  -0.15 206.95   2.45  -0.12  135.8810  2.1230  0.26    210    210    210
 18.500   74.3450  0.6040  -0.18 208.41   2.23  -0.11  124.2860  1.7900  0.20    209    209    209
 19.000   68.5410  0.5220  -0.57 209.88   2.13  -0.26  113.7790  1.4990  0.14    204    204    204
 19.500   63.2440  0.4920  -0.52 211.08   1.78  -0.16  104.3860  1.1800  0.08    201    201    201
 20.000   58.3640  0.4620  -0.40 212.08   1.70  -0.10   95.8750  1.0500 -0.31    193    193    193
 20.500   53.8950  0.4530  -0.13 213.22   1.47  -0.16   88.0610  0.9000 -0.10    185    185    185
 21.000   49.7690  0.3830  -0.65 214.27   1.40  -0.26   80.9180  0.7490 -0.30    178    178    178
 21.500   45.9960  0.3790  -0.55 215.12   1.51  -0.00   74.4880  0.7100 -0.28    167    167    167
 22.000   42.5080  0.3700  -0.56 215.95   1.54  -0.06   68.5770  0.6700 -0.28    159    159    159
 22.500   39.3010  0.3520  -0.38 216.84   1.61   0.07   63.1420  0.6610 -0.47    150    150    150
 23.000   36.3440  0.3460  -0.01 217.80   1.57  -0.26   58.1350  0.6280  0.03    139    139    139
 23.500   33.6260  0.3470   0.06 218.83   1.48   0.08   53.5320  0.6240 -0.10    132    132    132
 24.000   31.0950  0.3270  -0.58 219.82   1.48   0.46   49.2810  0.5860 -0.93    125    125    125
 24.500   28.8340  0.2690  -0.57 220.73   1.46   0.07   45.5080  0.4610 -0.35    123    123    123
 25.000   26.6990  0.2650  -0.66 221.57   1.52  -0.24   41.9810  0.4520 -0.89    119    119    119
 25.500   24.7320  0.2500  -0.66 222.43   1.59  -0.36   38.7370  0.4240 -0.82    116    116    116
 26.000   22.9150  0.2360  -0.65 223.27   1.70  -0.22   35.7550  0.3750 -0.43    113    113    113
 26.500   21.2300  0.2290  -0.59 224.19   1.86  -0.35   32.9900  0.3710 -0.52    113    113    113
 27.000   19.7260  0.1930  -0.79 225.05   1.79  -0.40   30.5360  0.2810 -0.32    111    111    111
 27.500   18.2830  0.1920  -0.61 225.93   1.80  -0.52   28.1920  0.2800 -0.04    108    108    108
 28.000   16.9560  0.1910  -0.75 226.64   1.85  -0.28   26.0630  0.2760 -0.17    104    104    104
 28.500   15.7240  0.1970  -0.95 227.38   1.78  -0.28   24.0910  0.2930 -0.46    100    100    100
 29.000   14.5990  0.1880  -1.20 228.23   1.78  -0.28   22.2840  0.2750 -0.56     98     98     98
 29.500   13.5330  0.1740  -0.67 228.98   1.97   0.13   20.5900  0.2770 -0.46     93     93     93
 30.000   12.5540  0.1860  -0.71 229.63   2.06   0.30   19.0460  0.2840 -0.56     88     88     88
     T A B L E  II -   9.  T H E R M O D Y N A M I C  S T A T I S T I C A L  P A R A M E T E R S
                                 September
 STATION =   723910     Pt. Mugu Naval Air Station, CA
    Z      MEAN P   SD P   SKEWP  MEAN T  SD T  SKEWT    MEAN D   SD D  SKEWD  NOBSP  NOBST  NOBSD
    KM       MB       MB             K      K             G/M3    G/M3                           
  0.000 1020.0000  5.0000   0.00 290.00   5.00   0.00 1221.0000 25.0000  0.00    100    100    100
  0.004 1011.9300  2.3370  -0.33 291.75   3.07   0.14 1200.6600 13.6360 -0.01    229    229    229
  0.500  954.8610  2.1530  -0.40 293.04   5.34   0.55 1130.3960 19.7240 -0.46    229    229    229
  1.000  901.0060  2.1350  -0.29 294.25   5.65  -0.08 1063.6570 19.2180  0.02    229    229    229
  1.500  850.1680  2.4440  -0.31 293.00   4.66  -0.36 1008.6520 14.6690  0.17    229    229    229
  2.000  801.9590  2.5890  -0.46 290.06   4.11  -0.47  961.4030 11.9120  0.22    229    229    229
  2.500  756.0250  2.8390  -0.55 286.79   3.63  -0.52  916.8550  9.5700  0.31    229    229    229
  3.000  712.3120  3.0720  -0.63 283.44   3.16  -0.53  874.2640  7.5790  0.22    229    229    229
  3.500  670.5340  3.2320  -0.58 280.17   2.84  -0.47  832.8390  6.5570  0.24    229    229    229
  4.000  630.7040  3.3600  -0.58 276.91   2.75  -0.47  792.7890  6.1700  0.19    229    229    229
  4.500  592.8510  3.4320  -0.59 273.73   2.67  -0.38  753.9880  5.6680  0.04    229    229    229
  5.000  556.9030  3.4430  -0.59 270.65   2.73  -0.33  716.4480  5.5270  0.09    229    229    229
  5.500  522.8190  3.4200  -0.61 267.48   2.79  -0.29  680.6600  5.0650  0.15    229    229    229
  6.000  490.4930  3.4390  -0.64 264.19   2.93  -0.46  646.6110  4.6220  0.05    229    229    229
  6.500  459.5310  3.4900  -0.62 260.63   3.02  -0.54  614.1170  4.2790  0.20    229    229    229
  7.000  430.3040  3.5260  -0.61 256.94   3.12  -0.55  583.3590  4.0780  0.29    229    229    229
  7.500  402.7060  3.5640  -0.64 253.14   3.20  -0.62  554.1550  4.0400  0.09    229    229    229
  8.000  376.1580  3.6920  -0.62 249.38   3.25  -0.53  525.4620  3.8100 -0.23    229    229    229
  8.500  351.0450  3.6790  -0.62 245.57   3.18  -0.37  497.9770  3.4390 -0.34    229    229    229
  9.000  327.4130  3.6540  -0.60 241.88   3.15  -0.24  471.5580  3.5350 -0.51    229    229    229
  9.500  305.1860  3.5830  -0.60 238.24   3.15  -0.14  446.2740  4.0000 -1.11    229    229    229
 10.000  284.0910  3.5850  -0.58 234.66   3.22  -0.02  421.7790  4.5130 -1.62    229    229    229
 10.500  264.0690  3.4960  -0.50 231.16   3.25   0.05  398.0030  4.7840 -1.74    229    229    229
 11.000  245.3110  3.4090  -0.44 227.94   3.23   0.06  374.9590  5.1850 -1.69    227    227    227
 11.500  227.4200  3.2360  -0.36 224.85   3.13   0.04  352.3860  5.3950 -1.56    227    227    227
 12.000  210.7600  3.0620  -0.29 221.94   3.13  -0.08  330.8580  5.5100 -1.30    227    227    227
 12.500  195.2460  2.9640  -0.23 219.27   2.98  -0.12  310.2330  5.4620 -1.03    226    226    226
 13.000  180.4810  2.7420  -0.18 216.89   2.76   0.16  289.9240  5.3130 -0.75    226    226    226
 13.500  166.7990  2.5530  -0.18 214.61   2.70   0.62  270.7970  5.2960 -0.50    225    225    225
 14.000  154.0810  2.3330  -0.19 212.38   2.83   0.75  252.7890  5.3870 -0.37    225    225    225
 14.500  142.2260  2.1470  -0.19 210.46   3.09   0.69  235.4820  5.5030 -0.20    224    224    224
 15.000  131.0900  1.9310  -0.21 208.79   3.26   0.40  218.7860  5.2890 -0.02    222    222    222
 15.500  120.8320  1.7510  -0.25 207.47   3.43   0.11  202.9580  5.0010  0.09    222    222    222
 16.000  111.3150  1.5710  -0.24 206.74   3.45   0.03  187.6360  4.5810  0.12    220    220    220
 16.500  102.6630  1.2800   0.12 206.30   3.45   0.00  173.4120  3.8840  0.13    211    211    211
 17.000 -999.9900 -9.9900  99.99 999.90 999.90  99.99 -999.9900 99.9900 99.99      0      0      0
 17.500 -999.9900 -9.9900  99.99 999.90 999.90  99.99 -999.9900 99.9900 99.99      0      0      0
 18.000 -999.9900 -9.9900  99.99 999.90 999.90  99.99 -999.9900 99.9900 99.99      0      0      0
 18.500 -999.9900 -9.9900  99.99 999.90 999.90  99.99 -999.9900 99.9900 99.99      0      0      0
 19.000 -999.9900 -9.9900  99.99 999.90 999.90  99.99 -999.9900 99.9900 99.99      0      0      0
 19.500 -999.9900 -9.9900  99.99 999.90 999.90  99.99 -999.9900 99.9900 99.99      0      0      0
 20.000 -999.9900 -9.9900  99.99 999.90 999.90  99.99 -999.9900 99.9900 99.99      0      0      0
 20.500 -999.9900 -9.9900  99.99 999.90 999.90  99.99 -999.9900 99.9900 99.99      0      0      0
 21.000 -999.9900 -9.9900  99.99 999.90 999.90  99.99 -999.9900 99.9900 99.99      0      0      0
 21.500 -999.9900 -9.9900  99.99 999.90 999.90  99.99 -999.9900 99.9900 99.99      0      0      0
 22.000 -999.9900 -9.9900  99.99 999.90 999.90  99.99 -999.9900 99.9900 99.99      0      0      0
 22.500 -999.9900 -9.9900  99.99 999.90 999.90  99.99 -999.9900 99.9900 99.99      0      0      0
 23.000 -999.9900 -9.9900  99.99 999.90 999.90  99.99 -999.9900 99.9900 99.99      0      0      0
 23.500 -999.9900 -9.9900  99.99 999.90 999.90  99.99 -999.9900 99.9900 99.99      0      0      0
 24.000 -999.9900 -9.9900  99.99 999.90 999.90  99.99 -999.9900 99.9900 99.99      0      0      0
 24.500 -999.9900 -9.9900  99.99 999.90 999.90  99.99 -999.9900 99.9900 99.99      0      0      0
 25.000 -999.9900 -9.9900  99.99 999.90 999.90  99.99 -999.9900 99.9900 99.99      0      0      0
 25.500 -999.9900 -9.9900  99.99 999.90 999.90  99.99 -999.9900 99.9900 99.99      0      0      0
 26.000 -999.9900 -9.9900  99.99 999.90 999.90  99.99 -999.9900 99.9900 99.99      0      0      0
 26.500 -999.9900 -9.9900  99.99 999.90 999.90  99.99 -999.9900 99.9900 99.99      0      0      0
 27.000 -999.9900 -9.9900  99.99 999.90 999.90  99.99 -999.9900 99.9900 99.99      0      0      0
 27.500 -999.9900 -9.9900  99.99 999.90 999.90  99.99 -999.9900 99.9900 99.99      0      0      0
 28.000 -999.9900 -9.9900  99.99 999.90 999.90  99.99 -999.9900 99.9900 99.99      0      0      0
 28.500 -999.9900 -9.9900  99.99 999.90 999.90  99.99 -999.9900 99.9900 99.99      0      0      0
 29.000 -999.9900 -9.9900  99.99 999.90 999.90  99.99 -999.9900 99.9900 99.99      0      0      0
 29.500 -999.9900 -9.9900  99.99 999.90 999.90  99.99 -999.9900 99.9900 99.99      0      0      0
 30.000 -999.9900 -9.9900  99.99 999.90 999.90  99.99 -999.9900 99.9900 99.99      0      0      0
     T A B L E  II -  10.  T H E R M O D Y N A M I C  S T A T I S T I C A L  P A R A M E T E R S
                                   October
 STATION =   723910     Pt. Mugu Naval Air Station, CA
    Z      MEAN P   SD P   SKEWP  MEAN T  SD T  SKEWT    MEAN D   SD D  SKEWD  NOBSP  NOBST  NOBSD
    KM       MB       MB             K      K             G/M3    G/M3                           
  0.000 1020.0000  5.0000   0.00 290.00   5.00   0.00 1221.0000 25.0000  0.00    100    100    100
  0.004 1014.5600  2.8380   0.48 290.05   4.00  -0.34 1212.2390 18.3030  0.59    232    232    232
  0.500  957.2000  2.7260   0.63 291.94   5.26   0.48 1138.8120 19.2540 -0.44    232    232    232
  1.000  902.8490  2.7600   0.28 291.99   6.26   0.10 1075.2400 21.6540 -0.09    232    232    232
  1.500  851.4720  3.0670  -0.19 289.67   5.90  -0.17 1022.6790 18.9380  0.19    232    232    232
  2.000  802.5410  3.3650  -0.44 286.57   5.31  -0.34  974.5690 15.5060  0.34    232    232    232
  2.500  755.9600  3.7820  -0.55 283.37   4.82  -0.58  928.5820 12.6270  0.60    232    232    232
  3.000  711.7620  4.1680  -0.66 280.17   4.27  -0.85  884.3260  9.7570  0.90    232    232    232
  3.500  669.4990  4.4330  -0.70 277.07   3.94  -0.80  841.2240  7.9530  0.57    232    232    232
  4.000  629.2650  4.6590  -0.73 273.99   3.89  -0.83  799.6900  7.1610  0.47    232    232    232
  4.500  591.0700  4.8670  -0.75 270.89   4.12  -0.88  759.8460  6.8700  0.55    232    232    232
  5.000  554.8310  5.0280  -0.78 267.66   4.22  -0.94  721.9450  6.3860  0.63    232    232    232
  5.500  520.5220  5.1770  -0.85 264.31   4.22  -0.95  685.9570  5.7180  0.60    232    232    232
  6.000  487.9470  5.3290  -0.89 260.84   4.24  -0.92  651.5930  5.3960  0.26    232    232    232
  6.500  456.7810  5.3670  -0.91 257.17   4.25  -0.85  618.6990  5.1250 -0.05    232    232    232
  7.000  427.3240  5.4580  -0.91 253.34   4.23  -0.79  587.5600  4.6410 -0.31    232    232    232
  7.500  399.5460  5.4970  -0.95 249.43   4.14  -0.71  557.9900  4.1370 -0.70    232    232    232
  8.000  372.8200  5.5310  -0.89 245.55   4.14  -0.62  528.9130  3.8660 -0.91    232    232    232
  8.500  347.5940  5.4670  -0.84 241.71   4.15  -0.41  500.9810  3.7950 -0.93    232    232    232
  9.000  323.8310  5.4510  -0.83 237.85   4.07  -0.30  474.3020  3.8220 -0.89    232    232    232
  9.500  301.4820  5.4080  -0.83 234.15   3.89  -0.16  448.5470  4.1710 -1.18    232    232    232
 10.000  280.1640  5.3670  -0.72 230.59   3.76   0.01  423.2700  4.8180 -1.53    232    232    232
 10.500  260.1040  5.1700  -0.65 227.22   3.66   0.24  398.7980  5.6830 -1.65    232    232    232
 11.000  241.3170  5.0310  -0.59 224.20   3.46   0.29  374.9900  6.5680 -1.65    232    232    232
 11.500  223.5000  4.7280  -0.51 221.55   3.25   0.17  351.4670  7.0450 -1.42    232    232    232
 12.000  206.9370  4.4430  -0.43 219.16   3.19  -0.03  328.9850  7.5860 -1.21    231    231    231
 12.500  191.4740  4.1900  -0.34 216.98   3.11  -0.07  307.4820  7.8330 -1.04    231    231    231
 13.000  176.9330  3.8430  -0.22 215.14   2.88   0.29  286.5660  7.7450 -0.88    231    231    231
 13.500  163.4270  3.5220  -0.14 213.44   2.87   0.38  266.8070  7.5150 -0.75    231    231    231
 14.000  150.9570  3.1850  -0.12 211.80   3.01   0.51  248.3650  7.2510 -0.67    228    228    228
 14.500  139.2630  2.9170  -0.04 210.29   3.14   0.47  230.7820  7.0110 -0.52    226    226    226
 15.000  128.3810  2.6030   0.03 208.78   3.32   0.40  214.2990  6.5760 -0.41    226    226    226
 15.500  118.3360  2.3460   0.07 207.59   3.43   0.42  198.6720  6.1090 -0.39    225    225    225
 16.000  109.0290  2.0860   0.14 206.86   3.38   0.56  183.6880  5.5310 -0.41    224    224    224
 16.500  101.5270  1.3590   1.03 205.45   2.66   0.04  172.1890  3.4490  0.36    137    137    137
 17.000 -999.9900 -9.9900  99.99 999.90 999.90  99.99 -999.9900 99.9900 99.99      0      0      0
 17.500 -999.9900 -9.9900  99.99 999.90 999.90  99.99 -999.9900 99.9900 99.99      0      0      0
 18.000 -999.9900 -9.9900  99.99 999.90 999.90  99.99 -999.9900 99.9900 99.99      0      0      0
 18.500 -999.9900 -9.9900  99.99 999.90 999.90  99.99 -999.9900 99.9900 99.99      0      0      0
 19.000 -999.9900 -9.9900  99.99 999.90 999.90  99.99 -999.9900 99.9900 99.99      0      0      0
 19.500 -999.9900 -9.9900  99.99 999.90 999.90  99.99 -999.9900 99.9900 99.99      0      0      0
 20.000 -999.9900 -9.9900  99.99 999.90 999.90  99.99 -999.9900 99.9900 99.99      0      0      0
 20.500 -999.9900 -9.9900  99.99 999.90 999.90  99.99 -999.9900 99.9900 99.99      0      0      0
 21.000 -999.9900 -9.9900  99.99 999.90 999.90  99.99 -999.9900 99.9900 99.99      0      0      0
 21.500 -999.9900 -9.9900  99.99 999.90 999.90  99.99 -999.9900 99.9900 99.99      0      0      0
 22.000 -999.9900 -9.9900  99.99 999.90 999.90  99.99 -999.9900 99.9900 99.99      0      0      0
 22.500 -999.9900 -9.9900  99.99 999.90 999.90  99.99 -999.9900 99.9900 99.99      0      0      0
 23.000 -999.9900 -9.9900  99.99 999.90 999.90  99.99 -999.9900 99.9900 99.99      0      0      0
 23.500 -999.9900 -9.9900  99.99 999.90 999.90  99.99 -999.9900 99.9900 99.99      0      0      0
 24.000 -999.9900 -9.9900  99.99 999.90 999.90  99.99 -999.9900 99.9900 99.99      0      0      0
 24.500 -999.9900 -9.9900  99.99 999.90 999.90  99.99 -999.9900 99.9900 99.99      0      0      0
 25.000 -999.9900 -9.9900  99.99 999.90 999.90  99.99 -999.9900 99.9900 99.99      0      0      0
 25.500 -999.9900 -9.9900  99.99 999.90 999.90  99.99 -999.9900 99.9900 99.99      0      0      0
 26.000 -999.9900 -9.9900  99.99 999.90 999.90  99.99 -999.9900 99.9900 99.99      0      0      0
 26.500 -999.9900 -9.9900  99.99 999.90 999.90  99.99 -999.9900 99.9900 99.99      0      0      0
 27.000 -999.9900 -9.9900  99.99 999.90 999.90  99.99 -999.9900 99.9900 99.99      0      0      0
 27.500 -999.9900 -9.9900  99.99 999.90 999.90  99.99 -999.9900 99.9900 99.99      0      0      0
 28.000 -999.9900 -9.9900  99.99 999.90 999.90  99.99 -999.9900 99.9900 99.99      0      0      0
 28.500 -999.9900 -9.9900  99.99 999.90 999.90  99.99 -999.9900 99.9900 99.99      0      0      0
 29.000 -999.9900 -9.9900  99.99 999.90 999.90  99.99 -999.9900 99.9900 99.99      0      0      0
 29.500 -999.9900 -9.9900  99.99 999.90 999.90  99.99 -999.9900 99.9900 99.99      0      0      0
 30.000 -999.9900 -9.9900  99.99 999.90 999.90  99.99 -999.9900 99.9900 99.99      0      0      0
     T A B L E  II -  11.  T H E R M O D Y N A M I C  S T A T I S T I C A L  P A R A M E T E R S
                                  November
 STATION =   723910     Pt. Mugu Naval Air Station, CA
    Z      MEAN P   SD P   SKEWP  MEAN T  SD T  SKEWT    MEAN D   SD D  SKEWD  NOBSP  NOBST  NOBSD
    KM       MB       MB             K      K             G/M3    G/M3                           
  0.000 1020.0000  5.0000   0.00 290.00   5.00   0.00 1221.0000 25.0000  0.00    100    100    100
  0.004 1017.1480  3.4910   0.08 287.79   5.24   0.01 1227.1479 22.8140  0.13    210    210    210
  0.500  959.3880  3.4310  -0.06 290.02   4.85   0.38 1150.0380 18.1910 -0.47    210    210    210
  1.000  904.3700  3.5190  -0.32 288.34   5.14   0.03 1091.1650 18.0070 -0.11    210    210    210
  1.500  852.2560  3.7890  -0.56 285.88   4.91  -0.19 1037.4690 15.8180  0.09    210    210    210
  2.000  802.6500  3.9450  -0.62 283.39   4.64  -0.44  985.9530 13.6880  0.34    210    210    210
  2.500  755.6200  4.2150  -0.71 280.87   4.41  -0.67  936.6410 11.6810  0.58    210    210    210
  3.000  711.0520  4.4740  -0.74 278.10   4.44  -0.74  890.2600 10.6830  0.66    210    210    210
  3.500  668.4810  4.7510  -0.76 275.31   4.41  -0.78  845.5190  9.4500  0.67    210    210    210
  4.000  627.9570  4.9590  -0.77 272.27   4.25  -0.63  803.1540  8.0390  0.39    210    210    210
  4.500  589.5760  5.1680  -0.75 268.98   4.17  -0.53  763.3280  6.9890  0.22    210    210    210
  5.000  553.2130  5.3350  -0.77 265.53   4.23  -0.44  725.6030  6.4680  0.08    210    210    210
  5.500  518.7830  5.4470  -0.78 262.04   4.24  -0.35  689.5420  6.0770 -0.03    210    210    210
  6.000  486.0180  5.5780  -0.74 258.39   4.06  -0.60  655.1330  5.2730  0.38    210    210    210
  6.500  454.6720  5.5670  -0.72 254.63   3.91  -0.53  621.9610  4.8040  0.31    210    210    210
  7.000  425.0790  5.5550  -0.70 250.82   3.87  -0.59  590.3210  4.8000 -0.26    210    210    210
  7.500  397.2090  5.6000  -0.74 246.94   3.87  -0.60  560.3190  4.8010 -0.65    210    210    210
  8.000  370.3410  5.5520  -0.70 243.01   3.85  -0.47  530.8840  4.7590 -0.88    210    210    210
  8.500  345.1020  5.4620  -0.70 239.20   3.79  -0.33  502.5970  4.8120 -0.92    210    210    210
  9.000  321.2750  5.3690  -0.67 235.48   3.71  -0.34  475.2930  5.0690 -1.27    210    210    210
  9.500  298.8910  5.2920  -0.64 231.90   3.56  -0.25  449.0050  5.7160 -1.47    210    210    210
 10.000  277.4420  5.1280  -0.53 228.24   3.49  -0.11  423.4910  6.2450 -1.58    210    210    210
 10.500  257.3950  4.8980  -0.49 224.83   3.39   0.07  398.8670  6.9870 -1.50    210    210    210
 11.000  238.5560  4.7190  -0.41 221.67   3.53   0.28  374.9670  7.8930 -1.32    210    210    210
 11.500  220.7390  4.3790  -0.35 218.85   3.84   0.61  351.4730  8.5300 -1.25    210    210    210
 12.000  204.2070  4.0640  -0.28 216.38   4.16   0.68  328.8870  8.8440 -1.01    210    210    210
 12.500  188.7340  3.8130  -0.19 214.51   4.25   0.49  306.6290  8.7110 -0.74    209    209    209
 13.000  174.3130  3.4550  -0.14 213.05   4.20   0.25  285.1470  8.3490 -0.43    207    207    207
 13.500  160.9110  3.1680  -0.07 211.84   3.98   0.06  264.7250  7.8390 -0.29    206    206    206
 14.000  148.5500  2.8890  -0.04 210.62   3.54   0.19  245.7880  7.0440 -0.32    203    203    203
 14.500  136.9480  2.6280   0.06 209.39   3.30   0.34  227.9210  6.4950 -0.24    202    202    202
 15.000  126.2370  2.3600   0.08 208.35   3.34   0.30  211.1490  6.1110 -0.27    197    197    197
 15.500  116.3490  2.1080   0.16 207.35   3.34   0.27  195.5590  5.7780 -0.23    194    194    194
 16.000  107.1810  1.8640   0.18 206.45   3.40   0.33  180.9340  5.4290 -0.19    193    193    193
 16.500  100.3010  1.5320  -0.11 203.81   3.13   0.63  171.4990  4.3040 -0.67     56     56     56
 17.000   91.4090  1.2180   0.16 204.05   3.71   0.36  156.1240  4.2920 -0.14     13     13     13
 17.500 -999.9900 -9.9900  99.99 999.90 999.90  99.99 -999.9900 99.9900 99.99      0      0      0
 18.000 -999.9900 -9.9900  99.99 999.90 999.90  99.99 -999.9900 99.9900 99.99      0      0      0
 18.500 -999.9900 -9.9900  99.99 999.90 999.90  99.99 -999.9900 99.9900 99.99      0      0      0
 19.000 -999.9900 -9.9900  99.99 999.90 999.90  99.99 -999.9900 99.9900 99.99      0      0      0
 19.500 -999.9900 -9.9900  99.99 999.90 999.90  99.99 -999.9900 99.9900 99.99      0      0      0
 20.000 -999.9900 -9.9900  99.99 999.90 999.90  99.99 -999.9900 99.9900 99.99      0      0      0
 20.500 -999.9900 -9.9900  99.99 999.90 999.90  99.99 -999.9900 99.9900 99.99      0      0      0
 21.000 -999.9900 -9.9900  99.99 999.90 999.90  99.99 -999.9900 99.9900 99.99      0      0      0
 21.500 -999.9900 -9.9900  99.99 999.90 999.90  99.99 -999.9900 99.9900 99.99      0      0      0
 22.000 -999.9900 -9.9900  99.99 999.90 999.90  99.99 -999.9900 99.9900 99.99      0      0      0
 22.500 -999.9900 -9.9900  99.99 999.90 999.90  99.99 -999.9900 99.9900 99.99      0      0      0
 23.000 -999.9900 -9.9900  99.99 999.90 999.90  99.99 -999.9900 99.9900 99.99      0      0      0
 23.500 -999.9900 -9.9900  99.99 999.90 999.90  99.99 -999.9900 99.9900 99.99      0      0      0
 24.000 -999.9900 -9.9900  99.99 999.90 999.90  99.99 -999.9900 99.9900 99.99      0      0      0
 24.500 -999.9900 -9.9900  99.99 999.90 999.90  99.99 -999.9900 99.9900 99.99      0      0      0
 25.000 -999.9900 -9.9900  99.99 999.90 999.90  99.99 -999.9900 99.9900 99.99      0      0      0
 25.500 -999.9900 -9.9900  99.99 999.90 999.90  99.99 -999.9900 99.9900 99.99      0      0      0
 26.000 -999.9900 -9.9900  99.99 999.90 999.90  99.99 -999.9900 99.9900 99.99      0      0      0
 26.500 -999.9900 -9.9900  99.99 999.90 999.90  99.99 -999.9900 99.9900 99.99      0      0      0
 27.000 -999.9900 -9.9900  99.99 999.90 999.90  99.99 -999.9900 99.9900 99.99      0      0      0
 27.500 -999.9900 -9.9900  99.99 999.90 999.90  99.99 -999.9900 99.9900 99.99      0      0      0
 28.000 -999.9900 -9.9900  99.99 999.90 999.90  99.99 -999.9900 99.9900 99.99      0      0      0
 28.500 -999.9900 -9.9900  99.99 999.90 999.90  99.99 -999.9900 99.9900 99.99      0      0      0
 29.000 -999.9900 -9.9900  99.99 999.90 999.90  99.99 -999.9900 99.9900 99.99      0      0      0
 29.500 -999.9900 -9.9900  99.99 999.90 999.90  99.99 -999.9900 99.9900 99.99      0      0      0
 30.000 -999.9900 -9.9900  99.99 999.90 999.90  99.99 -999.9900 99.9900 99.99      0      0      0
     T A B L E  II -  12.  T H E R M O D Y N A M I C  S T A T I S T I C A L  P A R A M E T E R S
                                  December
 STATION =   723910     Pt. Mugu Naval Air Station, CA
    Z      MEAN P   SD P   SKEWP  MEAN T  SD T  SKEWT    MEAN D   SD D  SKEWD  NOBSP  NOBST  NOBSD
    KM       MB       MB             K      K             G/M3    G/M3                           
  0.000 1020.0000  5.0000   0.00 290.00   5.00   0.00 1221.0000 25.0000  0.00    100    100    100
  0.004 1017.8550  3.7740   0.17 285.94   5.63   0.23 1236.6750 25.6360 -0.03    214    214    214
  0.500  959.7140  3.6810  -0.06 287.89   5.16  -0.02 1159.1689 19.9290  0.13    214    214    214
  1.000  904.2250  3.8080  -0.28 286.05   5.28  -0.44 1099.9250 18.9010  0.49    214    214    214
  1.500  851.7340  4.0880  -0.46 283.65   5.46  -0.71 1045.1000 17.9220  0.73    214    214    214
  2.000  801.8120  4.3630  -0.60 281.03   5.40  -0.95  993.1960 16.0530  1.03    214    214    214
  2.500  754.4250  4.7810  -0.75 278.41   5.28  -1.01  943.4290 14.0600  0.98    214    214    214
  3.000  709.5030  5.1590  -0.86 275.59   5.08  -1.02  896.4060 11.8020  0.92    214    214    214
  3.500  666.5920  5.5200  -0.90 272.64   4.97  -1.19  851.4180 10.2200  1.15    214    214    214
  4.000  625.8380  5.8200  -0.96 269.45   4.90  -1.24  808.8620  8.9420  1.13    214    214    214
  4.500  587.1960  6.1020  -0.99 266.09   4.84  -1.13  768.5720  7.8130  0.90    214    214    214
  5.000  550.5800  6.3220  -1.04 262.67   4.78  -1.01  730.0790  6.7500  0.66    214    214    214
  5.500  515.9650  6.4740  -1.07 259.12   4.73  -0.92  693.5680  5.9760  0.56    214    214    214
  6.000  482.9910  6.6080  -1.02 255.53   4.59  -0.81  658.3790  5.3250  0.58    214    214    214
  6.500  451.5880  6.6400  -1.01 251.97   4.31  -0.51  624.2940  4.7430  0.00    214    214    214
  7.000  421.9080  6.6150  -0.97 248.23   4.17  -0.43  592.0550  4.4740 -0.22    214    214    214
  7.500  393.9350  6.6050  -0.95 244.39   4.01  -0.41  561.4980  4.6790 -0.72    214    214    214
  8.000  367.0580  6.4800  -0.88 240.53   3.84  -0.38  531.5840  5.0400 -1.28    214    214    214
  8.500  341.8190  6.3500  -0.84 236.65   3.71  -0.32  503.1700  5.4790 -1.67    214    214    214
  9.000  317.9770  6.1980  -0.77 232.83   3.59  -0.26  475.7620  5.8280 -1.84    214    214    214
  9.500  295.4750  6.0400  -0.70 229.10   3.48  -0.04  449.2980  6.6280 -2.01    214    214    214
 10.000  274.0500  5.7550  -0.59 225.46   3.47   0.11  423.4680  7.4490 -1.66    214    214    214
 10.500  254.0560  5.4520  -0.52 222.32   3.50   0.39  398.1420  8.3870 -1.47    214    214    214
 11.000  235.2810  5.1900  -0.40 219.69   3.71   0.49  373.1750  9.3930 -1.23    214    214    214
 11.500  217.6280  4.7920  -0.33 217.49   4.24   0.40  348.7230 10.2710 -0.97    214    214    214
 12.000  201.2850  4.4140  -0.25 215.77   4.70   0.21  325.1570 10.5730 -0.71    212    212    212
 12.500  185.9990  4.0790  -0.15 214.61   5.00  -0.07  302.1110 10.5510 -0.41    211    211    211
 13.000  171.7660  3.6640  -0.09 213.89   4.76  -0.13  279.9320  9.6890 -0.18    209    209    209
 13.500  158.6480  3.2940  -0.03 213.32   4.06  -0.05  259.2050  8.2470 -0.01    208    208    208
 14.000  146.5440  3.0190  -0.05 212.41   3.83  -0.32  240.4460  7.5180  0.05    206    206    206
 14.500  135.2030  2.7510  -0.01 211.36   3.55  -0.18  222.9300  6.8390  0.00    204    204    204
 15.000  124.6910  2.4750   0.01 210.19   3.22  -0.12  206.7380  6.1290  0.03    203    203    203
 15.500  114.9770  2.2260   0.04 209.08   3.17  -0.03  191.6410  5.5860 -0.03    203    203    203
 16.000  105.9910  1.9960   0.05 208.04   3.22  -0.00  177.5500  5.1700 -0.06    201    201    201
 16.500  100.0340  1.4300  -1.82 205.13   2.53  -0.23  169.9180  3.4710 -1.01     35     35     35
 17.000 -999.9900 -9.9900  99.99 999.90 999.90  99.99 -999.9900 99.9900 99.99      0      0      0
 17.500 -999.9900 -9.9900  99.99 999.90 999.90  99.99 -999.9900 99.9900 99.99      0      0      0
 18.000 -999.9900 -9.9900  99.99 999.90 999.90  99.99 -999.9900 99.9900 99.99      0      0      0
 18.500 -999.9900 -9.9900  99.99 999.90 999.90  99.99 -999.9900 99.9900 99.99      0      0      0
 19.000 -999.9900 -9.9900  99.99 999.90 999.90  99.99 -999.9900 99.9900 99.99      0      0      0
 19.500 -999.9900 -9.9900  99.99 999.90 999.90  99.99 -999.9900 99.9900 99.99      0      0      0
 20.000 -999.9900 -9.9900  99.99 999.90 999.90  99.99 -999.9900 99.9900 99.99      0      0      0
 20.500 -999.9900 -9.9900  99.99 999.90 999.90  99.99 -999.9900 99.9900 99.99      0      0      0
 21.000 -999.9900 -9.9900  99.99 999.90 999.90  99.99 -999.9900 99.9900 99.99      0      0      0
 21.500 -999.9900 -9.9900  99.99 999.90 999.90  99.99 -999.9900 99.9900 99.99      0      0      0
 22.000 -999.9900 -9.9900  99.99 999.90 999.90  99.99 -999.9900 99.9900 99.99      0      0      0
 22.500 -999.9900 -9.9900  99.99 999.90 999.90  99.99 -999.9900 99.9900 99.99      0      0      0
 23.000 -999.9900 -9.9900  99.99 999.90 999.90  99.99 -999.9900 99.9900 99.99      0      0      0
 23.500 -999.9900 -9.9900  99.99 999.90 999.90  99.99 -999.9900 99.9900 99.99      0      0      0
 24.000 -999.9900 -9.9900  99.99 999.90 999.90  99.99 -999.9900 99.9900 99.99      0      0      0
 24.500 -999.9900 -9.9900  99.99 999.90 999.90  99.99 -999.9900 99.9900 99.99      0      0      0
 25.000 -999.9900 -9.9900  99.99 999.90 999.90  99.99 -999.9900 99.9900 99.99      0      0      0
 25.500 -999.9900 -9.9900  99.99 999.90 999.90  99.99 -999.9900 99.9900 99.99      0      0      0
 26.000 -999.9900 -9.9900  99.99 999.90 999.90  99.99 -999.9900 99.9900 99.99      0      0      0
 26.500 -999.9900 -9.9900  99.99 999.90 999.90  99.99 -999.9900 99.9900 99.99      0      0      0
 27.000 -999.9900 -9.9900  99.99 999.90 999.90  99.99 -999.9900 99.9900 99.99      0      0      0
 27.500 -999.9900 -9.9900  99.99 999.90 999.90  99.99 -999.9900 99.9900 99.99      0      0      0
 28.000 -999.9900 -9.9900  99.99 999.90 999.90  99.99 -999.9900 99.9900 99.99      0      0      0
 28.500 -999.9900 -9.9900  99.99 999.90 999.90  99.99 -999.9900 99.9900 99.99      0      0      0
 29.000 -999.9900 -9.9900  99.99 999.90 999.90  99.99 -999.9900 99.9900 99.99      0      0      0
 29.500 -999.9900 -9.9900  99.99 999.90 999.90  99.99 -999.9900 99.9900 99.99      0      0      0
 30.000 -999.9900 -9.9900  99.99 999.90 999.90  99.99 -999.9900 99.9900 99.99      0      0      0
     T A B L E  II -  13.  T H E R M O D Y N A M I C  S T A T I S T I C A L  P A R A M E T E R S
                                    Annual
 STATION =   723910     Pt. Mugu Naval Air Station, CA
    Z      MEAN P   SD P   SKEWP  MEAN T  SD T  SKEWT    MEAN D   SD D  SKEWD  NOBSP  NOBST  NOBSD
    KM       MB       MB             K      K             G/M3    G/M3                           
  0.000 1020.0000  5.0000   0.00 290.00   5.00   0.00 1221.0000 25.0000  0.00    100    100    100
  0.004 1014.6460  3.6920   0.25 288.97   4.31  -0.38 1217.5500 20.7730  0.54   8278   8278   8278
  0.500  956.8080  3.4100   0.20 288.66   5.41   0.55 1150.7271 21.9060 -0.43   8278   8278   8278
  1.000  901.9720  3.3200  -0.16 288.85   7.01   0.10 1085.5940 25.7270 -0.10   8278   8278   8278
  1.500  850.1510  3.6150  -0.56 287.37   7.36  -0.14 1029.1851 24.7730  0.10   8278   8278   8278
  2.000  801.0420  4.0820  -0.76 284.84   7.19  -0.24  978.6830 21.9300  0.19   8278   8278   8278
  2.500  754.2880  4.6850  -0.79 281.98   6.88  -0.32  931.0920 18.8440  0.25   8278   8278   8278
  3.000  709.8980  5.2860  -0.78 278.96   6.58  -0.40  885.8750 16.0350  0.30   8278   8278   8278
  3.500  667.5560  5.8170  -0.75 275.87   6.35  -0.45  842.4850 13.7150  0.32   8278   8278   8278
  4.000  627.2500  6.2780  -0.73 272.66   6.23  -0.50  801.0250 11.9260  0.35   8278   8278   8278
  4.500  588.9910  6.6820  -0.71 269.37   6.16  -0.52  761.4450 10.4700  0.35   8278   8278   8278
  5.000  552.6870  7.0030  -0.72 265.99   6.15  -0.53  723.6570  9.2670  0.34   8278   8278   8278
  5.500  518.2800  7.2720  -0.72 262.54   6.19  -0.52  687.5790  8.3090  0.32   8278   8278   8278
  6.000  485.6020  7.5910  -0.70 259.03   6.26  -0.49  653.0040  7.4240  0.28   8278   8278   8278
  6.500  454.4170  7.7740  -0.68 255.43   6.35  -0.45  619.7390  6.7360  0.25   8278   8278   8278
  7.000  424.9350  7.9150  -0.65 251.74   6.42  -0.40  588.0480  6.1100  0.28   8278   8278   8278
  7.500  397.1020  8.0630  -0.65 248.01   6.42  -0.33  557.8040  5.5390  0.09   8278   8278   8278
  8.000  370.4200  8.1430  -0.58 244.22   6.40  -0.24  528.4000  5.1520 -0.15   8277   8277   8277
  8.500  345.2570  8.1350  -0.56 240.42   6.36  -0.15  500.3070  5.0540 -0.57   8277   8277   8277
  9.000  321.5160  8.1150  -0.51 236.63   6.27  -0.07  473.3440  5.1650 -1.18   8277   8277   8277
  9.500  299.1690  8.0960  -0.46 232.95   6.14  -0.00  447.4020  5.6850 -1.77   8275   8275   8275
 10.000  277.8970  8.0400  -0.37 229.36   5.99   0.06  422.1080  6.4410 -2.09   8261   8261   8261
 10.500  257.9290  7.8150  -0.31 226.00   5.79   0.08  397.5980  7.4300 -2.07   8246   8246   8246
 11.000  239.1640  7.6470  -0.23 223.02   5.60   0.04  373.6130  8.6300 -1.85   8233   8233   8233
 11.500  221.4320  7.2920  -0.15 220.48   5.38  -0.07  349.9320  9.7460 -1.54   8222   8222   8222
 12.000  204.9710  6.9070  -0.09 218.42   5.15  -0.21  326.9960 10.6820 -1.18   8195   8195   8195
 12.500  189.6250  6.5610  -0.01 216.86   4.82  -0.35  304.7290 11.3210 -0.83   8159   8159   8159
 13.000  175.2530  6.0540   0.04 215.59   4.42  -0.35  283.3160 11.4490 -0.53   8125   8125   8125
 13.500  161.9250  5.5660   0.08 214.46   4.03  -0.17  263.1610 11.3150 -0.28   8079   8079   8079
 14.000  149.6020  5.0680   0.10 213.29   3.87   0.10  244.4970 11.0000 -0.08   8008   8008   8008
 14.500  138.0880  4.6120   0.12 212.00   3.97   0.13  227.0710 10.5950  0.06   7936   7936   7936
 15.000  127.3780  4.1310   0.13 210.76   4.15   0.06  210.7050  9.9730  0.14   7848   7848   7848
 15.500  117.4780  3.6980   0.13 209.71   4.29   0.01  195.3100  9.2070  0.16   7770   7770   7770
 16.000  108.3170  3.3000   0.12 208.97   4.26   0.06  180.7170  8.2520  0.14   7682   7682   7682
 16.500  101.5400  2.5770  -0.71 207.09   3.76   0.28  170.9010  6.2180 -0.50   4426   4426   4426
 17.000   91.9490  2.5800   0.05 207.04   3.77   0.20  154.8070  6.3140  0.02   1671   1671   1671
 17.500   84.6990  2.3410   0.06 207.26   3.53   0.16  142.4370  5.4440 -0.00   1605   1605   1605
 18.000   78.0620  2.1340   0.07 207.80   3.22   0.13  130.9160  4.5850 -0.04   1561   1561   1561
 18.500   71.9790  1.9390   0.05 208.47   2.95  -0.02  120.3140  3.8580 -0.09   1523   1523   1523
 19.000   66.3950  1.7750   0.00 209.22   2.79  -0.26  110.5690  3.2270 -0.17   1462   1462   1462
 19.500   61.2970  1.6580  -0.06 210.12   2.68  -0.49  101.6370  2.7770 -0.24   1375   1375   1375
 20.000   56.5930  1.5420  -0.09 210.95   2.65  -0.74   93.4620  2.4100 -0.31   1289   1289   1289
 20.500   52.2480  1.4490  -0.11 211.85   2.61  -0.76   85.9180  2.1020 -0.32   1222   1222   1222
 21.000   48.2530  1.3580  -0.15 212.74   2.60  -0.81   79.0120  1.8680 -0.28   1150   1150   1150
 21.500   44.5470  1.2880  -0.13 213.55   2.68  -0.83   72.6640  1.6870 -0.22   1084   1084   1084
 22.000   41.1420  1.2190  -0.14 214.42   2.71  -0.84   66.8360  1.5500 -0.13   1036   1036   1036
 22.500   38.0030  1.1620  -0.14 215.29   2.79  -0.86   61.4880  1.4460 -0.07    989    989    989
 23.000   35.1100  1.1030  -0.13 216.15   2.92  -0.89   56.5800  1.3370 -0.02    948    948    948
 23.500   32.4520  1.0470  -0.11 217.07   3.01  -0.86   52.0740  1.2500  0.02    920    920    920
 24.000   30.0210  0.9710  -0.11 217.95   3.07  -0.73   47.9770  1.1340  0.05    893    893    893
 24.500   27.7930  0.9320  -0.14 218.80   3.15  -0.70   44.2430  1.0680 -0.06    874    874    874
 25.000   25.7060  0.8810  -0.14 219.65   3.21  -0.68   40.7620  1.0050 -0.03    853    853    853
 25.500   23.7930  0.8380  -0.14 220.51   3.30  -0.61   37.5810  0.9500 -0.02    835    835    835
 26.000   22.0260  0.8030  -0.15 221.39   3.42  -0.59   34.6520  0.9120 -0.06    819    819    819
 26.500   20.4250  0.7390  -0.15 222.35   3.50  -0.57   31.9960  0.8300  0.01    798    798    798
 27.000   18.9410  0.7160  -0.19 223.18   3.59  -0.58   29.5590  0.8070 -0.05    775    775    775
 27.500   17.5390  0.6820  -0.18 224.13   3.76  -0.61   27.2550  0.7770 -0.07    755    755    755
 28.000   16.2500  0.6430  -0.17 225.01   3.75  -0.56   25.1540  0.7520 -0.09    738    738    738
 28.500   15.0620  0.6080  -0.18 225.88   3.72  -0.52   23.2250  0.7240 -0.12    720    720    720
 29.000   13.9730  0.5810  -0.19 226.86   3.72  -0.47   21.4530  0.7040 -0.19    706    706    706
 29.500   12.9490  0.5550  -0.18 227.76   3.73  -0.45   19.8020  0.6870 -0.18    679    679    679
 30.000   12.0190  0.5270  -0.19 228.73   3.78  -0.41   18.3030  0.6640 -0.18    638    638    638
