 0 1PGAC912170   13.55N  144.85E 111 1731279   21080   0  30                                        
     T A B L E  II - 13.  T H E R M O D Y N A M I C  S T A T I S T I C A L  P A R A M E T E R S     
                                              ANNUAL                                                
 STATION =   912170     TAGUAC                                                                      
    Z      MEAN P   SD P  SKEWP MEAN T  SD T SKEWT    MEAN D    SD D SKEWD  NOBSP  NOBST  NOBSD     
    KM       MB        MB       DEG K  DEG K            G/M3    G/M3                                
  0.000 1011.5000  2.2076 -0.78 299.71  1.63  0.00 1163.0000  7.6520  0.07  4819.  4819.  4819.     
  0.111  998.8000  2.1749 -0.79 299.10  1.56  0.00 1151.0000  7.2230  0.06  4843.  4843.  4843.     
  1.000  902.4199  1.9009 -0.96 293.48  1.17 -0.44 1063.0000  5.7530  0.34  4893.  4893.  4893.     
  2.000  803.3999  1.6249 -0.96 288.65  1.34 -0.47  964.5000  5.0440  0.41  4905.  4905.  4905.     
  3.000  713.8401  1.4642 -0.80 284.21  1.32  0.13  872.1001  3.7950 -0.08  4904.  4904.  4904.     
  4.000  632.5801  1.4272 -0.58 278.92  1.35  0.41  788.3999  3.4830 -0.30  4903.  4903.  4903.     
  5.000  559.3601  1.3372 -0.40 273.28  1.35  0.38  712.0000  3.2790 -0.34  4903.  4903.  4903.     
  6.000  493.6299  1.2696 -0.21 267.62  1.26  0.09  642.0000  2.9540 -0.37  4895.  4895.  4895.     
  7.000  433.9399  1.1895 -0.10 261.54  1.21 -0.11  577.7000  2.6340 -0.35  4879.  4879.  4879.     
  8.000  380.5000  1.1576 -0.03 255.03  1.26 -0.15  519.6001  2.4170 -0.37  4849.  4849.  4849.     
  9.000  332.2600  1.1299 -0.01 247.92  1.34 -0.16  466.8000  2.1360 -0.42  4837.  4837.  4837.     
 10.000  289.3701  1.1088 -0.02 240.28  1.38 -0.09  419.5000  1.8660 -0.60  4818.  4818.  4818.     
 11.000  250.7000  1.0953 -0.05 232.28  1.42 -0.13  376.0000  1.5780 -0.64  4807.  4807.  4807.     
 12.000  215.8000  1.0968 -0.08 224.04  1.40 -0.17  335.6001  1.2640 -0.28  4790.  4790.  4790.     
 13.000  184.8800  1.1042 -0.06 215.85  1.46 -0.18  298.3999  1.3320 -0.51  4766.  4766.  4766.     
 14.000  157.6000  1.0421 -0.08 207.86  1.62 -0.06  264.1001  1.5150 -0.65  4757.  4757.  4757.     
 15.000  133.3900  0.9838 -0.05 200.67  1.69 -0.01  231.6000  1.9050 -0.51  4707.  4707.  4707.     
 16.000  112.4800  0.8766 -0.02 194.93  2.19  0.18  201.0000  2.5370 -0.46  4677.  4677.  4677.     
 17.000   94.5130  0.7523 -0.02 193.23  3.79  0.30  170.5000  3.6090 -0.28  4299.  4299.  4299.     
 18.000   79.4500  0.6844 -0.04 195.70  4.69  0.14  141.5000  3.3090  0.01  4215.  4215.  4215.     
 19.000   66.9610  0.6386 -0.09 201.17  3.88 -0.06  116.0000  2.0080  0.29  4059.  4059.  4059.     
 20.000   56.7400  0.6246 -0.01 206.13  3.01 -0.27   95.9100  1.2820  0.22  4024.  4024.  4024.     
 21.000   48.1670  0.5746  0.06 209.80  2.51 -0.33   79.9900  0.9258  0.04  3061.  3061.  3061.     
 22.000   41.0650  0.5314  0.05 212.77  2.46 -0.34   67.2400  0.8464 -0.01  3017.  3017.  3017.     
 23.000   35.0680  0.4845  0.02 215.43  2.30 -0.13   56.7100  0.7859  0.05  2986.  2986.  2986.     
 24.000   29.9430  0.4361  0.12 217.88  2.26  0.14   47.8800  0.6876  0.23  3359.  3359.  3359.     
 25.000   25.7110  0.3859 -0.10 220.25  2.33  0.16   40.6700  0.5922  0.10  3643.  3643.  3643.     
 26.000   22.0710  0.3485 -0.13 222.52  2.45  0.00   34.5600  0.5293  0.11  3614.  3614.  3614.     
 27.000   18.9580  0.3090 -0.15 224.60  2.53  0.02   29.4100  0.4606 -0.01  2560.  2560.  2560.     
 28.000   16.3260  0.2768 -0.16 226.66  2.63 -0.03   25.0900  0.4035 -0.03  2184.  2184.  2184.     
 29.000   14.0720  0.2528 -0.17 228.50  2.88 -0.14   21.4600  0.3603  0.05  1857.  1857.  1857.     
 30.000   12.1350  0.2327 -0.13 230.08  2.94 -0.05   18.3700  0.3221  0.07  1715.  1715.  1715.     
     T A B L E  II -  1.  T H E R M O D Y N A M I C  S T A T I S T I C A L  P A R A M E T E R S     
                                              JANUARY                                               
 STATION =   912170     TAGUAC                                                                      
    Z      MEAN P   SD P  SKEWP MEAN T  SD T SKEWT    MEAN D    SD D SKEWD  NOBSP  NOBST  NOBSD     
    KM       MB        MB       DEG K  DEG K            G/M3    G/M3                                
  0.000 1012.5000  2.2299 -0.35 298.67  1.44 -0.84 1169.0000  6.6800  0.45   402.   402.   402.     
  0.111  999.7500  2.2061 -0.33 298.10  1.37 -0.81 1157.0000  6.2810  0.37   402.   402.   402.     
  1.000  902.8601  1.8907 -0.26 292.43  1.03  0.14 1068.0000  5.1060 -0.19   409.   409.   409.     
  2.000  803.5300  1.6384 -0.08 288.29  1.95  0.09  967.0000  6.0600  0.23   410.   410.   410.     
  3.000  713.8401  1.5494  0.01 284.76  1.70 -0.38  871.7000  4.6040  0.33   410.   410.   410.     
  4.000  632.5701  1.5052 -0.06 279.46  1.49 -0.32  787.7000  3.9070  0.17   410.   410.   410.     
  5.000  559.3899  1.4706 -0.16 273.71  1.36  0.30  711.3999  3.2880 -0.40   410.   410.   410.     
  6.000  493.8201  1.4301 -0.33 267.88  1.38  0.08  641.8999  3.3050 -0.17   410.   410.   410.     
  7.000  434.1299  1.3250 -0.30 261.87  1.34 -0.01  577.3999  2.6600 -0.08   409.   409.   409.     
  8.000  380.7300  1.3047 -0.23 255.44  1.20  0.03  519.2000  2.1650  0.15   406.   406.   406.     
  9.000  332.4900  1.2377 -0.19 248.25  1.14 -0.24  466.6001  1.8130 -0.01   405.   405.   405.     
 10.000  289.6599  1.2108 -0.29 240.64  1.18 -0.01  419.3000  1.7180  0.00   402.   402.   402.     
 11.000  251.0400  1.1534 -0.26 232.72  1.18  0.01  375.8000  1.3710  0.16   399.   399.   399.     
 12.000  216.1600  1.1088 -0.19 224.56  1.20  0.15  335.3000  1.1490 -0.12   398.   398.   398.     
 13.000  185.2500  1.1079 -0.17 216.45  1.29 -0.02  298.2000  1.2080 -0.39   395.   395.   395.     
 14.000  157.9800  1.0338 -0.14 208.51  1.45 -0.19  263.8999  1.3500 -0.57   395.   395.   395.     
 15.000  133.7000  1.0046 -0.09 201.00  1.47 -0.26  231.7000  1.4610 -0.31   392.   392.   392.     
 16.000  112.6700  0.9271 -0.09 194.12  1.67 -0.11  202.2000  1.6190 -0.13   389.   389.   389.     
 17.000   94.5670  0.8544 -0.11 189.62  2.15 -0.41  173.8000  2.1340 -0.17   360.   360.   360.     
 18.000   79.1910  0.7504  0.00 191.10  2.90  0.23  144.4000  2.6970 -0.20   352.   352.   352.     
 19.000   66.5660  0.6027  0.09 198.02  2.95  0.13  117.1000  2.0250 -0.22   336.   336.   336.     
 20.000   56.2920  0.5177  0.05 204.35  2.72 -0.16   95.9800  1.5920  0.12   332.   332.   332.     
 21.000   47.7350  0.4308 -0.16 208.11  2.40 -0.57   79.9200  1.0850  0.44   256.   256.   256.     
 22.000   40.6530  0.3832 -0.23 211.40  2.47 -0.33   67.0000  0.8594  0.36   250.   250.   250.     
 23.000   34.6790  0.3506 -0.31 214.24  2.56 -0.21   56.4000  0.6966  0.22   247.   247.   247.     
 24.000   29.6040  0.3073 -0.19 216.74  2.35 -0.29   47.5900  0.5118  0.20   307.   307.   307.     
 25.000   25.3710  0.2894 -0.20 218.74  2.26  0.12   40.4100  0.4381 -0.20   303.   303.   303.     
 26.000   21.7510  0.2673 -0.18 220.70  2.15  0.09   34.3400  0.4278 -0.18   300.   300.   300.     
 27.000   18.6590  0.2497 -0.07 222.51  2.10  0.66   29.2100  0.3868 -0.03   223.   223.   223.     
 28.000   16.0470  0.2181  0.05 224.32  2.04  0.12   24.9200  0.3345 -0.36   191.   191.   191.     
 29.000   13.8110  0.1982  0.22 226.09  2.49  0.30   21.2800  0.3149 -0.55   171.   171.   171.     
 30.000   11.8990  0.1734  0.25 227.59  2.44  0.33   18.2100  0.2785 -0.20   167.   167.   167.     
     T A B L E  II -  2.  T H E R M O D Y N A M I C  S T A T I S T I C A L  P A R A M E T E R S     
                                              FEBRUARY                                              
 STATION =   912170     TAGUAC                                                                      
    Z      MEAN P   SD P  SKEWP MEAN T  SD T SKEWT    MEAN D    SD D SKEWD  NOBSP  NOBST  NOBSD     
    KM       MB        MB       DEG K  DEG K            G/M3    G/M3                                
  0.000 1013.1001  2.1384 -0.26 298.63  1.31 -0.26 1170.0000  6.0840  0.00   376.   376.   376.     
  0.111 1000.3999  2.1149 -0.27 298.03  1.25 -0.23 1158.0000  5.7630 -0.04   377.   377.   377.     
  1.000  903.3201  1.8531 -0.30 292.09  1.02 -0.26 1069.0000  4.8690 -0.06   377.   377.   377.     
  2.000  803.8000  1.6659 -0.23 287.64  1.70 -0.07  969.3000  5.5080  0.28   378.   378.   378.     
  3.000  713.9399  1.5370 -0.13 284.42  1.82 -0.09  872.8000  4.9360  0.08   378.   378.   378.     
  4.000  632.6499  1.5120 -0.11 279.56  1.70 -0.09  787.6001  4.2860  0.12   378.   378.   378.     
  5.000  559.4800  1.5049 -0.09 273.98  1.67 -0.27  710.8999  3.6480  0.28   378.   378.   378.     
  6.000  493.9500  1.5361 -0.31 268.17  1.42 -0.38  641.3999  3.0920  0.13   377.   377.   377.     
  7.000  434.2400  1.4371 -0.20 261.79  1.20 -0.42  577.8000  2.5510  0.38   374.   374.   374.     
  8.000  380.8000  1.4125 -0.22 255.11  1.08 -0.23  520.0000  2.1870  0.31   366.   366.   366.     
  9.000  332.5100  1.3546 -0.13 247.97  1.15  0.01  467.1001  1.6720  0.03   366.   366.   366.     
 10.000  289.6101  1.2679 -0.19 240.28  1.16 -0.06  419.8999  1.4670 -0.24   364.   364.   364.     
 11.000  250.9200  1.2172 -0.17 232.31  1.19 -0.15  376.3000  1.3540 -0.14   362.   362.   362.     
 12.000  216.0000  1.1840 -0.13 224.17  1.20 -0.16  335.7000  1.2200 -0.19   360.   360.   360.     
 13.000  185.0900  1.1554 -0.11 216.09  1.28 -0.15  298.3999  1.2750 -0.24   355.   355.   355.     
 14.000  157.8100  1.0694 -0.11 208.12  1.46 -0.15  264.2000  1.3130 -0.22   353.   353.   353.     
 15.000  133.5500  1.0209 -0.08 200.61  1.38 -0.15  231.9000  1.4390 -0.17   349.   349.   349.     
 16.000  112.5500  0.9173 -0.04 193.97  1.56  0.04  202.1000  1.6830 -0.09   346.   346.   346.     
 17.000   94.4360  0.8381  0.05 190.84  1.98 -0.28  172.4000  2.2700  0.23   324.   324.   324.     
 18.000   79.1800  0.7052  0.09 192.56  2.55  0.43  143.3000  2.3910 -0.42   319.   319.   319.     
 19.000   66.5680  0.5569  0.12 198.03  2.90  0.03  117.1000  2.0970  0.11   317.   317.   317.     
 20.000   56.2620  0.4630  0.03 203.29  2.80  0.08   96.4300  1.5900  0.12   315.   315.   315.     
 21.000   47.6910  0.4013  0.04 207.61  2.57 -0.25   80.0300  1.0830  0.35   251.   251.   251.     
 22.000   40.5960  0.3698  0.01 211.02  2.78 -0.41   67.0300  0.8694  0.22   250.   250.   250.     
 23.000   34.6210  0.3370 -0.04 213.80  2.29 -0.27   56.4200  0.6808  0.39   245.   245.   245.     
 24.000   29.5460  0.2948 -0.03 216.45  2.01 -0.14   47.5600  0.4635  0.16   293.   293.   293.     
 25.000   25.3150  0.2744 -0.05 218.64  2.00 -0.07   40.3400  0.3978  0.03   288.   288.   288.     
 26.000   21.7050  0.2493 -0.07 220.73  2.09 -0.23   34.2600  0.4160  0.08   286.   286.   286.     
 27.000   18.6370  0.2200 -0.12 222.77  2.36  0.11   29.1500  0.3743 -0.31   215.   215.   215.     
 28.000   16.0360  0.1997 -0.05 225.05  2.49  0.14   24.8200  0.3447 -0.22   188.   188.   188.     
 29.000   13.8070  0.1857  0.00 227.10  2.39 -0.05   21.1800  0.3061  0.10   165.   165.   165.     
 30.000   11.8940  0.1637  0.08 229.05  2.59  0.01   18.0900  0.2643  0.37   161.   161.   161.     
     T A B L E  II -  3.  T H E R M O D Y N A M I C  S T A T I S T I C A L  P A R A M E T E R S     
                                              MARCH                                                 
 STATION =   912170     TAGUAC                                                                      
    Z      MEAN P   SD P  SKEWP MEAN T  SD T SKEWT    MEAN D    SD D SKEWD  NOBSP  NOBST  NOBSD     
    KM       MB        MB       DEG K  DEG K            G/M3    G/M3                                
  0.000 1012.8999  1.8826 -0.25 299.01  1.39 -0.14 1168.0000  5.7680  0.25   398.   398.   398.     
  0.111 1000.1001  1.8726 -0.25 298.39  1.32 -0.13 1156.0000  5.3310  0.21   398.   398.   398.     
  1.000  903.1299  1.8020 -0.26 292.32  0.93 -0.19 1068.0000  4.4240 -0.29   416.   416.   416.     
  2.000  803.6599  1.6487 -0.23 287.88  1.59  0.08  968.3000  4.9120  0.13   416.   416.   416.     
  3.000  713.8701  1.5637 -0.21 284.36  1.78  0.20  872.7000  4.5090 -0.19   416.   416.   416.     
  4.000  632.6001  1.5633 -0.17 279.52  1.72 -0.09  787.5000  4.0230  0.15   416.   416.   416.     
  5.000  559.4500  1.5169 -0.13 274.04  1.57 -0.10  710.7000  3.7290  0.24   416.   416.   416.     
  6.000  493.9199  1.5324 -0.20 268.25  1.29 -0.28  641.2000  3.0620 -0.07   415.   415.   415.     
  7.000  434.2400  1.4107 -0.14 262.04  1.09 -0.18  577.2000  2.4300  0.12   413.   413.   413.     
  8.000  380.8501  1.3528 -0.13 255.47  1.11 -0.06  519.3000  2.0740  0.00   410.   410.   410.     
  9.000  332.6399  1.2542 -0.04 248.34  1.14 -0.03  466.6001  1.8670  0.05   409.   409.   409.     
 10.000  289.8101  1.1946  0.04 240.74  1.18 -0.01  419.3999  1.6740 -0.20   404.   404.   404.     
 11.000  251.1700  1.1407  0.06 232.81  1.25  0.00  375.8000  1.4480 -0.20   402.   402.   402.     
 12.000  216.2700  1.1329  0.11 224.61  1.29 -0.19  335.3999  1.2360 -0.15   402.   402.   402.     
 13.000  185.3600  1.1404  0.15 216.48  1.36 -0.21  298.3000  1.2800 -0.40   399.   399.   399.     
 14.000  158.0700  1.0626  0.13 208.45  1.45  0.15  264.2000  1.3370 -0.56   399.   399.   399.     
 15.000  133.7800  1.0210  0.12 200.90  1.41  0.14  232.0000  1.6130 -0.29   395.   395.   395.     
 16.000  112.7700  0.9218  0.17 194.08  1.66 -0.21  202.4000  1.8710 -0.24   394.   394.   394.     
 17.000   94.6120  0.8103  0.24 190.06  2.18 -0.24  173.4000  2.3860 -0.06   371.   371.   371.     
 18.000   79.3010  0.6863  0.31 192.35  2.64  0.04  143.7000  2.3790  0.10   364.   364.   364.     
 19.000   66.6670  0.5589  0.28 198.32  2.39  0.06  117.1000  1.7560  0.16   352.   352.   352.     
 20.000   56.3570  0.4784  0.23 203.63  2.34  0.32   96.4200  1.3270  0.07   350.   350.   350.     
 21.000   47.7930  0.4030 -0.08 208.05  2.11  0.20   80.0300  0.9019  0.22   281.   281.   281.     
 22.000   40.6950  0.3794  0.18 211.29  2.28  0.11   67.1000  0.7620  0.18   279.   279.   279.     
 23.000   34.7170  0.3496  0.18 214.42  2.00 -0.28   56.4100  0.6546  0.08   279.   279.   279.     
 24.000   29.6420  0.2975  0.18 217.15  2.02  0.11   47.5600  0.5560  0.16   330.   330.   330.     
 25.000   25.4050  0.2625 -0.05 219.46  2.13  0.14   40.3300  0.4448  0.07   329.   329.   329.     
 26.000   21.7970  0.2388 -0.09 221.93  2.09  0.05   34.2200  0.3818 -0.05   328.   328.   328.     
 27.000   18.7280  0.2163 -0.16 224.15  2.20 -0.22   29.1100  0.3548 -0.20   228.   228.   228.     
 28.000   16.1300  0.1911 -0.18 226.27  2.36 -0.18   24.8300  0.3341 -0.17   197.   197.   197.     
 29.000   13.9060  0.1749  0.09 227.87  2.69 -0.20   21.2600  0.2846  0.02   174.   174.   174.     
 30.000   11.9900  0.1663  0.14 229.83  2.78  0.01   18.1800  0.2282  0.16   182.   182.   182.     
     T A B L E  II -  4.  T H E R M O D Y N A M I C  S T A T I S T I C A L  P A R A M E T E R S     
                                              APRIL                                                 
 STATION =   912170     TAGUAC                                                                      
    Z      MEAN P   SD P  SKEWP MEAN T  SD T SKEWT    MEAN D    SD D SKEWD  NOBSP  NOBST  NOBSD     
    KM       MB        MB       DEG K  DEG K            G/M3    G/M3                                
  0.000 1012.3999  1.5163 -0.58 299.75  1.29 -0.12 1164.0000  5.1690  0.12   388.   388.   388.     
  0.111  999.6899  1.5174 -0.56 299.10  1.22 -0.14 1152.0000  4.8260  0.11   391.   391.   391.     
  1.000  903.0901  1.4118 -0.56 292.88  0.85  0.09 1066.0000  3.9200 -0.30   399.   399.   399.     
  2.000  803.7900  1.2439 -0.39 288.23  1.30  0.12  967.0000  4.1990 -0.08   399.   399.   399.     
  3.000  714.0000  1.2131 -0.21 284.00  1.36 -0.41  873.8000  3.5780  0.35   399.   399.   399.     
  4.000  632.6101  1.2554 -0.10 279.14  1.41  0.21  788.6001  3.6340 -0.21   399.   399.   399.     
  5.000  559.3301  1.2021 -0.02 273.73  1.30  0.09  711.3000  3.1500 -0.09   399.   399.   399.     
  6.000  493.7900  1.1504 -0.02 268.04  1.18 -0.26  641.5000  2.8160 -0.06   399.   399.   399.     
  7.000  434.0801  1.0838 -0.05 261.76  1.17 -0.12  577.6001  2.5590 -0.18   398.   398.   398.     
  8.000  380.6399  1.0583 -0.15 255.10  1.25 -0.30  519.8000  2.4100  0.07   397.   397.   397.     
  9.000  332.3899  1.0430 -0.23 247.98  1.29 -0.23  466.8999  2.0690  0.01   396.   396.   396.     
 10.000  289.5300  0.9903 -0.26 240.38  1.34 -0.24  419.6001  1.7860 -0.28   396.   396.   396.     
 11.000  250.8600  0.9917 -0.41 232.39  1.35 -0.23  376.1001  1.4890 -0.23   396.   396.   396.     
 12.000  215.9700  0.9839 -0.42 224.37  1.17 -0.03  335.3000  1.0890 -0.25   394.   394.   394.     
 13.000  185.0800  0.9732 -0.36 216.38  1.16  0.07  298.0000  1.2550 -0.70   393.   393.   393.     
 14.000  157.8400  0.8917 -0.32 208.51  1.23  0.39  263.7000  1.3700 -1.12   393.   393.   393.     
 15.000  133.6400  0.8688 -0.36 201.31  1.33  0.08  231.3000  1.8190 -0.58   390.   390.   390.     
 16.000  112.7000  0.7748 -0.32 195.27  1.71 -0.13  201.1000  2.0140 -0.07   390.   390.   390.     
 17.000   94.6750  0.6923 -0.41 191.95  2.02 -0.24  171.8000  1.9540  0.11   369.   369.   369.     
 18.000   79.4120  0.6312 -0.26 192.86  2.24  0.35  143.5000  1.7910 -0.54   362.   362.   362.     
 19.000   66.7940  0.5350 -0.18 198.51  2.28  0.34  117.2000  1.5650 -0.29   351.   351.   351.     
 20.000   56.4930  0.4817 -0.08 204.73  2.35 -0.09   96.1400  1.2420 -0.05   348.   348.   348.     
 21.000   47.9410  0.4054  0.01 209.38  2.04  0.21   79.7700  0.7819 -0.12   282.   282.   282.     
 22.000   40.8650  0.3945  0.26 212.72  2.17  0.04   66.9300  0.6502 -0.10   279.   279.   279.     
 23.000   34.8970  0.3589  0.28 215.66  2.05  0.72   56.3700  0.6214 -0.08   276.   276.   276.     
 24.000   29.8280  0.3223  0.26 218.51  2.01  0.97   47.5600  0.5646  0.00   315.   315.   315.     
 25.000   25.6020  0.2731 -0.04 221.31  2.16  0.82   40.3000  0.4955 -0.28   321.   321.   321.     
 26.000   21.9970  0.2569  0.27 223.95  2.34  0.35   34.2200  0.4185  0.37   316.   316.   316.     
 27.000   18.9370  0.2103 -0.06 226.65  2.17  0.23   29.1100  0.3251 -0.08   218.   218.   218.     
 28.000   16.3180  0.1885 -0.19 228.45  2.22  0.01   24.8800  0.2856 -0.19   191.   191.   191.     
 29.000   14.0860  0.1688 -0.25 230.28  2.48  0.17   21.3100  0.2475  0.01   167.   167.   167.     
 30.000   12.1750  0.1529 -0.20 232.33  2.55 -0.26   18.2600  0.2226  0.10   154.   154.   154.     
     T A B L E  II -  5.  T H E R M O D Y N A M I C  S T A T I S T I C A L  P A R A M E T E R S     
                                              MAY                                                   
 STATION =   912170     TAGUAC                                                                      
    Z      MEAN P   SD P  SKEWP MEAN T  SD T SKEWT    MEAN D    SD D SKEWD  NOBSP  NOBST  NOBSD     
    KM       MB        MB       DEG K  DEG K            G/M3    G/M3                                
  0.000 1011.8000  1.5345 -0.91 300.25  1.58  0.03 1161.0000  6.4140  0.10   396.   396.   396.     
  0.111  999.1201  1.5205 -0.91 299.62  1.50  0.02 1149.0000  5.9740  0.09   402.   402.   402.     
  1.000  902.8201  1.4543 -0.84 293.63  0.91  0.00 1062.0000  4.0530  0.02   406.   406.   406.     
  2.000  803.7800  1.2671 -0.77 288.81  1.12  0.09  964.6001  3.8930 -0.13   406.   406.   406.     
  3.000  714.1799  1.2027 -0.59 284.15  1.05  0.26  872.8000  2.9800 -0.40   406.   406.   406.     
  4.000  632.8301  1.2241 -0.45 278.70  1.07  0.30  789.5000  3.0050 -0.32   405.   405.   405.     
  5.000  559.5300  1.1687 -0.35 273.16  1.27  0.15  712.7000  3.2520 -0.20   405.   405.   405.     
  6.000  493.7300  1.0708 -0.08 267.57  1.21 -0.11  642.3999  2.6780 -0.18   403.   403.   403.     
  7.000  433.9900  1.0351 -0.01 261.41  1.14 -0.35  578.2000  2.3230 -0.31   403.   403.   403.     
  8.000  380.5000  1.0756 -0.12 254.86  1.27 -0.21  520.0000  2.1700 -0.28   401.   401.   401.     
  9.000  332.2100  1.0950 -0.12 247.73  1.37 -0.22  467.1001  1.9290 -0.16   400.   400.   400.     
 10.000  289.3201  1.0733 -0.14 240.08  1.32 -0.24  419.8000  1.6540 -0.33   399.   399.   399.     
 11.000  250.6400  1.0480 -0.19 232.16  1.31 -0.07  376.1001  1.5130 -0.60   399.   399.   399.     
 12.000  215.7400  1.0278 -0.19 224.01  1.27  0.06  335.5000  1.3180 -0.45   397.   397.   397.     
 13.000  184.8500  1.0148 -0.13 215.97  1.28  0.25  298.2000  1.4210 -0.57   394.   394.   394.     
 14.000  157.6100  0.9276 -0.07 208.22  1.41  0.37  263.7000  1.6790 -0.65   394.   394.   394.     
 15.000  133.4600  0.8668 -0.03 201.47  1.57  0.13  230.8000  2.0680 -0.32   392.   392.   392.     
 16.000  112.6200  0.7871 -0.02 196.02  1.85 -0.04  200.2000  2.2160 -0.03   391.   391.   391.     
 17.000   94.6860  0.6411 -0.13 193.53  1.92 -0.03  170.5000  1.8980 -0.05   359.   359.   359.     
 18.000   79.5930  0.5886 -0.09 195.18  2.44  0.15  142.1000  1.8950 -0.01   354.   354.   354.     
 19.000   67.0440  0.5021 -0.22 200.93  2.70  0.15  116.3000  1.6180 -0.07   340.   340.   340.     
 20.000   56.8290  0.4513 -0.16 206.98  2.30  0.06   95.6600  1.2050  0.02   335.   335.   335.     
 21.000   48.2940  0.3913 -0.20 210.75  1.89 -0.07   79.8400  0.8349  0.08   251.   251.   251.     
 22.000   41.2040  0.3509 -0.14 213.75  1.84  0.06   67.1600  0.7202 -0.27   251.   251.   251.     
 23.000   35.2190  0.3063 -0.07 216.74  2.03 -0.04   56.6100  0.6925 -0.16   250.   250.   250.     
 24.000   30.1120  0.2848  0.14 219.52  2.01  0.52   47.7900  0.5781 -0.09   274.   274.   274.     
 25.000   25.8690  0.2324 -0.10 221.84  1.98  0.11   40.6300  0.4722  0.08   310.   310.   310.     
 26.000   22.2330  0.2117 -0.12 224.29  2.16 -0.71   34.5400  0.4177  0.46   305.   305.   305.     
 27.000   19.1320  0.1830 -0.10 226.26  2.16 -0.63   29.4600  0.3255  0.22   205.   205.   205.     
 28.000   16.4960  0.1658 -0.06 228.48  2.10  0.24   25.1500  0.2765 -0.08   182.   182.   182.     
 29.000   14.2450  0.1522 -0.10 230.57  2.27 -0.28   21.5200  0.2532  0.17   151.   151.   151.     
 30.000   12.3170  0.1395 -0.21 232.16  2.32  0.01   18.4800  0.2136  0.21   130.   130.   130.     
     T A B L E  II -  6.  T H E R M O D Y N A M I C  S T A T I S T I C A L  P A R A M E T E R S     
                                              JUNE                                                  
 STATION =   912170     TAGUAC                                                                      
    Z      MEAN P   SD P  SKEWP MEAN T  SD T SKEWT    MEAN D    SD D SKEWD  NOBSP  NOBST  NOBSD     
    KM       MB        MB       DEG K  DEG K            G/M3    G/M3                                
  0.000 1011.5000  1.1695 -0.44 300.42  1.64 -0.07 1160.0000  6.5680  0.13   401.   401.   401.     
  0.111  998.7700  1.1584 -0.45 299.80  1.56 -0.09 1148.0000  6.0540  0.12   407.   407.   407.     
  1.000  902.6299  1.1334 -0.48 294.05  0.69 -0.02 1060.0000  2.9210  0.28   409.   409.   409.     
  2.000  803.7000  1.0114 -0.55 288.83  0.90  0.01  963.8000  2.9390 -0.01   410.   410.   410.     
  3.000  714.1399  0.9806 -0.44 283.99  0.99  0.07  872.8000  2.7620 -0.55   409.   409.   409.     
  4.000  632.8101  1.0876 -0.48 278.55  1.00 -0.04  789.6001  2.3920 -0.03   409.   409.   409.     
  5.000  559.4900  1.0475 -0.49 272.79  1.02 -0.12  713.3000  2.4060 -0.05   409.   409.   409.     
  6.000  493.6101  1.0063 -0.54 267.23  1.12 -0.22  642.8999  2.3620  0.02   409.   409.   409.     
  7.000  433.8601  1.0384 -0.42 261.25  1.04 -0.27  578.2000  1.8560 -0.03   408.   408.   408.     
  8.000  380.3799  1.0760 -0.53 254.74  1.11 -0.28  520.0000  1.7470 -0.11   407.   407.   407.     
  9.000  332.1101  1.1195 -0.46 247.58  1.23 -0.24  467.2000  1.5570 -0.42   406.   406.   406.     
 10.000  289.1699  1.0740 -0.38 239.89  1.23 -0.16  419.8999  1.3810 -0.84   406.   406.   406.     
 11.000  250.4500  1.0689 -0.42 231.82  1.26 -0.25  376.3999  1.2620 -0.38   406.   406.   406.     
 12.000  215.5200  1.0653 -0.31 223.53  1.26 -0.03  335.8999  1.1100 -0.36   404.   404.   404.     
 13.000  184.5700  1.0713 -0.23 215.32  1.35  0.10  298.6001  1.2650 -0.53   404.   404.   404.     
 14.000  157.2900  1.0058 -0.25 207.35  1.55 -0.03  264.3000  1.4680 -0.38   404.   404.   404.     
 15.000  133.1400  0.9639 -0.23 200.53  1.77  0.06  231.3000  1.8640 -0.40   398.   398.   398.     
 16.000  112.3400  0.8895 -0.17 195.76  2.24 -0.36  199.9000  2.3720  0.00   395.   395.   395.     
 17.000   94.4640  0.7710 -0.09 196.00  2.34  0.21  167.9000  2.3650 -0.23   363.   363.   363.     
 18.000   79.6450  0.6590 -0.08 199.58  2.34  0.25  139.0000  1.9910  0.02   360.   360.   360.     
 19.000   67.3080  0.5476 -0.25 204.33  2.06  0.16  114.8000  1.4480 -0.19   349.   349.   349.     
 20.000   57.1580  0.4764 -0.27 208.42  1.99  0.07   95.5500  1.0690 -0.14   345.   345.   345.     
 21.000   48.6410  0.4069 -0.01 211.58  1.82  0.10   80.0900  0.8343  0.09   253.   253.   253.     
 22.000   41.5310  0.3661  0.11 214.43  1.95 -0.05   67.4800  0.7661 -0.16   250.   250.   250.     
 23.000   35.5040  0.3188  0.19 216.89  1.81  0.06   57.0300  0.6724  0.03   247.   247.   247.     
 24.000   30.3680  0.3059 -0.06 219.32  1.68 -0.02   48.2400  0.5848 -0.21   260.   260.   260.     
 25.000   26.0630  0.2453 -0.10 221.72  1.81 -0.05   40.9500  0.4707 -0.21   321.   321.   321.     
 26.000   22.3940  0.2167 -0.06 223.78  1.91 -0.85   34.8600  0.4103 -0.03   320.   320.   320.     
 27.000   19.2650  0.1884 -0.11 225.70  1.83 -0.26   29.7400  0.3353  0.00   216.   216.   216.     
 28.000   16.6110  0.1730 -0.08 227.82  2.05  0.06   25.4000  0.3043 -0.02   181.   181.   181.     
 29.000   14.3340  0.1563 -0.17 229.31  2.41 -0.48   21.7800  0.2695  0.03   150.   150.   150.     
 30.000   12.3900  0.1464 -0.17 230.61  2.49  0.04   18.7200  0.2239 -0.20   124.   124.   124.     
     T A B L E  II -  7.  T H E R M O D Y N A M I C  S T A T I S T I C A L  P A R A M E T E R S     
                                              JULY                                                  
 STATION =   912170     TAGUAC                                                                      
    Z      MEAN P   SD P  SKEWP MEAN T  SD T SKEWT    MEAN D    SD D SKEWD  NOBSP  NOBST  NOBSD     
    KM       MB        MB       DEG K  DEG K            G/M3    G/M3                                
  0.000 1010.6001  1.8332 -0.07 300.11  1.80  0.03 1160.0000  7.6930  0.09   420.   420.   420.     
  0.111  997.8799  1.8140 -0.06 299.48  1.71  0.02 1148.0000  7.1410  0.10   420.   420.   420.     
  1.000  901.8401  1.7148 -0.06 294.15  0.71 -0.33 1059.0000  3.2870  0.12   421.   421.   421.     
  2.000  803.0300  1.5224  0.05 288.86  0.88  0.06  962.5000  3.2760  0.05   423.   423.   423.     
  3.000  713.6299  1.3680  0.09 283.88  0.92 -0.35  872.0000  2.8350  0.39   423.   423.   423.     
  4.000  632.3401  1.3873 -0.05 278.22  0.85 -0.08  789.3999  2.5460  0.15   423.   423.   423.     
  5.000  559.0801  1.2767 -0.02 272.52  0.88  0.25  713.1001  2.5220 -0.12   423.   423.   423.     
  6.000  493.1899  1.0943  0.28 267.02  0.95  0.02  642.5000  2.4710  0.05   420.   420.   420.     
  7.000  433.5100  1.0649  0.25 261.09  1.07 -0.04  577.8999  2.3740  0.00   418.   418.   418.     
  8.000  380.0200  1.0105  0.29 254.67  1.16 -0.27  519.6001  2.1720  0.15   416.   416.   416.     
  9.000  331.8000  1.0012  0.18 247.62  1.20 -0.37  466.7000  1.8430  0.33   416.   416.   416.     
 10.000  288.8999  0.9958  0.14 239.97  1.24 -0.06  419.3999  1.5830  0.19   415.   415.   415.     
 11.000  250.2300  0.9661  0.14 231.83  1.30 -0.09  376.0000  1.3870  0.03   414.   414.   414.     
 12.000  215.3300  0.9876  0.07 223.41  1.30 -0.08  335.8000  1.1520 -0.38   413.   413.   413.     
 13.000  184.3600  1.0064  0.01 215.07  1.38  0.02  298.6001  1.2650 -0.68   412.   412.   412.     
 14.000  157.0800  0.9474  0.04 206.95  1.61  0.37  264.3999  1.5230 -0.61   409.   409.   409.     
 15.000  132.9000  0.8967  0.13 199.79  1.82  0.32  231.7000  1.9910 -0.41   400.   400.   400.     
 16.000  112.0800  0.8214  0.26 195.11  2.56  0.20  200.1000  2.8630 -0.35   395.   395.   395.     
 17.000   94.3590  0.6951  0.24 197.85  2.60 -0.56  166.2000  2.6440  0.61   360.   360.   360.     
 18.000   79.6810  0.6070  0.35 201.69  1.86 -0.15  137.6000  1.6660  0.41   356.   356.   356.     
 19.000   67.4260  0.4775  0.21 205.57  1.81 -0.15  114.3000  1.1910  0.41   346.   346.   346.     
 20.000   57.2930  0.4452  0.28 208.93  1.88  0.03   95.5400  0.9604  0.02   344.   344.   344.     
 21.000   48.7320  0.3738 -0.02 211.78  1.66  0.06   80.1700  0.7750  0.02   227.   227.   227.     
 22.000   41.5950  0.3312  0.03 214.15  1.92 -0.01   67.6700  0.7480 -0.28   221.   221.   221.     
 23.000   35.5560  0.3004  0.10 216.45  1.92  0.11   57.2300  0.6543 -0.31   217.   217.   217.     
 24.000   30.4190  0.2742  0.08 218.83  1.89  0.43   48.4300  0.5389  0.16   222.   222.   222.     
 25.000   26.1070  0.2337  0.14 220.88  1.82  0.09   41.1800  0.4551 -0.01   298.   298.   298.     
 26.000   22.4200  0.2117  0.19 222.90  1.99  0.10   35.0400  0.3998 -0.27   294.   294.   294.     
 27.000   19.2640  0.1919  0.16 224.72  1.97  0.00   29.8600  0.3135  0.09   222.   222.   222.     
 28.000   16.5990  0.1756  0.01 226.79  2.17  0.08   25.5000  0.2821  0.13   189.   189.   189.     
 29.000   14.3100  0.1669 -0.02 228.24  2.47 -0.18   21.8400  0.2415  0.09   155.   155.   155.     
 30.000   12.3520  0.1561 -0.18 229.51  2.68  0.00   18.7500  0.2067  0.46   123.   123.   123.     
     T A B L E  II -  8.  T H E R M O D Y N A M I C  S T A T I S T I C A L  P A R A M E T E R S     
                                              AUGUST                                                
 STATION =   912170     TAGUAC                                                                      
    Z      MEAN P   SD P  SKEWP MEAN T  SD T SKEWT    MEAN D    SD D SKEWD  NOBSP  NOBST  NOBSD     
    KM       MB        MB       DEG K  DEG K            G/M3    G/M3                                
  0.000 1010.3000  2.2548 -1.43 299.85  1.71  0.26 1160.0000  7.3760 -0.08   417.   417.   417.     
  0.111  997.5801  2.2302 -1.44 299.24  1.63  0.26 1148.0000  6.9230 -0.05   418.   418.   418.     
  1.000  901.5300  2.1253 -1.41 294.15  0.85 -0.49 1058.0000  3.7080  0.21   419.   419.   419.     
  2.000  802.7800  1.8933 -1.46 288.88  0.91 -0.10  961.8999  3.5300 -0.42   421.   421.   421.     
  3.000  713.4199  1.6914 -1.41 283.79  0.96 -0.05  871.7000  3.3270 -0.61   421.   421.   421.     
  4.000  632.1399  1.6008 -1.21 278.21  0.92  0.13  788.8000  3.1030 -0.62   421.   421.   421.     
  5.000  558.9500  1.4063 -1.06 272.58  0.91 -0.02  712.5000  3.0860 -0.60   421.   421.   421.     
  6.000  493.1001  1.1903 -0.85 267.10  0.99 -0.03  642.0000  3.0610 -0.76   421.   421.   421.     
  7.000  433.5000  1.0645 -0.59 261.27  1.10 -0.02  577.3999  2.9040 -0.70   418.   418.   418.     
  8.000  380.0801  0.9511 -0.13 254.94  1.28  0.10  519.1001  2.7030 -0.72   417.   417.   417.     
  9.000  331.9099  0.9135  0.02 247.90  1.40  0.07  466.3000  2.4210 -0.67   416.   416.   416.     
 10.000  289.0100  0.9320  0.11 240.26  1.51 -0.06  419.0000  2.1090 -0.59   415.   415.   415.     
 11.000  250.3600  0.9471  0.08 232.14  1.57 -0.08  375.7000  1.7420 -0.47   415.   415.   415.     
 12.000  215.4900  0.9940 -0.11 223.67  1.59 -0.25  335.6001  1.4220 -0.33   414.   414.   414.     
 13.000  184.5500  1.0396 -0.05 215.22  1.61 -0.29  298.7000  1.3140 -0.26   413.   413.   413.     
 14.000  157.2300  1.0109 -0.15 206.94  1.61 -0.03  264.7000  1.3630 -0.45   413.   413.   413.     
 15.000  133.0400  0.9240 -0.15 199.69  1.71  0.19  232.1000  2.1180 -0.73   408.   408.   408.     
 16.000  112.1800  0.8039 -0.04 195.22  2.81  0.38  200.2000  3.3210 -0.40   405.   405.   405.     
 17.000   94.4170  0.6789  0.09 197.94  2.72 -0.78  166.2000  2.6040  0.61   368.   368.   368.     
 18.000   79.7400  0.5989  0.21 201.82  2.07 -0.16  137.7000  1.5630  0.23   358.   358.   358.     
 19.000   67.5020  0.4880 -0.20 205.67  1.94  0.10  114.3000  1.2100 -0.06   351.   351.   351.     
 20.000   57.3510  0.4390 -0.21 208.72  1.88  0.04   95.7300  0.9810 -0.15   348.   348.   348.     
 21.000   48.8150  0.3810 -0.24 211.62  1.75  0.25   80.3600  0.7957 -0.20   254.   254.   254.     
 22.000   41.6660  0.3467  0.09 213.97  1.83 -0.05   67.8400  0.6919 -0.16   245.   245.   245.     
 23.000   35.5950  0.3089  0.08 215.89  1.89  0.02   57.4400  0.6167  0.04   240.   240.   240.     
 24.000   30.4250  0.2916 -0.03 217.74  1.95  0.53   48.6800  0.5509 -0.27   251.   251.   251.     
 25.000   26.0830  0.2380 -0.01 219.70  2.01  0.65   41.3600  0.4487 -0.14   294.   294.   294.     
 26.000   22.3830  0.2230  0.13 221.88  2.20  0.17   35.1500  0.3788  0.07   290.   290.   290.     
 27.000   19.2050  0.1990 -0.03 223.80  2.31  0.08   29.9000  0.3148  0.37   187.   187.   187.     
 28.000   16.5280  0.1766 -0.05 225.70  2.39  0.18   25.5100  0.2936  0.20   148.   148.   148.     
 29.000   14.2430  0.1618 -0.14 227.26  2.44  0.03   21.8300  0.2592 -0.13   114.   114.   114.     
 30.000   12.2960  0.1554 -0.43 228.53  2.52 -0.29   18.7400  0.1995 -0.02   101.   101.   101.     
     T A B L E  II -  9.  T H E R M O D Y N A M I C  S T A T I S T I C A L  P A R A M E T E R S     
                                              SEPTEMBER                                             
 STATION =   912170     TAGUAC                                                                      
    Z      MEAN P   SD P  SKEWP MEAN T  SD T SKEWT    MEAN D    SD D SKEWD  NOBSP  NOBST  NOBSD     
    KM       MB        MB       DEG K  DEG K            G/M3    G/M3                                
  0.000 1010.5000  2.3086 -1.49 300.02  1.74 -0.06 1160.0000  7.6990  0.23   398.   398.   398.     
  0.111  997.7500  2.2827 -1.48 299.41  1.65 -0.07 1148.0000  7.1920  0.22   399.   399.   399.     
  1.000  901.7600  2.1712 -1.29 294.32  0.79 -0.33 1058.0000  3.6850 -0.55   401.   401.   401.     
  2.000  803.0200  1.8693 -1.24 289.08  0.90  0.29  961.5000  4.0400 -1.07   403.   403.   403.     
  3.000  713.7000  1.6497 -1.19 284.03  0.99 -0.01  871.3999  3.6050 -0.83   403.   403.   403.     
  4.000  632.4800  1.5702 -0.86 278.38  0.95 -0.26  788.8999  3.1880 -0.78   403.   403.   403.     
  5.000  559.2600  1.3952 -0.63 272.59  0.98 -0.03  713.0000  3.1650 -0.83   403.   403.   403.     
  6.000  493.3301  1.1692 -0.48 267.03  1.03  0.00  642.6001  2.9840 -0.76   403.   403.   403.     
  7.000  433.6599  1.1038 -0.19 261.15  1.11  0.21  578.0000  2.7380 -0.67   403.   403.   403.     
  8.000  380.1899  1.0149 -0.14 254.73  1.22  0.25  519.7000  2.5850 -0.58   403.   403.   403.     
  9.000  331.9700  0.9987 -0.02 247.68  1.37  0.00  466.8000  2.3610 -0.34   402.   402.   402.     
 10.000  289.0200  0.9486  0.00 240.12  1.44 -0.01  419.3000  2.0190 -0.38   400.   400.   400.     
 11.000  250.3500  0.9593 -0.03 232.00  1.47 -0.04  375.8999  1.6840 -0.36   400.   400.   400.     
 12.000  215.4600  0.9900 -0.09 223.56  1.42 -0.06  335.8000  1.3020 -0.37   399.   399.   399.     
 13.000  184.5300  1.0121 -0.13 215.18  1.43 -0.08  298.8000  1.3000 -0.48   397.   397.   397.     
 14.000  157.2200  0.9608 -0.13 207.06  1.57  0.08  264.5000  1.5070 -1.18   393.   393.   393.     
 15.000  133.0200  0.9003 -0.08 200.00  1.70  0.46  231.7000  2.0040 -0.72   391.   391.   391.     
 16.000  112.1900  0.8136  0.03 195.36  2.49 -0.16  200.1000  2.8870  0.04   388.   388.   388.     
 17.000   94.3880  0.6985  0.03 196.47  2.80 -0.52  167.4000  2.6660  0.56   344.   344.   344.     
 18.000   79.6220  0.6231  0.09 200.30  2.10 -0.01  138.5000  1.6990  0.16   334.   334.   334.     
 19.000   67.3060  0.5443 -0.05 204.38  2.00 -0.38  114.7000  1.2460  0.02   323.   323.   323.     
 20.000   57.1410  0.4879 -0.07 207.76  1.79  0.14   95.8200  0.9411 -0.01   321.   321.   321.     
 21.000   48.6020  0.4337  0.19 210.90  1.78  0.15   80.2900  0.7858 -0.10   226.   226.   226.     
 22.000   41.4440  0.3800  0.12 213.12  2.01  0.04   67.7500  0.7831 -0.16   220.   220.   220.     
 23.000   35.4030  0.3481  0.17 215.16  1.85  0.09   57.3300  0.6789 -0.40   216.   216.   216.     
 24.000   30.2240  0.3248  0.27 217.22  1.94 -0.03   48.4800  0.5858  0.03   239.   239.   239.     
 25.000   25.9350  0.2801  0.24 219.63  1.82 -0.06   41.1400  0.4448  0.07   286.   286.   286.     
 26.000   22.2530  0.2521  0.20 221.74  2.00 -0.17   34.9600  0.3994  0.36   285.   285.   285.     
 27.000   19.1270  0.2256  0.48 223.95  2.04  0.06   29.7500  0.3388  0.51   183.   183.   183.     
 28.000   16.4570  0.2013  0.09 226.07  2.14  0.15   25.3600  0.3048  0.24   149.   149.   149.     
 29.000   14.2010  0.1715  0.30 228.38  2.44 -0.16   21.6600  0.2837  0.44   127.   127.   127.     
 30.000   12.2460  0.1595  0.16 229.89  2.49 -0.07   18.5600  0.2392 -0.12   125.   125.   125.     
     T A B L E  II - 10.  T H E R M O D Y N A M I C  S T A T I S T I C A L  P A R A M E T E R S     
                                              OCTOBER                                               
 STATION =   912170     TAGUAC                                                                      
    Z      MEAN P   SD P  SKEWP MEAN T  SD T SKEWT    MEAN D    SD D SKEWD  NOBSP  NOBST  NOBSD     
    KM       MB        MB       DEG K  DEG K            G/M3    G/M3                                
  0.000 1010.3999  2.1000 -1.13 300.07  1.65 -0.06 1159.0000  7.1810  0.22   406.   406.   406.     
  0.111  997.7400  2.0752 -1.11 299.45  1.58 -0.08 1148.0000  6.7360  0.21   407.   407.   407.     
  1.000  901.7500  1.9048 -1.11 294.27  0.82 -0.30 1058.0000  3.8660 -0.23   410.   410.   410.     
  2.000  803.0400  1.6680 -1.04 289.05  0.92 -0.02  961.8000  3.7790 -0.52   411.   411.   411.     
  3.000  713.6899  1.4796 -0.96 284.10  0.94 -0.46  871.3000  3.4110 -0.48   411.   411.   411.     
  4.000  632.4900  1.3471 -0.68 278.67  1.02  0.35  788.3999  3.3410 -0.65   411.   411.   411.     
  5.000  559.2900  1.2198 -0.44 273.02  1.07  0.26  712.2000  3.2020 -0.69   411.   411.   411.     
  6.000  493.4900  1.0568 -0.35 267.49  1.11  0.14  641.8000  3.1230 -0.89   410.   410.   410.     
  7.000  433.8501  0.9799 -0.10 261.44  1.29 -0.25  577.6001  3.1190 -0.76   409.   409.   409.     
  8.000  380.3999  0.9683  0.10 254.93  1.50 -0.12  519.5000  2.9490 -0.92   407.   407.   407.     
  9.000  332.1699  1.0275  0.01 247.84  1.67 -0.09  466.8000  2.6980 -1.10   405.   405.   405.     
 10.000  289.2500  1.0578  0.00 240.16  1.74  0.10  419.5000  2.3520 -1.62   404.   404.   404.     
 11.000  250.5600  1.1072 -0.07 232.17  1.76  0.07  375.8999  2.0060 -2.19   402.   402.   402.     
 12.000  215.6700  1.1511 -0.07 223.87  1.61  0.05  335.6001  1.3550 -0.31   401.   401.   401.     
 13.000  184.7400  1.1526  0.01 215.63  1.53  0.04  298.5000  1.4150 -0.80   400.   400.   400.     
 14.000  157.4600  1.0701  0.05 207.62  1.60  0.23  264.2000  1.7660 -0.87   400.   400.   400.     
 15.000  133.2600  0.9840  0.06 200.76  1.78  0.24  231.2000  2.2780 -0.46   398.   398.   398.     
 16.000  112.3800  0.8462  0.03 195.22  2.26  0.07  200.6000  2.7900  0.11   394.   394.   394.     
 17.000   94.4590  0.7021 -0.04 193.51  2.58  0.01  170.1000  2.7690  0.08   341.   341.   341.     
 18.000   79.4620  0.5989  0.13 196.81  3.05 -0.25  140.7000  2.4450  0.38   328.   328.   328.     
 19.000   67.0480  0.4882 -0.10 202.42  2.51 -0.22  115.4000  1.5420  0.29   305.   305.   305.     
 20.000   56.8610  0.4697  0.35 206.53  2.23 -0.33   95.9200  1.1710  0.26   302.   302.   302.     
 21.000   48.3020  0.3813 -0.30 210.19  1.81 -0.15   80.0600  0.8552  0.20   230.   230.   230.     
 22.000   41.1970  0.3486  0.07 213.15  2.17 -0.01   67.3400  0.8259  0.10   226.   226.   226.     
 23.000   35.1880  0.3286  0.28 215.18  2.12 -0.13   56.9700  0.6599  0.27   224.   224.   224.     
 24.000   30.0430  0.3135  0.14 217.53  2.18  0.10   48.1200  0.5769  0.07   248.   248.   248.     
 25.000   25.7720  0.2548 -0.40 220.07  2.06  0.25   40.8000  0.4829 -0.10   265.   265.   265.     
 26.000   22.1240  0.2348 -0.23 222.80  2.14  0.07   34.5900  0.4181 -0.06   264.   264.   264.     
 27.000   19.0100  0.1988 -0.17 225.12  2.16 -0.01   29.4200  0.3460 -0.19   191.   191.   191.     
 28.000   16.3780  0.1860  0.01 227.13  2.60 -0.42   25.1200  0.3113 -0.07   170.   170.   170.     
 29.000   14.1270  0.1671  0.03 229.21  2.84 -1.07   21.4700  0.2618  0.33   137.   137.   137.     
 30.000   12.2150  0.1532 -0.03 231.29  2.55 -0.07   18.4000  0.2346 -0.22   117.   117.   117.     
     T A B L E  II - 11.  T H E R M O D Y N A M I C  S T A T I S T I C A L  P A R A M E T E R S     
                                              NOVEMBER                                              
 STATION =   912170     TAGUAC                                                                      
    Z      MEAN P   SD P  SKEWP MEAN T  SD T SKEWT    MEAN D    SD D SKEWD  NOBSP  NOBST  NOBSD     
    KM       MB        MB       DEG K  DEG K            G/M3    G/M3                                
  0.000 1010.3999  2.4211 -1.49 300.09  1.36 -0.30 1160.0000  6.0500  0.40   397.   397.   397.     
  0.111  997.7000  2.3960 -1.49 299.49  1.30 -0.31 1148.0000  5.6970  0.36   398.   398.   398.     
  1.000  901.5901  2.2148 -1.48 294.04  0.73 -0.09 1059.0000  3.8490 -0.29   401.   401.   401.     
  2.000  802.9399  1.9604 -1.44 289.23  1.03  0.13  961.7000  4.0880 -0.44   401.   401.   401.     
  3.000  713.5601  1.7211 -1.35 284.44  1.07 -0.22  870.8000  3.5250 -0.35   401.   401.   401.     
  4.000  632.4900  1.5847 -1.14 279.15  1.10  0.38  787.5000  3.1800 -0.61   401.   401.   401.     
  5.000  559.3101  1.4067 -0.94 273.55  1.14  0.25  711.2000  3.2060 -0.42   401.   401.   401.     
  6.000  493.6101  1.2817 -0.84 267.80  1.15  0.02  641.5000  3.1180 -0.50   401.   401.   401.     
  7.000  433.9800  1.1645 -0.63 261.75  1.29 -0.25  577.3000  3.0870 -0.36   400.   400.   400.     
  8.000  380.5901  1.0799 -0.38 255.22  1.44 -0.51  519.3999  2.9960 -0.19   397.   397.   397.     
  9.000  332.3701  1.0445 -0.20 248.15  1.61 -0.21  466.5000  2.7680 -0.29   395.   395.   395.     
 10.000  289.4900  1.0155 -0.13 240.59  1.60 -0.16  419.2000  2.3350 -0.37   392.   392.   392.     
 11.000  250.8500  1.0252 -0.15 232.68  1.58 -0.30  375.6001  1.8510 -0.18   392.   392.   392.     
 12.000  216.0200  1.0442 -0.23 224.53  1.42 -0.29  335.2000  1.3410 -0.54   390.   390.   390.     
 13.000  185.1500  1.0397 -0.21 216.45  1.38 -0.07  298.0000  1.3620 -0.88   387.   387.   387.     
 14.000  157.8800  0.9726 -0.23 208.51  1.50  0.18  263.8000  1.5820 -0.63   387.   387.   387.     
 15.000  133.6700  0.9157 -0.23 201.22  1.64  0.12  231.4000  1.9050 -0.48   381.   381.   381.     
 16.000  112.7000  0.8090 -0.31 194.79  2.03 -0.30  201.6000  2.2340  0.00   380.   380.   380.     
 17.000   94.6500  0.7306 -0.26 191.36  2.07 -0.03  172.3000  2.3070 -0.07   350.   350.   350.     
 18.000   79.4300  0.6415 -0.05 193.13  2.95  0.26  143.3000  2.4790 -0.31   343.   343.   343.     
 19.000   66.8210  0.5108  0.06 199.46  2.94 -0.01  116.7000  1.8810  0.10   319.   319.   319.     
 20.000   56.5830  0.4699  0.07 205.38  2.35 -0.27   95.9900  1.2610  0.16   317.   317.   317.     
 21.000   48.0010  0.3886  0.20 209.31  2.11  0.01   79.9000  0.9160  0.05   249.   249.   249.     
 22.000   40.9170  0.3540  0.15 212.31  2.30 -0.11   67.1500  0.7923  0.12   248.   248.   248.     
 23.000   34.9400  0.3262  0.00 215.21  2.23  0.04   56.5600  0.7028  0.13   248.   248.   248.     
 24.000   29.8390  0.2794  0.30 217.87  2.07  0.34   47.7100  0.5754  0.14   283.   283.   283.     
 25.000   25.6110  0.2535  0.15 220.49  2.31  0.35   40.4700  0.4661  0.13   287.   287.   287.     
 26.000   21.9950  0.2328  0.24 223.08  2.31  0.32   34.3500  0.3985 -0.09   287.   287.   287.     
 27.000   18.8990  0.1986  0.24 225.16  2.58  0.18   29.2400  0.3537 -0.08   210.   210.   210.     
 28.000   16.2880  0.1846  0.14 227.35  2.70 -0.09   24.9600  0.3233 -0.02   176.   176.   176.     
 29.000   14.0550  0.1755 -0.03 229.45  2.83 -0.58   21.3400  0.2694  0.18   155.   155.   155.     
 30.000   12.1300  0.1620  0.07 230.83  2.56 -0.58   18.3100  0.2231 -0.03   145.   145.   145.     
     T A B L E  II - 12.  T H E R M O D Y N A M I C  S T A T I S T I C A L  P A R A M E T E R S     
                                              DECEMBER                                              
 STATION =   912170     TAGUAC                                                                      
    Z      MEAN P   SD P  SKEWP MEAN T  SD T SKEWT    MEAN D    SD D SKEWD  NOBSP  NOBST  NOBSD     
    KM       MB        MB       DEG K  DEG K            G/M3    G/M3                                
  0.000 1012.0000  1.6543 -0.73 299.57  1.25 -0.50 1164.0000  5.5460  0.27   420.   420.   420.     
  0.111  999.2700  1.6369 -0.72 298.99  1.19 -0.48 1152.0000  5.2260  0.20   424.   424.   424.     
  1.000  902.7600  1.4619 -0.68 293.33  0.98  0.28 1064.0000  4.4030 -0.17   425.   425.   425.     
  2.000  803.7400  1.2598 -0.59 288.86  1.31 -0.42  964.8000  4.4310  0.49   427.   427.   427.     
  3.000  714.1699  1.1681 -0.37 284.67  1.42 -0.09  871.8000  3.7730  0.00   427.   427.   427.     
  4.000  632.9500  1.1780 -0.18 279.51  1.46 -0.08  787.7000  3.6720  0.13   427.   427.   427.     
  5.000  559.7400  1.1597 -0.04 273.77  1.31 -0.01  711.6001  3.0370 -0.17   427.   427.   427.     
  6.000  494.0901  1.1614  0.07 267.92  1.28 -0.06  642.1001  2.7100 -0.06   427.   427.   427.     
  7.000  434.3301  1.1034  0.01 261.69  1.24 -0.38  578.1001  2.4760  0.12   426.   426.   426.     
  8.000  380.8899  1.0774 -0.12 255.17  1.17 -0.08  520.0000  2.2600 -0.25   422.   422.   422.     
  9.000  332.5701  1.0408 -0.08 247.98  1.18 -0.27  467.2000  1.9860  0.28   421.   421.   421.     
 10.000  289.6899  1.0403 -0.18 240.32  1.19 -0.31  419.8999  1.7020  0.37   421.   421.   421.     
 11.000  250.9900  1.0017 -0.18 232.40  1.21 -0.35  376.2000  1.4410  0.21   420.   420.   420.     
 12.000  216.0700  0.9762 -0.13 224.22  1.18 -0.55  335.7000  1.2190  0.26   418.   418.   418.     
 13.000  185.1300  0.9634 -0.13 216.12  1.29 -0.55  298.3999  1.3080 -0.26   417.   417.   417.     
 14.000  157.8500  0.9094 -0.14 208.20  1.52 -0.29  264.1001  1.4610 -0.45   417.   417.   417.     
 15.000  133.5500  0.8946 -0.16 200.81  1.48 -0.10  231.7000  1.6230 -0.23   413.   413.   413.     
 16.000  112.5500  0.8353 -0.15 194.14  1.61 -0.08  202.0000  1.6510 -0.24   410.   410.   410.     
 17.000   94.4380  0.7809  0.03 189.72  1.94  0.01  173.4000  1.7920 -0.14   390.   390.   390.     
 18.000   79.1430  0.7264  0.27 191.37  2.57  0.27  144.1000  2.3060 -0.47   385.   385.   385.     
 19.000   66.4880  0.5858  0.20 198.41  2.67 -0.02  116.8000  1.8650  0.07   370.   370.   370.     
 20.000   56.2660  0.5288  0.16 204.75  2.63 -0.12   95.7500  1.4220  0.14   367.   367.   367.     
 21.000   47.7170  0.4286  0.11 209.00  2.44  0.01   79.5400  1.0200 -0.09   301.   301.   301.     
 22.000   40.6830  0.4021  0.09 212.39  2.39 -0.09   66.7300  0.8270 -0.06   298.   298.   298.     
 23.000   34.7480  0.3826  0.30 215.59  2.32  0.17   56.1500  0.6800 -0.02   297.   297.   297.     
 24.000   29.6750  0.3392  0.31 218.06  2.38  0.55   47.4100  0.5289  0.27   337.   337.   337.     
 25.000   25.4560  0.3043 -0.02 220.26  2.54  0.46   40.2600  0.4705 -0.13   341.   341.   341.     
 26.000   21.8510  0.2798 -0.03 222.30  2.53  0.15   34.2400  0.4416 -0.09   339.   339.   339.     
 27.000   18.7620  0.2398  0.16 224.47  2.50  0.42   29.1200  0.4111 -0.13   262.   262.   262.     
 28.000   16.1560  0.2110  0.07 226.39  2.42  0.01   24.8600  0.3408 -0.09   222.   222.   222.     
 29.000   13.9250  0.2002  0.26 228.36  2.97  0.27   21.2400  0.2939  0.03   191.   191.   191.     
 30.000   12.0150  0.1819  0.21 229.78  3.08  0.10   18.2200  0.2433  0.01   186.   186.   186.     