                 76.52N   68.50W                                                
     T A B L E  II - 13.  T H E R M O D Y N A M I C  S T A T I S T I C A L  P A R A M E T E R S
                                              ANNUAL    
 STATION =    42020     THULE                         
    Z      MEAN P   SD P  SKEWP MEAN T  SD T SKEWT    MEAN D    SD D SKEWD  NOBSP  NOBST  NOBSD
    KM       MB        MB       DEG K  DEG K            G/M3    G/M3
   .000 1011.2700 11.4820   .09 262.61 11.89  -.16 1343.1500 64.4000   .32  9027.  9024.  9026.
   .059 1005.1160 11.3990   .06 262.40 11.81  -.15 1335.9400 63.0600   .29  9139.  9139.  9139.
  1.000  887.6360 11.0500  -.38 260.87 10.03  -.12 1185.8600 43.2700   .31  9551.  9561.  9555.
  2.000  777.8710 11.6840  -.19 257.20  9.48  -.07 1054.0300 31.3700   .32  9551.  9552.  9551.
  3.000  680.3150 12.8130  -.13 252.48  9.22   .01  939.0500 23.0200   .25  9540.  9541.  9540.
  4.000  592.9910 13.5980  -.07 246.80  9.15   .07  837.3300 17.1800   .20  9532.  9533.  9532.
  5.000  515.6870 14.1320  -.05 240.63  8.98   .15  746.8000 12.5500   .14  9514.  9515.  9514.
  6.000  446.5350 14.5480   .00 234.27  8.60   .24  664.1100  9.1300   .07  9386.  9386.  9386.
  7.000  385.3400 14.4650   .05 228.18  7.81   .29  588.2900  8.7900  -.58  9271.  9271.  9271.
  8.000  331.1010 13.7460   .11 223.16  6.81   .09  516.7800 11.9200  -.89  9185.  9183.  9185.
  9.000  284.0800 12.7870   .12 220.61  6.43  -.20  448.6100 16.3900  -.30  9058.  9057.  9058.
 10.000  243.4070 11.5070   .06 221.04  7.34  -.26  383.7700 16.9700   .41  8940.  8940.  8940.
 11.000  208.7800 10.3880  -.04 222.47  7.84  -.54  327.0000 13.6100   .88  8799.  8799.  8799.
 12.000  179.1180  9.5740  -.13 222.99  8.10  -.72  279.8000 10.2200   .67  8607.  8607.  8607.
 13.000  153.9660  8.7340  -.22 223.02  8.16  -.85  240.4200  8.5000   .32  8369.  8369.  8369.
 14.000  132.2150  8.0800  -.30 222.72  8.41  -.92  206.6900  7.4600   .13  8092.  8092.  8092.
 15.000  113.6190  7.2870  -.33 222.45  8.60  -.95  177.8200  6.6300  -.02  7924.  7924.  7924.
 16.000   98.0840  6.5200  -.49 222.81  8.46 -1.08  153.2400  6.0100  -.23  7291.  7288.  7291.
 17.000   84.1230  5.9510  -.48 222.35  8.88 -1.04  131.6800  5.4200  -.30  7026.  7023.  7026.
 18.000   72.7430  5.1020  -.58 223.08  8.37 -1.07  113.4900  4.8300  -.52  6542.  6536.  6542.
 19.000   62.4820  4.6260  -.56 222.91  8.67 -1.01   97.5300  4.3700  -.60  6256.  6250.  6256.
 20.000   54.0810  3.8730  -.59 223.74  8.04  -.97   84.1100  3.8100  -.79  5849.  5840.  5849.
 21.000   46.6190  3.4750  -.64 224.10  8.03  -.98   72.3800  3.4700  -.89  5445.  5436.  5445.
 22.000   40.0980  3.1140  -.66 224.17  8.23  -.98   62.2300  3.1300  -.96  5185.  5176.  5185.
 23.000   34.6010  2.6840  -.62 224.57  8.02  -.88   53.6100  2.7500 -1.05  4986.  4978.  4986.
 24.000   29.9010  2.3660  -.73 225.24  7.81  -.96   46.1900  2.4900 -1.16  4675.  4669.  4675.
 25.000   25.6870  2.1390  -.66 225.44  8.12  -.96   39.6400  2.2500 -1.09  4434.  4431.  4434.
 26.000   22.2460  1.8170  -.71 226.62  7.75  -.98   34.1600  1.9400 -1.20  4160.  4158.  4160.
 27.000   19.2470  1.6190  -.78 227.74  7.67 -1.01   29.4000  1.7500 -1.24  3820.  3818.  3820.
 28.000   16.6020  1.4310  -.76 228.83  7.71  -.95   25.2400  1.5400 -1.23  3438.  3438.  3438.
 29.000   14.3490  1.2840  -.75 230.03  8.00  -.96   21.7000  1.3700 -1.21  3204.  3203.  3204.
 30.000   12.4030  1.1120  -.64 231.21  8.10  -.83   18.6600  1.1600 -1.06  2927.  2926.  2927.
 32.000    8.6060  1.6730 -1.14 230.14 16.39  -.25   12.9100  1.9800 -2.14   117.   162.   117.
 34.000    6.4640  1.3570  -.96 233.11 17.83  -.18    9.5200  1.5700 -1.79   122.   175.   122.
 36.000    4.8570  1.0920  -.80 237.05 18.16  -.13    7.0300  1.2400 -1.49   123.   180.   123.
 38.000    3.6870   .8750  -.70 241.92 18.64  -.13    5.2200   .9800 -1.28   127.   190.   127.
 40.000    2.8030   .7130  -.60 246.79 19.06  -.15    3.8900   .7900 -1.06   126.   191.   126.
 42.000    2.1480   .5790  -.52 252.30 19.15  -.24    2.9200   .6300  -.91   129.   194.   129.
 44.000    1.6410   .4750  -.40 256.85 18.94  -.25    2.1900   .5200  -.73   127.   191.   127.
 46.000    1.2750   .3840  -.36 261.94 18.44  -.39    1.6700   .4200  -.65   124.   190.   124.
 48.000     .9940   .3110  -.33 266.06 17.43  -.50    1.2800   .3400  -.57   123.   190.   123.
 50.000     .7650   .2540  -.21 268.36 16.47  -.48     .9800   .2800  -.41   120.   184.   120.
 52.000     .5970   .2050  -.17 269.80 15.65  -.50     .7600   .2300  -.35   116.   178.   116.
 54.000     .4680   .1670  -.17 270.75 14.31  -.62     .6000   .1900  -.33   107.   170.   107.
 56.000     .3580   .1320  -.07 270.08 12.72  -.43     .4600   .1500  -.22   100.   159.   100.
 58.000     .2780   .1050  -.02 268.69 12.53  -.53     .3600   .1200  -.15    95.   152.    95.
 60.000     .2220   .0810   .01 266.95 12.29  -.75     .2900   .1000  -.06    86.   139.    86.
 62.000     .1660   .0640   .19 264.20 12.62  -.66     .2200   .0800   .14    70.   111.    70.
 64.000     .1310   .0510   .10 261.59 13.39  -.25     .1700   .0700   .06    56.    91.    56.
 66.000     .1030   .0390   .12 258.88 14.85   .01     .1400   .0500   .09    42.    72.    42.
 68.000     .0830   .0320  -.12 256.43 16.33   .34     .1100   .0500  -.12    30.    51.    30.
 70.000     .0660   .0270  -.48 259.89 18.82  -.12     .0900   .0400  -.49    10.    22.    10.
     T A B L E  II -  1.  T H E R M O D Y N A M I C  S T A T I S T I C A L  P A R A M E T E R S
                                              JANUARY   
 STATION =    42020     THULE                         
    Z      MEAN P   SD P  SKEWP MEAN T  SD T SKEWT    MEAN D    SD D SKEWD  NOBSP  NOBST  NOBSD
    KM       MB        MB       DEG K  DEG K            G/M3    G/M3
   .000 1008.8850 13.9480   .09 251.76  8.11   .42 1397.0100 47.8200  -.07   744.   744.   744.
   .059 1002.2630 13.7530   .15 251.71  7.97   .45 1388.0400 45.7000  -.11   758.   758.   758.
  1.000  881.7020 12.6380   .24 253.49  7.44   .43 1212.1900 35.6200  -.05   786.   786.   786.
  2.000  769.9370 12.0650   .43 250.89  6.71   .48 1069.3200 25.5200   .00   786.   786.   786.
  3.000  671.0040 11.9150   .57 246.22  6.19   .59  949.5100 18.3700  -.06   786.   786.   786.
  4.000  582.8910 11.6570   .66 240.34  6.00   .73  845.0000 14.3200  -.04   781.   781.   781.
  5.000  505.0560 11.4820   .71 233.95  5.76   .79  752.1500 11.5100  -.06   781.   781.   781.
  6.000  435.3580 11.2840   .85 227.45  5.45   .92  666.8300 10.1300  -.24   771.   771.   771.
  7.000  373.8360 10.6030   .92 221.25  5.03   .89  588.6300 10.6500  -.59   763.   763.   763.
  8.000  319.7380  9.7030  1.02 216.00  4.98   .75  515.7300 12.2700  -.75   755.   755.   755.
  9.000  272.8800  8.9610  1.10 212.85  5.57   .57  446.7700 14.3600  -.25   737.   737.   737.
 10.000  232.4890  7.9640  1.04 211.79  6.17   .46  382.6100 14.3300   .45   710.   710.   710.
 11.000  197.9920  7.1390   .91 211.46  6.52   .46  326.3700 12.6300  1.21   679.   679.   679.
 12.000  168.3600  6.4490   .84 210.78  6.66   .61  278.3600  9.8600  1.54   656.   656.   656.
 13.000  143.4140  6.0140   .71 210.08  7.01   .65  237.8700  7.6800  1.34   591.   591.   591.
 14.000  121.8180  5.4970   .67 209.02  7.40   .72  203.0300  5.8900  1.03   530.   530.   530.
 15.000  104.1050  4.9650   .62 208.48  7.74   .70  173.9500  5.0700   .90   476.   476.   476.
 16.000   88.9370  4.9960   .39 208.24  8.54   .56  148.7400  4.5300   .77   345.   345.   345.
 17.000   75.8760  4.5210   .36 207.52  8.84   .51  127.3300  3.9900   .54   316.   316.   316.
 18.000   65.4520  4.3510  -.03 208.85  9.23   .25  109.1100  3.9600   .23   224.   224.   224.
 19.000   56.1050  3.4610   .11 208.87  8.72   .24   93.5400  3.4000   .15   189.   189.   189.
 20.000   48.9650  2.9080  -.34 211.26  8.10  -.16   80.7300  3.2600  -.27   125.   125.   125.
 21.000   41.7700  2.4870  -.20 211.58  7.75  -.41   68.7600  2.8200  -.38    96.    96.    96.
 22.000   35.6400  2.2650  -.14 211.19  7.87  -.60   58.7700  2.6600  -.15    83.    83.    83.
 23.000   30.7900  1.7020   .12 212.03  6.39  -.28   50.6100  2.3600  -.10    72.    72.    72.
 24.000   26.2670  1.3970  -.48 212.41  6.72  -.22   43.1000  2.0000  -.42    55.    55.    55.
 25.000   22.5360  1.1660  -.42 212.45  7.13  -.08   36.9700  1.7300  -.78    50.    50.    50.
 26.000   19.3970   .9910  -.27 215.13  8.05  -.29   31.4400  1.6100 -1.14    33.    33.    33.
 27.000   16.3700   .9130  -.01 215.05  7.41  -.64   26.5200  1.3700  -.90    20.    20.    20.
 28.000   14.2230   .8560  -.64 219.79  5.83  -.33   22.5600  1.3800 -1.05    13.    13.    13.
 29.000   12.0730   .7720  -.42 220.92  7.99   .19   19.0600  1.2400 -1.01    11.    11.    11.
 30.000   10.5220   .5380  -.65 223.69  8.74   .62   16.4400  1.1900 -1.53     9.     9.     9.
 32.000    7.0550  1.2440   .08 224.86 17.61   .11   10.8800  1.6000  -.06     8.    10.     8.
 34.000    5.0910  1.0270   .28 227.78 17.45   .59    7.7100  1.3400   .21     9.    13.     9.
 36.000    3.8030   .8160   .30 230.70 18.02   .25    5.6700  1.0500   .16     9.    13.     9.
 38.000    2.8590   .6500   .35 237.24 20.52   .61    4.1400   .8400   .25     9.    13.     9.
 40.000    2.1350   .4980   .57 242.37 21.07   .73    3.0400   .6200   .32    10.    14.    10.
 42.000    1.6210   .3980   .62 246.16 19.14   .26    2.2900   .5000   .37    10.    14.    10.
 44.000    1.2010   .3190   .78 248.96 16.91  -.01    1.6800   .4200   .53    11.    15.    11.
 46.000     .9150   .2510   .85 250.83 17.48  -.49    1.2800   .3300   .55    11.    15.    11.
 48.000     .6980   .1960   .93 253.03 15.35  -.67     .9700   .2600   .55    11.    15.    11.
 50.000     .5350   .1540  1.01 255.83 13.72 -1.00     .7300   .2000   .70    11.    15.    11.
 52.000     .4110   .1190  1.07 258.03 12.05  -.72     .5600   .1600   .78    11.    15.    11.
 54.000     .3070   .1030  1.24 262.80 12.44  -.07     .4100   .1500  1.08     9.    14.     9.
 56.000     .2420   .0810  1.09 261.08 13.41   .09     .3300   .1200   .93     8.    12.     8.
 58.000     .1850   .0610  1.13 257.91 14.52   .54     .2600   .0900   .99     8.    12.     8.
 60.000     .1290   .0320  1.31 257.34 14.77  -.02     .1800   .0500  1.63     7.    11.     7.
 62.000     .0990   .0230  1.21 256.96 15.70  -.41     .1400   .0400  1.52     7.    10.     7.
 64.000     .0760   .0180   .94 258.53 16.28  -.05     .1100   .0300  1.12     6.     8.     6.
 66.000     .0000   .0000   .00 259.33 17.86   .51     .0000   .0000   .00     4.     6.     4.
 68.000     .0000   .0000   .00    .00   .00   .00     .0000   .0000   .00     3.     5.     3.
 70.000     .0000   .0000   .00    .00   .00   .00     .0000   .0000   .00     2.     4.     2.
     T A B L E  II -  2.  T H E R M O D Y N A M I C  S T A T I S T I C A L  P A R A M E T E R S
                                              FEBRUARY  
 STATION =    42020     THULE                         
    Z      MEAN P   SD P  SKEWP MEAN T  SD T SKEWT    MEAN D    SD D SKEWD  NOBSP  NOBST  NOBSD
    KM       MB        MB       DEG K  DEG K            G/M3    G/M3
   .000 1010.5920 14.3380   .01 248.57  6.28   .51 1417.0000 43.4800  -.21   634.   634.   634.
   .059 1004.0400 14.1910  -.03 248.45  6.23   .52 1408.4800 42.4800  -.27   652.   652.   652.
  1.000  881.7710 12.1590   .20 250.29  6.97   .52 1227.5100 38.1600  -.68   678.   679.   679.
  2.000  768.7120 11.2490   .44 248.13  7.00   .35 1079.6800 29.0400  -.06   678.   678.   678.
  3.000  669.0060 11.0180   .57 243.94  6.57   .36  955.6900 21.4700  -.05   676.   676.   676.
  4.000  580.4120 10.7690   .66 238.35  6.03   .43  848.4900 15.9100  -.13   676.   676.   676.
  5.000  502.3320 10.6330   .67 232.27  5.59   .56  753.5300 12.1800  -.16   674.   674.   674.
  6.000  432.6020 10.4260   .76 226.19  5.01   .64  666.3300  9.8500   .03   659.   659.   659.
  7.000  371.2610  9.8880   .81 220.76  4.12   .65  585.8600 10.2900   .11   651.   651.   651.
  8.000  317.5370  8.8880   .85 216.47  3.70   .28  511.0600 12.7000  -.01   646.   646.   646.
  9.000  271.1100  7.9300   .91 214.43  4.93   .10  440.6500 15.4700   .28   631.   631.   631.
 10.000  231.2000  6.8380   .82 213.95  6.00  -.01  376.7600 15.3400   .77   622.   622.   622.
 11.000  197.1820  5.8710   .64 214.10  6.23  -.20  321.0800 12.5900  1.24   603.   603.   603.
 12.000  167.9830  5.2120   .48 213.69  6.24  -.10  274.0000  9.3900  1.26   584.   584.   584.
 13.000  143.4310  4.6830   .32 213.52  6.53  -.04  234.1200  7.4500   .95   538.   538.   538.
 14.000  122.1950  4.3360   .18 212.94  7.06   .02  199.9900  6.1700   .78   512.   512.   512.
 15.000  104.4350  3.8140   .14 212.65  7.66   .11  171.1800  5.5400   .53   483.   483.   483.
 16.000   89.0500  3.6930   .07 212.87  8.59   .62  145.8100  5.0700   .19   374.   374.   374.
 17.000   76.0160  3.2890   .09 212.68  9.20   .59  124.5900  4.5200   .15   360.   360.   360.
 18.000   65.0700  3.1010   .01 213.89  9.64   .42  106.0500  4.1800   .16   284.   284.   284.
 19.000   55.5630  2.8170   .07 214.07  9.96   .34   90.4700  3.6600   .04   265.   265.   265.
 20.000   48.0640  2.5210   .00 217.22  9.67   .04   77.1300  3.4800   .12   189.   189.   189.
 21.000   41.0560  2.2550   .03 217.73  9.77  -.05   65.7200  3.0300  -.08   169.   169.   169.
 22.000   35.2090  2.0720  -.03 218.55 10.12   .00   56.1600  2.8600  -.27   147.   147.   147.
 23.000   30.3880  1.8410  -.21 220.29  9.94   .25   48.1000  2.7600  -.36   128.   128.   128.
 24.000   25.9580  1.7660  -.07 221.43 10.55   .16   40.8700  2.4800  -.17   106.   106.   106.
 25.000   22.2470  1.5740  -.03 221.47 10.99   .22   35.0200  2.2900  -.15   101.   101.   101.
 26.000   19.2990  1.4880  -.23 225.15 11.07   .21   29.9000  2.2200  -.20    69.    69.    69.
 27.000   16.5820  1.3020  -.58 226.84 11.64   .29   25.5000  1.9800  -.34    55.    55.    55.
 28.000   14.3310  1.1610  -.74 227.45 12.08   .25   21.9700  1.7400  -.56    51.    51.    51.
 29.000   12.4030   .8790  -.22 228.12 13.06   .02   18.9600  1.4300  -.24    38.    38.    38.
 30.000   10.8110   .6110  -.23 230.72 13.81  -.03   16.3900  1.2100  -.37    27.    27.    27.
 32.000     .0000   .0000   .00 218.39 14.68   .84     .0000   .0000   .00     5.    13.     5.
 34.000     .0000   .0000   .00 220.37 15.46  1.14     .0000   .0000   .00     5.    14.     5.
 36.000    4.2740   .6050   .41 222.16 14.31   .82    6.5800   .5200  -.31     6.    15.     6.
 38.000    3.1790   .5110   .47 225.41 13.73   .55    4.8200   .5000   .28     6.    16.     6.
 40.000    2.3730   .4130   .48 230.36 12.07   .15    3.5300   .5200   .55     6.    15.     6.
 42.000    1.7820   .3210   .44 236.49 12.41  -.29    2.6100   .4500   .70     6.    15.     6.
 44.000    1.3420   .2440   .33 240.29 13.72  -.26    1.9500   .3400   .76     6.    15.     6.
 46.000     .0000   .0000   .00 245.45 15.47  -.52     .0000   .0000   .00     5.    14.     5.
 48.000     .0000   .0000   .00 249.95 17.91  -.73     .0000   .0000   .00     5.    14.     5.
 50.000     .6100   .0810  -.66 253.37 18.96  -.49     .8700   .1400  -.01     6.    14.     6.
 52.000     .4640   .0580  -.85 253.16 19.54  -.05     .6600   .1000  -.29     6.    13.     6.
 54.000     .3530   .0430 -1.00 255.95 19.48  -.15     .5000   .0700  -.39     6.    14.     6.
 56.000     .0000   .0000   .00 259.99 16.94   .45     .0000   .0000   .00     5.    12.     5.
 58.000     .0000   .0000   .00 259.33 14.19   .17     .0000   .0000   .00     5.    12.     5.
 60.000     .0000   .0000   .00 258.16 12.78   .20     .0000   .0000   .00     4.    12.     4.
 62.000     .0000   .0000   .00 258.74 13.47   .83     .0000   .0000   .00     4.    12.     4.
 64.000     .0000   .0000   .00 260.72 17.48  1.23     .0000   .0000   .00     0.     9.     0.
 66.000     .0000   .0000   .00 262.33 18.64  1.30     .0000   .0000   .00     0.     6.     0.
 68.000     .0000   .0000   .00    .00   .00   .00     .0000   .0000   .00     0.     3.     0.
 70.000     .0000   .0000   .00    .00   .00   .00     .0000   .0000   .00     0.     0.     0.
     T A B L E  II -  3.  T H E R M O D Y N A M I C  S T A T I S T I C A L  P A R A M E T E R S
                                              MARCH     
 STATION =    42020     THULE                         
    Z      MEAN P   SD P  SKEWP MEAN T  SD T SKEWT    MEAN D    SD D SKEWD  NOBSP  NOBST  NOBSD
    KM       MB        MB       DEG K  DEG K            G/M3    G/M3
   .000 1012.4420 13.7210  -.19 249.82  6.63   .42 1412.1900 46.1400  -.72   694.   693.   694.
   .059 1005.9800 13.3770  -.17 249.74  6.43   .59 1403.5600 44.2000  -.84   712.   711.   712.
  1.000  883.5920 11.6330   .03 250.53  6.37   .37 1229.0800 35.3500  -.47   747.   747.   747.
  2.000  770.2690 10.4730   .16 247.72  6.12   .12 1083.5300 27.3300  -.23   746.   746.   746.
  3.000  670.2320  9.9310   .21 243.56  5.63   .13  958.8500 20.4500  -.18   745.   745.   745.
  4.000  581.4500  9.5090   .25 238.17  5.29   .19  850.6100 15.5700  -.21   745.   745.   745.
  5.000  503.1550  9.1590   .22 232.29  4.86   .37  754.7000 12.0400  -.33   743.   743.   743.
  6.000  433.3760  8.8180   .30 226.51  4.29   .58  666.5700  9.9300  -.29   730.   730.   730.
  7.000  372.1900  8.2510   .33 221.62  3.82   .41  585.1000 10.6200  -.42   720.   720.   720.
  8.000  318.6540  7.4000   .33 218.56  4.39   .42  508.0400 13.0600  -.30   708.   708.   708.
  9.000  272.5100  6.5250   .24 218.19  5.68   .02  435.3400 13.9200   .23   693.   693.   693.
 10.000  233.0990  5.7990   .10 219.25  6.34  -.38  370.5900 11.5200   .65   682.   682.   682.
 11.000  199.5220  5.4240  -.04 219.92  6.59  -.36  316.2000  8.4900   .67   670.   670.   670.
 12.000  170.7600  5.1660  -.13 219.88  6.90  -.41  270.6400  6.5800   .52   645.   645.   645.
 13.000  146.3150  4.9080  -.24 219.89  7.20  -.49  231.8600  5.4200   .43   623.   623.   623.
 14.000  125.3190  4.6540  -.31 219.90  7.49  -.54  198.5700  4.6100   .32   606.   606.   606.
 15.000  107.4300  4.2850  -.34 219.93  7.64  -.55  170.1800  4.1500   .20   593.   593.   593.
 16.000   92.0600  4.0220  -.46 220.03  7.74  -.61  145.7600  3.8300   .09   541.   541.   541.
 17.000   78.8320  3.7600  -.50 219.96  7.84  -.63  124.8400  3.6000  -.07   538.   538.   538.
 18.000   67.6780  3.4130  -.57 220.46  7.48  -.48  106.9300  3.4700  -.20   512.   512.   512.
 19.000   57.9530  3.1220  -.55 220.42  7.51  -.39   91.5700  3.3200  -.36   497.   497.   497.
 20.000   49.7900  2.7550  -.56 220.78  7.32  -.20   78.5400  3.1800  -.55   481.   481.   481.
 21.000   42.6180  2.5050  -.53 220.79  7.45  -.01   67.2300  3.0500  -.68   457.   457.   457.
 22.000   36.5160  2.2610  -.55 220.86  7.63   .11   57.5900  2.8500  -.73   448.   448.   448.
 23.000   31.3660  2.0030  -.62 221.13  7.74   .15   49.4100  2.6500  -.81   429.   429.   429.
 24.000   26.8420  1.8170  -.56 221.34  7.71   .06   42.2500  2.4500  -.76   404.   404.   404.
 25.000   23.0130  1.5970  -.45 221.62  7.77  -.10   36.1800  2.2000  -.77   393.   393.   393.
 26.000   19.7880  1.4190  -.46 222.32  7.73  -.19   31.0100  1.9700  -.82   373.   373.   373.
 27.000   16.9340  1.2810  -.38 223.04  7.68  -.21   26.4500  1.7900  -.73   333.   333.   333.
 28.000   14.5530  1.1340  -.42 223.82  7.54  -.13   22.6600  1.6000  -.82   306.   306.   306.
 29.000   12.5000  1.0190  -.38 224.71  7.88  -.19   19.3800  1.4500  -.80   282.   282.   282.
 30.000   10.8510   .8240  -.39 225.75  7.59   .21   16.7500  1.1900  -.82   245.   245.   245.
 32.000    7.6960  1.0050  -.10 226.63 10.80   .08   11.6800  1.5700  -.04    13.    17.    13.
 34.000    5.7290   .7490  -.12 228.28 11.84   .23    8.6400  1.2000  -.05    13.    17.    13.
 36.000    4.2790   .5580  -.12 230.60 12.72   .54    6.3700   .9000  -.11    13.    18.    13.
 38.000    3.2100   .4190  -.08 233.16 11.48   .64    4.7200   .6400  -.13    13.    20.    13.
 40.000    2.4060   .3330   .08 235.66 12.05   .43    3.4900   .4600  -.07    12.    20.    12.
 42.000    1.8180   .2610   .11 239.21 10.57   .12    2.6100   .3400   .13    12.    20.    12.
 44.000    1.3780   .2070   .15 243.26  9.33   .38    1.9500   .2400   .10    12.    20.    12.
 46.000    1.0510   .1660   .20 249.36 10.13  -.37    1.4600   .1900   .03    12.    20.    12.
 48.000     .8040   .1330   .24 252.61  8.53  -.53    1.1100   .1500   .11    12.    20.    12.
 50.000     .6160   .1070   .24 255.26  8.69  -.26     .8400   .1200   .30    12.    20.    12.
 52.000     .4720   .0890   .31 257.77  7.69  -.26     .6400   .1100   .32    11.    18.    11.
 54.000     .3640   .0700   .32 262.05  7.47   .36     .4900   .0900   .24    11.    18.    11.
 56.000     .2810   .0550   .33 263.71  9.03   .27     .3800   .0700   .28    11.    20.    11.
 58.000     .2190   .0440   .17 263.55  9.32   .60     .2900   .0600   .06    10.    18.    10.
 60.000     .1690   .0340   .19 263.10 10.39  1.22     .2300   .0500   .15    10.    18.    10.
 62.000     .1300   .0260   .19 262.66 12.52   .50     .1800   .0400   .25    10.    18.    10.
 64.000     .1010   .0210  -.01 262.16 12.84   .89     .1400   .0300  -.12     7.    12.     7.
 66.000     .0780   .0150   .02 258.86 14.21   .58     .1100   .0200  -.12     7.    10.     7.
 68.000     .0000   .0000   .00    .00   .00   .00     .0000   .0000   .00     3.     5.     3.
 70.000     .0000   .0000   .00    .00   .00   .00     .0000   .0000   .00     0.     2.     0.
     T A B L E  II -  4.  T H E R M O D Y N A M I C  S T A T I S T I C A L  P A R A M E T E R S
                                              APRIL     
 STATION =    42020     THULE                         
    Z      MEAN P   SD P  SKEWP MEAN T  SD T SKEWT    MEAN D    SD D SKEWD  NOBSP  NOBST  NOBSD
    KM       MB        MB       DEG K  DEG K            G/M3    G/M3
   .000 1017.1010 11.4830   .62 256.68  5.82   .36 1380.6700 36.2500  -.22   722.   722.   722.
   .059 1010.6350 11.3630   .63 256.53  5.77   .34 1372.6400 35.2400  -.23   736.   736.   736.
  1.000  890.0990 10.0710   .74 254.97  5.82   .25 1216.2400 29.3800  -.16   782.   782.   782.
  2.000  777.7320  9.5000   .79 251.78  5.72   .00 1076.1700 22.6500   .12   782.   782.   782.
  3.000  678.2800  9.4140   .71 247.34  5.48  -.13  955.3900 16.7900   .32   782.   782.   782.
  4.000  589.5860  9.2890   .65 241.85  5.30  -.05  849.3100 12.8200   .31   782.   782.   782.
  5.000  511.2760  9.2160   .54 235.93  4.99   .13  754.9800  9.9800   .17   778.   778.   778.
  6.000  441.4150  9.0990   .54 230.26  4.44   .44  667.8700  9.0000  -.05   768.   768.   768.
  7.000  380.0560  8.4220   .56 225.53  3.61   .38  587.0800 10.7700  -.49   761.   761.   761.
  8.000  326.3560  7.3950   .64 223.44  3.57   .22  508.9400 13.9500  -.27   758.   758.   758.
  9.000  280.2350  6.2750   .66 224.39  4.36  -.20  435.2900 14.7600   .43   749.   749.   749.
 10.000  240.8260  5.2030   .54 226.55  4.15  -.66  370.4800 11.7400  1.15   743.   743.   743.
 11.000  207.2050  4.4130   .25 227.77  3.62  -.98  316.9900  8.7100  1.58   740.   740.   740.
 12.000  178.3460  3.8100  -.03 228.17  3.34 -1.08  272.3400  6.7500  1.40   730.   730.   730.
 13.000  153.5630  3.3020  -.26 228.21  3.14  -.87  234.4500  5.5100   .86   727.   727.   727.
 14.000  132.2020  2.9030  -.47 227.94  2.97  -.66  202.0700  4.6300   .46   703.   703.   703.
 15.000  113.7870  2.5540  -.65 227.63  2.95  -.53  174.1500  3.9900   .26   698.   698.   698.
 16.000   97.9850  2.2440  -.80 227.26  3.07  -.25  150.2200  3.5300   .04   667.   667.   667.
 17.000   84.2570  1.9730  -.93 226.95  3.14  -.08  129.3500  3.0500  -.25   655.   655.   655.
 18.000   72.5090  1.7070  -.96 226.65  3.33   .13  111.4600  2.6400  -.56   646.   646.   646.
 19.000   62.3340  1.5090 -1.01 226.40  3.49   .24   95.9200  2.2700  -.68   632.   632.   632.
 20.000   53.5980  1.3460 -1.02 226.21  3.70   .24   82.5500  1.9400  -.85   631.   631.   631.
 21.000   46.0840  1.2210 -1.02 226.02  3.89   .21   71.0300  1.6600  -.95   602.   602.   602.
 22.000   39.6020  1.1000  -.92 225.82  4.13   .21   61.1000  1.4200  -.98   582.   582.   582.
 23.000   34.0300  1.0000  -.87 225.62  4.39   .23   52.5500  1.2400 -1.04   574.   574.   574.
 24.000   29.2490   .9230  -.83 225.46  4.63   .31   45.1900  1.1000 -1.04   550.   550.   550.
 25.000   25.1230   .8530  -.73 225.57  4.77   .16   38.8000   .9500 -1.06   532.   532.   532.
 26.000   21.5970   .7690  -.64 225.73  4.93   .06   33.3300   .8100  -.97   527.   527.   527.
 27.000   18.5570   .7210  -.60 225.97  5.07  -.01   28.6100   .7300  -.95   482.   482.   482.
 28.000   15.9630   .6670  -.56 226.43  5.15  -.13   24.5600   .6500  -.92   457.   457.   457.
 29.000   13.7420   .6000  -.47 227.04  5.15  -.11   21.0800   .5900  -.77   432.   432.   432.
 30.000   11.7980   .5510  -.48 227.43  5.18  -.06   18.0600   .5500  -.69   404.   404.   404.
 32.000    8.7890   .3260  -.52 232.51 11.29  1.34   13.3600   .4000   .08    11.    17.    11.
 34.000    6.5510   .2620  -.61 237.41 12.52  1.98    9.8200   .3100  -.28    11.    16.    11.
 36.000    4.9050   .2160  -.53 241.53 13.51  1.91    7.2400   .2400  -.46    11.    16.    11.
 38.000    3.6940   .1790  -.44 246.22 12.24  1.69    5.3400   .2000  -.47    11.    18.    11.
 40.000    2.7980   .1480  -.33 250.88 12.36  1.30    3.9600   .1800  -.56    11.    18.    11.
 42.000    2.1340   .1240  -.18 256.60 11.63   .78    2.9400   .1200  -.52    11.    18.    11.
 44.000    1.6380   .1060  -.08 261.94  9.80  -.01    2.2000   .1000 -1.01    11.    18.    11.
 46.000    1.2480   .1180  -.72 266.10  8.99  -.71    1.6500   .1200 -1.15    11.    18.    11.
 48.000     .9690   .0980  -.64 270.63  7.33 -1.08    1.2500   .1000 -1.02    11.    17.    11.
 50.000     .7410   .0830  -.24 271.16  7.59 -1.43     .9600   .0900  -.22     9.    14.     9.
 52.000     .5770   .0670  -.29 273.39  6.69 -1.25     .7400   .0800   .07     9.    13.     9.
 54.000     .4470   .0570  -.15 272.08  6.10  -.45     .5800   .0700   .04     8.    12.     8.
 56.000     .3480   .0450  -.17 271.16  4.92  -.56     .4500   .0600  -.02     8.    12.     8.
 58.000     .2710   .0360  -.20 269.16  3.41 -1.24     .3500   .0400  -.10     8.    12.     8.
 60.000     .2110   .0300  -.21 268.16  6.45   .02     .2700   .0400  -.11     7.    11.     7.
 62.000     .1670   .0260  -.54 269.66  9.43  1.63     .2200   .0300  -.32     6.     8.     6.
 64.000     .0000   .0000   .00 262.16  6.32  -.81     .0000   .0000   .00     5.     7.     5.
 66.000     .0000   .0000   .00 259.99  5.12  -.50     .0000   .0000   .00     4.     6.     4.
 68.000     .0000   .0000   .00    .00   .00   .00     .0000   .0000   .00     2.     4.     2.
 70.000     .0000   .0000   .00    .00   .00   .00     .0000   .0000   .00     0.     3.     0.
     T A B L E  II -  5.  T H E R M O D Y N A M I C  S T A T I S T I C A L  P A R A M E T E R S
                                              MAY       
 STATION =    42020     THULE                         
    Z      MEAN P   SD P  SKEWP MEAN T  SD T SKEWT    MEAN D    SD D SKEWD  NOBSP  NOBST  NOBSD
    KM       MB        MB       DEG K  DEG K            G/M3    G/M3
   .000 1017.1270  9.5330  -.06 267.51  4.82  -.02 1324.0000 29.0200   .46   776.   775.   776.
   .059 1011.0180  9.3990   .00 267.33  4.80   .00 1316.7000 27.8700   .09   780.   780.   780.
  1.000  894.2290  8.5930  -.01 263.27  5.71   .40 1182.8100 25.5500  -.09   823.   823.   823.
  2.000  784.6680  8.3970   .12 259.60  5.67   .30 1052.7500 19.9100   .02   822.   822.   822.
  3.000  687.2460  8.6500   .22 254.98  5.46   .29  938.8000 14.8400   .09   821.   821.   821.
  4.000  599.7810  8.8380   .29 249.36  5.51   .32  837.8800 11.6300   .01   821.   821.   821.
  5.000  522.3290  8.9200   .34 243.08  5.48   .34  748.5800  9.0000  -.01   820.   820.   820.
  6.000  453.0790  9.0090   .35 236.61  5.16   .54  667.1000  7.1400  -.11   816.   816.   816.
  7.000  391.6660  8.8110   .42 230.68  4.31   .79  591.4800  7.7800  -.51   809.   809.   809.
  8.000  337.1440  8.0020   .59 226.48  3.55   .51  518.6500 11.8400  -.62   802.   802.   802.
  9.000  290.0310  6.9780   .71 225.36  4.35   .04  448.5800 15.8000   .06   794.   794.   794.
 10.000  249.2950  5.6620   .80 227.01  5.00  -.64  382.8600 15.3100   .85   776.   776.   776.
 11.000  214.5910  4.5390   .73 228.49  4.11 -1.08  327.3600 11.4400  1.32   774.   774.   774.
 12.000  184.8330  3.6730   .61 229.05  3.01  -.86  281.1900  7.9000  1.21   752.   752.   752.
 13.000  159.2060  3.0690   .51 228.89  2.52  -.46  242.3500  5.9700   .91   748.   748.   748.
 14.000  137.1390  2.6220   .41 228.55  2.36  -.39  209.0700  4.8500   .78   731.   731.   731.
 15.000  118.0600  2.2170   .31 228.16  2.25  -.13  180.2700  3.8900   .69   719.   719.   719.
 16.000  101.6640  1.8950   .23 227.76  2.25  -.12  155.5100  3.2200   .67   708.   708.   708.
 17.000   87.4960  1.6730   .16 227.63  2.32   .17  133.9100  2.7000   .63   682.   682.   682.
 18.000   75.2910  1.4610   .08 227.52  2.36  -.03  115.2700  2.2600   .48   672.   671.   672.
 19.000   64.7970  1.2860   .00 227.54  2.40   .02   99.2100  1.8600   .51   647.   647.   647.
 20.000   55.7680  1.1460  -.06 227.64  2.49   .29   85.3300  1.5800   .27   638.   637.   638.
 21.000   47.9980  1.0310  -.07 227.70  2.50   .13   73.4100  1.3300   .19   610.   608.   610.
 22.000   41.3050   .9260  -.08 227.81  2.55   .36   63.1500  1.1000   .15   600.   599.   600.
 23.000   35.5510   .8430  -.04 227.91  2.56   .27   54.3300   .9600   .06   589.   588.   589.
 24.000   30.6060   .7590  -.04 227.98  2.54   .11   46.7600   .8600  -.07   575.   574.   575.
 25.000   26.3350   .6940   .05 228.35  2.64   .32   40.1700   .7800  -.12   526.   526.   526.
 26.000   22.6800   .6190   .05 228.74  2.70   .35   34.5400   .7100  -.07   515.   515.   515.
 27.000   19.5430   .5700   .10 229.32  2.84   .67   29.6800   .6700   .09   469.   469.   469.
 28.000   16.8540   .5090   .20 230.36  2.84   .47   25.4900   .6000   .34   429.   429.   429.
 29.000   14.5470   .4530   .19 231.53  2.90   .26   21.8800   .5300   .17   399.   399.   399.
 30.000   12.5490   .4090   .20 232.71  3.05   .04   18.7800   .4800   .10   372.   372.   372.
 32.000    9.7160   .3050   .42 238.37  7.21   .43   14.1500   .2700   .06     8.    14.     8.
 34.000    7.3450   .2680   .86 244.45  6.76   .24   10.4200   .2200  -.79     8.    14.     8.
 36.000    5.5940   .2320  1.11 249.95  7.32   .29    7.7500   .2000  -.58     8.    14.     8.
 38.000    4.2880   .2060  1.30 256.96  7.88   .50    5.8000   .1600  -.89     8.    15.     8.
 40.000    3.2520   .1000  -.18 263.59  5.63   .32    4.3300   .1100   .06     7.    14.     7.
 42.000    2.4980   .1000  -.31 269.76  7.61   .30    3.2500   .0800   .35     8.    15.     8.
 44.000    1.9760   .0700  -.94 274.33  6.45  -.76    2.5100   .0700  -.19     6.    12.     6.
 46.000    1.5480   .0580 -1.03 278.41  6.74  -.98    1.9400   .0600  -.89     6.    12.     6.
 48.000    1.2170   .0480 -1.00 281.91  7.36 -1.33    1.5000   .0500  -.79     6.    12.     6.
 50.000     .9600   .0400  -.90 286.71  4.30  1.62    1.1700   .0400 -1.22     6.    11.     6.
 52.000     .7580   .0330  -.78 286.89  4.36  1.17     .9300   .0300 -1.24     6.    11.     6.
 54.000     .0000   .0000   .00 286.66  3.03   .66     .0000   .0000   .00     5.    10.     5.
 56.000     .0000   .0000   .00 284.26  3.14   .40     .0000   .0000   .00     5.    10.     5.
 58.000     .0000   .0000   .00 280.46  4.27   .06     .0000   .0000   .00     5.    10.     5.
 60.000     .0000   .0000   .00 275.94  4.06  1.10     .0000   .0000   .00     5.     9.     5.
 62.000     .0000   .0000   .00 266.87  2.43  -.12     .0000   .0000   .00     4.     7.     4.
 64.000     .0000   .0000   .00 260.02  2.54 -1.05     .0000   .0000   .00     4.     7.     4.
 66.000     .0000   .0000   .00 253.16  4.80  1.09     .0000   .0000   .00     4.     7.     4.
 68.000     .0000   .0000   .00    .00   .00   .00     .0000   .0000   .00     3.     5.     3.
 70.000     .0000   .0000   .00    .00   .00   .00     .0000   .0000   .00     2.     2.     2.
     T A B L E  II -  6.  T H E R M O D Y N A M I C  S T A T I S T I C A L  P A R A M E T E R S
                                              JUNE      
 STATION =    42020     THULE                         
    Z      MEAN P   SD P  SKEWP MEAN T  SD T SKEWT    MEAN D    SD D SKEWD  NOBSP  NOBST  NOBSD
    KM       MB        MB       DEG K  DEG K            G/M3    G/M3
   .000 1012.3940  7.6510   .04 274.73  3.39   .74 1281.9300 18.3300  -.49   778.   778.   777.
   .059 1006.7370  7.8110  -.06 274.53  3.34   .76 1275.6900 18.5900  -.45   780.   781.   780.
  1.000  893.1530  6.9770   .10 270.65  4.11   .02 1148.0700 17.6300  -.29   807.   811.   808.
  2.000  786.4190  6.7770   .19 266.14  4.40   .04 1028.6700 14.9900   .10   809.   810.   809.
  3.000  691.1060  6.8550   .23 261.28  4.37   .06  921.0200 12.1400   .24   806.   807.   806.
  4.000  605.1620  6.9160   .30 255.64  4.38  -.03  824.4700  9.7600   .27   806.   807.   806.
  5.000  528.7660  6.9570   .31 249.45  4.46   .02  738.3600  8.0300   .13   806.   807.   806.
  6.000  460.2300  7.0230   .33 242.68  4.44   .24  660.6100  6.8200   .00   792.   792.   792.
  7.000  399.2980  6.8990   .32 235.80  4.17   .64  589.9300  6.2800  -.55   779.   779.   779.
  8.000  344.5290  6.5360   .51 229.56  3.60   .59  522.8100  7.6600 -1.23   771.   770.   771.
  9.000  296.7630  5.9190   .67 225.89  4.09   .99  457.8100 12.2700  -.74   764.   764.   764.
 10.000  255.1420  4.8850   .89 227.29  5.02   .00  391.3200 13.8000   .32   761.   761.   761.
 11.000  219.7420  3.8780   .91 229.58  4.31 -1.10  333.6200 10.9400  1.42   756.   756.   756.
 12.000  189.4110  3.1110   .79 230.54  3.11 -1.33  286.2900  7.3400  1.53   746.   746.   746.
 13.000  163.3090  2.5750   .78 230.46  2.39  -.83  246.9000  5.2800  1.04   744.   744.   744.
 14.000  140.7870  2.0830   .21 230.19  2.02  -.67  213.0900  4.0800   .60   733.   733.   733.
 15.000  121.3370  1.7520   .18 230.00  1.90  -.77  183.8000  3.3400   .51   726.   726.   726.
 16.000  104.5870  1.4870   .15 229.85  1.79  -.35  158.5300  2.7400   .30   726.   725.   726.
 17.000   90.1580  1.2640   .11 229.95  1.74  -.70  136.5800  2.2900   .26   680.   679.   680.
 18.000   77.7200  1.0870   .12 230.21  1.64  -.52  117.5900  1.8700   .06   676.   674.   676.
 19.000   67.0310   .9540   .15 230.51  1.57  -.29  101.2700  1.5600   .08   645.   643.   645.
 20.000   57.7940   .8170   .05 230.83  1.48  -.02   87.1900  1.2700  -.25   637.   634.   637.
 21.000   49.8600   .7250   .13 231.16  1.48   .18   75.1000  1.1000  -.68   617.   614.   617.
 22.000   43.0090   .6460   .25 231.42  1.47   .44   64.7100   .8900  -.22   590.   587.   590.
 23.000   37.1100   .5800   .37 231.68  1.50   .56   55.7800   .7600  -.03   584.   581.   584.
 24.000   32.0220   .5210   .46 231.97  1.60   .69   48.0800   .6600   .03   580.   578.   580.
 25.000   27.6580   .4740   .57 232.45  1.62   .72   41.4400   .6000   .64   537.   536.   537.
 26.000   23.8780   .4170   .43 233.16  1.81   .82   35.6800   .5100   .23   526.   526.   526.
 27.000   20.6280   .3680   .47 233.88  1.98   .35   30.7200   .4500   .29   522.   521.   522.
 28.000   17.8450   .3310   .26 235.27  2.03   .24   26.4300   .4000   .02   458.   458.   458.
 29.000   15.4620   .3010   .29 236.79  2.21  -.15   22.7400   .3500   .08   432.   432.   432.
 30.000   13.3850   .2770   .35 238.29  2.40  -.72   19.5700   .3100   .25   399.   399.   399.
 32.000   10.2330   .1980  -.94 245.33  6.25   .71   14.6000   .2000  -.52    19.    23.    19.
 34.000    7.7750   .1730  -.79 250.49  6.51   .63   10.8600   .1700  -.77    20.    24.    20.
 36.000    5.9340   .1560  -.53 255.08  6.59  1.06    8.1300   .1400  -.66    19.    24.    19.
 38.000    4.5520   .1390  -.28 260.92  6.89  1.17    6.1000   .1200  -.54    20.    25.    20.
 40.000    3.5180   .1210  -.15 266.40  7.01   .98    4.6100   .1000   .01    20.    25.    20.
 42.000    2.7350   .1050  -.11 272.32  6.58   .52    3.5100   .0900  -.15    20.    25.    20.
 44.000    2.1390   .0900  -.06 278.12  6.56   .13    2.6900   .0800  -.37    20.    25.    20.
 46.000    1.6800   .0760  -.04 282.54  6.34  -.74    2.0800   .0700  -.08    20.    26.    20.
 48.000    1.3260   .0650  -.20 285.35  5.93 -1.29    1.6200   .0700   .15    19.    26.    19.
 50.000    1.0510   .0540  -.45 286.83  4.71 -1.94    1.2800   .0600  -.40    17.    24.    17.
 52.000     .8310   .0440  -.46 286.70  3.86 -1.28    1.0100   .0500  -.51    17.    24.    17.
 54.000     .6540   .0340  -.46 285.28  3.38   .05     .8000   .0400  -.51    17.    24.    17.
 56.000     .5140   .0280  -.33 283.11  3.35  -.68     .6300   .0300  -.61    15.    20.    15.
 58.000     .4060   .0220  -.29 279.83  4.90  -.66     .5000   .0300  -.83    14.    18.    14.
 60.000     .3180   .0180   .02 275.91  5.23   .20     .4000   .0200  -.67    13.    16.    13.
 62.000     .2480   .0120  -.72 271.70  5.72   .55     .3200   .0200  -.76    10.    13.    10.
 64.000     .1930   .0090  -.82 266.56  9.54   .25     .2500   .0200  -.91     8.    10.     8.
 66.000     .1510   .0050  -.85 262.53 12.00  -.01     .2000   .0200 -1.24     6.     8.     6.
 68.000     .1160   .0040   .12 258.03 14.81  -.51     .1600   .0100  -.88     6.     8.     6.
 70.000     .0000   .0000   .00    .00   .00   .00     .0000   .0000   .00     2.     4.     2.
     T A B L E  II -  7.  T H E R M O D Y N A M I C  S T A T I S T I C A L  P A R A M E T E R S
                                              JULY      
 STATION =    42020     THULE                         
    Z      MEAN P   SD P  SKEWP MEAN T  SD T SKEWT    MEAN D    SD D SKEWD  NOBSP  NOBST  NOBSD
    KM       MB        MB       DEG K  DEG K            G/M3    G/M3
   .000 1009.9110  7.6060  -.12 277.85  3.40   .24 1263.9300 19.8100  1.02   782.   781.   782.
   .059 1004.3240  7.8520  -.07 277.64  3.33   .25 1257.6700 18.8400   .06   787.   787.   787.
  1.000  892.4830  6.9880  -.16 274.38  3.19   .07 1131.0600 13.3400  -.23   823.   825.   823.
  2.000  787.2050  6.7190  -.09 269.77  3.52   .00 1015.2300 12.0900  -.15   823.   823.   823.
  3.000  693.0500  6.5560  -.05 264.82  3.64  -.06  910.9400 10.5100  -.18   822.   822.   822.
  4.000  608.0360  6.3760   .00 259.21  3.56  -.17  816.7300  8.5600  -.21   822.   822.   822.
  5.000  532.2340  6.2360  -.01 253.02  3.55  -.22  732.5700  7.0700  -.31   822.   822.   822.
  6.000  464.2420  6.2190  -.04 246.27  3.65  -.27  656.6100  6.1100  -.35   817.   817.   817.
  7.000  403.4880  6.0140  -.08 239.15  3.58  -.16  587.7100  5.3700  -.37   809.   809.   809.
  8.000  348.8860  5.8290  -.04 232.19  3.19   .02  523.4500  5.8500  -.65   805.   805.   805.
  9.000  300.8020  5.2820   .01 226.69  3.17   .73  462.3400  9.6200 -1.08   796.   796.   796.
 10.000  258.6240  4.3480   .13 226.02  4.94   .27  398.9000 13.6800  -.15   795.   795.   795.
 11.000  222.6100  3.3260   .15 229.04  4.60  -.86  338.8000 10.8400   .68   785.   785.   785.
 12.000  191.8610  2.6020   .08 230.83  2.72  -.66  289.6200  6.3600   .39   779.   779.   779.
 13.000  165.4610  2.1300   .07 230.84  2.06  -.29  249.7400  4.6400   .18   770.   770.   770.
 14.000  142.7120  1.7630   .08 230.71  1.87  -.17  215.5200  3.6900   .12   760.   760.   760.
 15.000  123.0510  1.4680   .10 230.61  1.71   .01  185.9100  2.9600   .07   754.   754.   754.
 16.000  106.1060  1.2360   .13 230.51  1.58   .02  160.3600  2.3900  -.01   754.   753.   754.
 17.000   91.5520  1.0420   .18 230.66  1.52   .22  138.2700  1.9300   .04   703.   702.   703.
 18.000   78.9560   .8960   .25 230.91  1.44   .29  119.1100  1.5600  -.03   701.   699.   701.
 19.000   68.1290   .7780   .24 231.20  1.43   .24  102.6100  1.3000  -.22   678.   676.   678.
 20.000   58.7740   .6860   .31 231.54  1.37   .60   88.4000  1.0500  -.14   673.   670.   673.
 21.000   50.7180   .6030   .43 231.84  1.36   .54   76.1900   .9100  -.97   667.   664.   667.
 22.000   43.7690   .5450   .55 232.06  1.41   .80   65.6900   .7600  -.17   627.   623.   627.
 23.000   37.7810   .4860   .63 232.30  1.51  1.20   56.6500   .6500   .13   618.   616.   618.
 24.000   32.6100   .4320   .63 232.55  1.56   .70   48.8400   .5600   .26   614.   612.   614.
 25.000   28.1700   .3820   .74 233.13  1.63   .76   42.0900   .4900   .41   579.   578.   579.
 26.000   24.3420   .3420   .78 234.04  1.59   .33   36.2300   .4200   .53   563.   562.   563.
 27.000   21.0350   .3070   .81 234.99  1.73   .05   31.1900   .3800   .69   561.   561.   561.
 28.000   18.2120   .2760   .74 236.29  1.79  -.42   26.8500   .3500  1.16   497.   497.   497.
 29.000   15.7820   .2530   .69 237.74  1.94  -.94   23.1300   .3100  1.08   473.   473.   473.
 30.000   13.6720   .2210   .38 239.21  2.19 -1.30   19.9100   .2600   .76   435.   435.   435.
 32.000   10.3300   .1630   .33 246.95  4.44  2.82   14.6500   .2400   .34    12.    14.    12.
 34.000    7.8840   .1570   .62 251.56  4.58  1.68   10.9600   .1700   .20    13.    15.    13.
 36.000    6.0270   .1290   .77 256.10  3.79   .98    8.2200   .1300  1.23    14.    16.    14.
 38.000    4.6360   .1090   .57 261.10  3.59   .16    6.2000   .1200  1.37    14.    16.    14.
 40.000    3.5750   .0940   .41 265.44  4.35   .34    4.7000   .0800  1.43    15.    18.    15.
 42.000    2.7800   .0810   .24 270.69  5.22   .27    3.5800   .0600   .75    16.    19.    16.
 44.000    2.1700   .0750   .22 275.16  5.80  -.39    2.7500   .0600   .23    15.    18.    15.
 46.000    1.7010   .0650   .25 279.44  5.62 -1.02    2.1200   .0600  -.09    15.    18.    15.
 48.000    1.3350   .0550   .39 282.74  4.54  -.70    1.6400   .0600   .29    16.    19.    16.
 50.000    1.0520   .0460   .36 285.00  3.06 -1.08    1.2900   .0500   .49    16.    19.    16.
 52.000     .8330   .0370   .16 285.99  2.36  -.47    1.0200   .0400   .40    15.    18.    15.
 54.000     .6570   .0310   .21 285.75  3.28  -.01     .8000   .0400   .20    14.    17.    14.
 56.000     .5140   .0200  -.43 284.01  4.22  -.49     .6300   .0200  -.46    11.    13.    11.
 58.000     .4050   .0160  -.43 281.31  5.47  -.30     .5000   .0200  -.38    11.    13.    11.
 60.000     .3180   .0140  -.32 277.49  5.85  -.34     .4000   .0200  -.36    10.    12.    10.
 62.000     .2490   .0100   .69 269.83  5.45  -.20     .3200   .0100   .27     7.     9.     7.
 64.000     .1940   .0080   .55 264.66  6.28  -.17     .2500   .0100   .56     7.     8.     7.
 66.000     .0000   .0000   .00 259.16  5.83  1.00     .0000   .0000   .00     5.     6.     5.
 68.000     .0000   .0000   .00 249.16  8.69  1.33     .0000   .0000   .00     5.     6.     5.
 70.000     .0000   .0000   .00    .00   .00   .00     .0000   .0000   .00     2.     3.     2.
     T A B L E  II -  8.  T H E R M O D Y N A M I C  S T A T I S T I C A L  P A R A M E T E R S
                                              AUGUST    
 STATION =    42020     THULE                         
    Z      MEAN P   SD P  SKEWP MEAN T  SD T SKEWT    MEAN D    SD D SKEWD  NOBSP  NOBST  NOBSD
    KM       MB        MB       DEG K  DEG K            G/M3    G/M3
   .000 1010.0280  8.5210  -.18 276.68  2.94   .04 1269.3500 17.4600   .08   742.   742.   742.
   .059 1004.2350  8.6780  -.24 276.48  2.89   .07 1263.0300 17.3100   .03   747.   747.   747.
  1.000  891.9880  7.8730  -.33 272.27  3.20   .18 1139.4200 13.5500  -.29   785.   785.   785.
  2.000  786.1160  7.4450  -.09 267.86  3.79  -.13 1021.2700 12.6600  -.02   785.   785.   785.
  3.000  691.4620  7.3480  -.07 263.06  4.09  -.23  915.0200 11.0600  -.04   785.   785.   785.
  4.000  606.0910  7.3270  -.04 257.38  4.23  -.19  820.0100  9.2700  -.24   785.   785.   785.
  5.000  530.0520  7.2400  -.05 251.09  4.31  -.32  735.2300  7.6800  -.10   783.   783.   783.
  6.000  461.8150  7.2840  -.08 244.41  4.37  -.27  658.1600  6.5100  -.28   775.   775.   775.
  7.000  401.0130  7.1310  -.13 237.39  4.23  -.07  588.4500  5.8000  -.32   764.   764.   764.
  8.000  346.3030  6.8660  -.05 230.48  3.62   .20  523.4300  6.4100  -.79   756.   756.   756.
  9.000  298.3010  6.2330   .02 225.03  3.39   .71  461.8800 10.6300 -1.42   749.   749.   749.
 10.000  256.1490  5.1650   .22 223.96  5.29   .50  398.7500 15.1400  -.43   744.   744.   744.
 11.000  220.1570  3.9770   .29 226.63  5.50  -.67  338.7200 13.1600   .63   733.   733.   733.
 12.000  189.4420  3.0880   .21 228.48  3.94 -1.16  288.9700  8.5300   .92   723.   723.   723.
 13.000  163.1600  2.5090   .15 228.86  2.83  -.69  248.4100  5.6800   .47   719.   719.   719.
 14.000  140.5440  2.0790   .08 228.92  2.43  -.61  213.9200  4.2300   .30   709.   709.   709.
 15.000  121.0530  1.7590   .07 228.86  2.26  -.66  184.2800  3.3200   .27   704.   704.   704.
 16.000  104.2650  1.5160   .06 228.82  2.10  -.64  158.7500  2.6200   .22   704.   704.   704.
 17.000   89.8340  1.3340   .05 228.88  1.98  -.46  136.7300  2.1100   .18   679.   679.   679.
 18.000   77.3730  1.1790   .05 228.89  1.92  -.54  117.7500  1.7400   .08   677.   676.   677.
 19.000   66.6570  1.0450   .04 228.98  1.90  -.41  101.4000  1.4100   .07   649.   648.   649.
 20.000   57.4180   .9370   .00 228.98  1.92  -.25   87.3400  1.2100  -.21   646.   645.   646.
 21.000   49.4840   .8390   .00 228.98  1.97  -.38   75.2700  1.0600  -.77   625.   624.   625.
 22.000   42.6240   .7570  -.03 229.08  1.98  -.30   64.8000   .8900  -.32   614.   613.   614.
 23.000   36.7300   .6860   .00 229.23  2.03  -.22   55.8100   .7700  -.07   606.   605.   606.
 24.000   31.6400   .6250   .01 229.38  2.12  -.11   48.0400   .6900   .04   604.   603.   604.
 25.000   27.2770   .5720   .03 229.86  2.12  -.11   41.3300   .6200   .05   572.   571.   572.
 26.000   23.5210   .5210   .05 230.53  2.21  -.19   35.5400   .5600   .02   565.   564.   565.
 27.000   20.2980   .4690   .03 231.35  2.35  -.17   30.5600   .5000  -.04   551.   550.   551.
 28.000   17.5210   .4310   .10 232.52  2.52  -.04   26.2500   .4600   .05   500.   500.   500.
 29.000   15.1520   .3920   .04 233.84  2.58  -.34   22.5700   .4200   .14   478.   477.   478.
 30.000   13.0900   .3610   .06 235.04  2.72  -.42   19.4000   .3800   .36   434.   433.   434.
 32.000    9.8860   .3320  -.43 241.53 10.28  1.11   14.2700   .4000   .72    11.    16.    11.
 34.000    7.4880   .2780  -.50 244.99 10.05   .67   10.6300   .2700   .50    13.    18.    13.
 36.000    5.6960   .2410  -.53 249.55 10.42   .36    7.9400   .2200   .32    13.    18.    13.
 38.000    4.3410   .2020  -.34 253.86 10.70  -.19    5.9400   .1600  -.14    15.    20.    15.
 40.000    3.3360   .1770  -.33 258.61 10.75  -.84    4.4800   .1400  -.26    15.    20.    15.
 42.000    2.5780   .1530  -.32 263.21 10.42  -.88    3.3900   .1200  -.38    15.    21.    15.
 44.000    2.0020   .1320  -.29 267.84  9.93  -.96    2.5800   .1200  -.31    15.    22.    15.
 46.000    1.5590   .1150  -.20 271.98  8.72 -1.01    1.9800   .1000  -.14    14.    22.    14.
 48.000    1.2200   .0960  -.22 274.81  7.93 -1.53    1.5400   .1000  -.01    14.    23.    14.
 50.000     .9520   .0790  -.13 276.52  7.12 -1.67    1.1900   .0900   .19    13.    22.    13.
 52.000     .7450   .0660  -.09 277.71  6.56 -1.03     .9300   .0800   .44    12.    22.    12.
 54.000     .5930   .0520  -.45 276.95  5.49  -.35     .7400   .0600  -.02    10.    19.    10.
 56.000     .4700   .0410  -.88 275.16  5.44  -.35     .6000   .0500  -.62     9.    18.     9.
 58.000     .3590   .0320  -.71 273.44  6.38  -.44     .4600   .0400  -.42     7.    18.     7.
 60.000     .2840   .0260  -.94 270.84  6.78  -.24     .3700   .0300  -.61     8.    19.     8.
 62.000     .0000   .0000   .00 267.49  6.86   .10     .0000   .0000   .00     5.     9.     5.
 64.000     .0000   .0000   .00 262.53  8.75   .33     .0000   .0000   .00     4.     8.     4.
 66.000     .0000   .0000   .00    .00   .00   .00     .0000   .0000   .00     2.     5.     2.
 68.000     .0000   .0000   .00    .00   .00   .00     .0000   .0000   .00     0.     3.     0.
 70.000     .0000   .0000   .00    .00   .00   .00     .0000   .0000   .00     0.     2.     0.
     T A B L E  II -  9.  T H E R M O D Y N A M I C  S T A T I S T I C A L  P A R A M E T E R S
                                              SEPTEMBER 
 STATION =    42020     THULE                         
    Z      MEAN P   SD P  SKEWP MEAN T  SD T SKEWT    MEAN D    SD D SKEWD  NOBSP  NOBST  NOBSD
    KM       MB        MB       DEG K  DEG K            G/M3    G/M3
   .000 1010.3430  8.6820   .15 271.09  4.06  -.60 1296.9700 21.5700   .68   803.   803.   803.
   .059 1004.3730  8.3540   .10 270.89  4.01  -.59 1290.2500 21.0400   .62   810.   810.   810.
  1.000  889.8700  8.1620  -.29 266.97  4.08   .30 1159.7500 18.4600  -.51   860.   863.   862.
  2.000  782.2200  7.7280   .24 262.58  4.93   .15 1037.1900 16.6900   .16   863.   863.   863.
  3.000  686.0840  7.9290   .29 257.50  5.17   .10  927.8800 14.0100   .17   862.   862.   862.
  4.000  599.5700  8.1140   .30 251.65  5.26   .05  829.8900 11.3100   .21   861.   861.   861.
  5.000  522.7690  8.2160   .31 245.22  5.29   .14  742.6300  8.9800   .15   861.   861.   861.
  6.000  453.9360  8.3820   .32 238.48  5.22   .30  663.1100  7.2500  -.13   850.   850.   850.
  7.000  392.6990  8.3390   .35 231.70  4.88   .45  590.4500  6.6200  -.82   841.   841.   841.
  8.000  337.9230  7.9680   .50 225.42  4.27   .52  522.1200  8.3500 -2.22   835.   834.   835.
  9.000  290.3400  7.3080   .59 221.39  3.99   .45  456.7900 13.1600 -1.55   824.   823.   824.
 10.000  248.7870  6.1190   .72 221.97  5.07   .22  390.7400 15.5500   .13   816.   816.   816.
 11.000  213.4610  4.9130   .72 224.28  4.49  -.67  331.7700 12.7200  1.08   811.   811.   811.
 12.000  183.3850  3.9960   .66 225.54  3.21  -.82  283.3500  8.4700  1.11   795.   795.   795.
 13.000  157.5880  3.3470   .62 225.61  2.64  -.23  243.3800  6.3800   .83   791.   791.   791.
 14.000  135.4300  2.8540   .61 225.44  2.35  -.03  209.3000  5.0300   .73   767.   767.   767.
 15.000  116.3740  2.4610   .57 225.14  2.25   .07  180.0900  4.0500   .68   763.   763.   763.
 16.000  100.0910  2.1370   .49 224.80  2.30   .05  155.1200  3.3000   .59   721.   721.   721.
 17.000   85.9270  1.8980   .48 224.31  2.37  -.07  133.4500  2.7400   .61   701.   701.   701.
 18.000   73.7700  1.6770   .46 223.82  2.54  -.16  114.8200  2.2700   .64   696.   696.   696.
 19.000   63.3390  1.5050   .40 223.33  2.69  -.14   98.8000  1.9200   .67   672.   672.   672.
 20.000   54.3410  1.3520   .36 222.81  2.89  -.09   84.9600  1.6100   .66   669.   669.   669.
 21.000   46.6250  1.2260   .33 222.44  3.06  -.05   73.0200  1.3900   .64   641.   641.   641.
 22.000   39.9760  1.1160   .30 222.14  3.24  -.05   62.6900  1.2200   .56   627.   627.   627.
 23.000   34.2720  1.0140   .27 221.86  3.44  -.04   53.8100  1.0600   .57   623.   623.   623.
 24.000   29.3990   .9260   .25 221.74  3.64   .01   46.1800   .9600   .46   607.   607.   607.
 25.000   25.2070   .8510   .22 222.00  3.80  -.01   39.5500   .8700   .40   590.   590.   590.
 26.000   21.6210   .7690   .24 222.35  3.94   .06   33.8700   .7800   .37   583.   583.   583.
 27.000   18.5830   .6980   .17 223.12  4.05   .08   29.0100   .7100   .32   507.   507.   507.
 28.000   15.9580   .6360   .13 223.93  4.26   .07   24.8200   .6400   .29   478.   478.   478.
 29.000   13.7270   .5840   .11 224.89  4.49   .07   21.2600   .5900   .23   443.   443.   443.
 30.000   11.7760   .5320   .12 225.67  4.59  -.12   18.1700   .5400   .25   417.   417.   417.
 32.000    7.6860  2.6170 -2.79 228.06  7.16   .02   11.7700  3.9600 -2.93     9.    10.     9.
 34.000    5.7170  1.9580 -2.73 230.16  8.02   .44    8.6200  2.9100 -2.89     9.    11.     9.
 36.000    4.2760  1.4750 -2.66 234.80  8.81   .66    6.3200  2.1400 -2.86     9.    11.     9.
 38.000    3.2150  1.1180 -2.58 238.52  9.00   .73    4.6700  1.5800 -2.83     9.    11.     9.
 40.000    2.4130   .9110 -2.35 243.56  9.75   .54    3.4100  1.2500 -2.60     8.    10.     8.
 42.000    1.8390   .7010 -2.26 249.06 10.30   .58    2.5400   .9400 -2.54     8.    10.     8.
 44.000    1.4100   .5430 -2.17 252.46 10.13   .54    1.9200   .7200 -2.46     8.    10.     8.
 46.000    1.0840   .4220 -2.10 256.16  8.01   .44    1.4600   .5500 -2.34     8.    10.     8.
 48.000     .8370   .3280 -2.03 261.46  7.51  1.64    1.1100   .4200 -2.25     8.    10.     8.
 50.000     .6500   .2570 -1.95 264.36  7.33  1.04     .8500   .3300 -2.18     8.    10.     8.
 52.000     .5050   .2010 -1.90 264.06  6.79   .35     .6600   .2600 -2.13     8.    10.     8.
 54.000     .3920   .1580 -1.83 264.76  6.88   .57     .5100   .2000 -2.07     8.    10.     8.
 56.000     .3050   .1240 -1.77 264.36  7.69   .55     .4000   .1600 -2.05     8.    10.     8.
 58.000     .2370   .0970 -1.69 263.86  8.27   .24     .3100   .1200 -2.00     8.    10.     8.
 60.000     .2070   .0390  -.02 264.02  9.10  -.07     .2700   .0400  -.01     7.     7.     7.
 62.000     .0000   .0000   .00    .00   .00   .00     .0000   .0000   .00     4.     4.     4.
 64.000     .0000   .0000   .00    .00   .00   .00     .0000   .0000   .00     3.     3.     3.
 66.000     .0000   .0000   .00    .00   .00   .00     .0000   .0000   .00     3.     3.     3.
 68.000     .0000   .0000   .00    .00   .00   .00     .0000   .0000   .00     3.     3.     3.
 70.000     .0000   .0000   .00    .00   .00   .00     .0000   .0000   .00     0.     0.     0.
     T A B L E  II - 10.  T H E R M O D Y N A M I C  S T A T I S T I C A L  P A R A M E T E R S
                                              OCTOBER   
 STATION =    42020     THULE                         
    Z      MEAN P   SD P  SKEWP MEAN T  SD T SKEWT    MEAN D    SD D SKEWD  NOBSP  NOBST  NOBSD
    KM       MB        MB       DEG K  DEG K            G/M3    G/M3
   .000 1008.8940 10.3950  1.01 263.34  6.20  -.01 1334.3800 34.6000   .17   823.   823.   823.
   .059 1002.9360 10.3080   .97 263.23  6.11  -.01 1327.0200 33.1400   .15   830.   830.   830.
  1.000  886.2370  9.5610   .94 261.64  5.35   .05 1179.5300 23.6300   .35   851.   851.   851.
  2.000  776.8990  9.3380   .87 257.58  5.66   .32 1050.5300 19.7600   .13   850.   850.   850.
  3.000  679.5090  9.5440   .78 252.36  5.90   .36  937.9700 15.9500   .26   850.   850.   850.
  4.000  592.2160  9.7530   .72 246.50  6.07   .35  837.0000 12.7800   .42   850.   850.   850.
  5.000  514.9960  9.8640   .69 240.21  6.09   .46  746.9300 10.0500   .48   848.   848.   848.
  6.000  445.7530 10.0560   .66 233.64  5.88   .64  664.6900  7.9400   .30   835.   835.   835.
  7.000  384.4420  9.9800   .71 227.24  5.39   .88  589.3700  7.3100   .05   827.   827.   827.
  8.000  329.9750  9.3200   .81 221.78  4.36  1.13  518.2900  9.2000  -.60   817.   817.   817.
  9.000  282.8450  8.4800   .91 219.34  3.73   .75  449.3200 14.1700  -.18   810.   810.   810.
 10.000  242.0740  7.1650  1.03 220.06  4.27  -.15  383.4500 15.7500   .65   805.   805.   805.
 11.000  207.3410  5.9030  1.03 221.46  3.85  -.83  326.3300 12.9800  1.39   798.   798.   798.
 12.000  177.6450  4.8490   .89 221.75  3.16  -.89  279.1500  9.5000  1.65   780.   780.   780.
 13.000  152.3010  4.0930   .76 221.42  2.78  -.52  239.6600  7.2700  1.43   776.   776.   776.
 14.000  130.4210  3.5350   .63 220.69  2.67  -.42  205.8900  5.8000  1.28   759.   759.   759.
 15.000  111.6840  3.0590   .53 219.89  2.71  -.41  176.9500  4.7200  1.21   758.   758.   758.
 16.000   95.6450  2.6980   .44 218.92  2.80  -.43  152.2000  3.9000  1.08   713.   713.   713.
 17.000   81.7510  2.3900   .37 217.75  2.98  -.43  130.7900  3.2500  1.06   700.   700.   700.
 18.000   69.9450  2.1190   .28 216.61  3.22  -.46  112.4800  2.7900   .95   670.   670.   670.
 19.000   59.6730  1.8870   .22 215.34  3.30  -.42   96.5100  2.4400   .79   637.   636.   637.
 20.000   51.0430  1.6200   .06 214.39  3.24  -.34   82.9200  2.0900   .65   596.   595.   596.
 21.000   43.4950  1.4910  -.01 213.59  3.48   .18   70.9400  1.8800   .49   510.   510.   510.
 22.000   37.0780  1.3250  -.06 212.71  3.55   .04   60.7200  1.6400   .46   468.   468.   468.
 23.000   31.6890  1.0910   .09 212.06  3.27  -.18   52.0400  1.4100   .39   446.   445.   446.
 24.000   27.0880   .9690   .02 211.98  3.23  -.01   44.5100  1.2500   .24   352.   352.   352.
 25.000   23.0510   .8700   .03 211.49  3.46   .00   37.9600  1.1100   .19   336.   336.   336.
 26.000   19.8000   .7310   .03 211.87  3.52   .17   32.5500   .9800   .08   255.   255.   255.
 27.000   16.8880   .6340   .12 212.27  3.37   .23   27.7100   .8500   .21   208.   208.   208.
 28.000   14.4020   .5690   .16 212.64  3.60  -.02   23.5900   .7300   .24   175.   175.   175.
 29.000   12.2800   .4880   .41 213.03  3.50   .11   20.0700   .6300   .25   156.   156.   156.
 30.000   10.4990   .4220   .45 213.43  3.61  -.04   17.1400   .5300   .28   144.   144.   144.
 32.000    7.1630   .4920  -.29 211.30  5.27   .03   11.8500   .6200 -1.12     6.     7.     6.
 34.000    5.1930   .3850  -.08 211.16  6.07  -.14    8.5600   .5100  -.88     6.     8.     6.
 36.000    3.7770   .2930   .06 215.03  6.81   .83    6.1400   .4400  -.54     6.     8.     6.
 38.000    2.7870   .2140  -.14 219.60  7.43   .34    4.4300   .3100 -1.01     7.     9.     7.
 40.000    2.0510   .1630   .04 222.60  7.07   .33    3.2200   .2400  -.65     7.     9.     7.
 42.000    1.5170   .1240   .21 226.60  7.55  -.33    2.3300   .1800  -.38     7.     9.     7.
 44.000    1.1310   .0960   .31 232.94  8.48  -.32    1.6900   .1400  -.12     7.     9.     7.
 46.000     .8490   .0750   .37 238.60  8.57   .92    1.2400   .0900   .19     7.     9.     7.
 48.000     .6420   .0610   .42 244.16  8.93   .91     .9200   .0700   .14     7.     9.     7.
 50.000     .4890   .0490   .44 252.94  8.76   .53     .6700   .0600   .49     7.     9.     7.
 52.000     .3750   .0390   .47 255.83  9.91  1.06     .5100   .0400   .27     7.     9.     7.
 54.000     .2880   .0320   .53 257.60 10.69   .59     .3900   .0300   .02     7.     9.     7.
 56.000     .2220   .0260   .57 260.83  7.19   .39     .3000   .0300   .37     7.     9.     7.
 58.000     .1720   .0220   .62 263.16  8.00  -.16     .2300   .0200   .15     7.     9.     7.
 60.000     .1280   .0140   .96 263.66  8.54 -1.47     .1700   .0200   .49     6.     8.     6.
 62.000     .0000   .0000   .00 266.02 10.07 -2.19     .0000   .0000   .00     5.     7.     5.
 64.000     .0000   .0000   .00 264.73 11.49 -1.71     .0000   .0000   .00     5.     7.     5.
 66.000     .0000   .0000   .00 261.66 14.31  -.81     .0000   .0000   .00     4.     6.     4.
 68.000     .0000   .0000   .00    .00   .00   .00     .0000   .0000   .00     3.     4.     3.
 70.000     .0000   .0000   .00    .00   .00   .00     .0000   .0000   .00     0.     0.     0.
     T A B L E  II - 11.  T H E R M O D Y N A M I C  S T A T I S T I C A L  P A R A M E T E R S
                                              NOVEMBER  
 STATION =    42020     THULE                         
    Z      MEAN P   SD P  SKEWP MEAN T  SD T SKEWT    MEAN D    SD D SKEWD  NOBSP  NOBST  NOBSD
    KM       MB        MB       DEG K  DEG K            G/M3    G/M3
   .000 1009.3670 12.4730   .21 256.20  6.46   .14 1372.8600 41.6700   .06   739.   739.   739.
   .059 1003.0400 12.1290   .27 256.16  6.32   .19 1364.4200 39.9500  -.01   744.   744.   744.
  1.000  883.5940 11.9200 -1.38 255.69  5.48   .36 1203.8500 29.4500  -.41   776.   776.   776.
  2.000  772.4330  9.8270   .40 251.88  5.30   .46 1068.3400 22.5100  -.35   775.   775.   775.
  3.000  673.6050  9.3480   .53 247.13  5.02   .43  949.5900 17.5200  -.24   774.   774.   774.
  4.000  585.4400  8.9860   .62 241.41  4.92   .51  844.8900 13.9800  -.20   772.   772.   772.
  5.000  507.6340  8.6760   .64 235.29  4.74   .67  751.6600 11.2300  -.20   769.   769.   769.
  6.000  438.0040  8.4810   .74 229.00  4.52   .77  666.4000  9.7500  -.29   761.   761.   761.
  7.000  376.6270  8.0570   .84 223.14  4.10   .71  588.0300  9.6700  -.50   748.   748.   748.
  8.000  322.6020  7.3060   .93 218.64  3.84   .54  514.0900 10.8600  -.58   737.   737.   737.
  9.000  275.9480  6.5440  1.01 217.31  4.19   .22  442.5200 13.0300   .15   724.   724.   724.
 10.000  235.8600  5.6180   .96 218.18  4.47  -.31  376.7700 12.2000   .96   713.   713.   713.
 11.000  201.7790  4.7950   .76 219.02  4.09  -.75  321.0500  9.6900  1.66   705.   705.   705.
 12.000  172.5690  4.1640   .52 218.83  4.02  -.66  274.7900  7.5600  1.81   690.   690.   690.
 13.000  147.6890  3.6890   .30 218.37  3.96  -.37  235.6500  5.9000  1.44   666.   666.   666.
 14.000  126.1800  3.3230   .14 217.44  4.25  -.31  202.1900  4.8800  1.27   646.   646.   646.
 15.000  107.7970  2.9770  -.08 216.40  4.60  -.23  173.5600  4.0100  1.14   645.   645.   645.
 16.000   92.1340  2.7120  -.18 215.40  4.88  -.14  148.9900  3.6300   .38   595.   594.   595.
 17.000   78.5510  2.4780  -.28 214.03  5.27  -.12  127.8300  3.0900   .42   586.   585.   586.
 18.000   67.2000  2.2080  -.27 213.40  5.58   .35  109.7100  2.7000   .48   506.   506.   506.
 19.000   57.1680  2.0420  -.28 212.22  5.88   .19   93.8500  2.1900   .32   479.   479.   479.
 20.000   49.0510  1.7080  -.17 212.13  5.77   .22   80.5600  1.9000   .32   392.   392.   392.
 21.000   41.8520  1.5520   .00 211.88  5.99   .17   68.8100  1.5700   .17   320.   320.   320.
 22.000   35.6660  1.4700   .02 211.33  6.22   .22   58.7900  1.4300  -.06   279.   279.   279.
 23.000   30.6660  1.2430   .14 211.92  6.13   .17   50.4000  1.1800  -.05   228.   228.   228.
 24.000   26.1600  1.2420   .15 211.78  6.85   .22   43.0200  1.0800  -.05   156.   156.   156.
 25.000   22.2990  1.1610   .17 211.39  7.46   .55   36.7200  1.0100  -.15   151.   151.   151.
 26.000   19.2800  1.0700   .08 213.22  8.29  1.32   31.5000  1.0000  -.45   100.   100.   100.
 27.000   16.4950   .9150   .31 212.75  6.86   .23   26.9900   .8600   .27    79.    79.    79.
 28.000   14.1510   .9150   .18 212.86  7.50   .18   23.1300   .8600   .19    55.    55.    55.
 29.000   12.0110   .8640   .30 211.74  7.04   .39   19.7300   .8900   .24    45.    45.    45.
 30.000   10.5480   .7720  -.36 214.11  6.35  -.12   17.1400   .9100  -.41    29.    29.    29.
 32.000    6.7470   .4470   .26 207.01  4.43  -.35   11.3300   .7100   .15    10.    13.    10.
 34.000    4.8770   .3360   .27 209.87  5.48   .00    8.0900   .5200   .06    10.    14.    10.
 36.000    3.5470   .2540   .18 214.45  4.81  -.10    5.7500   .3900   .60    10.    14.    10.
 38.000    2.5950   .1930   .00 217.95  6.45   .13    4.1200   .3000   .56    10.    14.    10.
 40.000    1.9120   .1470  -.20 220.95  6.64  -.09    2.9800   .2200   .31    10.    14.    10.
 42.000    1.4060   .1130  -.13 226.45  7.85   .27    2.1500   .1800   .22    11.    14.    11.
 44.000    1.0480   .0840  -.20 232.73  8.43   .18    1.5700   .1300   .24    11.    14.    11.
 46.000     .7880   .0640  -.42 241.30 13.56  2.08    1.1400   .1000   .20    11.    14.    11.
 48.000     .5970   .0540  -.29 247.93  9.78   .28     .8400   .0700  -.09    10.    13.    10.
 50.000     .4620   .0460  -.20 252.30  7.95  -.01     .6500   .0700   .07    11.    14.    11.
 52.000     .3540   .0340  -.25 253.78  5.68   .53     .4900   .0500  -.16    11.    13.    11.
 54.000     .2710   .0280  -.07 255.98  7.83   .34     .3700   .0400  -.36     9.    11.     9.
 56.000     .2110   .0220  -.18 259.58  8.10 -1.15     .2800   .0300  -.23    10.    12.    10.
 58.000     .1620   .0180   .00 261.06 10.24 -1.66     .2200   .0300   .38     9.    10.     9.
 60.000     .1260   .0140   .13 260.03 15.51 -1.17     .1700   .0200   .16     7.     8.     7.
 62.000     .0980   .0120   .25 258.87 22.79  -.48     .1300   .0200  -.35     6.     7.     6.
 64.000     .0000   .0000   .00 253.99 26.48  -.25     .0000   .0000   .00     5.     6.     5.
 66.000     .0000   .0000   .00    .00   .00   .00     .0000   .0000   .00     3.     4.     3.
 68.000     .0000   .0000   .00    .00   .00   .00     .0000   .0000   .00     2.     3.     2.
 70.000     .0000   .0000   .00    .00   .00   .00     .0000   .0000   .00     2.     2.     2.
     T A B L E  II - 12.  T H E R M O D Y N A M I C  S T A T I S T I C A L  P A R A M E T E R S
                                              DECEMBER  
 STATION =    42020     THULE                         
    Z      MEAN P   SD P  SKEWP MEAN T  SD T SKEWT    MEAN D    SD D SKEWD  NOBSP  NOBST  NOBSD
    KM       MB        MB       DEG K  DEG K            G/M3    G/M3
   .000 1008.5550 13.1650   .00 252.32  7.44   .55 1393.2000 44.1600  -.17   790.   790.   790.
   .059 1002.0710 13.2530   .02 252.19  7.35   .56 1384.9300 43.4200  -.14   803.   803.   803.
  1.000  881.4600 11.7000   .24 253.01  7.23   .29 1214.1400 35.9200  -.02   833.   833.   833.
  2.000  769.2850 11.1230   .48 249.53  7.00   .12 1074.3300 27.2700   .00   832.   832.   832.
  3.000  669.9260 11.1270   .59 244.80  6.52   .06  953.5900 19.9400   .02   831.   831.   831.
  4.000  581.4900 11.0320   .60 239.05  6.24   .10  847.5600 15.0400  -.10   831.   831.   831.
  5.000  503.4950 10.9800   .55 233.06  5.80   .33  752.7100 11.4300  -.41   829.   829.   829.
  6.000  433.8450 10.8550   .57 226.99  5.34   .58  665.8800  9.4600  -.39   812.   812.   812.
  7.000  372.6490 10.3140   .62 221.38  4.65   .75  586.3800 10.1300  -.44   799.   799.   799.
  8.000  318.8090  9.3270   .65 216.82  4.04   .62  512.2500 12.2900  -.47   795.   795.   795.
  9.000  272.2490  8.3340   .72 214.64  4.28   .54  442.0100 14.9000   .05   787.   787.   787.
 10.000  232.1300  7.1350   .72 214.16  4.96   .34  377.7900 14.5900   .63   773.   773.   773.
 11.000  198.0310  6.0880   .65 214.25  5.09   .47  322.1500 11.7700   .92   745.   745.   745.
 12.000  168.7000  5.2340   .55 213.66  5.34   .66  275.1500  8.9400   .88   727.   727.   727.
 13.000  143.9670  4.7070   .46 212.82  5.67   .82  235.7300  7.1800   .72   676.   676.   676.
 14.000  122.5630  4.3350   .45 211.73  6.23   .90  201.7000  5.8400   .62   636.   636.   636.
 15.000  104.5160  3.8790   .53 210.62  6.89  1.04  172.9200  4.9900   .08   605.   605.   605.
 16.000   89.1350  3.8350   .49 210.05  7.66   .88  147.8600  4.2200   .23   443.   443.   443.
 17.000   75.7720  3.5850   .54 208.55  8.14   .89  126.5700  3.5800   .20   426.   426.   426.
 18.000   65.3800  3.4130   .33 209.89  8.74   .64  108.5000  3.2300  -.13   278.   278.   278.
 19.000   55.6020  3.2160   .36 208.77  8.99   .55   92.7600  2.8500   .07   266.   266.   266.
 20.000   48.2470  3.0230   .04 210.87  9.04   .21   79.6600  2.6100  -.04   172.   172.   172.
 21.000   41.3010  2.9490  -.15 210.75  9.07   .01   68.2000  2.5400  -.25   131.   131.   131.
 22.000   35.2170  2.6530  -.09 209.81  9.12   .05   58.4100  2.3700  -.26   120.   120.   120.
 23.000   30.6430  2.2460  -.43 211.20  8.39   .07   50.4900  2.2500  -.79    89.    89.    89.
 24.000   26.2710  2.1060  -.62 211.56  8.40   .06   43.2200  2.2700  -.93    72.    72.    72.
 25.000   22.5510  1.7650  -.61 211.26  8.34   .09   37.1600  2.0100 -1.15    67.    67.    67.
 26.000   19.4590  1.6330  -.84 211.53  8.76  -.15   32.0000  1.8500 -1.49    51.    51.    51.
 27.000   16.5580  1.6970  -.73 211.49  9.04  -.27   27.2000  1.9700 -1.23    33.    33.    33.
 28.000   14.3320  1.6810 -1.18 213.42  8.28  -.71   23.3300  2.0500 -1.50    19.    19.    19.
 29.000   12.0400  1.5560 -1.08 212.73  6.54  -.31   19.6900  2.0700 -1.36    15.    15.    15.
 30.000   10.5080  1.3790 -1.62 214.65  3.80   .24   17.0200  2.0300 -1.80    12.    12.    12.
 32.000     .0000   .0000   .00 204.53  7.13   .13     .0000   .0000   .00     5.     8.     5.
 34.000     .0000   .0000   .00 208.43  9.09  -.22     .0000   .0000   .00     5.    11.     5.
 36.000     .0000   .0000   .00 215.93  9.34  -.14     .0000   .0000   .00     5.    13.     5.
 38.000     .0000   .0000   .00 222.78 11.04   .76     .0000   .0000   .00     5.    13.     5.
 40.000     .0000   .0000   .00 230.52 11.74  1.44     .0000   .0000   .00     5.    14.     5.
 42.000     .0000   .0000   .00 237.52 14.38  1.03     .0000   .0000   .00     5.    14.     5.
 44.000     .0000   .0000   .00 243.85 16.06  1.04     .0000   .0000   .00     5.    13.     5.
 46.000     .0000   .0000   .00 250.49 14.74   .85     .0000   .0000   .00     4.    12.     4.
 48.000     .0000   .0000   .00 256.16 14.45   .33     .0000   .0000   .00     4.    12.     4.
 50.000     .0000   .0000   .00 258.58 12.04   .52     .0000   .0000   .00     4.    12.     4.
 52.000     .0000   .0000   .00 261.08 10.04  -.09     .0000   .0000   .00     3.    12.     3.
 54.000     .0000   .0000   .00 264.08  9.31  -.32     .0000   .0000   .00     3.    12.     3.
 56.000     .0000   .0000   .00 264.16 13.11   .22     .0000   .0000   .00     3.    11.     3.
 58.000     .0000   .0000   .00 262.16 19.30   .44     .0000   .0000   .00     3.    10.     3.
 60.000     .0000   .0000   .00 260.03 22.03   .30     .0000   .0000   .00     2.     8.     2.
 62.000     .0000   .0000   .00 257.73 18.04   .49     .0000   .0000   .00     2.     7.     2.
 64.000     .0000   .0000   .00 259.33 21.70   .33     .0000   .0000   .00     2.     6.     2.
 66.000     .0000   .0000   .00    .00   .00   .00     .0000   .0000   .00     0.     5.     0.
 68.000     .0000   .0000   .00    .00   .00   .00     .0000   .0000   .00     0.     2.     0.
 70.000     .0000   .0000   .00    .00   .00   .00     .0000   .0000   .00     0.     0.     0.
