 0 1VBG 723930   34.75N  120.57W 100 1601279   2 980   0  30                                        
1    T A B L E  II - 13.  T H E R M O D Y N A M I C  S T A T I S T I C A L  P A R A M E T E R S     
                                              ANNUAL                                                
 STATION =   723930     VANDENBURG AFB, CA                                                          
    Z      MEAN P   SD P  SKEWP MEAN T  SD T SKEWT    MEAN D    SD D SKEWD  NOBSP  NOBST  NOBSD     
    KM       MB        MB       DEG K  DEG K            G/M3    G/M3                                
  0.000 1016.6001  3.8987  0.07 286.34  4.18  0.10 1232.0000 20.3600  0.23  9861.  9861.  9861.     
  0.100 1004.5000  3.8091  0.06 286.18  4.10  0.08 1218.0000 19.7200  0.24 10136. 10136. 10136.     
  1.000  903.1299  3.5985 -0.34 287.74  7.14  0.06 1091.0000 26.7300 -0.06 10228. 10228. 10228.     
  2.000  801.4600  4.2208 -0.80 283.38  6.97 -0.23  984.2000 21.4900  0.17 10246. 10246. 10246.     
  3.000  709.8799  5.3501 -0.80 277.87  6.42 -0.43  889.3000 15.7400  0.35 10245. 10245. 10245.     
  4.000  626.9199  6.3203 -0.78 271.84  6.13 -0.54  803.0000 11.8000  0.37 10240. 10240. 10240.     
  5.000  552.3101  7.0361 -0.77 265.29  6.06 -0.56  725.0000  9.2370  0.32 10239. 10239. 10239.     
  6.000  485.2300  7.5983 -0.75 258.31  6.15 -0.50  654.3000  7.4390  0.19 10229. 10229. 10229.     
  7.000  424.2600  7.8619 -0.69 250.93  6.19 -0.37  589.0000  6.0650  0.05 10226. 10226. 10226.     
  8.000  369.8101  8.0238 -0.62 243.40  6.11 -0.20  529.3000  5.2390 -0.38 10210. 10210. 10210.     
  9.000  320.8301  7.9655 -0.53 235.82  5.92 -0.02  473.8999  5.4580 -1.51 10198. 10198. 10198.     
 10.000  277.1499  7.8322 -0.38 228.54  5.67  0.11  422.3999  6.7130 -2.15 10190. 10190. 10190.     
 11.000  238.3700  7.4104 -0.22 222.16  5.37  0.12  373.8000  8.6300 -1.86 10162. 10162. 10162.     
 12.000  204.1800  6.6860 -0.07 217.54  5.08 -0.08  327.1001 10.5000 -1.22 10148. 10148. 10148.     
 13.000  174.4900  5.8391  0.06 214.86  4.42 -0.29  283.0000 11.1800 -0.55 10106. 10106. 10106.     
 14.000  148.8800  4.9153  0.14 212.73  3.84  0.14  243.9000 10.6500 -0.12 10066. 10066. 10066.     
 15.000  126.7500  3.9767  0.17 210.43  4.04  0.18  210.0000  9.5760  0.09 10025. 10025. 10025.     
 16.000  107.8100  3.1964  0.19 208.76  4.21  0.13  180.0000  8.0020  0.12  9996.  9996.  9996.     
 17.000   91.6140  2.5686  0.21 208.45  3.91  0.06  153.2000  6.0850  0.05  9717.  9717.  9717.     
 18.000   77.9010  2.1663  0.38 209.23  3.49 -0.15  129.8000  4.5100  0.09  9724.  9724.  9724.     
 19.000   66.2930  1.8377  0.43 210.78  3.03 -0.45  109.6000  3.2280  0.13  9591.  9591.  9591.     
 20.000   56.4830  1.6032  0.43 212.38  2.88 -0.57   92.6500  2.4130  0.17  9487.  9487.  9487.     
 21.000   48.2030  1.4591  0.43 214.07  2.91 -0.57   78.4400  1.9610  0.28  7824.  7824.  7824.     
 22.000   41.1060  1.2725  0.48 215.56  3.04 -0.53   66.4300  1.5910  0.45  7409.  7409.  7409.     
 23.000   35.1540  1.1438  0.43 217.08  3.20 -0.53   56.4100  1.3440  0.55  7295.  7295.  7295.     
 24.000   30.0220  1.0140  0.50 218.37  3.40 -0.44   47.8900  1.1360  0.69  7929.  7929.  7929.     
 25.000   25.8280  0.9280  0.27 220.08  3.54 -0.51   40.8700  1.0090  0.50  8710.  8710.  8710.     
 26.000   22.1580  0.8423  0.23 221.57  3.76 -0.49   34.8300  0.9059  0.46  8598.  8598.  8598.     
 27.000   19.0590  0.7816  0.15 223.24  4.05 -0.46   29.7300  0.8349  0.36  7042.  7042.  7042.     
 28.000   16.3630  0.7001  0.15 224.66  4.25 -0.41   25.3700  0.7510  0.31  6313.  6313.  6313.     
 29.000   14.0820  0.6308  0.14 226.22  4.41 -0.36   21.6800  0.6876  0.26  5921.  5921.  5921.     
 30.000   12.1330  0.5679  0.14 227.84  4.54 -0.38   18.5500  0.6334  0.20  5769.  5769.  5769.     
 32.000    9.1080  0.4387  0.08 233.68  5.57 -0.07   13.5900  0.5425 -0.10  1400.  1446.  1367.     
 34.000    6.8400  0.3520  0.06 238.18  6.02 -0.23   10.0100  0.4507 -0.11  1411.  1459.  1402.     
 36.000    5.1670  0.2832  0.04 242.94  6.67 -0.22    7.4120  0.3733 -0.20  1413.  1463.  1413.     
 38.000    3.9250  0.2267  0.00 247.88  7.23 -0.25    5.5190  0.2921 -0.19  1421.  1475.  1421.     
 40.000    2.9980  0.1828 -0.05 253.38  7.41 -0.44    4.1230  0.2220 -0.12  1420.  1473.  1420.     
 42.000    2.3050  0.1489 -0.12 258.91  7.51 -0.64    3.1010  0.1756 -0.12  1420.  1473.  1420.     
 44.000    1.7810  0.1205 -0.16 263.57  6.94 -0.60    2.3530  0.1418 -0.15  1416.  1448.  1416.     
 46.000    1.3810  0.0972 -0.19 266.27  6.89 -0.32    1.8060  0.1149 -0.22  1410.  1419.  1410.     
 48.000    1.0730  0.0786 -0.19 267.34  6.72 -0.45    1.3980  0.0913 -0.25  1402.  1402.  1402.     
 50.000    0.8350  0.0633 -0.20 266.86  6.63 -0.42    1.0890  0.0724 -0.29  1387.  1383.  1387.     
 52.000    0.6480  0.0514 -0.19 265.31  6.52 -0.43    0.8510  0.0589 -0.31  1365.  1378.  1365.     
 54.000    0.5030  0.0416 -0.16 263.06  6.39 -0.20    0.6650  0.0488 -0.31  1336.  1359.  1336.     
 56.000    0.3890  0.0332 -0.08 260.64  6.76 -0.19    0.5200  0.0402 -0.27  1283.  1330.  1283.     
 58.000    0.3000  0.0261  0.01 257.84  7.18 -0.21    0.4050  0.0328 -0.14  1140.  1182.  1140.     
 60.000    0.2290  0.0203  0.05 254.27  8.68 -0.05    0.3140  0.0258 -0.12   842.   881.   842.     
 62.000    0.1740  0.0155  0.10 248.47  9.94  0.26    0.2440  0.0204 -0.02   560.   590.   560.     
 64.000    0.1300  0.0114  0.11 240.89 10.43  0.77    0.1890  0.0162 -0.07   427.   445.   427.     
 66.000    0.0980  0.0087  0.18 234.41 11.27  1.03    0.1460  0.0129  0.09   396.   407.   396.     
 68.000    0.0730  0.0069  0.33 225.21 13.52  1.23    0.1140  0.0106 -0.07   387.   392.   387.     
 70.000    0.0540  0.0053  0.89 218.45 13.05  1.22    0.0860  0.0086  0.02   345.   350.   345.     
1    T A B L E  II -  1.  T H E R M O D Y N A M I C  S T A T I S T I C A L  P A R A M E T E R S     
                                              JANUARY                                               
 STATION =   723930     VANDENBURG AFB, CA                                                          
    Z      MEAN P   SD P  SKEWP MEAN T  SD T SKEWT    MEAN D    SD D SKEWD  NOBSP  NOBST  NOBSD     
    KM       MB        MB       DEG K  DEG K            G/M3    G/M3                                
  0.000 1018.8999  4.5834 -0.71 284.73  4.67  0.09 1242.0000 22.6600  0.24   854.   854.   854.     
  0.100 1006.7000  4.4834 -0.74 284.39  4.52  0.12 1229.0000 21.4500  0.22   867.   867.   867.     
  1.000  904.3101  4.6171 -0.69 283.07  5.23  0.25 1111.0000 18.2200 -0.08   884.   884.   884.     
  2.000  800.9299  5.2231 -0.51 278.50  5.22 -0.30 1001.0000 14.5000  0.46   884.   884.   884.     
  3.000  707.9500  5.9265 -0.44 273.34  4.96 -0.71  901.5000 11.0700  1.51   884.   884.   884.     
  4.000  623.9299  6.4647 -0.49 267.42  4.76 -0.69  812.3000  8.2560  0.56   884.   884.   884.     
  5.000  548.4700  6.8525 -0.50 260.79  4.77 -0.68  732.3999  6.9630  0.21   884.   884.   884.     
  6.000  480.7100  7.0749 -0.56 253.71  4.73 -0.54  659.8999  5.9010 -0.28   884.   884.   884.     
  7.000  419.3201  7.0288 -0.55 246.22  4.67 -0.38  593.2000  5.4340 -0.36   883.   883.   883.     
  8.000  364.5300  6.9833 -0.53 238.59  4.51 -0.25  532.2000  5.3150 -0.76   883.   883.   883.     
  9.000  315.3401  6.7476 -0.46 230.89  4.20 -0.09  475.8000  6.0630 -1.53   880.   880.   880.     
 10.000  271.4700  6.3052 -0.32 223.69  3.76  0.23  422.8000  7.9030 -1.79   880.   880.   880.     
 11.000  232.7600  5.6256 -0.14 218.05  4.04  0.70  372.0000 10.6800 -1.29   878.   878.   878.     
 12.000  198.9500  4.7300  0.02 215.13  5.45  0.46  322.3999 12.5700 -0.47   876.   876.   876.     
 13.000  169.8600  3.8020  0.13 214.43  5.46 -0.19  276.2000 11.0700  0.15   872.   872.   872.     
 14.000  144.8900  3.0097  0.22 213.55  4.32 -0.21  236.5000  8.3630  0.25   864.   864.   864.     
 15.000  123.4700  2.3442  0.22 211.62  3.97 -0.05  203.4000  6.8620  0.25   858.   858.   858.     
 16.000  105.1000  1.8014  0.22 209.52  4.16 -0.04  174.8000  5.8190  0.23   855.   855.   855.     
 17.000   89.3350  1.3620  0.23 208.47  4.22 -0.04  149.4000  4.7190  0.27   832.   832.   832.     
 18.000   75.9040  1.0140  0.07 208.43  4.07 -0.18  126.9000  3.5850  0.35   827.   827.   827.     
 19.000   64.5320  0.8001  0.03 209.46  3.68 -0.31  107.4000  2.5090  0.37   802.   802.   802.     
 20.000   54.9170  0.6701  0.01 210.71  3.51 -0.41   90.8200  1.7930  0.27   785.   785.   785.     
 21.000   46.7560  0.5993 -0.05 212.09  3.49 -0.51   76.8100  1.3190  0.19   630.   630.   630.     
 22.000   39.8800  0.5581 -0.14 213.41  3.52 -0.46   65.1100  0.9828  0.13   615.   615.   615.     
 23.000   34.0390  0.5250 -0.19 214.54  3.54 -0.48   55.2800  0.7726  0.21   606.   606.   606.     
 24.000   29.0870  0.4854 -0.30 215.67  3.52 -0.54   46.9900  0.6408 -0.01   714.   714.   714.     
 25.000   24.8880  0.4655 -0.26 216.91  3.52 -0.34   39.9700  0.5511 -0.19   714.   714.   714.     
 26.000   21.3030  0.4328 -0.23 218.09  3.52 -0.40   34.0300  0.5136 -0.25   703.   703.   703.     
 27.000   18.2370  0.4005 -0.22 219.25  3.55 -0.29   28.9800  0.4723 -0.27   554.   554.   554.     
 28.000   15.6360  0.3666 -0.22 220.64  3.55 -0.01   24.6900  0.4536 -0.44   508.   508.   508.     
 29.000   13.4260  0.3291 -0.23 222.11  3.77  0.16   21.0600  0.4223 -0.36   483.   483.   483.     
 30.000   11.5460  0.2943 -0.19 223.83  3.96  0.25   17.9700  0.4160 -0.40   473.   473.   473.     
 32.000    8.6060  0.1945  0.31 230.35  5.67  0.41   13.0200  0.4154 -0.29   145.   146.   144.     
 34.000    6.4430  0.1536  0.45 235.52  6.79  0.04    9.5370  0.3328 -0.22   150.   151.   150.     
 36.000    4.8520  0.1253  0.19 240.68  8.53  0.19    7.0270  0.2771 -0.39   150.   151.   150.     
 38.000    3.6750  0.1065 -0.32 246.15 10.01  0.31    5.2080  0.2000 -0.15   150.   152.   150.     
 40.000    2.8010  0.0964 -0.65 251.19 10.12 -0.14    3.8870  0.1353 -0.04   150.   151.   150.     
 42.000    2.1480  0.0872 -0.75 257.35 10.35 -0.35    2.9090  0.1102  0.11   150.   151.   150.     
 44.000    1.6590  0.0753 -0.75 262.97  9.53 -0.31    2.1970  0.0924 -0.41   150.   149.   150.     
 46.000    1.2870  0.0636 -0.69 266.34  8.93 -0.16    1.6820  0.0769 -1.02   149.   146.   149.     
 48.000    1.0000  0.0529 -0.59 265.70  7.41 -0.75    1.3090  0.0585 -1.09   149.   144.   149.     
 50.000    0.7750  0.0438 -0.54 262.73  6.40 -0.30    1.0270  0.0504 -0.82   148.   147.   148.     
 52.000    0.5990  0.0359 -0.53 259.32  6.26 -0.03    0.8050  0.0447 -0.99   148.   150.   148.     
 54.000    0.4620  0.0282 -0.33 257.02  5.59 -0.13    0.6260  0.0366 -0.75   146.   147.   146.     
 56.000    0.3560  0.0216 -0.06 255.30  6.48  0.46    0.4860  0.0290 -0.50   142.   143.   142.     
 58.000    0.2730  0.0166  0.11 253.67  6.49  0.00    0.3750  0.0219 -0.13   123.   125.   123.     
 60.000    0.2080  0.0139  0.20 251.11  9.27  0.38    0.2890  0.0173 -0.09    91.    93.    91.     
 62.000    0.1540  0.0094  0.36 245.33 10.48  0.67    0.2190  0.0117 -0.22    53.    53.    53.     
 64.000    0.1160  0.0077  0.58 240.59 11.03  1.49    0.1690  0.0094 -0.64    47.    47.    47.     
 66.000    0.0880  0.0062  0.98 234.89 13.85  1.43    0.1300  0.0066 -0.07    41.    41.    41.     
 68.000    0.0650  0.0060  0.99 227.98 14.55  1.53    0.1000  0.0065 -0.58    39.    39.    39.     
 70.000    0.0480  0.0034 -0.22 222.88  9.25  0.02    0.0750  0.0049 -0.48    36.    36.    36.     
1    T A B L E  II -  2.  T H E R M O D Y N A M I C  S T A T I S T I C A L  P A R A M E T E R S     
                                              FEBRUARY                                              
 STATION =   723930     VANDENBURG AFB, CA                                                          
    Z      MEAN P   SD P  SKEWP MEAN T  SD T SKEWT    MEAN D    SD D SKEWD  NOBSP  NOBST  NOBSD     
    KM       MB        MB       DEG K  DEG K            G/M3    G/M3                                
  0.000 1018.7000  4.4404 -1.07 284.99  4.10  0.14 1241.0000 19.5800  0.18   763.   763.   763.     
  0.100 1006.6001  4.3508 -1.10 284.61  3.94  0.19 1228.0000 18.3800  0.13   771.   771.   771.     
  1.000  903.8899  4.4061 -1.08 282.65  4.76  0.39 1112.0000 16.3500 -0.28   784.   784.   784.     
  2.000  800.3501  4.9132 -0.82 277.88  4.73 -0.05 1002.0000 13.0000  0.10   784.   784.   784.     
  3.000  707.2300  5.4864 -0.64 272.52  4.45 -0.49  903.3999  9.8480  0.78   784.   784.   784.     
  4.000  623.0400  5.9714 -0.64 266.54  4.28 -0.72  813.8999  7.5220  0.77   783.   783.   783.     
  5.000  547.4399  6.2939 -0.63 259.86  4.36 -0.84  733.7000  6.4460  0.46   783.   783.   783.     
  6.000  479.5701  6.5189 -0.67 252.70  4.45 -0.84  661.0000  5.7540  0.00   784.   784.   784.     
  7.000  418.0701  6.4972 -0.69 245.15  4.43 -0.71  594.1001  5.1880 -0.17   783.   783.   783.     
  8.000  363.2600  6.4573 -0.71 237.53  4.23 -0.43  532.8000  5.0290 -0.88   781.   781.   781.     
  9.000  314.0500  6.2512 -0.63 230.00  3.94  0.09  475.7000  6.3330 -1.75   780.   780.   780.     
 10.000  270.2100  5.7664 -0.48 222.98  3.89  0.63  422.2000  8.5220 -1.77   779.   779.   779.     
 11.000  231.5800  5.1107 -0.30 217.47  4.75  0.84  371.1001 11.0000 -1.20   777.   777.   777.     
 12.000  197.9300  4.3359 -0.15 215.42  6.12  0.47  320.3999 12.1900 -0.46   772.   772.   772.     
 13.000  169.0200  3.5969 -0.04 215.60  5.14 -0.45  273.3000  9.6220  0.21   767.   767.   767.     
 14.000  144.3200  2.9773  0.00 214.58  3.62 -0.29  234.4000  7.2330  0.10   759.   759.   759.     
 15.000  123.0700  2.3840 -0.04 212.49  3.39 -0.01  201.9000  6.3300  0.11   758.   758.   758.     
 16.000  104.8300  1.8609 -0.11 210.43  3.76 -0.15  173.6000  5.6110  0.18   754.   754.   754.     
 17.000   89.1740  1.4291 -0.17 209.14  3.91 -0.22  148.6000  4.6230  0.17   741.   741.   741.     
 18.000   75.8140  1.0940 -0.21 208.96  3.81 -0.24  126.5000  3.5630  0.17   739.   739.   739.     
 19.000   64.4860  0.8673 -0.20 209.78  3.34 -0.15  107.1000  2.5210  0.02   731.   731.   731.     
 20.000   54.8850  0.7179 -0.09 210.98  3.03  0.09   90.6500  1.7820 -0.23   725.   725.   725.     
 21.000   46.7200  0.6274  0.14 212.18  2.90  0.06   76.7200  1.3480 -0.29   589.   589.   589.     
 22.000   39.8350  0.5347  0.05 213.28  2.83 -0.03   65.0700  1.0130 -0.25   574.   574.   574.     
 23.000   34.0000  0.4822  0.10 214.24  2.93 -0.01   55.2900  0.8082 -0.11   563.   563.   563.     
 24.000   29.0700  0.4432  0.08 215.47  3.09  0.03   47.0000  0.6428 -0.22   660.   660.   660.     
 25.000   24.8660  0.4267  0.33 216.62  3.08 -0.16   39.9900  0.5172  0.08   644.   644.   644.     
 26.000   21.2800  0.3965  0.34 217.88  3.14 -0.26   34.0200  0.4606  0.11   634.   634.   634.     
 27.000   18.2180  0.3750  0.47 219.28  3.16 -0.38   28.9400  0.4423  0.17   494.   494.   494.     
 28.000   15.6050  0.3349  0.26 220.77  3.28 -0.60   24.6200  0.4209  0.08   449.   449.   449.     
 29.000   13.3960  0.2984  0.28 222.65  3.14 -0.49   20.9600  0.3884  0.21   420.   420.   420.     
 30.000   11.5220  0.2673  0.20 224.76  3.35 -0.46   17.8600  0.3633  0.12   411.   411.   411.     
 32.000    8.6740  0.2054  0.33 232.40  5.30 -0.01   13.0200  0.3618  0.21   142.   145.   139.     
 34.000    6.5040  0.1720  0.13 237.98  5.97 -0.37    9.5260  0.3025  0.20   140.   144.   140.     
 36.000    4.9140  0.1371  0.08 244.57  7.23 -0.14    7.0040  0.2634  0.11   141.   146.   141.     
 38.000    3.7410  0.1109  0.00 250.62  8.26 -0.15    5.2020  0.1992 -0.23   142.   147.   142.     
 40.000    2.8650  0.0932 -0.10 255.53  9.07 -0.03    3.9090  0.1496 -0.57   142.   146.   142.     
 42.000    2.2060  0.0799 -0.21 260.08  8.84 -0.08    2.9570  0.1051 -0.07   142.   146.   142.     
 44.000    1.7050  0.0689 -0.28 263.08  7.79  0.01    2.2590  0.0785  0.12   141.   146.   141.     
 46.000    1.3210  0.0584 -0.27 264.01  7.23  0.23    1.7430  0.0637 -0.37   141.   143.   141.     
 48.000    1.0230  0.0485 -0.12 263.81  6.88 -0.02    1.3510  0.0569 -0.67   140.   141.   140.     
 50.000    0.7930  0.0398 -0.05 262.79  6.49 -0.15    1.0530  0.0469 -0.48   140.   145.   140.     
 52.000    0.6130  0.0326  0.06 261.31  6.28 -0.07    0.8180  0.0396 -0.32   137.   142.   137.     
 54.000    0.4730  0.0266  0.06 260.15  5.57  0.23    0.6340  0.0335 -0.34   134.   139.   134.     
 56.000    0.3650  0.0208  0.27 257.33  5.93 -0.04    0.4950  0.0266 -0.17   128.   134.   128.     
 58.000    0.2810  0.0168  0.38 255.31  6.95 -0.11    0.3830  0.0215  0.18   112.   117.   112.     
 60.000    0.2160  0.0137  0.33 254.07  8.49  0.04    0.2960  0.0162  0.09    85.    88.    85.     
 62.000    0.1630  0.0109  0.55 249.64  9.41  0.39    0.2270  0.0110  0.03    52.    58.    52.     
 64.000    0.1220  0.0080  0.55 241.53  8.63  0.26    0.1760  0.0088 -0.09    36.    38.    36.     
 66.000    0.0920  0.0067  0.64 236.16  9.73  0.95    0.1360  0.0082  0.40    31.    31.    31.     
 68.000    0.0690  0.0056  0.76 226.56 12.28  0.69    0.1060  0.0084  0.96    31.    30.    31.     
 70.000    0.0500  0.0036  0.81 220.49  9.49 -0.07    0.0790  0.0053  0.24    25.    24.    25.     
1    T A B L E  II -  3.  T H E R M O D Y N A M I C  S T A T I S T I C A L  P A R A M E T E R S     
                                              MARCH                                                 
 STATION =   723930     VANDENBURG AFB, CA                                                          
    Z      MEAN P   SD P  SKEWP MEAN T  SD T SKEWT    MEAN D    SD D SKEWD  NOBSP  NOBST  NOBSD     
    KM       MB        MB       DEG K  DEG K            G/M3    G/M3                                
  0.000 1017.8999  4.0929 -0.73 284.87  3.72  0.13 1240.0000 18.1000  0.13   847.   847.   847.     
  0.100 1005.7000  4.0176 -0.73 284.54  3.60  0.13 1227.0000 17.1400  0.14   869.   869.   869.     
  1.000  902.9199  4.2919 -0.72 282.61  5.14  0.31 1111.0000 18.3800 -0.31   885.   885.   885.     
  2.000  799.4900  4.8518 -0.61 277.98  5.28 -0.25 1001.0000 15.2400  0.22   887.   887.   887.     
  3.000  706.5200  5.5385 -0.55 272.71  4.87 -0.56  901.8999 11.0600  0.59   887.   887.   887.     
  4.000  622.3899  6.1523 -0.58 266.78  4.69 -0.78  812.3000  8.4450  0.66   886.   886.   886.     
  5.000  547.0000  6.5288 -0.61 260.14  4.54 -0.86  732.3000  6.7070  0.48   886.   886.   886.     
  6.000  479.2300  6.7282 -0.70 252.89  4.52 -0.84  660.0000  5.6500 -0.14   886.   886.   886.     
  7.000  417.7800  6.6958 -0.71 245.27  4.44 -0.74  593.3000  4.9380 -0.46   886.   886.   886.     
  8.000  363.0100  6.6250 -0.69 237.71  4.12 -0.33  532.0000  5.1440 -1.25   885.   885.   885.     
  9.000  313.8799  6.3431 -0.60 230.23  3.69 -0.05  474.8999  6.4990 -1.87   884.   884.   884.     
 10.000  270.1201  5.8329 -0.46 223.29  3.42  0.23  421.5000  8.7080 -1.63   884.   884.   884.     
 11.000  231.5700  5.0553 -0.29 217.93  3.92  0.92  370.3000 11.0400 -1.16   883.   883.   883.     
 12.000  197.9500  4.1277 -0.13 215.36  5.42  0.37  320.5000 12.4600 -0.39   880.   880.   880.     
 13.000  169.0400  3.2270 -0.06 215.38  5.28 -0.50  273.7000 10.4100  0.30   879.   879.   879.     
 14.000  144.3300  2.5211 -0.05 214.80  3.85 -0.47  234.2000  7.2180  0.21   875.   875.   875.     
 15.000  123.1000  1.9780 -0.03 212.99  3.38 -0.14  201.4000  5.7080  0.12   872.   872.   872.     
 16.000  104.9100  1.5254 -0.05 211.25  3.39 -0.14  173.1000  4.7260  0.14   870.   870.   870.     
 17.000   89.3120  1.1689 -0.10 210.32  3.38 -0.21  148.0000  3.7920  0.21   858.   858.   858.     
 18.000   76.0010  0.9053 -0.14 210.23  3.19 -0.31  126.0000  2.8510  0.23   857.   857.   857.     
 19.000   64.7120  0.7290 -0.18 211.04  2.82 -0.24  106.8000  2.0430  0.10   843.   843.   843.     
 20.000   55.1250  0.6086 -0.13 211.97  2.73 -0.24   90.6100  1.5420  0.02   838.   838.   838.     
 21.000   46.9720  0.5373 -0.03 213.06  2.58 -0.06   76.8100  1.1490 -0.14   689.   689.   689.     
 22.000   40.0840  0.4823  0.06 214.42  2.56 -0.04   65.1300  0.8914 -0.17   672.   672.   672.     
 23.000   34.2480  0.4397  0.10 215.68  2.53 -0.20   55.3200  0.6917  0.01   658.   658.   658.     
 24.000   29.3000  0.3933  0.04 216.98  2.59  0.22   47.0400  0.5455 -0.23   765.   765.   765.     
 25.000   25.0860  0.3693  0.07 218.26  2.66  0.27   40.0400  0.4616 -0.13   754.   754.   754.     
 26.000   21.4900  0.3435  0.08 219.71  2.83  0.31   34.0800  0.4199 -0.13   744.   744.   744.     
 27.000   18.4350  0.3164  0.12 221.43  3.11  0.47   29.0000  0.3741 -0.14   609.   609.   609.     
 28.000   15.8320  0.2994  0.15 223.29  3.53  0.55   24.7000  0.3401  0.02   562.   562.   562.     
 29.000   13.6200  0.2776  0.17 225.36  3.90  0.61   21.0600  0.3269  0.00   533.   533.   533.     
 30.000   11.7350  0.2620  0.20 227.54  4.11  0.52   17.9700  0.3054 -0.05   523.   523.   523.     
 32.000    8.8330  0.1973  0.65 234.18  5.89  0.78   13.1500  0.2873  0.21   116.   119.   113.     
 34.000    6.6380  0.1740  0.62 238.74  6.27  0.62    9.6960  0.2397  0.40   116.   119.   115.     
 36.000    5.0190  0.1450  0.81 244.35  6.69  0.00    7.1620  0.2126  0.31   115.   118.   115.     
 38.000    3.8180  0.1233  0.80 248.17  6.18  0.01    5.3620  0.1596  0.29   116.   119.   116.     
 40.000    2.9170  0.1035  0.72 253.65  6.13  0.39    4.0090  0.1252  0.79   116.   119.   116.     
 42.000    2.2410  0.0860  0.62 258.10  6.22  0.11    3.0260  0.1055  0.61   116.   119.   116.     
 44.000    1.7300  0.0704  0.54 262.04  5.15  0.16    2.2990  0.0868  0.57   116.   117.   116.     
 46.000    1.3390  0.0569  0.50 264.53  5.29 -0.10    1.7630  0.0699  0.53   116.   116.   116.     
 48.000    1.0390  0.0463  0.51 265.58  5.80 -1.19    1.3610  0.0554  0.44   116.   115.   116.     
 50.000    0.8070  0.0378  0.38 265.91  5.83 -0.84    1.0580  0.0440  0.48   115.   116.   115.     
 52.000    0.6270  0.0310  0.34 264.97  5.30 -0.26    0.8250  0.0371  0.22   113.   115.   113.     
 54.000    0.4860  0.0252  0.38 262.96  5.01 -0.07    0.6440  0.0305 -0.02   110.   108.   110.     
 56.000    0.3760  0.0202  0.47 261.81  6.10  0.07    0.5010  0.0239 -0.18   105.   107.   105.     
 58.000    0.2910  0.0167  0.56 259.80  6.31 -0.08    0.3900  0.0192 -0.12    95.    96.    95.     
 60.000    0.2220  0.0130  0.61 256.21  7.62 -0.07    0.3020  0.0148 -0.34    65.    65.    65.     
 62.000    0.1690  0.0096  0.73 251.36  7.92  0.42    0.2340  0.0106  0.55    51.    51.    51.     
 64.000    0.1280  0.0072  1.08 246.63  7.80  1.17    0.1810  0.0077  0.34    32.    32.    32.     
 66.000    0.0970  0.0054  1.45 241.20  8.02  1.09    0.1390  0.0064  0.82    25.    25.    25.     
 68.000    0.0730  0.0046  1.66 232.49 10.88  0.62    0.1090  0.0057  0.56    24.    24.    24.     
 70.000    0.0530  0.0021  0.22 225.78 10.05 -0.45    0.0820  0.0046  1.43    21.    21.    21.     
1    T A B L E  II -  4.  T H E R M O D Y N A M I C  S T A T I S T I C A L  P A R A M E T E R S     
                                              APRIL                                                 
 STATION =   723930     VANDENBURG AFB, CA                                                          
    Z      MEAN P   SD P  SKEWP MEAN T  SD T SKEWT    MEAN D    SD D SKEWD  NOBSP  NOBST  NOBSD     
    KM       MB        MB       DEG K  DEG K            G/M3    G/M3                                
  0.000 1017.3999  3.0249 -0.05 284.87  3.63  0.23 1239.0000 16.9200 -0.04   809.   809.   809.     
  0.100 1005.3000  2.9758 -0.06 284.52  3.51  0.25 1226.0000 16.0800 -0.08   829.   829.   829.     
  1.000  902.6201  3.0184 -0.18 283.18  5.40  0.17 1108.0000 19.6700 -0.22   831.   831.   831.     
  2.000  799.4800  3.7169 -0.38 278.57  5.32 -0.30  999.0000 16.1500  0.20   832.   832.   832.     
  3.000  706.6599  4.6181 -0.51 273.49  5.20 -0.72  899.7000 12.8500  0.63   832.   832.   832.     
  4.000  622.8101  5.3740 -0.72 267.70  5.08 -1.10  810.2000 10.1500  0.92   832.   832.   832.     
  5.000  547.5901  5.9125 -0.88 261.20  4.86 -1.28  730.2000  7.7810  0.92   832.   832.   832.     
  6.000  480.0200  6.2597 -1.00 254.09  4.63 -1.34  658.0000  6.0510  0.58   830.   830.   830.     
  7.000  418.7900  6.3024 -1.06 246.66  4.18 -1.05  591.3999  4.8130 -0.18   831.   831.   831.     
  8.000  364.1699  6.1682 -1.04 239.16  3.57 -0.52  530.3999  5.3430 -1.19   828.   828.   828.     
  9.000  315.1899  5.8287 -0.91 231.66  3.03 -0.14  474.0000  6.6660 -1.92   828.   828.   828.     
 10.000  271.4600  5.2712 -0.72 224.56  2.84  0.19  421.2000  8.3220 -2.04   828.   828.   828.     
 11.000  232.8300  4.5412 -0.48 218.50  3.36  1.11  371.3000  9.9620 -1.61   826.   826.   826.     
 12.000  199.0300  3.6693 -0.21 214.73  4.73  0.83  323.1001 11.1900 -0.85   826.   826.   826.     
 13.000  169.8800  2.8157 -0.03 214.33  5.18 -0.02  276.3000  9.9350 -0.08   822.   822.   822.     
 14.000  144.9600  2.1690  0.16 214.52  4.00 -0.34  235.5000  6.8310  0.11   819.   819.   819.     
 15.000  123.6800  1.6836  0.21 213.49  3.26  0.05  201.9000  5.0370  0.05   818.   818.   818.     
 16.000  105.4500  1.3150  0.22 212.18  3.28 -0.09  173.2000  4.1570  0.22   818.   818.   818.     
 17.000   89.8330  1.0346  0.27 211.70  3.16 -0.16  147.9000  3.2960  0.37   793.   793.   793.     
 18.000   76.5370  0.8267  0.24 212.00  3.09 -0.37  125.8000  2.5130  0.52   793.   793.   793.     
 19.000   65.2430  0.6805  0.21 212.73  2.66 -0.18  106.9000  1.7790  0.32   782.   782.   782.     
 20.000   55.6370  0.5841  0.23 213.37  2.41  0.09   90.8500  1.3090  0.06   776.   776.   776.     
 21.000   47.4880  0.5043  0.24 214.65  2.58 -0.04   77.0800  1.0940  0.35   634.   634.   634.     
 22.000   40.5720  0.4535  0.22 216.04  2.70 -0.18   65.4300  0.8828  0.61   627.   627.   627.     
 23.000   34.7070  0.4182  0.18 217.48  2.65 -0.03   55.6000  0.6895  0.67   620.   620.   620.     
 24.000   29.6820  0.3866  0.19 218.67  2.66  0.10   47.2900  0.5303  0.35   697.   697.   697.     
 25.000   25.4620  0.3709  0.20 220.17  2.75 -0.04   40.2900  0.4714  0.05   719.   719.   719.     
 26.000   21.8450  0.3482  0.17 221.83  2.95 -0.04   34.3100  0.4232 -0.09   712.   712.   712.     
 27.000   18.7950  0.3073  0.18 223.81  3.13  0.02   29.2600  0.3733  0.06   574.   574.   574.     
 28.000   16.1760  0.2841  0.11 225.72  3.21  0.03   24.9700  0.3345  0.09   529.   529.   529.     
 29.000   13.9370  0.2614  0.11 227.72  3.28  0.05   21.3200  0.3049  0.00   506.   506.   506.     
 30.000   12.0190  0.2413  0.00 229.83  3.32  0.01   18.2200  0.2877  0.09   500.   500.   500.     
 32.000    9.0440  0.2233  0.16 236.47  4.23  0.13   13.3300  0.2902  0.33   120.   123.   116.     
 34.000    6.8250  0.1869 -0.02 241.96  4.44  0.09    9.8280  0.2575  0.51   122.   125.   120.     
 36.000    5.1780  0.1513 -0.19 246.57  5.25  0.62    7.3140  0.2283  0.36   122.   125.   122.     
 38.000    3.9480  0.1218 -0.30 250.87  4.73 -0.34    5.4810  0.1598  0.19   123.   126.   123.     
 40.000    3.0250  0.0984 -0.34 256.14  4.82  0.06    4.1130  0.1302  0.02   124.   127.   124.     
 42.000    2.3320  0.0787 -0.31 261.93  4.28  0.10    3.1000  0.1064 -0.37   124.   126.   124.     
 44.000    1.8080  0.0626 -0.22 266.73  4.61  0.14    2.3610  0.0799 -0.45   124.   127.   124.     
 46.000    1.4060  0.0505 -0.12 268.26  4.79 -0.43    1.8250  0.0647 -0.30   124.   121.   124.     
 48.000    1.0950  0.0409 -0.02 269.81  4.47 -0.17    1.4140  0.0474 -0.27   124.   124.   124.     
 50.000    0.8530  0.0334  0.09 269.10  4.48 -0.56    1.1040  0.0388 -0.11   123.   121.   123.     
 52.000    0.6650  0.0273  0.16 268.13  4.47 -0.17    0.8630  0.0304 -0.08   123.   123.   123.     
 54.000    0.5170  0.0228  0.23 265.68  5.10 -0.05    0.6780  0.0262  0.22   120.   124.   120.     
 56.000    0.4010  0.0185  0.27 263.74  5.73 -0.55    0.5300  0.0208 -0.37   115.   120.   115.     
 58.000    0.3100  0.0152  0.41 260.72  6.18 -0.70    0.4140  0.0164 -0.11   105.   110.   105.     
 60.000    0.2380  0.0125  0.54 257.23  7.78 -0.51    0.3230  0.0124  0.65    79.    84.    79.     
 62.000    0.1800  0.0092  0.23 251.06  9.86  0.14    0.2500  0.0096  0.65    48.    51.    48.     
 64.000    0.1350  0.0069 -0.13 243.21  8.88  1.11    0.1930  0.0080  0.80    38.    40.    38.     
 66.000    0.1020  0.0059  0.15 235.67  9.15  1.96    0.1510  0.0070  0.16    37.    39.    37.     
 68.000    0.0770  0.0044  1.56 227.80 12.29  1.59    0.1180  0.0055  0.36    35.    36.    35.     
 70.000    0.0560  0.0026  0.85 218.16 11.06  1.53    0.0900  0.0044  0.59    30.    31.    30.     
1    T A B L E  II -  5.  T H E R M O D Y N A M I C  S T A T I S T I C A L  P A R A M E T E R S     
                                              MAY                                                   
 STATION =   723930     VANDENBURG AFB, CA                                                          
    Z      MEAN P   SD P  SKEWP MEAN T  SD T SKEWT    MEAN D    SD D SKEWD  NOBSP  NOBST  NOBSD     
    KM       MB        MB       DEG K  DEG K            G/M3    G/M3                                
  0.000 1015.8999  2.8820  0.06 285.81  3.43  0.67 1233.0000 15.3900 -0.51   859.   859.   859.     
  0.100 1003.8000  2.8118 -0.01 285.64  3.33  0.69 1219.0000 14.6600 -0.52   880.   880.   880.     
  1.000  902.0100  2.8489 -0.27 287.35  5.92  0.00 1091.0000 21.6100  0.02   888.   888.   888.     
  2.000  800.5000  3.4382 -0.55 283.44  5.21 -0.51  982.6001 15.8500  0.48   890.   890.   890.     
  3.000  708.9800  4.1555 -0.72 277.84  4.64 -0.81  888.2000 11.4800  0.69   890.   890.   890.     
  4.000  626.1201  4.7656 -0.85 271.78  4.43 -0.97  802.1001  8.8470  0.63   890.   890.   890.     
  5.000  551.6399  5.1992 -0.98 265.23  4.21 -1.03  724.3000  6.8220  0.37   890.   890.   890.     
  6.000  484.5901  5.4713 -1.05 258.12  4.19 -0.99  653.8999  5.5630 -0.07   889.   889.   889.     
  7.000  423.6101  5.5229 -1.05 250.50  4.16 -0.96  589.1001  4.7480 -0.36   888.   888.   888.     
  8.000  369.1399  5.5874 -1.08 242.76  3.97 -0.76  529.7000  4.2090 -0.73   884.   884.   884.     
  9.000  320.1299  5.4271 -1.02 235.01  3.53 -0.41  474.6001  4.4720 -1.95   883.   883.   883.     
 10.000  276.3501  5.1885 -0.81 227.46  3.10 -0.32  423.3000  5.7820 -2.80   881.   881.   881.     
 11.000  237.4700  4.6949 -0.62 220.69  2.79  0.22  374.8999  7.4220 -2.28   881.   881.   881.     
 12.000  203.1700  4.0244 -0.40 215.58  3.34  1.05  328.3999  8.8920 -1.49   881.   881.   881.     
 13.000  173.4200  3.3104 -0.19 213.46  4.28  0.41  283.2000  9.2670 -0.55   879.   879.   879.     
 14.000  147.9100  2.6454 -0.03 213.49  3.86 -0.01  241.5000  7.3610 -0.10   876.   876.   876.     
 15.000  126.0900  2.0830 -0.03 212.65  3.35  0.18  206.6000  5.6470 -0.06   875.   875.   875.     
 16.000  107.4600  1.6746  0.01 211.76  3.42 -0.12  176.8000  4.7310  0.18   874.   874.   874.     
 17.000   91.5110  1.3131 -0.01 211.39  3.23 -0.31  150.9000  3.7250  0.29   852.   852.   852.     
 18.000   77.9400  1.0582 -0.04 211.76  2.98 -0.24  128.3000  2.9270  0.21   845.   845.   845.     
 19.000   66.4300  0.8549 -0.13 212.62  2.44 -0.23  108.9000  2.0950  0.15   834.   834.   834.     
 20.000   56.6650  0.7184 -0.19 213.90  2.13 -0.14   92.3000  1.5410  0.09   828.   828.   828.     
 21.000   48.3830  0.6037  0.02 215.31  2.02 -0.11   78.2900  1.1660  0.13   677.   677.   677.     
 22.000   41.3640  0.5288  0.03 216.88  2.00 -0.11   66.4400  0.8948  0.23   662.   662.   662.     
 23.000   35.4090  0.4698  0.03 218.61  1.98 -0.17   56.4300  0.7096  0.20   651.   651.   651.     
 24.000   30.3120  0.4409 -0.22 220.35  2.04 -0.12   47.9200  0.5884 -0.28   664.   664.   664.     
 25.000   26.0400  0.3970 -0.16 222.15  2.15 -0.04   40.8400  0.4777 -0.33   762.   762.   762.     
 26.000   22.3730  0.3638 -0.13 223.99  2.26 -0.08   34.8000  0.4167 -0.26   755.   755.   755.     
 27.000   19.2520  0.3342  0.13 225.96  2.42  0.03   29.6800  0.3787  0.10   619.   619.   619.     
 28.000   16.5900  0.3109  0.11 227.79  2.48  0.13   25.3700  0.3349 -0.02   580.   580.   580.     
 29.000   14.3030  0.2804  0.11 229.57  2.49  0.19   21.7000  0.2997  0.07   544.   544.   544.     
 30.000   12.3520  0.2539  0.07 231.40  2.41  0.20   18.5900  0.2772  0.06   527.   527.   527.     
 32.000    9.3170  0.1544  0.44 237.27  3.34  0.55   13.6900  0.2102  0.06   145.   149.   142.     
 34.000    7.0280  0.1299  0.38 242.36  3.41  0.48   10.1100  0.1672  0.19   146.   150.   146.     
 36.000    5.3320  0.1049  0.42 246.86  3.61 -0.23    7.5260  0.1453  0.26   146.   150.   146.     
 38.000    4.0700  0.0893  0.63 252.33  4.01 -0.47    5.6210  0.1285  0.85   148.   152.   148.     
 40.000    3.1230  0.0719  0.48 258.03  3.29  0.20    4.2180  0.0984  0.89   147.   151.   147.     
 42.000    2.4130  0.0565  0.40 263.92  3.45 -0.38    3.1850  0.0717  0.26   147.   151.   147.     
 44.000    1.8730  0.0452  0.39 268.29  3.55  0.00    2.4320  0.0561  0.72   145.   144.   145.     
 46.000    1.4590  0.0372  0.29 270.88  4.17 -0.12    1.8760  0.0428  0.48   145.   138.   145.     
 48.000    1.1390  0.0311  0.23 271.94  4.42 -0.26    1.4590  0.0332  0.55   144.   139.   144.     
 50.000    0.8890  0.0260  0.16 271.72  4.42 -0.09    1.1400  0.0291  0.20   144.   129.   144.     
 52.000    0.6940  0.0214  0.13 269.48  4.45 -0.63    0.8970  0.0244  0.53   143.   138.   143.     
 54.000    0.5400  0.0178  0.13 266.81  4.55  0.06    0.7050  0.0188  0.24   141.   139.   141.     
 56.000    0.4190  0.0153  0.13 263.78  5.28 -0.12    0.5530  0.0157  0.06   130.   132.   130.     
 58.000    0.3240  0.0126  0.03 260.39  5.12 -0.28    0.4330  0.0129  0.01   114.   115.   114.     
 60.000    0.2480  0.0097  0.33 256.26  5.86  0.28    0.3370  0.0108  0.07    81.    82.    81.     
 62.000    0.1890  0.0080  0.93 249.96  6.51  0.21    0.2640  0.0084  0.37    54.    55.    54.     
 64.000    0.1430  0.0047  0.62 241.78  7.05  0.36    0.2050  0.0066  0.81    39.    39.    39.     
 66.000    0.1070  0.0040  0.82 233.48  8.65  0.65    0.1600  0.0044  0.48    37.    37.    37.     
 68.000    0.0800  0.0039  1.01 222.69 11.80  1.12    0.1250  0.0034  1.07    36.    36.    36.     
 70.000    0.0590  0.0038  1.39 213.01 14.54  1.95    0.0960  0.0039  0.61    34.    34.    34.     
1    T A B L E  II -  6.  T H E R M O D Y N A M I C  S T A T I S T I C A L  P A R A M E T E R S     
                                              JUNE                                                  
 STATION =   723930     VANDENBURG AFB, CA                                                          
    Z      MEAN P   SD P  SKEWP MEAN T  SD T SKEWT    MEAN D    SD D SKEWD  NOBSP  NOBST  NOBSD     
    KM       MB        MB       DEG K  DEG K            G/M3    G/M3                                
  0.000 1014.7000  2.5790 -0.20 286.83  3.49  0.73 1227.0000 15.6600 -0.60   756.   756.   756.     
  0.100 1002.7000  2.5276 -0.21 286.86  3.34  0.78 1212.0000 14.6700 -0.63   775.   775.   775.     
  1.000  901.9399  2.6009 -0.33 291.54  5.97 -0.50 1075.0000 21.2600  0.52   789.   789.   789.     
  2.000  801.8799  3.0604 -0.47 288.03  4.52 -0.68  968.3999 13.1600  0.71   790.   790.   790.     
  3.000  711.6499  3.7536 -0.56 282.36  3.95 -0.77  877.0000  9.1550  0.64   790.   790.   790.     
  4.000  629.7400  4.1387 -0.65 276.23  3.69 -0.72  793.5000  7.0480  0.33   789.   789.   789.     
  5.000  555.9299  4.4453 -0.77 269.66  3.53 -0.76  717.8000  5.6960  0.23   790.   790.   790.     
  6.000  489.5601  4.6963 -0.80 262.72  3.50 -0.93  648.8999  4.9710  0.03   788.   788.   788.     
  7.000  428.9900  4.7015 -0.83 255.31  3.46 -1.01  585.2000  4.3360 -0.16   788.   788.   788.     
  8.000  374.8101  4.7062 -0.85 247.63  3.49 -0.80  527.2000  3.9570 -0.36   788.   788.   788.     
  9.000  325.9099  4.5781 -0.86 239.82  3.41 -0.51  473.3999  3.6410 -0.59   786.   786.   786.     
 10.000  282.3101  4.5110 -0.78 232.14  3.13 -0.27  423.6001  3.9660 -1.61   786.   786.   786.     
 11.000  243.3200  4.2546 -0.66 224.98  2.95 -0.10  376.8000  5.0620 -2.00   782.   782.   782.     
 12.000  208.6800  3.7976 -0.50 219.03  3.01  0.07  332.0000  6.4630 -1.58   781.   781.   781.     
 13.000  178.4500  3.2697 -0.35 214.92  3.41  0.34  289.3999  7.5380 -0.92   778.   778.   778.     
 14.000  152.2600  2.6823 -0.27 212.43  3.51  0.31  249.8000  7.2900 -0.34   777.   777.   777.     
 15.000  129.6000  2.0845 -0.23 210.43  3.56  0.00  214.6000  6.3410 -0.09   774.   774.   774.     
 16.000  110.2500  1.5999 -0.27 208.96  3.64 -0.03  183.9000  5.2590 -0.12   772.   772.   772.     
 17.000   93.7030  1.2072 -0.25 208.70  3.32 -0.08  156.5000  3.9660 -0.08   748.   748.   748.     
 18.000   79.6720  0.9451 -0.20 209.81  2.77  0.09  132.3000  2.7060 -0.21   749.   749.   749.     
 19.000   67.8300  0.7700 -0.18 211.95  2.18  0.10  111.5000  1.7650 -0.31   743.   743.   743.     
 20.000   57.8530  0.6624 -0.13 214.01  1.80  0.03   94.1800  1.2520 -0.21   738.   738.   738.     
 21.000   49.4160  0.5990  0.01 215.96  1.61  0.11   79.7100  0.9749 -0.09   574.   574.   574.     
 22.000   42.2420  0.5119 -0.02 217.89  1.56  0.09   67.5400  0.7549 -0.03   538.   538.   538.     
 23.000   36.1850  0.4565  0.01 219.80  1.58  0.31   57.3500  0.6033  0.05   533.   533.   533.     
 24.000   31.0220  0.4198 -0.06 221.55  1.63  0.37   48.7800  0.5141 -0.22   534.   534.   534.     
 25.000   26.6660  0.3732 -0.05 223.31  1.68  0.19   41.6000  0.4561 -0.18   699.   699.   699.     
 26.000   22.9270  0.3363 -0.06 225.12  1.70  0.22   35.4800  0.4132 -0.18   689.   689.   689.     
 27.000   19.7490  0.3099 -0.03 227.01  1.82  0.08   30.3100  0.3775 -0.12   569.   569.   569.     
 28.000   17.0000  0.2665 -0.10 228.67  1.86  0.26   25.9000  0.3153 -0.08   505.   505.   505.     
 29.000   14.6650  0.2412 -0.08 230.32  1.97 -0.25   22.1800  0.2988  0.02   468.   468.   468.     
 30.000   12.6730  0.2229 -0.15 232.17  2.00 -0.25   19.0200  0.2757 -0.08   455.   455.   455.     
 32.000    9.5970  0.1740  0.34 237.94  3.18  0.24   14.0500  0.2301  0.46   118.   121.   116.     
 34.000    7.2350  0.1488  0.22 242.71  3.45  0.33   10.3900  0.1979 -0.28   118.   121.   117.     
 36.000    5.5000  0.1156  0.19 247.39  3.98 -0.01    7.7430  0.1650  0.50   118.   121.   118.     
 38.000    4.1960  0.0948  0.19 252.25  4.25 -0.07    5.7960  0.1196  0.23   118.   122.   118.     
 40.000    3.2220  0.0785  0.20 258.44  3.90  0.77    4.3410  0.0957 -0.02   117.   122.   117.     
 42.000    2.4890  0.0645  0.19 264.09  4.16 -0.15    3.2810  0.0810  0.02   117.   121.   117.     
 44.000    1.9310  0.0523  0.18 268.17  3.64 -0.03    2.5070  0.0624  0.03   116.   114.   116.     
 46.000    1.5050  0.0431  0.23 270.58  4.37  0.03    1.9360  0.0497 -0.09   116.   109.   116.     
 48.000    1.1740  0.0356  0.27 271.84  4.53  0.03    1.5050  0.0389 -0.12   115.   109.   115.     
 50.000    0.9160  0.0297  0.37 272.24  4.81 -0.14    1.1720  0.0314 -0.03   111.   106.   111.     
 52.000    0.7150  0.0248  0.37 270.36  4.96 -0.62    0.9200  0.0305 -0.45   104.    98.   104.     
 54.000    0.5570  0.0203  0.28 267.78  4.91 -0.09    0.7230  0.0239 -0.34    98.    95.    98.     
 56.000    0.4330  0.0168  0.39 264.20  5.27 -0.12    0.5710  0.0181 -0.11    93.    95.    93.     
 58.000    0.3350  0.0150  0.49 260.35  5.47 -0.29    0.4480  0.0145  0.34    71.    75.    71.     
 60.000    0.2570  0.0121  0.69 256.07  6.25 -0.17    0.3500  0.0113  0.34    51.    55.    51.     
 62.000    0.1940  0.0096  1.10 248.53  8.54  0.01    0.2720  0.0086  0.47    30.    32.    30.     
 64.000    0.1450  0.0077  1.62 240.97 10.10  0.59    0.2120  0.0061  0.66    23.    26.    23.     
 66.000    0.1090  0.0047  0.66 234.08 12.24  0.01    0.1640  0.0057  0.82    22.    25.    22.     
 68.000    0.0810  0.0040  0.41 223.08 12.74  0.52    0.1280  0.0043  0.71    23.    24.    23.     
 70.000    0.0600  0.0038  0.23 215.46 15.78  1.33    0.0980  0.0045 -0.50    19.    20.    19.     
1    T A B L E  II -  7.  T H E R M O D Y N A M I C  S T A T I S T I C A L  P A R A M E T E R S     
                                              JULY                                                  
 STATION =   723930     VANDENBURG AFB, CA                                                          
    Z      MEAN P   SD P  SKEWP MEAN T  SD T SKEWT    MEAN D    SD D SKEWD  NOBSP  NOBST  NOBSD     
    KM       MB        MB       DEG K  DEG K            G/M3    G/M3                                
  0.000 1015.0000  1.8242 -0.11 287.39  3.17  0.31 1224.0000 13.7500 -0.29   809.   809.   809.     
  0.100 1003.0000  1.8353 -0.15 287.54  3.03  0.36 1209.0000 12.8000 -0.33   833.   833.   833.     
  1.000  903.1001  2.0090 -0.36 295.77  4.07 -0.71 1061.0000 14.1600  0.67   843.   843.   843.     
  2.000  804.1001  2.2104 -0.36 291.70  2.99 -0.54  958.3000  8.7900  0.53   847.   847.   847.     
  3.000  714.6899  2.5025 -0.57 285.52  2.34 -0.40  870.6001  5.8950  0.17   846.   846.   846.     
  4.000  633.2700  2.6646 -0.57 278.92  2.10 -0.17  789.8999  5.0350 -0.05   845.   845.   845.     
  5.000  559.7800  2.6398 -0.58 272.14  2.10  0.03  715.8999  4.7150 -0.08   845.   845.   845.     
  6.000  493.5400  2.5956 -0.55 265.42  2.20 -0.15  647.3999  4.1230 -0.02   843.   843.   843.     
  7.000  433.1001  2.6514 -0.49 258.35  2.33 -0.30  583.8000  3.5560 -0.02   844.   844.   844.     
  8.000  379.0701  2.6872 -0.49 251.02  2.46 -0.35  525.8999  3.2310 -0.16   843.   843.   843.     
  9.000  330.2200  2.7050 -0.49 243.47  2.60 -0.40  472.3999  3.0170 -0.27   843.   843.   843.     
 10.000  286.7200  2.7293 -0.51 236.00  2.63 -0.36  423.1001  2.8580 -0.57   842.   842.   842.     
 11.000  247.7500  2.6912 -0.49 228.87  2.53 -0.41  377.1001  2.9050 -0.83   840.   840.   840.     
 12.000  212.9600  2.4874 -0.50 222.35  2.33 -0.27  333.7000  3.5810 -0.86   841.   841.   841.     
 13.000  182.4100  2.2276 -0.42 216.46  2.27  0.23  293.6001  4.5530 -0.83   832.   832.   832.     
 14.000  155.6600  1.8558 -0.32 211.28  2.61  0.75  256.7000  4.9890 -0.84   832.   832.   832.     
 15.000  132.3100  1.4893 -0.14 207.26  2.95  0.83  222.5000  4.7290 -0.77   827.   827.   827.     
 16.000  112.3000  1.1883  0.05 205.75  2.98  0.84  190.2000  3.9730 -0.55   827.   827.   827.     
 17.000   95.2590  0.9091  0.12 206.68  2.65  0.51  160.6000  2.8700 -0.19   796.   796.   796.     
 18.000   80.9030  0.7514  0.11 208.88  2.25  0.22  134.9000  1.9890 -0.02   789.   789.   789.     
 19.000   68.8310  0.6323  0.12 211.62  1.78  0.09  113.3000  1.3600 -0.06   783.   783.   783.     
 20.000   58.7110  0.5583  0.09 214.14  1.65  0.02   95.5200  1.0500  0.03   773.   773.   773.     
 21.000   50.1750  0.4924  0.01 216.44  1.58  0.04   80.7600  0.8209 -0.02   702.   702.   702.     
 22.000   42.9000  0.4394 -0.04 218.44  1.49 -0.06   68.4200  0.6520  0.07   588.   588.   588.     
 23.000   36.7620  0.3935 -0.04 220.24  1.49 -0.12   58.1500  0.5475  0.11   584.   584.   584.     
 24.000   31.5340  0.3558 -0.07 221.90  1.53 -0.12   49.5100  0.4590  0.02   577.   577.   577.     
 25.000   27.0950  0.3216  0.04 223.46  1.56 -0.14   42.2400  0.3929  0.15   722.   722.   722.     
 26.000   23.3020  0.2938  0.03 225.15  1.66  0.10   36.0500  0.3543 -0.02   715.   715.   715.     
 27.000   20.0750  0.2652 -0.05 226.97  1.79  0.09   30.8100  0.3165 -0.15   656.   656.   656.     
 28.000   17.2950  0.2473  0.01 228.53  1.85 -0.07   26.3600  0.2829 -0.20   526.   526.   526.     
 29.000   14.9230  0.2265  0.04 230.20  2.03  0.08   22.5800  0.2655 -0.09   496.   496.   496.     
 30.000   12.8940  0.2060  0.06 231.81  2.00  0.04   19.3800  0.2369 -0.03   484.   484.   484.     
 32.000    9.7040  0.1560  0.56 236.70  3.43  0.30   14.2900  0.2333 -0.04   113.   118.   109.     
 34.000    7.3140  0.1279  0.53 240.94  3.32  0.18   10.5800  0.1625 -0.18   111.   117.   111.     
 36.000    5.5390  0.1046  0.64 245.20  3.43 -0.18    7.8750  0.1301  0.32   111.   117.   111.     
 38.000    4.2160  0.0874  0.56 249.97  3.92 -0.47    5.8780  0.1131  0.34   111.   118.   111.     
 40.000    3.2270  0.0726  0.52 255.68  3.95 -0.39    4.3960  0.0842  0.33   111.   118.   111.     
 42.000    2.4860  0.0604  0.50 260.89  3.53 -0.29    3.3190  0.0703  0.48   110.   117.   110.     
 44.000    1.9240  0.0500  0.44 264.50  4.46 -0.35    2.5340  0.0584  0.08   110.   116.   110.     
 46.000    1.4920  0.0419  0.35 266.80  5.44 -0.41    1.9500  0.0473  0.22   108.   114.   108.     
 48.000    1.1600  0.0356  0.25 268.05  4.96 -0.72    1.5080  0.0376  0.27   107.   111.   107.     
 50.000    0.9030  0.0290  0.38 267.67  4.22 -0.46    1.1750  0.0310  0.25   103.   106.   103.     
 52.000    0.7020  0.0241  0.40 265.87  4.26 -0.27    0.9190  0.0259  0.03   102.   103.   102.     
 54.000    0.5450  0.0202  0.41 262.69  5.38 -0.10    0.7230  0.0196  0.25    98.   101.    98.     
 56.000    0.4210  0.0176  0.46 259.11  5.90  0.16    0.5670  0.0160  0.64    94.   100.    94.     
 58.000    0.3230  0.0153  0.58 253.93  7.30  0.13    0.4440  0.0150  0.72    81.    86.    81.     
 60.000    0.2460  0.0122  0.39 249.24  9.70  0.03    0.3440  0.0129  0.22    59.    62.    59.     
 62.000    0.1860  0.0105  0.57 241.31 10.00  0.10    0.2690  0.0123  0.49    44.    46.    44.     
 64.000    0.1390  0.0080  0.71 234.39 10.13  0.35    0.2070  0.0100  0.41    37.    39.    37.     
 66.000    0.1030  0.0061  0.49 227.33  9.44 -0.11    0.1580  0.0094  0.87    34.    35.    34.     
 68.000    0.0750  0.0045  0.71 218.65 10.95  0.31    0.1200  0.0078  0.55    35.    35.    35.     
 70.000    0.0550  0.0037  1.06 212.89 10.10  0.12    0.0900  0.0053  0.41    30.    30.    30.     
1    T A B L E  II -  8.  T H E R M O D Y N A M I C  S T A T I S T I C A L  P A R A M E T E R S     
                                              AUGUST                                                
 STATION =   723930     VANDENBURG AFB, CA                                                          
    Z      MEAN P   SD P  SKEWP MEAN T  SD T SKEWT    MEAN D    SD D SKEWD  NOBSP  NOBST  NOBSD     
    KM       MB        MB       DEG K  DEG K            G/M3    G/M3                                
  0.000 1014.3999  2.2786 -0.13 288.27  3.17  0.18 1219.0000 13.6700 -0.17   823.   823.   823.     
  0.100 1002.3999  2.2826 -0.10 288.41  3.01  0.20 1204.0000 12.7000 -0.20   853.   853.   853.     
  1.000  902.8799  2.1319 -0.33 295.69  4.51 -0.62 1061.0000 16.1400  0.63   854.   854.   854.     
  2.000  803.8601  2.2813 -0.30 291.35  3.70 -0.78  959.1001 11.2300  0.73   854.   854.   854.     
  3.000  714.3501  2.6844 -0.56 285.17  3.01 -0.88  871.2000  7.5900  0.65   854.   854.   854.     
  4.000  632.9700  2.9861 -0.63 278.62  2.63 -0.67  790.3999  5.7940  0.14   854.   854.   854.     
  5.000  559.3999  3.1338 -0.73 271.97  2.55 -0.56  715.8999  5.1340 -0.01   854.   854.   854.     
  6.000  493.1201  3.1175 -0.93 265.21  2.56 -0.68  647.3000  4.4840 -0.04   855.   855.   855.     
  7.000  432.7400  3.1416 -0.95 258.26  2.58 -0.71  583.5000  3.8020 -0.05   855.   855.   855.     
  8.000  378.7000  3.2152 -1.01 250.98  2.74 -0.74  525.5000  3.3770 -0.33   855.   855.   855.     
  9.000  329.9199  3.2117 -0.94 243.44  2.91 -0.59  472.0000  3.1480 -0.54   855.   855.   855.     
 10.000  286.4500  3.2194 -0.96 235.99  3.04 -0.48  422.8000  3.0590 -0.67   855.   855.   855.     
 11.000  247.5300  3.1652 -0.88 228.89  2.98 -0.50  376.7000  3.2490 -1.23   854.   854.   854.     
 12.000  212.7500  2.9649 -0.75 222.34  2.56 -0.49  333.3000  3.7080 -1.62   852.   852.   852.     
 13.000  182.2500  2.6760 -0.58 216.57  2.07 -0.07  293.2000  4.7900 -1.31   849.   849.   849.     
 14.000  155.5500  2.2264 -0.35 211.50  2.57  0.62  256.3000  5.5690 -1.08   845.   845.   845.     
 15.000  132.2400  1.7424 -0.18 207.55  3.36  0.86  222.0000  5.6960 -0.86   841.   841.   841.     
 16.000  112.2500  1.3214  0.04 205.87  3.71  0.84  190.0000  4.9900 -0.60   839.   839.   839.     
 17.000   95.2210  0.9907  0.18 206.97  3.21  0.51  160.3000  3.5090 -0.33   819.   819.   819.     
 18.000   80.8980  0.7928  0.24 209.25  2.64  0.13  134.7000  2.2960 -0.13   818.   818.   818.     
 19.000   68.8470  0.6591  0.21 211.97  1.98 -0.09  113.2000  1.4330  0.06   811.   811.   811.     
 20.000   58.7290  0.5727  0.13 214.31  1.66 -0.08   95.4700  1.0360  0.12   802.   802.   802.     
 21.000   50.2140  0.4954  0.04 216.34  1.49  0.02   80.8600  0.7789  0.04   719.   719.   719.     
 22.000   42.9330  0.4686  0.16 218.08  1.49  0.01   68.5800  0.6573  0.04   588.   588.   588.     
 23.000   36.7780  0.4210  0.15 219.76  1.51  0.00   58.3000  0.5335  0.14   583.   583.   583.     
 24.000   31.5390  0.3829  0.15 221.46  1.58  0.08   49.6100  0.4590  0.13   580.   580.   580.     
 25.000   27.0810  0.3363  0.12 223.05  1.59  0.04   42.3000  0.3900  0.02   748.   748.   748.     
 26.000   23.2810  0.3062  0.12 224.62  1.65  0.03   36.1100  0.3430  0.14   735.   735.   735.     
 27.000   20.0550  0.2747 -0.03 226.38  1.77 -0.04   30.8600  0.3194  0.02   658.   658.   658.     
 28.000   17.2620  0.2530  0.04 227.88  1.91  0.19   26.3900  0.2786  0.18   548.   548.   548.     
 29.000   14.8840  0.2322  0.06 229.39  2.11  0.12   22.6000  0.2475  0.22   500.   500.   500.     
 30.000   12.8480  0.2146  0.04 230.88  2.15  0.11   19.3900  0.2269 -0.05   470.   470.   470.     
 32.000    9.6590  0.1281  0.44 235.80  4.33  0.79   14.3100  0.2136 -0.19    98.   108.    96.     
 34.000    7.2570  0.1221  0.23 239.12  4.54  0.83   10.6000  0.2135 -0.60   101.   111.   101.     
 36.000    5.4900  0.0915  0.87 242.78  4.35  0.07    7.8910  0.1218  0.08   101.   112.   101.     
 38.000    4.1660  0.0789  0.93 247.52  4.34  0.33    5.8780  0.1008  0.83   101.   112.   101.     
 40.000    3.1820  0.0664  1.03 253.19  4.12  0.18    4.3860  0.0884  0.03   101.   112.   101.     
 42.000    2.4430  0.0545  1.06 257.99  4.06  0.26    3.3050  0.0661  0.60   101.   113.   101.     
 44.000    1.8860  0.0448  1.04 262.71  4.21 -0.60    2.5020  0.0583  0.66   101.   111.   101.     
 46.000    1.4610  0.0377  0.86 264.84  4.48 -0.50    1.9250  0.0426  0.74   100.   110.   100.     
 48.000    1.1340  0.0303  0.95 264.91  4.99 -0.33    1.4920  0.0343  0.61    98.   104.    98.     
 50.000    0.8800  0.0259  0.77 265.12  5.22 -0.48    1.1570  0.0271  1.00    99.   108.    99.     
 52.000    0.6820  0.0224  0.60 264.06  4.94 -0.22    0.9010  0.0221  0.87    98.   107.    98.     
 54.000    0.5290  0.0196  0.55 261.38  6.11  0.09    0.7060  0.0220  0.48    98.   108.    98.     
 56.000    0.4080  0.0168  0.58 257.89  7.31  0.07    0.5530  0.0163  0.29    97.   107.    97.     
 58.000    0.3140  0.0150  0.63 254.38  7.92  0.04    0.4310  0.0169  1.28    89.    98.    89.     
 60.000    0.2380  0.0119  0.73 249.36  8.82  0.30    0.3340  0.0124  0.79    64.    71.    64.     
 62.000    0.1790  0.0091  1.23 242.91  9.17  0.48    0.2580  0.0100  1.00    51.    55.    51.     
 64.000    0.1340  0.0072  1.62 235.12 10.60  0.94    0.1990  0.0087  1.42    45.    48.    45.     
 66.000    0.1000  0.0061  1.40 229.52 11.64  1.40    0.1530  0.0095  1.93    44.    45.    44.     
 68.000    0.0740  0.0047  0.90 220.00 11.08 -0.19    0.1180  0.0078  2.29    45.    45.    45.     
 70.000    0.0550  0.0039  0.58 213.56  9.91 -0.52    0.0890  0.0060  1.45    40.    40.    40.     
1    T A B L E  II -  9.  T H E R M O D Y N A M I C  S T A T I S T I C A L  P A R A M E T E R S     
                                              SEPTEMBER                                             
 STATION =   723930     VANDENBURG AFB, CA                                                          
    Z      MEAN P   SD P  SKEWP MEAN T  SD T SKEWT    MEAN D    SD D SKEWD  NOBSP  NOBST  NOBSD     
    KM       MB        MB       DEG K  DEG K            G/M3    G/M3                                
  0.000 1013.6001  2.5882 -0.38 289.04  3.92  0.76 1215.0000 17.2700 -0.52   745.   745.   745.     
  0.100 1001.7000  2.5780 -0.38 288.97  3.72  0.75 1201.0000 16.0300 -0.53   818.   818.   818.     
  1.000  901.8301  2.4482 -0.16 293.26  4.90 -0.27 1068.0000 17.1500  0.27   779.   779.   779.     
  2.000  802.2300  2.6556 -0.19 288.90  3.68 -0.57  965.3999 10.7400  0.51   783.   783.   783.     
  3.000  712.1699  3.0964 -0.49 282.76  3.03 -0.58  876.1001  7.3230  0.37   783.   783.   783.     
  4.000  630.4199  3.2905 -0.61 276.63  2.88 -0.43  793.1001  6.3130  0.05   783.   783.   783.     
  5.000  556.6599  3.3661 -0.72 270.38  2.85 -0.55  716.8000  5.6040  0.09   782.   782.   782.     
  6.000  490.3401  3.5139 -0.80 263.71  2.87 -0.76  647.5000  4.8370  0.10   781.   781.   781.     
  7.000  429.9099  3.5334 -0.86 256.40  2.93 -0.74  584.0000  4.1660  0.03   780.   780.   780.     
  8.000  375.8000  3.5612 -0.84 248.81  2.89 -0.53  526.1001  3.7020 -0.01   780.   780.   780.     
  9.000  326.9900  3.4567 -0.82 241.10  2.93 -0.23  472.3999  3.7700 -0.58   780.   780.   780.     
 10.000  283.4900  3.4446 -0.70 233.67  2.99  0.00  422.6001  4.3380 -1.15   779.   779.   779.     
 11.000  244.6200  3.2625 -0.57 226.83  3.14  0.07  375.7000  5.0890 -1.28   774.   774.   774.     
 12.000  210.0700  2.9292 -0.45 221.03  3.01  0.16  331.1001  5.3640 -1.09   774.   774.   774.     
 13.000  179.8200  2.5851 -0.32 216.08  2.85  0.14  290.0000  5.5310 -0.74   772.   772.   772.     
 14.000  153.4600  2.1835 -0.25 211.77  2.73  0.49  252.5000  5.3640 -0.55   772.   772.   772.     
 15.000  130.5000  1.7943 -0.09 208.25  2.99  0.42  218.4000  5.0690 -0.28   767.   767.   767.     
 16.000  110.8200  1.4400 -0.02 206.30  3.18  0.26  187.2000  4.4460 -0.08   762.   762.   762.     
 17.000   94.0430  1.1374 -0.06 206.59  3.00  0.32  158.6000  3.3880 -0.05   751.   751.   751.     
 18.000   80.1170  1.5466  2.45 208.22  2.59  0.08  134.1000  3.3070  1.48   791.   791.   791.     
 19.000   68.1640  1.3780  2.57 210.72  2.12  0.05  112.7000  2.6080  2.16   788.   788.   788.     
 20.000   58.0990  1.1767  2.51 213.20  1.86  0.16   94.9400  2.0490  2.16   784.   784.   784.     
 21.000   49.6560  1.1027  2.28 215.34  1.68  0.05   80.3400  1.7970  2.19   621.   621.   621.     
 22.000   42.4510  0.9695  2.22 217.19  1.62 -0.11   68.0900  1.5080  2.40   591.   591.   591.     
 23.000   36.3510  0.8432  2.15 219.00  1.60 -0.01   57.8200  1.2760  2.46   578.   578.   578.     
 24.000   31.1520  0.7390  2.05 220.69  1.65 -0.08   49.1700  1.1250  2.38   574.   574.   574.     
 25.000   26.7010  0.5860  2.04 222.12  1.60  0.13   41.8800  0.8646  2.50   721.   721.   721.     
 26.000   22.9400  0.5151  1.91 223.64  1.69  0.00   35.7300  0.7399  2.51   714.   714.   714.     
 27.000   19.7550  0.4693  1.67 225.30  1.84  0.15   30.5500  0.6566  2.28   568.   568.   568.     
 28.000   17.0140  0.4216  1.62 226.71  2.08  0.08   26.1400  0.5689  2.21   513.   513.   513.     
 29.000   14.6630  0.3826  1.50 228.04  2.21 -0.10   22.4000  0.5016  2.07   481.   481.   481.     
 30.000   12.6540  0.3427  1.39 229.38  2.26  0.07   19.2200  0.4478  1.96   463.   463.   463.     
 32.000    9.4810  0.1879  0.79 234.37  3.69  0.60   14.1200  0.2459  0.85    95.    98.    92.     
 34.000    7.1190  0.1598  0.82 237.02  3.70  0.35   10.4800  0.1999  1.12    96.    99.    94.     
 36.000    5.3720  0.1363  0.56 241.31  4.58 -0.22    7.7610  0.1789  0.66    97.   100.    97.     
 38.000    4.0740  0.1072  1.09 245.79  3.43  0.64    5.7790  0.1272  0.31    97.   100.    97.     
 40.000    3.1030  0.0882  1.22 250.97  4.60  0.02    4.3140  0.1138  0.58    97.   100.    97.     
 42.000    2.3810  0.0722  1.31 256.85  4.10  0.18    3.2330  0.0815  0.82    97.   100.    97.     
 44.000    1.8370  0.0588  1.40 262.05  4.20  0.14    2.4440  0.0707  0.87    97.   100.    97.     
 46.000    1.4220  0.0483  1.45 264.49  4.64 -0.50    1.8750  0.0571  0.87    97.   100.    97.     
 48.000    1.1040  0.0401  1.45 266.30  5.06 -0.50    1.4440  0.0445  1.10    96.    96.    96.     
 50.000    0.8580  0.0336  1.36 266.41  4.99 -0.97    1.1220  0.0351  1.27    96.    96.    96.     
 52.000    0.6670  0.0287  1.22 265.30  5.32 -0.58    0.8750  0.0273  1.47    92.    91.    92.     
 54.000    0.5170  0.0243  1.15 263.28  5.65 -0.42    0.6840  0.0235  1.57    89.    88.    89.     
 56.000    0.4000  0.0203  1.10 261.58  5.46 -0.08    0.5330  0.0209  1.76    86.    89.    86.     
 58.000    0.3080  0.0173  1.08 258.48  6.35  0.21    0.4160  0.0175  1.12    76.    79.    76.     
 60.000    0.2350  0.0142  1.28 253.29  7.57  0.27    0.3240  0.0132  1.02    62.    63.    62.     
 62.000    0.1770  0.0091  1.49 248.02  8.04  0.78    0.2490  0.0071  0.68    42.    44.    42.     
 64.000    0.1320  0.0048  0.08 240.13  7.45  0.72    0.1930  0.0059  0.00    33.    34.    33.     
 66.000    0.1000  0.0039  0.05 233.91  7.01  0.06    0.1480  0.0047 -0.22    32.    32.    32.     
 68.000    0.0750  0.0034  0.08 224.50  9.94 -0.07    0.1160  0.0042 -0.69    32.    32.    32.     
 70.000    0.0550  0.0028  0.12 218.33  7.44  0.19    0.0880  0.0032  0.02    29.    29.    29.     
1    T A B L E  II - 10.  T H E R M O D Y N A M I C  S T A T I S T I C A L  P A R A M E T E R S     
                                              OCTOBER                                               
 STATION =   723930     VANDENBURG AFB, CA                                                          
    Z      MEAN P   SD P  SKEWP MEAN T  SD T SKEWT    MEAN D    SD D SKEWD  NOBSP  NOBST  NOBSD     
    KM       MB        MB       DEG K  DEG K            G/M3    G/M3                                
  0.000 1015.7000  2.8249 -0.59 288.22  3.98  0.19 1222.0000 18.2700  0.03   826.   826.   826.     
  0.100 1003.7000  2.7099 -0.50 288.06  3.84  0.20 1208.0000 17.1900  0.04   840.   840.   840.     
  1.000  903.6299  3.3134  0.52 289.82  5.36 -0.05 1084.0000 18.9100  0.30   865.   865.   865.     
  2.000  802.4500  3.6623  0.31 285.09  4.61 -0.63  979.1001 13.6800  0.83   866.   866.   866.     
  3.000  711.3401  4.1620 -0.02 279.50  4.01 -0.84  885.7000  9.7030  0.78   866.   866.   866.     
  4.000  628.7600  4.5465 -0.31 273.68  3.87 -0.99  799.8000  7.8930  0.64   865.   865.   865.     
  5.000  554.4199  4.8018 -0.56 267.27  3.80 -1.19  722.3000  6.5340  0.51   865.   865.   865.     
  6.000  487.6001  4.9952 -0.77 260.29  3.76 -1.26  652.3999  5.5340  0.22   863.   863.   863.     
  7.000  426.7600  5.0062 -0.91 252.76  3.68 -1.21  588.1001  4.8820 -0.15   863.   863.   863.     
  8.000  372.3301  5.0064 -0.99 245.11  3.50 -0.87  529.1001  4.4570 -0.40   862.   862.   862.     
  9.000  323.3401  4.7842 -0.96 237.52  3.05 -0.31  474.2000  4.9510 -1.28   862.   862.   862.     
 10.000  279.6399  4.5100 -0.82 230.29  2.89  0.03  423.0000  6.1620 -1.92   861.   861.   861.     
 11.000  240.8000  4.0617 -0.66 223.80  3.21  0.51  374.8999  7.4130 -1.61   858.   858.   858.     
 12.000  206.4500  3.4855 -0.52 218.56  3.61  0.54  329.2000  7.7390 -1.13   858.   858.   858.     
 13.000  176.4700  2.9522 -0.39 214.82  3.45  0.39  286.3000  7.2080 -0.68   858.   858.   858.     
 14.000  150.5600  2.4412 -0.30 211.70  3.23  0.14  247.8000  6.3720 -0.38   857.   857.   857.     
 15.000  128.0300  1.9319 -0.25 208.90  3.23  0.14  213.6000  5.5150 -0.29   854.   854.   854.     
 16.000  108.7600  1.5471 -0.11 206.88  3.35  0.02  183.2000  4.6850 -0.21   853.   853.   853.     
 17.000   92.3090  1.1979 -0.03 206.56  3.31  0.08  155.7000  3.7230 -0.20   817.   817.   817.     
 18.000   78.3530  0.9596  0.11 207.68  2.92  0.11  131.5000  2.7510 -0.09   815.   815.   815.     
 19.000   66.6050  0.7861  0.14 209.64  2.42  0.06  110.7000  1.9040  0.05   807.   807.   807.     
 20.000   56.7050  0.6732  0.15 211.68  2.18  0.10   93.3300  1.4010  0.18   800.   800.   800.     
 21.000   48.3300  0.5917  0.17 213.79  2.10  0.10   78.7600  1.0280  0.34   634.   634.   634.     
 22.000   41.2730  0.5254  0.07 215.59  2.10 -0.09   66.6900  0.8111  0.26   621.   621.   621.     
 23.000   35.2930  0.4754  0.02 217.26  2.18 -0.17   56.5900  0.6968  0.26   610.   610.   610.     
 24.000   30.1760  0.4348  0.09 218.80  2.24 -0.19   48.0500  0.5892  0.11   646.   646.   646.     
 25.000   25.8980  0.3921  0.02 220.36  2.23 -0.24   40.9400  0.5116  0.01   731.   731.   731.     
 26.000   22.2180  0.3589  0.00 221.62  2.31 -0.32   34.9200  0.4408  0.00   717.   717.   717.     
 27.000   19.0800  0.3224  0.06 222.87  2.48 -0.36   29.8200  0.3838 -0.03   563.   563.   563.     
 28.000   16.3990  0.2945  0.03 224.06  2.66 -0.44   25.5000  0.3441 -0.09   510.   510.   510.     
 29.000   14.1090  0.2689 -0.02 225.14  2.83 -0.34   21.8300  0.3186 -0.01   479.   479.   479.     
 30.000   12.1460  0.2490 -0.08 226.22  2.97 -0.15   18.7000  0.2808 -0.13   468.   468.   468.     
 32.000    9.1560  0.2134  0.02 231.38  4.41  1.11   13.7900  0.2415 -0.36   102.   105.   101.     
 34.000    6.8520  0.1845  0.07 234.80  4.20  0.15   10.1700  0.1945 -0.10   104.   107.   104.     
 36.000    5.1550  0.1564  0.12 239.05  3.89  0.21    7.5110  0.1710 -0.32   104.   107.   104.     
 38.000    3.9030  0.1328  0.18 243.93  4.58 -0.10    5.5740  0.1562  0.21   106.   109.   106.     
 40.000    2.9690  0.1087  0.17 249.95  5.00 -0.18    4.1380  0.1279  0.49   106.   109.   106.     
 42.000    2.2730  0.0901  0.13 255.69  5.35 -0.24    3.0980  0.1069  0.29   107.   110.   107.     
 44.000    1.7520  0.0741  0.05 260.87  5.65 -0.53    2.3410  0.0832  0.38   107.   110.   107.     
 46.000    1.3560  0.0611 -0.01 265.09  5.72 -0.20    1.7820  0.0620  0.36   105.   108.   105.     
 48.000    1.0520  0.0511 -0.05 266.85  5.50 -0.45    1.3740  0.0535  0.20   105.   105.   105.     
 50.000    0.8190  0.0415 -0.08 266.85  6.10 -0.24    1.0690  0.0473  0.06   102.   103.   102.     
 52.000    0.6370  0.0343 -0.08 266.09  6.14 -0.06    0.8340  0.0365  0.06   101.   105.   101.     
 54.000    0.4940  0.0286 -0.10 264.08  6.78  0.22    0.6520  0.0280  0.01   100.   100.   100.     
 56.000    0.3830  0.0239 -0.07 262.22  6.31  0.18    0.5090  0.0251 -0.13    99.   102.    99.     
 58.000    0.2960  0.0202 -0.05 259.71  5.96 -0.19    0.3970  0.0209 -0.03    94.    97.    94.     
 60.000    0.2250  0.0170  0.20 255.41  6.54  0.51    0.3070  0.0183  0.05    69.    73.    69.     
 62.000    0.1720  0.0142  0.33 250.43  8.31  0.57    0.2390  0.0158 -0.04    55.    59.    55.     
 64.000    0.1280  0.0087 -0.05 243.30 10.54  1.54    0.1840  0.0114 -0.46    39.    42.    39.     
 66.000    0.0960  0.0062 -0.31 235.37  6.43  0.33    0.1420  0.0088 -0.20    37.    39.    37.     
 68.000    0.0710  0.0046 -0.29 225.47 10.01  0.29    0.1100  0.0088 -0.14    34.    36.    34.     
 70.000    0.0530  0.0034 -0.04 220.13  9.75 -0.13    0.0830  0.0064 -0.21    31.    33.    31.     
1    T A B L E  II - 11.  T H E R M O D Y N A M I C  S T A T I S T I C A L  P A R A M E T E R S     
                                              NOVEMBER                                              
 STATION =   723930     VANDENBURG AFB, CA                                                          
    Z      MEAN P   SD P  SKEWP MEAN T  SD T SKEWT    MEAN D    SD D SKEWD  NOBSP  NOBST  NOBSD     
    KM       MB        MB       DEG K  DEG K            G/M3    G/M3                                
  0.000 1017.7000  4.0617 -0.58 286.71  4.24  0.13 1232.0000 20.2400  0.19   868.   868.   868.     
  0.100 1005.6001  3.9692 -0.62 286.45  4.09  0.17 1218.0000 19.0900  0.17   882.   882.   882.     
  1.000  904.0300  3.9896 -0.82 285.90  5.08  0.12 1099.0000 17.7500 -0.11   894.   894.   894.     
  2.000  801.6399  4.4841 -0.79 281.49  5.04 -0.37  990.8000 14.3100  0.34   895.   895.   895.     
  3.000  709.5300  5.1935 -0.76 276.47  4.82 -0.62  893.3000 10.9600  0.61   895.   895.   895.     
  4.000  626.2400  5.7071 -0.78 270.67  4.64 -0.77  805.5000  8.5800  0.74   895.   895.   895.     
  5.000  551.4199  6.0777 -0.80 264.22  4.52 -0.86  726.7000  6.8660  0.77   895.   895.   895.     
  6.000  484.2200  6.4316 -0.79 257.32  4.40 -0.86  655.3999  5.8100  0.39   895.   895.   895.     
  7.000  423.1899  6.4010 -0.77 250.03  4.28 -0.86  589.5000  5.3460 -0.29   894.   894.   894.     
  8.000  368.6599  6.2901 -0.77 242.57  4.07 -0.67  529.3999  5.2660 -1.28   892.   892.   892.     
  9.000  319.7100  6.0309 -0.73 235.09  3.67 -0.29  473.7000  5.9460 -1.96   889.   889.   889.     
 10.000  276.0300  5.6511 -0.59 227.92  3.38  0.10  421.8999  7.2640 -1.78   889.   889.   889.     
 11.000  237.3000  5.0785 -0.44 221.39  3.53  0.52  373.5000  8.8080 -1.48   886.   886.   886.     
 12.000  203.1500  4.3255 -0.30 216.15  4.15  0.50  327.5000  9.7730 -0.96   884.   884.   884.     
 13.000  173.3800  3.5942 -0.14 212.85  4.39  0.16  283.8999  9.4320 -0.51   879.   879.   879.     
 14.000  147.7100  2.9340  0.03 210.73  3.80  0.08  244.3000  7.8990 -0.24   873.   873.   873.     
 15.000  125.5900  2.2837  0.11 208.74  3.53  0.27  209.7000  6.5330 -0.13   870.   870.   870.     
 16.000  106.6800  1.7741  0.13 207.13  3.67  0.23  179.5000  5.5890  0.00   867.   867.   867.     
 17.000   90.5460  1.3335  0.19 206.72  3.72  0.08  152.7000  4.4930  0.10   842.   842.   842.     
 18.000   76.8550  1.0062  0.25 207.36  3.47 -0.05  129.2000  3.3450  0.17   840.   840.   840.     
 19.000   65.2950  0.7706  0.11 208.75  3.00  0.00  109.0000  2.3300  0.08   825.   825.   825.     
 20.000   55.5350  0.6351  0.18 210.13  2.55 -0.01   92.0800  1.5980 -0.05   815.   815.   815.     
 21.000   47.2790  0.5389  0.27 211.73  2.19 -0.01   77.8000  1.1150 -0.04   681.   681.   681.     
 22.000   40.3040  0.4668  0.14 213.21  2.18 -0.05   65.8600  0.8611 -0.20   676.   676.   676.     
 23.000   34.4080  0.4203  0.17 214.78  2.14  0.00   55.8100  0.6524 -0.16   668.   668.   668.     
 24.000   29.3940  0.3774  0.15 216.11  2.23 -0.19   47.3800  0.5287 -0.02   768.   768.   768.     
 25.000   25.1630  0.3577  0.22 217.49  2.38 -0.18   40.3100  0.4735  0.72   763.   763.   763.     
 26.000   21.5450  0.3296  0.19 218.86  2.57  0.08   34.2900  0.4346  0.51   751.   751.   751.     
 27.000   18.4460  0.2931  0.15 220.01  2.70  0.17   29.2100  0.3812  0.01   589.   589.   589.     
 28.000   15.8240  0.2679  0.15 221.20  2.85  0.17   24.9200  0.3411 -0.20   548.   548.   548.     
 29.000   13.5850  0.2450  0.15 222.38  2.92  0.05   21.2800  0.3067 -0.07   516.   516.   516.     
 30.000   11.6820  0.2278  0.15 223.65  3.01  0.01   18.2000  0.2867 -0.05   517.   517.   517.     
 32.000    8.7740  0.2071  0.49 228.78  3.80  0.62   13.4000  0.2330  0.14    79.    84.    75.     
 34.000    6.5590  0.1676  0.74 232.95  4.12  0.29    9.8210  0.2268  0.00    81.    86.    79.     
 36.000    4.9240  0.1352  0.85 237.49  5.33  0.19    7.2260  0.2072  0.27    82.    87.    82.     
 38.000    3.7220  0.1157  0.86 241.56  6.44  0.13    5.3700  0.1819  0.77    84.    89.    84.     
 40.000    2.8250  0.0951  0.89 247.29  6.04  0.53    3.9810  0.1302  0.39    84.    89.    84.     
 42.000    2.1570  0.0818  0.86 252.48  7.23 -0.58    2.9770  0.1070  0.60    83.    88.    83.     
 44.000    1.6570  0.0675  1.01 257.69  6.89 -0.56    2.2400  0.0863  0.39    83.    87.    83.     
 46.000    1.2800  0.0560  0.96 261.52  6.84 -0.46    1.7020  0.0666  0.89    83.    85.    83.     
 48.000    0.9920  0.0469  0.79 264.45  6.72 -0.52    1.3050  0.0534  0.97    82.    85.    82.     
 50.000    0.7700  0.0389  0.62 264.92  6.63 -0.35    1.0100  0.0466  0.96    81.    82.    81.     
 52.000    0.5970  0.0321  0.52 264.80  6.54 -0.28    0.7850  0.0374  0.87    79.    83.    79.     
 54.000    0.4630  0.0273  0.33 263.26  6.33 -0.31    0.6120  0.0317  0.15    77.    82.    77.     
 56.000    0.3590  0.0220  0.47 261.83  6.93 -0.48    0.4770  0.0258  0.36    75.    80.    75.     
 58.000    0.2780  0.0179  0.52 260.23  7.62 -0.24    0.3720  0.0201  0.16    73.    75.    73.     
 60.000    0.2140  0.0153  0.60 257.09  9.25  0.12    0.2900  0.0147  0.36    57.    61.    57.     
 62.000    0.1640  0.0135  0.61 252.49 10.34  0.45    0.2260  0.0134  0.28    37.    39.    37.     
 64.000    0.1220  0.0100  0.64 243.05  8.50  0.16    0.1750  0.0116  0.17    26.    27.    26.     
 66.000    0.0910  0.0069  0.68 235.97 11.19  0.28    0.1350  0.0092  0.05    25.    26.    25.     
 68.000    0.0680  0.0057  0.80 225.93 13.19  0.49    0.1050  0.0074 -0.13    25.    26.    25.     
 70.000    0.0500  0.0047  0.96 218.76 10.89  0.39    0.0800  0.0062  0.21    24.    25.    24.     
1    T A B L E  II - 12.  T H E R M O D Y N A M I C  S T A T I S T I C A L  P A R A M E T E R S     
                                              DECEMBER                                              
 STATION =   723930     VANDENBURG AFB, CA                                                          
    Z      MEAN P   SD P  SKEWP MEAN T  SD T SKEWT    MEAN D    SD D SKEWD  NOBSP  NOBST  NOBSD     
    KM       MB        MB       DEG K  DEG K            G/M3    G/M3                                
  0.000 1018.8999  4.5228 -0.39 284.77  4.71 -0.07 1242.0000 22.6400  0.32   902.   902.   902.     
  0.100 1006.7000  4.4467 -0.40 284.45  4.57 -0.04 1229.0000 21.4800  0.30   919.   919.   919.     
  1.000  904.1201  4.5021 -0.60 283.21  5.21 -0.06 1110.0000 18.5100  0.16   932.   932.   932.     
  2.000  800.8000  5.0718 -0.67 278.79  5.49 -0.45  999.6001 15.6900  0.47   934.   934.   934.     
  3.000  707.9299  5.8682 -0.71 273.83  5.30 -0.82  900.0000 11.9600  0.87   934.   934.   934.     
  4.000  624.1001  6.4944 -0.81 268.15  5.14 -1.03  810.3999  9.2440  0.98   934.   934.   934.     
  5.000  548.8501  6.9759 -0.88 261.66  4.99 -1.08  730.5000  7.2170  0.72   933.   933.   933.     
  6.000  481.2700  7.2650 -0.90 254.62  4.87 -0.97  658.3999  5.9800  0.24   931.   931.   931.     
  7.000  420.0100  7.2227 -0.90 247.33  4.57 -0.68  591.5000  5.3910 -0.49   931.   931.   931.     
  8.000  365.3701  7.0645 -0.85 239.92  4.20 -0.35  530.5000  5.7300 -1.22   929.   929.   929.     
  9.000  316.3501  6.7272 -0.74 232.48  3.81 -0.07  474.0000  6.9180 -1.80   928.   928.   928.     
 10.000  272.6499  6.2096 -0.59 225.36  3.53  0.27  421.5000  8.4700 -1.72   926.   926.   926.     
 11.000  234.0200  5.5189 -0.40 219.35  3.85  0.68  371.8000 10.2100 -1.27   923.   923.   923.     
 12.000  200.1400  4.6638 -0.19 215.44  4.98  0.48  323.8000 11.4500 -0.74   923.   923.   923.     
 13.000  170.8100  3.8340  0.01 213.83  5.19 -0.04  278.5000 10.4600 -0.24   919.   919.   919.     
 14.000  145.6600  3.1317  0.19 212.55  4.25  0.03  238.9000  8.3140 -0.09   917.   917.   917.     
 15.000  124.0100  2.4515  0.23 210.67  3.91  0.24  205.2000  6.8740 -0.03   911.   911.   911.     
 16.000  105.4700  1.9199  0.34 208.91  3.99  0.17  176.0000  5.8700  0.11   905.   905.   905.     
 17.000   89.6210  1.4551  0.36 208.04  4.08 -0.04  150.2000  4.8690  0.33   868.   868.   868.     
 18.000   76.1350  1.0973  0.33 208.21  3.87 -0.28  127.5000  3.7350  0.52   861.   861.   861.     
 19.000   64.7110  0.8458  0.20 209.17  3.36 -0.47  107.8000  2.6460  0.69   842.   842.   842.     
 20.000   55.0580  0.6850  0.08 210.34  2.91 -0.52   91.2100  1.8300  0.66   823.   823.   823.     
 21.000   46.8440  0.5805  0.16 211.76  2.73 -0.22   77.0800  1.3070  0.49   674.   674.   674.     
 22.000   39.9410  0.5119  0.08 213.10  2.64  0.00   65.3000  0.9705  0.43   657.   657.   657.     
 23.000   34.0920  0.4610  0.01 214.43  2.59 -0.04   55.3900  0.7576  0.53   641.   641.   641.     
 24.000   29.1440  0.4185 -0.17 215.67  2.63  0.02   47.0800  0.5820  0.33   750.   750.   750.     
 25.000   24.9270  0.3915 -0.19 216.82  2.78  0.07   40.0500  0.4870  0.16   733.   733.   733.     
 26.000   21.3340  0.3637 -0.20 218.00  3.07  0.13   34.0900  0.4423  0.09   729.   729.   729.     
 27.000   18.2510  0.3425 -0.08 219.01  3.34  0.30   29.0300  0.4282  0.01   589.   589.   589.     
 28.000   15.6420  0.3214 -0.07 220.05  3.48  0.37   24.7600  0.4058  0.07   535.   535.   535.     
 29.000   13.4300  0.2948 -0.10 221.17  3.50  0.31   21.1600  0.3702  0.12   495.   495.   495.     
 30.000   11.5410  0.2655 -0.10 222.33  3.50  0.15   18.0800  0.3516  0.03   478.   478.   478.     
 32.000    8.7160  0.2147  0.81 227.70  4.85  0.64   13.3500  0.2828 -0.17   127.   130.   124.     
 34.000    6.5010  0.1812  0.89 232.13  6.10  0.46    9.7640  0.2678 -0.04   126.   129.   125.     
 36.000    4.8750  0.1521  0.94 236.41  6.73  0.45    7.1880  0.2350  0.08   126.   129.   126.     
 38.000    3.6740  0.1261  0.91 242.00  8.81  0.44    5.2930  0.2031  0.54   125.   129.   125.     
 40.000    2.7900  0.1080  0.78 247.40  9.47  0.00    3.9310  0.1622  0.82   125.   129.   125.     
 42.000    2.1320  0.0932  0.64 254.25 10.51 -0.13    2.9240  0.1268  0.88   126.   131.   126.     
 44.000    1.6420  0.0810  0.48 261.04  9.86 -0.39    2.1890  0.0970  0.85   126.   127.   126.     
 46.000    1.2720  0.0692  0.30 266.04 10.18 -0.25    1.6670  0.0766  0.49   126.   129.   126.     
 48.000    0.9890  0.0589  0.22 267.88  9.92 -0.04    1.2860  0.0645  0.27   126.   129.   126.     
 50.000    0.7700  0.0503  0.13 267.97  9.03 -0.35    1.0000  0.0548  0.28   125.   124.   125.     
 52.000    0.5990  0.0415  0.11 266.33  7.94 -0.62    0.7830  0.0459  0.09   125.   123.   125.     
 54.000    0.4650  0.0338  0.10 263.71  6.80 -0.60    0.6140  0.0397  0.04   125.   128.   125.     
 56.000    0.3600  0.0274  0.15 261.18  6.59 -0.46    0.4800  0.0347  0.03   119.   121.   119.     
 58.000    0.2790  0.0214  0.28 258.69  7.51  0.21    0.3750  0.0278 -0.11   107.   109.   107.     
 60.000    0.2140  0.0170  0.58 255.93  9.94  0.01    0.2920  0.0217 -0.11    79.    84.    79.     
 62.000    0.1650  0.0134  1.20 251.01 12.67  0.22    0.2310  0.0162  0.21    43.    47.    43.     
 64.000    0.1250  0.0115  1.91 243.10 14.74  0.91    0.1800  0.0119  0.30    32.    33.    32.     
 66.000    0.0940  0.0102  2.18 239.28 16.60  1.17    0.1370  0.0099  0.41    31.    32.    31.     
 68.000    0.0710  0.0095  2.18 231.61 22.40  1.43    0.1080  0.0090  0.58    28.    29.    28.     
 70.000    0.0540  0.0089  2.10 225.68 23.65  1.16    0.0830  0.0102  0.89    26.    27.    26.     
