       72402     37.85N   75.48W
     T A B L E  II -   1.  T H E R M O D Y N A M I C  S T A T I S T I C A L  P A R A M E T E R S
                                   January
 STATION =   724020     WALLOP ISLAND, VA
    Z      MEAN P   SD P  SKEWP MEAN T  SD T SKEWT    MEAN D    SD D SKEWD  NOBSP  NOBST  NOBSD
    KM       MB        MB      KELVIN KELVIN            G/M3    G/M3                           
  0.000 1020.0000  5.0000  0.00 290.00  5.00  0.00 1221.0000 25.0000  0.00    100    100    100
  0.004 1017.8090  9.1640 -0.25 275.95  5.70 -0.06 1282.6230 33.8830  0.17   1225   1225   1225
  0.500  958.2680  8.3470 -0.34 275.46  7.58  0.05 1210.2490 37.5380  0.09   1226   1226   1226
  1.000  900.5310  7.8510 -0.37 273.76  7.66 -0.13 1144.6680 33.6760  0.21   1226   1226   1226
  1.500  846.1740  7.7180 -0.35 272.40  7.32 -0.30 1081.0400 28.1260  0.30   1226   1226   1226
  2.000  794.6170  7.9360 -0.30 270.95  6.98 -0.41 1020.7290 23.2780  0.36   1226   1226   1226
  2.500  745.9790  8.1870 -0.30 269.29  6.59 -0.50  964.2980 19.1050  0.41   1226   1226   1226
  3.000  700.2180  8.3970 -0.34 267.26  6.41 -0.62  912.1470 16.1770  0.50   1223   1223   1223
  3.500  656.7280  8.7430 -0.37 264.81  6.20 -0.65  863.4620 13.5750  0.48   1223   1223   1223
  4.000  615.4560  8.9230 -0.41 262.16  6.08 -0.69  817.4640 11.6920  0.43   1223   1223   1223
  4.500  576.4890  9.0760 -0.44 259.31  6.00 -0.68  774.1970 10.3010  0.28   1223   1223   1223
  5.000  539.5870  9.2020 -0.47 256.30  5.93 -0.68  733.2080  9.2320  0.14   1223   1223   1223
  5.500  504.8130  9.2150 -0.49 253.12  5.88 -0.67  694.6200  8.4690  0.05   1223   1223   1223
  6.000  471.8810  9.4110 -0.51 249.84  5.88 -0.61  657.8470  7.8490 -0.08   1222   1222   1222
  6.500  440.3990  9.3700 -0.52 246.46  5.78 -0.52  622.3960  7.3950 -0.20   1219   1219   1219
  7.000  410.8700  9.2510 -0.51 243.06  5.58 -0.38  588.8110  7.1310 -0.32   1217   1217   1217
  7.500  383.0320  9.2540 -0.49 239.66  5.31 -0.20  556.7040  7.3310 -0.62   1216   1216   1216
  8.000  356.4020  9.0330 -0.45 236.19  5.00 -0.10  525.6180  7.9050 -0.93   1214   1214   1214
  8.500  331.3650  8.7480 -0.40 232.76  4.71 -0.04  495.9060  8.6940 -1.15   1213   1213   1213
  9.000  307.8290  8.3550 -0.34 229.44  4.41 -0.04  467.3930  9.7330 -1.28   1208   1208   1208
  9.500  285.9850  8.1120 -0.32 226.43  4.07 -0.02  440.0120 11.1050 -1.24   1207   1207   1207
 10.000  265.0410  7.6050 -0.25 223.62  4.03  0.09  412.9760 12.4440 -1.10   1206   1206   1206
 10.500  245.6620  7.0770 -0.19 221.23  4.28  0.41  387.0020 13.7810 -0.89   1204   1204   1204
 11.000  227.3850  6.5010 -0.11 219.50  4.76  0.53  361.1210 14.5760 -0.64   1202   1202   1202
 11.500  210.2990  5.8560 -0.05 218.26  5.51  0.37  335.9710 15.0220 -0.36   1199   1199   1199
 12.000  194.6250  5.2530 -0.05 217.47  6.01  0.10  312.1250 14.7740 -0.08   1194   1194   1194
 12.500  179.8600  4.6630 -0.04 217.28  5.68 -0.12  288.6720 13.1700  0.13   1190   1190   1190
 13.000  166.2960  4.1380 -0.04 216.92  5.23 -0.36  267.3100 11.5010  0.28   1187   1187   1187
 13.500  153.7620  3.6580 -0.03 216.41  4.73 -0.52  247.7030  9.9450  0.33   1186   1186   1186
 14.000  142.1130  3.2850 -0.08 215.64  4.23 -0.40  229.7230  8.6230  0.23   1172   1172   1172
 14.500  131.2820  2.9200 -0.09 214.64  3.95 -0.24  213.1980  7.6680  0.16   1168   1168   1168
 15.000  121.1980  2.5900 -0.11 213.55  3.83 -0.11  197.8220  6.9190  0.12   1168   1168   1168
 15.500  111.9260  2.3010 -0.13 212.49  3.81 -0.00  183.5950  6.2940  0.10   1167   1167   1167
 16.000  103.3450  2.0310 -0.12 211.47  3.85 -0.04  170.3390  5.7470  0.14   1163   1163   1163
 16.500   95.4070  1.8140 -0.20 210.72  3.85 -0.11  157.8100  5.2410  0.16   1124   1124   1124
 17.000   88.0120  1.6050 -0.24 210.29  3.86 -0.10  145.8780  4.6860  0.18   1120   1120   1120
 17.500   81.1470  1.4200 -0.32 209.96  3.81 -0.08  134.7030  4.1280  0.13   1117   1117   1117
 18.000   74.8490  1.2660 -0.35 209.86  3.78 -0.05  124.3050  3.6390  0.09   1110   1110   1110
 18.500   69.0880  1.1070 -0.47 209.97  3.74 -0.10  114.6770  3.2190  0.08   1081   1081   1081
 19.000   63.6950  0.9980 -0.50 210.18  3.60 -0.07  105.6150  2.7950  0.07   1074   1074   1074
 19.500   58.7680  0.8990 -0.56 210.32  3.51 -0.09   97.3750  2.4100  0.08   1072   1072   1072
 20.000   54.1900  0.8170 -0.61 210.63  3.46 -0.04   89.6520  2.0830  0.00   1065   1065   1065
 20.500   50.0170  0.7390 -0.69 210.95  3.42  0.08   82.6220  1.8140 -0.14   1053   1053   1053
 21.000   46.1810  0.7030 -0.69 211.40  3.38  0.09   76.1200  1.6400 -0.22   1024   1024   1024
 21.500   42.6050  0.6530 -0.68 211.80  3.42  0.10   70.0920  1.4430 -0.24   1023   1023   1023
 22.000   39.3380  0.6070 -0.67 212.32  3.46  0.16   64.5590  1.2820 -0.31   1017   1017   1017
 22.500   36.3090  0.5760 -0.64 212.70  3.50  0.17   59.4780  1.1300 -0.40   1012   1012   1012
 23.000   33.5290  0.5450 -0.61 213.14  3.59  0.28   54.8110  1.0090 -0.47   1008   1008   1008
 23.500   30.9750  0.5140 -0.52 213.53  3.68  0.39   50.5450  0.9050 -0.48   1003   1003   1003
 24.000   28.6320  0.4910 -0.48 214.00  3.65  0.48   46.6170  0.8190 -0.53    967    967    967
 24.500   26.4650  0.4730 -0.48 214.47  3.69  0.58   42.9930  0.7590 -0.73    957    957    957
 25.000   24.4470  0.4530 -0.40 214.95  3.72  0.72   39.6270  0.7210 -0.75    948    948    948
 25.500   22.5990  0.4360 -0.35 215.48  3.93  0.98   36.5420  0.6920 -0.72    945    945    945
 26.000   20.8980  0.4180 -0.27 215.97  4.10  1.18   33.7150  0.6570 -0.79    938    938    938
 26.500   19.3040  0.4030 -0.09 216.61  4.26  1.27   31.0510  0.6280 -0.73    790    790    790
 27.000   17.8570  0.3870 -0.04 217.22  4.45  1.26   28.6420  0.5950 -0.66    772    772    772
 27.500   16.5210  0.3730  0.02 217.84  4.54  1.23   26.4240  0.5560 -0.56    759    759    759
 28.000   15.2950  0.3570  0.14 218.49  4.73  1.10   24.3920  0.5360 -0.44    742    742    742
 28.500   14.1540  0.3430  0.26 219.24  4.89  0.96   22.4940  0.5130 -0.41    707    707    707
 29.000   13.1190  0.3340  0.50 219.82  5.07  0.97   20.7950  0.5020 -0.31    637    637    637
 29.500   12.1590  0.3150  0.54 220.50  5.22  0.79   19.2130  0.4610 -0.31    585    585    585
 30.000   11.2590  0.3070  0.74 221.13  5.37  0.66   17.7410  0.4310 -0.34    509    509    509
     T A B L E  II -   2.  T H E R M O D Y N A M I C  S T A T I S T I C A L  P A R A M E T E R S
                                  February
 STATION =   724020     WALLOP ISLAND, VA
    Z      MEAN P   SD P  SKEWP MEAN T  SD T SKEWT    MEAN D    SD D SKEWD  NOBSP  NOBST  NOBSD
    KM       MB        MB      KELVIN KELVIN            G/M3    G/M3                           
  0.000 1020.0000  5.0000  0.00 290.00  5.00  0.00 1221.0000 25.0000  0.00    100    100    100
  0.004 1017.3510  8.7030 -0.36 276.71  5.08  0.13 1278.5410 30.7520 -0.03   1158   1158   1158
  0.500  958.0570  7.9030 -0.40 276.11  6.61  0.15 1207.1050 33.1610 -0.09   1161   1161   1161
  1.000  900.4560  7.3580 -0.41 274.16  6.84 -0.06 1142.8750 30.4810  0.04   1160   1160   1160
  1.500  846.1200  7.1570 -0.40 272.62  6.59 -0.31 1080.1300 25.6740  0.17   1160   1160   1160
  2.000  794.6140  7.2800 -0.39 270.99  6.34 -0.47 1020.6120 21.5000  0.28   1160   1160   1160
  2.500  745.9700  7.4530 -0.43 269.10  6.14 -0.60  964.9430 18.1710  0.40   1159   1159   1159
  3.000  700.1210  7.6350 -0.47 266.99  5.94 -0.69  912.8950 15.2400  0.42   1158   1158   1158
  3.500  656.6210  7.9790 -0.50 264.57  5.78 -0.71  864.1100 12.9460  0.39   1156   1156   1156
  4.000  615.3420  8.1740 -0.56 261.86  5.68 -0.78  818.2370 11.2420  0.38   1155   1155   1155
  4.500  576.3560  8.3380 -0.61 258.94  5.61 -0.83  775.1270  9.8130  0.31   1153   1153   1153
  5.000  539.4050  8.4470 -0.64 255.90  5.53 -0.85  734.1120  8.7250  0.20   1152   1152   1152
  5.500  504.5870  8.4370 -0.66 252.72  5.46 -0.80  695.3880  8.0120  0.01   1152   1152   1152
  6.000  471.5730  8.6500 -0.66 249.43  5.42 -0.70  658.4930  7.3610 -0.16   1150   1150   1150
  6.500  440.0910  8.6070 -0.69 246.02  5.35 -0.61  623.0870  6.9090 -0.35   1150   1150   1150
  7.000  410.5730  8.4580 -0.68 242.61  5.19 -0.47  589.4780  6.7730 -0.47   1149   1149   1149
  7.500  382.6230  8.5030 -0.65 239.18  4.95 -0.30  557.2400  7.0080 -0.63   1146   1146   1146
  8.000  356.0070  8.2910 -0.62 235.68  4.64 -0.18  526.1750  7.5200 -0.96   1144   1144   1144
  8.500  330.9500  8.0180 -0.57 232.26  4.25 -0.07  496.3760  8.3990 -1.22   1139   1139   1139
  9.000  307.3940  7.6330 -0.52 228.96  3.92 -0.02  467.7130  9.4700 -1.39   1138   1138   1138
  9.500  285.4840  7.3610 -0.46 225.96  3.68  0.17  440.1690 11.0050 -1.36   1136   1136   1136
 10.000  264.5260  6.8670 -0.37 223.07  3.84  0.39  413.2190 12.3080 -1.27   1135   1135   1135
 10.500  245.1440  6.3610 -0.30 220.65  4.30  0.69  387.2210 13.5570 -1.05   1131   1131   1131
 11.000  226.8900  5.7990 -0.20 219.05  4.95  0.68  361.0960 14.3180 -0.78   1130   1130   1130
 11.500  209.7930  5.1750 -0.12 218.12  5.66  0.39  335.3870 14.4330 -0.45   1129   1129   1129
 12.000  194.1680  4.6120 -0.09 217.84  5.89  0.05  310.8380 13.5980 -0.13   1124   1124   1124
 12.500  179.4810  4.0970 -0.02 217.92  5.35 -0.23  287.1620 11.7050  0.06   1119   1119   1119
 13.000  166.0060  3.6460 -0.00 217.76  4.69 -0.33  265.7490  9.9270  0.09   1119   1119   1119
 13.500  153.5410  3.2460  0.03 217.30  4.16 -0.27  246.2870  8.5240  0.05   1118   1118   1118
 14.000  141.9730  2.9460  0.06 216.47  3.84 -0.08  228.5880  7.5510 -0.02   1109   1109   1109
 14.500  131.1960  2.6200  0.05 215.38  3.68  0.08  212.3040  6.8030 -0.05   1109   1109   1109
 15.000  121.1490  2.3230  0.06 214.23  3.63  0.22  197.0950  6.1890 -0.06   1109   1109   1109
 15.500  111.9110  2.0700  0.06 213.12  3.65  0.23  183.0170  5.6800 -0.05   1106   1106   1106
 16.000  103.3520  1.8380  0.08 212.11  3.68  0.18  169.8180  5.1950  0.02   1103   1103   1103
 16.500   95.4420  1.6370  0.04 211.39  3.74  0.20  157.3580  4.7770  0.06   1075   1075   1075
 17.000   88.0660  1.4460  0.02 210.89  3.73  0.19  145.5390  4.2840  0.05   1073   1073   1073
 17.500   81.2090  1.2810  0.01 210.51  3.70  0.16  134.4480  3.7830  0.04   1072   1072   1072
 18.000   74.9220  1.1370 -0.02 210.29  3.68  0.19  124.1670  3.3500 -0.01   1069   1069   1069
 18.500   69.1640  1.0040 -0.10 210.23  3.64  0.26  114.6520  2.9510 -0.06   1058   1058   1058
 19.000   63.7730  0.9160 -0.07 210.37  3.52  0.30  105.6420  2.5590 -0.08   1054   1054   1054
 19.500   58.8370  0.8300 -0.09 210.57  3.47  0.22   97.3670  2.2180 -0.11   1050   1050   1050
 20.000   54.2600  0.7590 -0.10 210.81  3.48  0.21   89.6900  1.9390 -0.16   1045   1045   1045
 20.500   50.0830  0.6880 -0.14 211.11  3.43  0.21   82.6680  1.6850 -0.21   1037   1037   1037
 21.000   46.2480  0.6560 -0.13 211.52  3.42  0.15   76.1860  1.5030 -0.21   1022   1022   1022
 21.500   42.6700  0.6170 -0.11 211.89  3.38  0.13   70.1650  1.3060 -0.23   1017   1017   1017
 22.000   39.3940  0.5830 -0.13 212.30  3.29  0.18   64.6550  1.1410 -0.24   1013   1013   1013
 22.500   36.3550  0.5550 -0.14 212.72  3.23  0.20   59.5470  1.0180 -0.28   1008   1008   1008
 23.000   33.5730  0.5260 -0.14 213.13  3.18  0.28   54.8810  0.9310 -0.30    998    998    998
 23.500   31.0110  0.4980 -0.12 213.60  3.07  0.28   50.5810  0.8450 -0.38    991    991    991
 24.000   28.6590  0.4760 -0.16 214.03  3.03  0.25   46.6520  0.7690 -0.58    965    965    965
 24.500   26.4830  0.4530 -0.08 214.49  2.98  0.24   43.0170  0.7160 -0.55    957    957    957
 25.000   24.4650  0.4360  0.00 215.05  2.98  0.27   39.6340  0.6830 -0.56    948    948    948
 25.500   22.6200  0.4180  0.08 215.52  3.04  0.39   36.5650  0.6600 -0.40    938    938    938
 26.000   20.9160  0.3940  0.07 216.10  3.14  0.53   33.7210  0.6430 -0.43    928    928    928
 26.500   19.3180  0.3750  0.01 216.41  3.14  0.49   31.1000  0.5970 -0.63    797    797    797
 27.000   17.8710  0.3550  0.06 216.91  3.30  0.51   28.7040  0.5900 -0.56    772    772    772
 27.500   16.5240  0.3390  0.11 217.60  3.51  0.63   26.4570  0.5750 -0.60    750    750    750
 28.000   15.2960  0.3210  0.17 218.40  3.82  0.78   24.4030  0.5590 -0.55    726    726    726
 28.500   14.1460  0.3090  0.17 219.30  4.22  0.87   22.4760  0.5540 -0.58    682    682    682
 29.000   13.1000  0.2930  0.18 220.19  4.43  0.93   20.7310  0.5170 -0.46    633    633    633
 29.500   12.1330  0.2790  0.22 221.18  4.87  0.85   19.1160  0.5000 -0.37    554    554    554
 30.000   11.2400  0.2680  0.25 222.27  5.13  0.86   17.6220  0.4730 -0.22    479    479    479
     T A B L E  II -   3.  T H E R M O D Y N A M I C  S T A T I S T I C A L  P A R A M E T E R S
                                     March
 STATION =   724020     WALLOP ISLAND, VA
    Z      MEAN P   SD P  SKEWP MEAN T  SD T SKEWT    MEAN D    SD D SKEWD  NOBSP  NOBST  NOBSD
    KM       MB        MB      KELVIN KELVIN            G/M3    G/M3                           
  0.000 1020.0000  5.0000  0.00 290.00  5.00  0.00 1221.0000 25.0000  0.00    100    100    100
  0.004 1016.2450  9.1990 -0.23 280.05  5.17  0.02 1261.0649 30.5520  0.17   1284   1284   1284
  0.500  957.6550  8.4150 -0.34 279.52  6.89  0.10 1191.2200 33.6800  0.07   1286   1286   1286
  1.000  900.7630  7.8730 -0.41 277.26  6.98 -0.13 1129.8960 30.7220  0.22   1286   1286   1286
  1.500  846.9940  7.6330 -0.43 275.22  6.70 -0.32 1070.5100 26.0800  0.32   1285   1285   1285
  2.000  795.9050  7.6920 -0.40 273.23  6.28 -0.50 1013.4360 21.4320  0.43   1284   1284   1284
  2.500  747.5760  7.8020 -0.40 271.04  5.91 -0.56  959.7970 17.5930  0.44   1284   1284   1284
  3.000  701.9560  7.8970 -0.41 268.69  5.66 -0.63  909.2900 14.9100  0.48   1283   1283   1283
  3.500  658.6180  8.1340 -0.43 266.13  5.54 -0.71  861.5050 12.9820  0.47   1283   1283   1283
  4.000  617.4520  8.2640 -0.45 263.36  5.44 -0.78  816.2670 11.3760  0.44   1282   1282   1282
  4.500  578.5580  8.3780 -0.47 260.37  5.41 -0.79  773.7500 10.0940  0.33   1282   1282   1282
  5.000  541.6610  8.4460 -0.50 257.25  5.35 -0.78  733.2610  8.8340  0.14   1280   1280   1280
  5.500  506.8550  8.4370 -0.52 254.00  5.32 -0.70  694.9780  8.0060 -0.08   1278   1278   1278
  6.000  473.8450  8.5940 -0.54 250.64  5.31 -0.59  658.4510  7.3630 -0.30   1277   1277   1277
  6.500  442.3470  8.5570 -0.56 247.16  5.30 -0.46  623.3820  6.9780 -0.44   1277   1277   1277
  7.000  412.7850  8.4360 -0.55 243.60  5.22 -0.28  590.2350  6.7040 -0.63   1277   1277   1277
  7.500  384.7250  8.4290 -0.55 240.02  4.96 -0.24  558.3320  6.6960 -0.60   1274   1274   1274
  8.000  358.1040  8.3040 -0.50 236.44  4.70 -0.11  527.5890  7.1350 -0.87   1273   1273   1273
  8.500  332.9870  8.0840 -0.45 232.88  4.42 -0.04  498.0890  7.9520 -1.16   1269   1269   1269
  9.000  309.3660  7.7080 -0.39 229.43  4.11  0.04  469.7260  8.9290 -1.31   1265   1265   1265
  9.500  287.3380  7.4070 -0.37 226.31  3.88  0.16  442.3350 10.3870 -1.33   1264   1264   1264
 10.000  266.2760  6.9740 -0.28 223.32  3.95  0.36  415.4700 11.7700 -1.26   1264   1264   1264
 10.500  246.7830  6.4820 -0.21 220.70  4.26  0.70  389.6950 13.0200 -1.10   1259   1259   1259
 11.000  228.4220  5.9380 -0.11 218.78  4.78  0.84  363.9450 13.9600 -0.83   1258   1258   1258
 11.500  211.1650  5.3280 -0.03 217.41  5.56  0.61  338.6730 14.5220 -0.52   1256   1256   1256
 12.000  195.3370  4.7440  0.05 216.65  6.14  0.25  314.4640 14.4900 -0.17   1247   1247   1247
 12.500  180.4850  4.1830  0.12 216.58  6.01 -0.08  290.6410 13.1430  0.08   1247   1247   1247
 13.000  166.8740  3.6840  0.15 216.75  5.34 -0.35  268.4480 11.1480  0.25   1246   1246   1246
 13.500  154.3020  3.2480  0.18 216.71  4.51 -0.39  248.2080  9.1850  0.25   1243   1243   1243
 14.000  142.6270  2.8860  0.18 216.30  3.91 -0.41  229.8380  7.7840  0.25   1232   1232   1232
 14.500  131.8060  2.5660  0.19 215.53  3.61 -0.27  213.1460  6.8910  0.24   1228   1228   1228
 15.000  121.7260  2.2640  0.19 214.67  3.39 -0.17  197.6190  6.1260  0.25   1227   1227   1227
 15.500  112.4650  2.0100  0.19 213.81  3.40 -0.16  183.3200  5.6120  0.27   1224   1224   1224
 16.000  103.8910  1.7780  0.17 213.03  3.42 -0.11  169.9630  5.1180  0.26   1218   1218   1218
 16.500   95.9550  1.5650  0.17 212.36  3.46 -0.13  157.4740  4.6400  0.26   1195   1195   1195
 17.000   88.5740  1.3880  0.14 211.92  3.46 -0.09  145.6670  4.1610  0.20   1194   1194   1194
 17.500   81.7110  1.2170  0.12 211.57  3.45 -0.14  134.5980  3.6880  0.20   1192   1192   1192
 18.000   75.4180  1.0750  0.11 211.33  3.45 -0.17  124.3680  3.2890  0.23   1187   1187   1187
 18.500   69.6410  0.9290  0.11 211.21  3.28 -0.14  114.9010  2.8040  0.24   1180   1180   1180
 19.000   64.2450  0.8430  0.10 211.35  3.18 -0.09  105.9260  2.4410  0.19   1173   1173   1173
 19.500   59.3020  0.7600  0.05 211.64  3.13 -0.18   97.6380  2.1420  0.25   1168   1168   1168
 20.000   54.7080  0.6920  0.03 212.00  3.00 -0.23   89.9180  1.8270  0.28   1160   1160   1160
 20.500   50.5180  0.6270  0.03 212.30  2.94 -0.22   82.9110  1.5770  0.25   1158   1158   1158
 21.000   46.6750  0.5880 -0.04 212.64  2.99 -0.26   76.4790  1.3950  0.16   1136   1136   1136
 21.500   43.0780  0.5520 -0.04 213.03  2.97 -0.32   70.4570  1.2090  0.10   1129   1129   1129
 22.000   39.7940  0.5200 -0.09 213.49  2.89 -0.35   64.9440  1.0510  0.06   1126   1126   1126
 22.500   36.7420  0.4920 -0.06 213.90  2.84 -0.20   59.8460  0.9070 -0.04   1118   1118   1118
 23.000   33.9480  0.4670 -0.13 214.38  2.87 -0.05   55.1720  0.8200 -0.18   1110   1110   1110
 23.500   31.3750  0.4430 -0.16 214.85  2.97  0.03   50.8780  0.7630 -0.25   1108   1108   1108
 24.000   29.0110  0.4230 -0.17 215.27  3.04  0.08   46.9530  0.6820 -0.28   1080   1080   1080
 24.500   26.8220  0.4050 -0.20 215.74  2.98  0.10   43.3140  0.6210 -0.24   1073   1073   1073
 25.000   24.7880  0.3910 -0.17 216.36  2.99  0.09   39.9160  0.5890 -0.12   1063   1063   1063
 25.500   22.9240  0.3670 -0.20 216.94  3.05  0.07   36.8130  0.5490 -0.23   1052   1052   1052
 26.000   21.2040  0.3490 -0.22 217.51  3.16 -0.06   33.9640  0.5160 -0.26   1042   1042   1042
 26.500   19.6080  0.3430  0.07 218.12  3.25 -0.11   31.3190  0.4980  0.11    937    937    937
 27.000   18.1380  0.3230  0.11 218.77  3.28 -0.22   28.8840  0.4800  0.05    885    885    885
 27.500   16.7800  0.3110  0.14 219.73  3.45 -0.14   26.6050  0.4680 -0.02    854    854    854
 28.000   15.5390  0.2930  0.06 220.63  3.57  0.08   24.5380  0.4560 -0.12    838    838    838
 28.500   14.3890  0.2840  0.25 221.57  3.71  0.21   22.6260  0.4510  0.11    800    800    800
 29.000   13.3350  0.2690  0.23 222.61  3.81  0.43   20.8700  0.4360  0.03    741    741    741
 29.500   12.3570  0.2460 -0.10 223.79  3.97  0.52   19.2380  0.3930 -0.45    669    669    669
 30.000   11.4570  0.2350 -0.09 224.90  4.18  0.67   17.7480  0.3810 -0.50    585    585    585
     T A B L E  II -   4.  T H E R M O D Y N A M I C  S T A T I S T I C A L  P A R A M E T E R S
                                     April
 STATION =   724020     WALLOP ISLAND, VA
    Z      MEAN P   SD P  SKEWP MEAN T  SD T SKEWT    MEAN D    SD D SKEWD  NOBSP  NOBST  NOBSD
    KM       MB        MB      KELVIN KELVIN            G/M3    G/M3                           
  0.000 1020.0000  5.0000  0.00 290.00  5.00  0.00 1221.0000 25.0000  0.00    100    100    100
  0.004 1014.5280  7.6960 -0.22 284.83  4.83  0.19 1236.4270 25.7420  0.07   1214   1214   1214
  0.500  957.1570  7.1920 -0.35 284.76  6.20  0.07 1167.5830 27.8350  0.06   1217   1217   1217
  1.000  901.3320  6.9450 -0.50 282.27  6.20 -0.18 1109.6000 24.9440  0.23   1217   1217   1217
  1.500  848.4400  6.9050 -0.57 279.56  6.05 -0.34 1054.9460 21.6630  0.33   1217   1217   1217
  2.000  798.0060  7.0870 -0.58 277.00  5.79 -0.50 1001.7790 18.2560  0.45   1216   1216   1216
  2.500  750.1750  7.2590 -0.61 274.53  5.51 -0.64  950.5410 15.1140  0.56   1216   1216   1216
  3.000  704.9570  7.3850 -0.62 271.94  5.25 -0.75  901.9790 12.6650  0.58   1215   1215   1215
  3.500  661.9950  7.6330 -0.64 269.26  5.07 -0.84  855.6620 10.8590  0.50   1213   1213   1213
  4.000  621.0510  7.7470 -0.68 266.35  4.93 -0.94  811.6790  9.5560  0.48   1212   1212   1212
  4.500  582.3490  7.8450 -0.72 263.26  4.88 -0.98  770.1440  8.4770  0.35   1212   1212   1212
  5.000  545.6010  7.8940 -0.76 260.12  4.84 -1.00  730.3460  7.5860  0.14   1212   1212   1212
  5.500  510.8940  7.9100 -0.78 256.84  4.82 -0.97  692.7000  6.8680 -0.03   1212   1212   1212
  6.000  478.0850  8.0130 -0.80 253.44  4.84 -0.94  656.9610  6.3550 -0.22   1210   1210   1210
  6.500  446.6320  7.9720 -0.82 249.90  4.85 -0.86  622.4720  5.9910 -0.27   1210   1210   1210
  7.000  417.0680  7.8920 -0.82 246.35  4.84 -0.72  589.6690  5.7540 -0.37   1210   1210   1210
  7.500  389.1290  7.8930 -0.84 242.77  4.74 -0.54  558.3010  5.8290 -0.56   1205   1205   1205
  8.000  362.4630  7.7750 -0.81 239.09  4.57 -0.39  528.0790  6.2150 -0.84   1200   1200   1200
  8.500  337.3240  7.6180 -0.75 235.53  4.34 -0.19  498.8900  6.9270 -1.49   1199   1199   1199
  9.000  313.5790  7.3480 -0.67 231.93  4.09 -0.14  470.9830  7.6990 -1.76   1197   1197   1197
  9.500  291.5170  7.0590 -0.64 228.54  3.75 -0.05  444.3730  8.9150 -1.85   1194   1194   1194
 10.000  270.3350  6.7270 -0.53 225.21  3.63  0.06  418.2030 10.0590 -1.83   1194   1194   1194
 10.500  250.6700  6.2770 -0.44 222.21  3.65  0.41  393.0740 11.1880 -1.61   1194   1194   1194
 11.000  232.1030  5.8540 -0.31 219.75  3.89  0.87  368.0940 12.2890 -1.27   1188   1188   1188
 11.500  214.6380  5.2860 -0.22 217.72  4.64  0.93  343.6740 13.2930 -0.95   1187   1187   1187
 12.000  198.5710  4.6920 -0.13 216.17  5.50  0.67  320.3140 13.7820 -0.63   1186   1186   1186
 12.500  183.4390  4.1350 -0.05 215.60  5.88  0.38  296.7390 13.3110 -0.31   1183   1183   1183
 13.000  169.5360  3.5980 -0.03 215.60  5.86  0.01  274.2400 12.1300  0.02   1183   1183   1183
 13.500  156.6900  3.1080 -0.02 215.55  5.62 -0.34  253.5030 10.6790  0.26   1180   1180   1180
 14.000  144.7820  2.6700 -0.03 215.40  5.03 -0.51  234.3450  8.8900  0.32   1176   1176   1176
 14.500  133.7850  2.3460 -0.03 215.01  4.36 -0.43  216.9010  7.4020  0.25   1176   1176   1176
 15.000  123.5310  2.0480 -0.03 214.42  3.95 -0.31  200.8060  6.3140  0.17   1172   1172   1172
 15.500  114.1280  1.8010 -0.04 213.74  3.71 -0.14  186.1000  5.5460  0.08   1169   1169   1169
 16.000  105.4170  1.5940 -0.05 213.10  3.58 -0.10  172.4060  4.9220  0.07   1165   1165   1165
 16.500   97.3770  1.3590 -0.09 212.60  3.46 -0.10  159.6290  4.2940  0.04   1147   1147   1147
 17.000   89.8950  1.2030 -0.08 212.21  3.33 -0.06  147.6270  3.7880  0.01   1143   1143   1143
 17.500   82.9330  1.0550 -0.09 211.88  3.31 -0.09  136.4050  3.3860  0.01   1140   1140   1140
 18.000   76.5470  0.9310 -0.09 211.66  3.26 -0.04  126.0270  3.0170  0.00   1132   1132   1132
 18.500   70.6740  0.8090 -0.02 211.64  3.24  0.01  116.3650  2.6630  0.04   1129   1129   1129
 19.000   65.2370  0.7190 -0.09 211.92  3.13 -0.01  107.2710  2.2750  0.06   1121   1121   1121
 19.500   60.2300  0.6450 -0.11 212.31  2.95 -0.04   98.8500  1.9510  0.03   1116   1116   1116
 20.000   55.5800  0.5830 -0.02 212.75  2.80 -0.01   91.0260  1.6600 -0.06   1108   1108   1108
 20.500   51.3330  0.5370 -0.02 213.25  2.72 -0.06   83.8710  1.4250 -0.10   1105   1105   1105
 21.000   47.4640  0.4870 -0.05 213.85  2.64 -0.11   77.3290  1.2020 -0.11   1087   1087   1087
 21.500   43.8270  0.4630  0.01 214.54  2.55 -0.32   71.1740  1.0320 -0.09   1084   1084   1084
 22.000   40.5130  0.4390  0.03 215.14  2.48 -0.30   65.6060  0.8990 -0.09   1074   1074   1074
 22.500   37.4260  0.4170  0.09 215.76  2.44 -0.17   60.4340  0.7870 -0.20   1071   1071   1071
 23.000   34.6070  0.3960  0.07 216.35  2.41 -0.07   55.7270  0.6880 -0.28   1062   1062   1062
 23.500   32.0010  0.3810  0.01 216.97  2.41  0.10   51.3840  0.6160 -0.31   1054   1054   1054
 24.000   29.6250  0.3430  0.01 217.64  2.40  0.19   47.4200  0.5310 -0.54   1023   1023   1023
 24.500   27.4150  0.3350  0.08 218.31  2.37  0.12   43.7490  0.4900 -0.40   1018   1018   1018
 25.000   25.3560  0.3280  0.08 219.06  2.46  0.17   40.3250  0.4710 -0.35   1007   1007   1007
 25.500   23.4720  0.3140  0.09 219.80  2.56  0.26   37.2020  0.4440 -0.33   1003   1003   1003
 26.000   21.7330  0.3030  0.08 220.48  2.67  0.23   34.3400  0.4200 -0.28    996    996    996
 26.500   20.1340  0.2770  0.11 221.33  2.81  0.32   31.6920  0.3990 -0.43    949    949    949
 27.000   18.6630  0.2770  0.05 222.16  3.08  0.50   29.2670  0.3940 -0.53    827    827    827
 27.500   17.2870  0.2690  0.04 223.12  3.27  0.62   26.9920  0.3820 -0.58    812    812    812
 28.000   16.0280  0.2610 -0.01 224.08  3.36  0.62   24.9190  0.3670 -0.41    789    789    789
 28.500   14.8610  0.2520  0.01 225.05  3.56  0.57   23.0050  0.3560 -0.45    762    762    762
 29.000   13.7900  0.2450 -0.03 226.05  3.68  0.53   21.2520  0.3380 -0.50    720    720    720
 29.500   12.8030  0.2350  0.03 227.08  3.85  0.48   19.6410  0.3260 -0.35    640    640    640
 30.000   11.8840  0.2280  0.02 228.03  3.90  0.53   18.1560  0.3090 -0.31    564    564    564
     T A B L E  II -   5.  T H E R M O D Y N A M I C  S T A T I S T I C A L  P A R A M E T E R S
                                       May
 STATION =   724020     WALLOP ISLAND, VA
    Z      MEAN P   SD P  SKEWP MEAN T  SD T SKEWT    MEAN D    SD D SKEWD  NOBSP  NOBST  NOBSD
    KM       MB        MB      KELVIN KELVIN            G/M3    G/M3                           
  0.000 1020.0000  5.0000  0.00 290.00  5.00  0.00 1221.0000 25.0000  0.00    100    100    100
  0.004 1014.7000  6.4040 -0.11 289.87  4.39  0.23 1213.0341 23.3530 -0.00   1318   1318   1318
  0.500  958.1990  5.8710 -0.20 289.08  4.90 -0.14 1149.5280 23.1220  0.19   1319   1319   1319
  1.000  903.1970  5.4520 -0.24 286.50  4.64 -0.27 1093.8700 20.0600  0.32   1319   1319   1319
  1.500  850.9990  5.2270 -0.32 283.64  4.41 -0.35 1041.5649 17.2270  0.39   1319   1319   1319
  2.000  801.1500  5.2040 -0.34 280.91  4.28 -0.45  990.6990 14.6700  0.48   1319   1319   1319
  2.500  753.8310  5.2410 -0.39 278.36  4.13 -0.57  941.2760 12.3280  0.59   1319   1319   1319
  3.000  708.9970  5.2630 -0.37 275.76  3.91 -0.64  894.0280 10.2990  0.65   1316   1316   1316
  3.500  666.4170  5.4250 -0.41 273.08  3.76 -0.72  848.8590  8.8570  0.63   1316   1316   1316
  4.000  625.7960  5.4700 -0.43 270.30  3.63 -0.83  805.5560  7.6490  0.65   1315   1315   1315
  4.500  587.3850  5.5160 -0.46 267.41  3.60 -0.95  764.4750  6.8220  0.64   1315   1315   1315
  5.000  550.8930  5.5480 -0.50 264.41  3.68 -0.94  725.2850  6.4040  0.36   1314   1314   1314
  5.500  516.3710  5.5750 -0.54 261.25  3.71 -1.04  688.1600  5.8330  0.44   1313   1313   1313
  6.000  483.8210  5.6510 -0.56 258.01  3.85 -0.96  652.9720  5.5140  0.31   1313   1313   1313
  6.500  452.5180  5.6620 -0.62 254.60  3.95 -0.86  618.9820  5.2240  0.18   1313   1313   1313
  7.000  423.0800  5.6770 -0.65 251.10  4.01 -0.77  586.8190  4.9180  0.08   1312   1312   1312
  7.500  395.2920  5.6520 -0.71 247.55  4.07 -0.66  556.1800  4.6810  0.04   1310   1310   1310
  8.000  368.7070  5.7260 -0.67 243.82  4.09 -0.53  526.7300  4.4930 -0.05   1309   1309   1309
  8.500  343.5920  5.6880 -0.67 240.06  4.07 -0.42  498.5710  4.4590 -0.16   1309   1309   1309
  9.000  319.8440  5.6220 -0.65 236.23  3.98 -0.32  471.6450  4.5120 -0.52   1307   1307   1307
  9.500  297.6710  5.4260 -0.64 232.45  3.80 -0.20  446.0990  4.6950 -0.96   1306   1306   1306
 10.000  276.4160  5.3870 -0.55 228.68  3.57 -0.09  421.0660  5.2240 -1.49   1306   1306   1306
 10.500  256.5100  5.1380 -0.49 225.04  3.31  0.04  397.0780  5.9340 -1.74   1306   1306   1306
 11.000  237.8290  4.9780 -0.43 221.76  3.05  0.28  373.6260  7.0650 -1.72   1303   1303   1303
 11.500  220.0030  4.6860 -0.32 218.74  3.12  0.56  350.4290  8.2180 -1.52   1303   1303   1303
 12.000  203.5660  4.2900 -0.18 216.14  3.56  0.74  328.2110  9.3220 -1.23   1301   1301   1301
 12.500  188.0880  3.9280 -0.10 214.45  4.10  0.66  305.7050 10.1310 -0.86   1300   1300   1300
 13.000  173.7140  3.5070 -0.01 213.47  4.64  0.38  283.6850 10.3020 -0.49   1300   1300   1300
 13.500  160.4070  3.1030  0.06 212.88  5.01  0.03  262.7060  9.9570 -0.17   1299   1299   1299
 14.000  148.0870  2.6570  0.17 212.61  5.01 -0.21  242.8350  8.9970  0.09   1297   1297   1297
 14.500  136.7090  2.3450  0.18 212.72  4.32 -0.32  224.0270  7.5240  0.23   1294   1294   1294
 15.000  126.1260  2.0530  0.17 212.51  3.72 -0.25  206.8570  6.2900  0.23   1293   1293   1293
 15.500  116.4370  1.8150  0.13 212.16  3.45 -0.19  191.2670  5.4980  0.25   1291   1291   1291
 16.000  107.4920  1.6020  0.09 211.80  3.32 -0.07  176.8690  4.8670  0.25   1290   1290   1290
 16.500   99.2520  1.3450  0.11 211.43  3.23 -0.16  163.5930  4.2100  0.34   1269   1269   1269
 17.000   91.6210  1.2140  0.05 211.35  3.17 -0.17  151.0710  3.7850  0.29   1267   1267   1267
 17.500   84.5020  1.0790  0.04 211.36  3.05 -0.17  139.3230  3.3160  0.24   1265   1265   1265
 18.000   77.9940  0.9580  0.01 211.54  2.99 -0.12  128.4750  2.9100  0.18   1264   1264   1264
 18.500   71.9930  0.8610 -0.01 211.79  2.85 -0.00  118.4450  2.5000  0.11   1263   1263   1263
 19.000   66.4760  0.7560  0.13 212.32  2.65  0.01  109.0930  2.0830  0.11   1256   1256   1256
 19.500   61.3960  0.6920  0.10 213.00  2.52 -0.07  100.4290  1.7790  0.10   1254   1254   1254
 20.000   56.6740  0.6390  0.17 213.79  2.35 -0.06   92.3620  1.4960  0.14   1252   1252   1252
 20.500   52.3740  0.6080  0.22 214.52  2.29 -0.09   85.0600  1.3160  0.13   1248   1248   1248
 21.000   48.4370  0.5460  0.27 215.34  2.21 -0.17   78.3670  1.1160  0.14   1239   1239   1239
 21.500   44.7610  0.5360  0.47 216.19  2.12 -0.16   72.1330  1.0080  0.26   1235   1235   1235
 22.000   41.4040  0.4970  0.38 216.96  2.01 -0.04   66.4850  0.8710  0.20   1227   1227   1227
 22.500   38.2800  0.4770  0.38 217.66  1.96 -0.08   61.2710  0.7850  0.30   1222   1222   1222
 23.000   35.4220  0.4510  0.31 218.36  2.00 -0.05   56.5140  0.7130  0.34   1213   1213   1213
 23.500   32.7820  0.4270  0.22 219.09  2.06 -0.12   52.1270  0.6680  0.44   1203   1203   1203
 24.000   30.3320  0.3880  0.45 219.82  2.16 -0.18   48.0700  0.5980  0.55   1194   1194   1194
 24.500   28.1080  0.3620  0.05 220.60  2.11 -0.31   44.3880  0.5270  0.13   1175   1175   1175
 25.000   26.0250  0.3510 -0.01 221.38  2.12 -0.27   40.9530  0.5040  0.14   1159   1159   1159
 25.500   24.1080  0.3370 -0.11 222.16  2.17 -0.23   37.8030  0.4690  0.13   1151   1151   1151
 26.000   22.3380  0.3230 -0.24 222.97  2.19 -0.17   34.9010  0.4480  0.01   1144   1144   1144
 26.500   20.6970  0.3090 -0.29 223.87  2.22 -0.09   32.2060  0.4330  0.00   1135   1135   1135
 27.000   19.2020  0.2800 -0.17 224.67  2.25 -0.17   29.7730  0.3820 -0.04    970    970    970
 27.500   17.8000  0.2740 -0.23 225.62  2.29 -0.07   27.4830  0.3900 -0.07    952    952    952
 28.000   16.5190  0.2610 -0.31 226.47  2.37 -0.06   25.4100  0.3760 -0.20    933    933    933
 28.500   15.3240  0.2490 -0.30 227.33  2.40 -0.09   23.4830  0.3610 -0.29    909    909    909
 29.000   14.2290  0.2340 -0.36 228.34  2.36 -0.17   21.7080  0.3340 -0.38    859    859    859
 29.500   13.2210  0.2170 -0.36 229.28  2.39 -0.29   20.0880  0.3140 -0.33    808    808    808
 30.000   12.2830  0.1950 -0.30 230.34  2.40 -0.33   18.5760  0.2930 -0.33    731    731    731
     T A B L E  II -   6.  T H E R M O D Y N A M I C  S T A T I S T I C A L  P A R A M E T E R S
                                      June
 STATION =   724020     WALLOP ISLAND, VA
    Z      MEAN P   SD P  SKEWP MEAN T  SD T SKEWT    MEAN D    SD D SKEWD  NOBSP  NOBST  NOBSD
    KM       MB        MB      KELVIN KELVIN            G/M3    G/M3                           
  0.000 1020.0000  5.0000  0.00 290.00  5.00  0.00 1221.0000 25.0000  0.00    100    100    100
  0.004 1013.9820  5.2480 -0.12 295.20  3.87 -0.05 1187.4480 19.6960  0.21   1226   1226   1226
  0.500  958.5160  4.8840 -0.23 293.64  3.98 -0.30 1129.8361 18.3960  0.33   1228   1228   1228
  1.000  904.4030  4.5880 -0.32 290.76  3.68 -0.44 1077.3970 15.7000  0.39   1228   1228   1228
  1.500  852.9650  4.3790 -0.40 287.71  3.49 -0.57 1027.6880 13.5530  0.51   1227   1227   1227
  2.000  803.7500  4.3330 -0.46 284.96  3.31 -0.65  978.6630 11.3550  0.62   1227   1227   1227
  2.500  756.9760  4.3220 -0.51 282.34  3.14 -0.75  931.0470  9.4400  0.64   1225   1225   1225
  3.000  712.5930  4.3290 -0.54 279.72  2.98 -0.84  885.2270  7.8930  0.63   1225   1225   1225
  3.500  670.4280  4.3710 -0.60 277.04  2.88 -0.87  841.2850  6.8520  0.54   1225   1225   1225
  4.000  630.1510  4.3800 -0.62 274.26  2.76 -0.81  799.0590  6.0590  0.30   1223   1223   1223
  4.500  592.0180  4.3910 -0.64 271.40  2.68 -0.85  758.8780  5.5240  0.14   1221   1221   1221
  5.000  555.7850  4.3840 -0.68 268.56  2.75 -0.89  720.1770  5.3730  0.09   1221   1221   1221
  5.500  521.5060  4.3600 -0.73 265.62  2.87 -0.96  683.3950  5.1860  0.17   1220   1220   1220
  6.000  489.2500  4.3850 -0.81 262.57  3.03 -0.95  648.6920  5.0150  0.17   1218   1218   1218
  6.500  458.1390  4.3970 -0.83 259.36  3.20 -0.99  615.0420  4.8240  0.24   1217   1217   1217
  7.000  428.8570  4.4040 -0.84 256.05  3.35 -0.97  583.2510  4.6500  0.24   1217   1217   1217
  7.500  401.1530  4.3290 -0.91 252.60  3.47 -0.91  553.0860  4.4980  0.27   1215   1215   1215
  8.000  374.8420  4.4350 -0.91 249.06  3.61 -0.87  524.1890  4.3270  0.22   1212   1212   1212
  8.500  349.8210  4.4590 -0.91 245.45  3.69 -0.83  496.4290  4.0890  0.17   1209   1209   1209
  9.000  326.1440  4.4500 -0.92 241.70  3.69 -0.74  470.0300  3.9280  0.04   1208   1208   1208
  9.500  303.9100  4.3460 -0.88 237.93  3.63 -0.66  444.9370  3.8400 -0.22   1207   1207   1207
 10.000  282.8080  4.3790 -0.91 234.13  3.52 -0.62  420.7830  3.8050 -0.73   1205   1205   1205
 10.500  262.7350  4.2430 -0.83 230.32  3.31 -0.54  397.3990  4.1210 -1.38   1204   1204   1204
 11.000  244.1390  4.1650 -0.82 226.65  3.06 -0.45  375.2490  4.6190 -1.94   1202   1202   1202
 11.500  226.1840  3.9920 -0.75 223.09  2.85 -0.14  353.2040  5.3460 -2.12   1201   1201   1201
 12.000  209.5190  3.7880 -0.64 219.72  2.84  0.13  332.2250  6.1440 -1.97   1200   1200   1200
 12.500  193.8500  3.5410 -0.56 216.84  2.93  0.74  311.4870  6.9760 -1.65   1194   1194   1194
 13.000  179.1310  3.2330 -0.48 214.51  3.32  0.81  291.0030  7.6410 -1.26   1194   1194   1194
 13.500  165.4460  2.9260 -0.39 212.64  3.81  0.68  271.1750  8.0950 -0.89   1193   1193   1193
 14.000  152.6640  2.5620 -0.31 211.23  4.14  0.46  251.9180  7.9420 -0.62   1191   1191   1191
 14.500  140.9290  2.2840 -0.28 210.49  4.14  0.23  233.3740  7.4370 -0.37   1188   1188   1188
 15.000  129.8990  1.9880 -0.26 210.01  3.96  0.09  215.5940  6.5970 -0.22   1187   1187   1187
 15.500  119.8240  1.7380 -0.26 209.61  3.70  0.04  199.2430  5.8050 -0.12   1186   1186   1186
 16.000  110.5150  1.5230 -0.26 209.33  3.38  0.12  183.9920  4.9740 -0.11   1181   1181   1181
 16.500  101.8740  1.2890 -0.13 209.22  3.19  0.16  169.6840  4.2160 -0.07   1177   1177   1177
 17.000   94.0060  1.1260 -0.14 209.30  3.12  0.02  156.5140  3.6700  0.03   1153   1153   1153
 17.500   86.6480  0.9960 -0.14 209.73  2.99 -0.07  143.9630  3.1350  0.04   1153   1153   1153
 18.000   79.9290  0.8940 -0.13 210.24  2.82 -0.16  132.4740  2.6640  0.07   1152   1152   1152
 18.500   73.7550  0.8090 -0.09 210.94  2.70 -0.31  121.8310  2.2710  0.14   1152   1152   1152
 19.000   68.0710  0.7250  0.10 211.85  2.51 -0.32  111.9540  1.8940  0.13   1144   1144   1144
 19.500   62.8620  0.6720  0.12 212.90  2.24 -0.37  102.8730  1.5890  0.03   1142   1142   1142
 20.000   58.0320  0.6310  0.21 213.95  2.04 -0.39   94.4980  1.3610 -0.04   1139   1139   1139
 20.500   53.6340  0.6010  0.41 214.92  1.94 -0.34   86.9430  1.2350  0.06   1133   1133   1133
 21.000   49.6010  0.5410  0.60 215.84  1.83 -0.16   80.0620  1.0570  0.23   1124   1124   1124
 21.500   45.8500  0.5150  0.55 216.74  1.76 -0.02   73.6990  0.9520  0.22   1116   1116   1116
 22.000   42.4240  0.4880  0.58 217.60  1.72 -0.09   67.9200  0.8800  0.36   1112   1112   1112
 22.500   39.2310  0.4690  0.57 218.48  1.68 -0.20   62.5570  0.8190  0.46   1112   1112   1112
 23.000   36.3190  0.4440  0.54 219.35  1.67 -0.17   57.6810  0.7560  0.44   1107   1107   1107
 23.500   33.6260  0.4130  0.46 220.18  1.73 -0.04   53.2030  0.6920  0.33   1100   1100   1100
 24.000   31.1170  0.3840  0.39 221.05  1.73  0.07   49.0400  0.6290  0.42   1094   1094   1094
 24.500   28.8460  0.3370  0.37 221.97  1.70  0.05   45.2710  0.5260  0.27   1075   1075   1075
 25.000   26.7180  0.3160  0.20 222.88  1.70 -0.01   41.7620  0.4870  0.30   1068   1068   1068
 25.500   24.7710  0.3000  0.15 223.82  1.67  0.09   38.5560  0.4610  0.33   1055   1055   1055
 26.000   22.9710  0.2790  0.13 224.76  1.68  0.06   35.6030  0.4280  0.24   1044   1044   1044
 26.500   21.2920  0.2650  0.09 225.70  1.70  0.22   32.8640  0.4030  0.11   1040   1040   1040
 27.000   19.7680  0.2410  0.06 226.60  1.70  0.22   30.3900  0.3680  0.16    915    915    915
 27.500   18.3270  0.2250  0.07 227.45  1.67  0.10   28.0700  0.3520  0.15    854    854    854
 28.000   17.0190  0.2140 -0.20 228.27  1.71 -0.05   25.9710  0.3370  0.01    835    835    835
 28.500   15.7980  0.2040 -0.15 229.15  1.70 -0.11   24.0160  0.3260 -0.00    811    811    811
 29.000   14.6760  0.1900 -0.23 230.04  1.76 -0.14   22.2240  0.3070 -0.06    775    775    775
 29.500   13.6390  0.1820 -0.30 230.92  1.87 -0.15   20.5730  0.2950 -0.14    726    726    726
 30.000   12.6730  0.1630 -0.20 231.79  1.90 -0.22   19.0440  0.2670 -0.17    653    653    653
     T A B L E  II -   7.  T H E R M O D Y N A M I C  S T A T I S T I C A L  P A R A M E T E R S
                                      July
 STATION =   724020     WALLOP ISLAND, VA
    Z      MEAN P   SD P  SKEWP MEAN T  SD T SKEWT    MEAN D    SD D SKEWD  NOBSP  NOBST  NOBSD
    KM       MB        MB      KELVIN KELVIN            G/M3    G/M3                           
  0.000 1020.0000  5.0000  0.00 290.00  5.00  0.00 1221.0000 25.0000  0.00    100    100    100
  0.004 1014.2080  4.1350 -0.02 297.55  3.09  0.15 1176.5179 15.7700  0.12   1147   1147   1147
  0.500  959.2810  3.7410 -0.13 295.76  2.92 -0.06 1121.1949 13.9750  0.24   1150   1150   1150
  1.000  905.5480  3.4250 -0.27 292.78  2.69 -0.25 1070.1620 12.2540  0.43   1149   1149   1149
  1.500  854.4120  3.1850 -0.37 289.60  2.60 -0.34 1021.7770 10.7960  0.48   1149   1149   1149
  2.000  805.4810  3.0820 -0.40 286.70  2.51 -0.44  974.0240  9.3610  0.55   1146   1146   1146
  2.500  758.9050  2.9770 -0.48 284.07  2.31 -0.30  927.0930  7.6350  0.46   1145   1145   1145
  3.000  714.6950  2.9280 -0.52 281.43  2.17 -0.28  881.9140  6.4100  0.43   1145   1145   1145
  3.500  672.6900  2.9340 -0.57 278.73  2.03 -0.19  838.6050  5.5320  0.20   1145   1145   1145
  4.000  632.5420  2.8880 -0.59 276.01  1.94 -0.32  796.7060  4.9600  0.23   1145   1145   1145
  4.500  594.5350  2.8530 -0.59 273.26  1.92 -0.29  756.6490  4.6730  0.03   1144   1144   1144
  5.000  558.3930  2.8100 -0.63 270.47  1.95 -0.44  718.2330  4.3430  0.15   1143   1143   1143
  5.500  524.1920  2.7770 -0.67 267.66  2.05 -0.60  681.5250  4.1310  0.24   1142   1142   1142
  6.000  492.0620  2.8530 -0.76 264.75  2.16 -0.87  646.9260  4.0860  0.57   1142   1142   1142
  6.500  461.0020  2.8180 -0.80 261.66  2.31 -0.79  613.3590  3.9430  0.17   1138   1138   1138
  7.000  431.7640  2.8020 -0.84 258.50  2.40 -0.82  581.5610  3.7110  0.16   1136   1136   1136
  7.500  404.0430  2.8180 -0.87 255.16  2.55 -0.86  551.4050  3.6530  0.25   1135   1135   1135
  8.000  377.9170  2.9120 -0.94 251.77  2.69 -0.84  522.7420  3.5600  0.15   1130   1130   1130
  8.500  352.9310  2.9200 -0.86 248.22  2.76 -0.83  495.2140  3.3560  0.36   1129   1129   1129
  9.000  329.2770  2.8970 -0.93 244.58  2.81 -0.77  468.9250  3.2000  0.24   1128   1128   1128
  9.500  307.0620  2.8890 -0.89 240.85  2.79 -0.65  444.0980  2.9840  0.19   1126   1126   1126
 10.000  286.1150  2.9640 -0.95 237.07  2.77 -0.61  420.4160  2.8700 -0.35   1123   1123   1123
 10.500  266.0010  2.9080 -0.80 233.17  2.70 -0.54  397.4040  2.8470 -1.05   1120   1120   1120
 11.000  247.3900  2.8030 -0.89 229.38  2.60 -0.46  375.7190  3.1070 -1.73   1118   1118   1118
 11.500  229.4040  2.7650 -0.75 225.65  2.48 -0.37  354.1620  3.4850 -2.10   1116   1116   1116
 12.000  212.6630  2.6590 -0.65 222.04  2.44 -0.17  333.6670  3.9530 -2.30   1115   1115   1115
 12.500  196.9540  2.5400 -0.62 218.70  2.46  0.23  313.7480  4.5250 -2.11   1112   1112   1112
 13.000  182.0570  2.3570 -0.45 215.86  2.46  0.57  293.8400  4.8590 -1.71   1110   1110   1110
 13.500  168.1920  2.1570 -0.34 213.34  2.69  0.75  274.6930  5.3110 -1.26   1108   1108   1108
 14.000  155.2220  1.9550 -0.27 211.11  3.08  0.65  256.2090  5.6620 -0.92   1108   1108   1108
 14.500  143.3240  1.7370 -0.25 209.69  3.30  0.60  238.1880  5.7490 -0.62   1103   1103   1103
 15.000  132.0610  1.5110 -0.23 208.89  3.33  0.34  220.3150  5.3740 -0.31   1102   1102   1102
 15.500  121.7580  1.3020 -0.21 208.42  3.31  0.12  203.5840  4.8620 -0.06   1100   1100   1100
 16.000  112.2490  1.1190 -0.21 208.17  3.25 -0.18  187.9060  4.2960  0.19   1099   1099   1099
 16.500  103.4050  0.9640 -0.25 208.25  3.15 -0.18  173.0290  3.7030  0.14   1099   1099   1099
 17.000   95.3620  0.8210 -0.17 208.83  2.86 -0.19  159.1150  3.0210  0.10   1070   1070   1070
 17.500   87.8980  0.7220 -0.16 209.62  2.59 -0.17  146.1030  2.4910  0.09   1066   1066   1066
 18.000   81.0840  0.6490 -0.12 210.48  2.37 -0.28  134.2270  2.0830  0.17   1064   1064   1064
 18.500   74.8230  0.5870 -0.03 211.40  2.15 -0.35  123.3180  1.7430  0.22   1063   1063   1063
 19.000   69.0710  0.5310  0.11 212.35  1.98 -0.30  113.3230  1.4460  0.09   1061   1061   1061
 19.500   63.8090  0.5000  0.27 213.35  1.82 -0.13  104.1980  1.2370 -0.00   1060   1060   1060
 20.000   58.9230  0.4680  0.36 214.39  1.70 -0.12   95.7530  1.0660  0.01   1058   1058   1058
 20.500   54.4710  0.4400  0.42 215.37  1.65 -0.12   88.1110  0.9650  0.01   1055   1055   1055
 21.000   50.3610  0.4210  0.73 216.27  1.65 -0.06   81.1240  0.8910  0.18   1054   1054   1054
 21.500   46.5690  0.3780  0.48 217.12  1.60  0.00   74.7230  0.7620  0.12   1036   1036   1036
 22.000   43.1070  0.3630  0.55 217.98  1.55  0.03   68.8930  0.7150  0.31   1034   1034   1034
 22.500   39.8830  0.3460  0.68 218.89  1.54  0.07   63.4770  0.6650  0.39   1030   1030   1030
 23.000   36.9220  0.3220  0.56 219.77  1.55  0.20   58.5280  0.5970  0.38   1028   1028   1028
 23.500   34.1910  0.3010  0.47 220.64  1.60  0.16   53.9850  0.5600  0.39   1024   1024   1024
 24.000   31.6450  0.2790  0.44 221.51  1.62  0.21   49.7690  0.5110  0.38   1020   1020   1020
 24.500   29.3280  0.2450  0.14 222.38  1.61  0.14   45.9440  0.4350  0.06   1001   1001   1001
 25.000   27.1760  0.2410  0.19 223.31  1.60  0.04   42.3970  0.4120  0.20    997    997    997
 25.500   25.2040  0.2280  0.12 224.20  1.58  0.03   39.1630  0.3840  0.15    984    984    984
 26.000   23.3770  0.2130  0.09 225.09  1.58  0.09   36.1800  0.3450  0.17    975    975    975
 26.500   21.6720  0.2020  0.06 225.95  1.64  0.08   33.4140  0.3250  0.15    969    969    969
 27.000   20.1080  0.1820  0.20 226.85  1.71  0.14   30.8790  0.2880  0.17    946    946    946
 27.500   18.6560  0.1710 -0.02 227.53  1.66 -0.25   28.5620  0.2650 -0.06    789    789    789
 28.000   17.3280  0.1670 -0.15 228.36  1.69 -0.19   26.4340  0.2590 -0.18    765    765    765
 28.500   16.0870  0.1590 -0.11 229.20  1.71 -0.25   24.4500  0.2510 -0.15    738    738    738
 29.000   14.9470  0.1510 -0.09 229.95  1.78 -0.19   22.6440  0.2380 -0.22    704    704    704
 29.500   13.8950  0.1420 -0.12 230.81  1.86 -0.14   20.9710  0.2250 -0.17    661    661    661
 30.000   12.9080  0.1410 -0.13 231.58  1.96 -0.04   19.4160  0.2190 -0.04    595    595    595
     T A B L E  II -   8.  T H E R M O D Y N A M I C  S T A T I S T I C A L  P A R A M E T E R S
                                    August
 STATION =   724020     WALLOP ISLAND, VA
    Z      MEAN P   SD P  SKEWP MEAN T  SD T SKEWT    MEAN D    SD D SKEWD  NOBSP  NOBST  NOBSD
    KM       MB        MB      KELVIN KELVIN            G/M3    G/M3                           
  0.000 1020.0000  5.0000  0.00 290.00  5.00  0.00 1221.0000 25.0000  0.00    100    100    100
  0.004 1015.2940  4.4340 -0.11 296.77  3.16 -0.30 1181.1670 16.9040  0.35   1237   1237   1237
  0.500  960.1990  3.9890 -0.15 295.03  2.78  0.07 1125.0530 14.0170  0.01   1241   1241   1241
  1.000  906.2920  3.6370 -0.20 292.17  2.69 -0.14 1073.5389 12.5630  0.16   1241   1241   1241
  1.500  854.9970  3.3590 -0.25 289.17  2.52 -0.24 1024.2159 10.7720  0.16   1241   1241   1241
  2.000  805.9740  3.2230 -0.26 286.47  2.36 -0.41  975.5860  9.0420  0.18   1240   1240   1240
  2.500  759.3290  3.0900 -0.29 283.92  2.29 -0.51  928.2450  7.7580  0.28   1240   1240   1240
  3.000  715.0630  3.0080 -0.31 281.40  2.23 -0.37  882.6360  6.7240  0.11   1239   1239   1239
  3.500  673.0320  3.0030 -0.35 278.78  2.20 -0.33  839.0370  6.0300 -0.01   1238   1238   1238
  4.000  632.8620  2.9420 -0.40 276.11  2.13 -0.17  796.9460  5.3810 -0.31   1237   1237   1237
  4.500  594.8310  2.9270 -0.43 273.40  2.09 -0.23  756.7770  4.9500 -0.26   1237   1237   1237
  5.000  558.6940  2.9020 -0.49 270.62  2.13 -0.27  718.3230  4.6780 -0.31   1236   1236   1236
  5.500  524.4850  2.8820 -0.53 267.75  2.20 -0.38  681.7280  4.5050 -0.21   1236   1236   1236
  6.000  492.3660  2.9170 -0.63 264.79  2.32 -0.42  647.2580  4.4780 -0.19   1233   1233   1233
  6.500  461.2860  2.9240 -0.65 261.65  2.48 -0.50  613.7820  4.3470 -0.18   1232   1232   1232
  7.000  432.0300  2.9370 -0.69 258.39  2.64 -0.61  582.1760  4.2290 -0.09   1231   1231   1231
  7.500  404.3100  2.9120 -0.70 255.06  2.79 -0.62  552.0000  4.1930  0.02   1230   1230   1230
  8.000  378.1180  3.0180 -0.81 251.60  2.92 -0.63  523.3880  4.0940 -0.04   1228   1228   1228
  8.500  353.1040  3.0690 -0.80 248.01  3.01 -0.61  495.8840  3.8480 -0.09   1226   1226   1226
  9.000  329.4350  3.0790 -0.82 244.34  3.07 -0.57  469.6190  3.5790 -0.07   1221   1221   1221
  9.500  307.1950  3.0730 -0.80 240.63  3.07 -0.44  444.6850  3.3760 -0.11   1217   1217   1217
 10.000  286.1990  3.0500 -0.89 236.88  2.98 -0.30  420.8640  3.3180 -0.39   1215   1215   1215
 10.500  266.0490  3.0580 -0.72 233.04  2.89 -0.07  397.6980  3.1760 -0.89   1213   1213   1213
 11.000  247.4630  2.9230 -0.85 229.35  2.69  0.14  375.8710  3.5080 -1.51   1210   1210   1210
 11.500  229.4770  2.8800 -0.73 225.68  2.55  0.24  354.2310  3.8150 -1.78   1207   1207   1207
 12.000  212.7410  2.7880 -0.62 222.19  2.52  0.32  333.5660  4.3760 -1.80   1207   1207   1207
 12.500  197.0070  2.5840 -0.53 219.00  2.54  0.53  313.4160  4.9420 -1.59   1204   1204   1204
 13.000  182.1440  2.4350 -0.40 216.27  2.58  0.65  293.4390  5.4050 -1.25   1204   1204   1204
 13.500  168.3090  2.2500 -0.29 213.75  2.82  0.58  274.3680  5.7450 -0.92   1204   1204   1204
 14.000  155.3380  2.0260 -0.14 211.52  3.08  0.53  255.9060  5.8270 -0.67   1204   1204   1204
 14.500  143.4410  1.7760  0.00 209.91  3.23  0.39  238.1380  5.7290 -0.42   1199   1199   1199
 15.000  132.1630  1.5610  0.04 208.85  3.35  0.10  220.5310  5.4440 -0.12   1199   1199   1199
 15.500  121.8500  1.3530 -0.04 208.21  3.35 -0.09  203.9520  5.0020  0.10   1198   1198   1198
 16.000  112.3250  1.1750 -0.10 207.89  3.31 -0.29  188.2920  4.4570  0.26   1196   1196   1196
 16.500  103.4650  1.0110 -0.09 207.90  3.08 -0.31  173.4240  3.7320  0.30   1196   1196   1196
 17.000   95.4450  0.8640 -0.05 208.44  2.89 -0.18  159.5580  3.1480  0.13   1177   1177   1177
 17.500   87.9510  0.7680 -0.03 209.25  2.66 -0.13  146.4540  2.6210  0.05   1176   1176   1176
 18.000   81.1240  0.6910  0.09 210.12  2.50 -0.11  134.5190  2.2290  0.07   1173   1173   1173
 18.500   74.8460  0.6200  0.06 211.10  2.33 -0.22  123.5360  1.8910  0.13   1171   1171   1171
 19.000   69.0840  0.5530  0.19 212.05  2.14 -0.22  113.5050  1.5450  0.21   1167   1167   1167
 19.500   63.8040  0.5190  0.12 213.06  1.92 -0.16  104.3340  1.2990  0.13   1163   1163   1163
 20.000   58.9040  0.4870  0.25 214.03  1.77 -0.20   95.8810  1.1060  0.22   1163   1163   1163
 20.500   54.4420  0.4690  0.44 214.94  1.69 -0.08   88.2450  0.9780  0.30   1158   1158   1158
 21.000   50.3290  0.4400  0.94 215.79  1.69  0.08   81.2530  0.8870  0.55   1151   1151   1151
 21.500   46.5440  0.4160  0.69 216.61  1.60  0.17   74.8590  0.7770  0.70   1142   1142   1142
 22.000   43.0640  0.4060  0.68 217.45  1.59  0.09   68.9930  0.7280  0.68   1139   1139   1139
 22.500   39.8230  0.3900  0.63 218.33  1.58  0.02   63.5440  0.6830  0.66   1135   1135   1135
 23.000   36.8630  0.3630  0.63 219.17  1.63  0.05   58.5940  0.6350  0.70   1131   1131   1131
 23.500   34.1260  0.3410  0.54 220.01  1.65 -0.01   54.0370  0.5880  0.68   1127   1127   1127
 24.000   31.5800  0.3230  0.55 220.88  1.66  0.02   49.8100  0.5500  0.74   1119   1119   1119
 24.500   29.2700  0.2750  0.30 221.75  1.69  0.10   45.9830  0.4370  0.14   1099   1099   1099
 25.000   27.1110  0.2670  0.30 222.58  1.71  0.02   42.4330  0.4110  0.04   1093   1093   1093
 25.500   25.1300  0.2560  0.31 223.38  1.69  0.04   39.1900  0.3860  0.02   1082   1082   1082
 26.000   23.3030  0.2450  0.29 224.17  1.68  0.10   36.2130  0.3630  0.04   1074   1074   1074
 26.500   21.5970  0.2340  0.23 224.95  1.70  0.19   33.4450  0.3440 -0.08   1064   1064   1064
 27.000   20.0480  0.2060  0.47 225.73  1.72  0.29   30.9400  0.2900  0.32   1012   1012   1012
 27.500   18.5780  0.1980  0.20 226.26  1.67  0.09   28.6030  0.2850  0.03    861    861    861
 28.000   17.2420  0.1930  0.20 227.01  1.67  0.03   26.4590  0.2760  0.07    838    838    838
 28.500   15.9960  0.1850  0.18 227.73  1.73 -0.13   24.4670  0.2680 -0.05    806    806    806
 29.000   14.8570  0.1800  0.15 228.49  1.77 -0.10   22.6510  0.2600 -0.19    777    777    777
 29.500   13.7990  0.1700  0.13 229.25  1.86  0.03   20.9680  0.2460 -0.25    737    737    737
 30.000   12.8150  0.1590  0.23 229.93  1.92 -0.08   19.4140  0.2230 -0.25    669    669    669
     T A B L E  II -   9.  T H E R M O D Y N A M I C  S T A T I S T I C A L  P A R A M E T E R S
                                 September
 STATION =   724020     WALLOP ISLAND, VA
    Z      MEAN P   SD P  SKEWP MEAN T  SD T SKEWT    MEAN D    SD D SKEWD  NOBSP  NOBST  NOBSD
    KM       MB        MB      KELVIN KELVIN            G/M3    G/M3                           
  0.000 1020.0000  5.0000  0.00 290.00  5.00  0.00 1221.0000 25.0000  0.00    100    100    100
  0.004 1016.0000  5.3770 -0.49 293.50  3.90 -0.63 1197.1429 21.1920  0.53      0      0      0
  0.500  960.2280  4.8920 -0.61 291.96  3.57 -0.30 1138.5229 17.7900  0.25   1196   1196   1196
  1.000  905.6980  4.4850 -0.63 289.09  3.68 -0.42 1085.5280 16.5460  0.35   1199   1199   1199
  1.500  853.8850  4.2180 -0.69 286.60  3.56 -0.65 1033.3030 14.3060  0.43   1198   1198   1198
  2.000  804.5130  4.1730 -0.70 284.56  3.22 -0.91  981.4760 11.2710  0.49   1198   1198   1198
  2.500  757.6160  4.1480 -0.83 282.42  2.97 -1.07  931.9260  9.0320  0.58   1198   1198   1198
  3.000  713.2020  4.1370 -0.89 279.99  2.77 -1.01  885.3290  7.4760  0.35   1195   1195   1195
  3.500  671.0720  4.1520 -0.85 277.42  2.66 -0.98  841.1070  6.7000  0.10   1194   1194   1194
  4.000  630.7940  4.1770 -0.97 274.70  2.64 -1.00  798.7380  6.2640  0.02   1193   1193   1193
  4.500  592.6770  4.1930 -1.03 271.98  2.63 -0.81  758.2140  5.7950 -0.14   1192   1192   1192
  5.000  556.4770  4.1530 -1.10 269.14  2.61 -0.86  719.5890  5.3480 -0.02   1190   1190   1190
  5.500  522.2170  4.1220 -1.15 266.15  2.68 -0.89  683.0140  4.9960  0.07   1189   1189   1189
  6.000  489.9820  4.1610 -1.14 263.06  2.77 -0.75  648.4890  4.8630 -0.10   1188   1188   1188
  6.500  458.8620  4.1650 -1.09 259.77  2.98 -0.71  615.0610  4.9620  0.19   1187   1187   1187
  7.000  429.5730  4.1650 -1.04 256.40  3.07 -0.54  583.4370  4.7820 -0.26   1187   1187   1187
  7.500  401.8650  4.0180 -0.98 252.94  3.17 -0.49  553.3030  4.7270 -0.36   1187   1187   1187
  8.000  375.5370  4.1440 -0.98 249.42  3.27 -0.43  524.3990  4.6600 -0.51   1185   1185   1185
  8.500  350.4820  4.1310 -0.94 245.79  3.36 -0.35  496.6630  4.6090 -0.57   1184   1184   1184
  9.000  326.7800  4.0780 -0.92 242.07  3.40 -0.25  470.2310  4.4900 -0.69   1182   1182   1182
  9.500  304.5730  3.9150 -0.82 238.38  3.38 -0.20  445.0830  4.3580 -0.79   1181   1181   1181
 10.000  283.4730  3.9040 -0.81 234.67  3.25 -0.16  420.7970  4.3670 -1.04   1177   1177   1177
 10.500  263.4100  3.7880 -0.76 230.96  3.12 -0.12  397.3080  4.4960 -1.24   1177   1177   1177
 11.000  244.8400  3.6770 -0.73 227.45  2.97 -0.04  375.0060  4.7990 -1.38   1177   1177   1177
 11.500  226.9050  3.5420 -0.62 224.04  2.82  0.03  352.8360  5.1560 -1.30   1173   1173   1173
 12.000  210.2480  3.3880 -0.58 220.85  2.79  0.07  331.6770  5.7220 -1.22   1173   1173   1173
 12.500  194.6050  3.1570 -0.53 218.00  2.79  0.20  311.0290  6.2130 -1.00   1173   1173   1173
 13.000  179.8820  2.9340 -0.48 215.62  2.69  0.20  290.6830  6.3460 -0.82   1171   1171   1171
 13.500  166.1920  2.6920 -0.43 213.50  2.72  0.26  271.2430  6.4560 -0.62   1170   1170   1170
 14.000  153.3910  2.3620 -0.34 211.48  2.93  0.23  252.7530  6.3470 -0.45   1170   1170   1170
 14.500  141.6110  2.1240 -0.35 209.98  3.08  0.23  235.0180  6.1800 -0.35   1167   1167   1167
 15.000  130.4840  1.8510 -0.34 208.77  3.18  0.21  217.8150  5.7600 -0.29   1158   1158   1158
 15.500  120.2960  1.6310 -0.32 207.82  3.34  0.16  201.7260  5.3910 -0.25   1155   1155   1155
 16.000  110.8780  1.4230 -0.31 207.24  3.44  0.10  186.4580  4.9380 -0.20   1152   1152   1152
 16.500  102.1090  1.2050 -0.26 207.01  3.37  0.07  171.9030  4.2850 -0.15   1150   1150   1150
 17.000   94.1400  1.0300 -0.25 207.50  3.31  0.07  158.1020  3.7420 -0.19   1146   1146   1146
 17.500   86.7200  0.8930 -0.21 208.30  3.16 -0.01  145.0740  3.2050 -0.14   1127   1127   1127
 18.000   79.9550  0.7900 -0.19 209.11  2.97  0.16  133.2330  2.7120 -0.24   1127   1127   1127
 18.500   73.7440  0.7100 -0.17 210.06  2.78  0.09  122.3260  2.2750 -0.15   1126   1126   1126
 19.000   68.0400  0.6330 -0.03 211.03  2.62  0.04  112.3390  1.8850 -0.08   1124   1124   1124
 19.500   62.8130  0.5740 -0.07 212.11  2.36  0.07  103.1790  1.5510 -0.09   1118   1118   1118
 20.000   57.9640  0.5320 -0.06 213.05  2.23  0.03   94.7900  1.2910 -0.03   1114   1114   1114
 20.500   53.5500  0.5020 -0.06 213.96  2.10  0.09   87.1960  1.1070  0.01   1111   1111   1111
 21.000   49.4960  0.4620  0.10 214.77  2.03  0.14   80.2890  0.9300  0.11   1106   1106   1106
 21.500   45.7590  0.4650  0.20 215.64  2.00  0.10   73.9280  0.8400  0.19   1095   1095   1095
 22.000   42.3270  0.4500  0.28 216.46  1.91 -0.08   68.1210  0.7670  0.40   1093   1093   1093
 22.500   39.1390  0.4580  0.63 217.21  1.88 -0.02   62.7730  0.7330  0.90   1086   1086   1086
 23.000   36.2140  0.4340  0.55 218.04  1.88 -0.01   57.8630  0.6760  0.90   1083   1083   1083
 23.500   33.5160  0.4080  0.44 218.88  1.87  0.06   53.3440  0.6250  0.80   1076   1076   1076
 24.000   31.0050  0.3970  0.55 219.66  1.90  0.05   49.1720  0.6000  0.95   1068   1068   1068
 24.500   28.7020  0.3290 -0.01 220.38  1.97 -0.02   45.3710  0.4670  0.03   1062   1062   1062
 25.000   26.5800  0.3290  0.14 221.16  1.97  0.01   41.8680  0.4610  0.18   1045   1045   1045
 25.500   24.6320  0.3200  0.26 221.91  1.94  0.00   38.6680  0.4360  0.37   1037   1037   1037
 26.000   22.8260  0.3080  0.24 222.57  1.98 -0.00   35.7280  0.4070  0.47   1031   1031   1031
 26.500   21.1470  0.2980  0.30 223.29  2.02  0.08   32.9920  0.3930  0.49   1026   1026   1026
 27.000   19.6110  0.2640 -0.08 223.95  2.13  0.08   30.5050  0.3280 -0.19   1020   1020   1020
 27.500   18.1680  0.2560  0.06 224.54  2.06 -0.08   28.1850  0.3320 -0.04    889    889    889
 28.000   16.8590  0.2530  0.24 225.20  2.10 -0.14   26.0790  0.3330  0.27    842    842    842
 28.500   15.6320  0.2400  0.19 225.80  2.14 -0.03   24.1150  0.3080  0.24    822    822    822
 29.000   14.5090  0.2300  0.16 226.38  2.18  0.07   22.3250  0.2900  0.16    798    798    798
 29.500   13.4670  0.2190  0.12 227.02  2.20  0.18   20.6650  0.2740  0.15    770    770    770
 30.000   12.5010  0.2110  0.10 227.62  2.18  0.18   19.1300  0.2630 -0.04    724    724    724
     T A B L E  II -  10.  T H E R M O D Y N A M I C  S T A T I S T I C A L  P A R A M E T E R S
                                   October
 STATION =   724020     WALLOP ISLAND, VA
    Z      MEAN P   SD P  SKEWP MEAN T  SD T SKEWT    MEAN D    SD D SKEWD  NOBSP  NOBST  NOBSD
    KM       MB        MB      KELVIN KELVIN            G/M3    G/M3                           
  0.000 1020.0000  5.0000  0.00 290.00  5.00  0.00 1221.0000 25.0000  0.00    100    100    100
  0.004 1017.0160  7.0710 -0.49 287.51  4.81 -0.20 1226.4550 26.5760  0.23      0      0      0
  0.500  960.0610  6.6080 -0.64 286.84  4.77 -0.10 1161.2600 22.8670  0.09   1209   1209   1209
  1.000  904.4910  6.2670 -0.76 284.15  5.03 -0.28 1105.1740 21.6140  0.24   1212   1212   1212
  1.500  851.8220  6.0750 -0.83 282.14  4.90 -0.62 1048.9410 18.4160  0.45   1212   1212   1212
  2.000  801.7370  6.1300 -0.83 280.33  4.68 -0.87  994.1670 15.1030  0.59   1212   1212   1212
  2.500  754.2840  6.1820 -0.84 278.38  4.54 -0.99  942.2960 12.7500  0.64   1212   1212   1212
  3.000  709.4160  6.2500 -0.85 276.08  4.33 -1.06  893.8460 10.8770  0.59   1212   1212   1212
  3.500  666.8570  6.3670 -0.88 273.62  4.17 -1.10  847.9950  9.5040  0.44   1212   1212   1212
  4.000  626.2870  6.4050 -0.90 270.96  4.11 -1.10  804.3950  8.6770  0.24   1211   1211   1211
  4.500  587.8940  6.4180 -0.93 268.14  4.09 -1.04  763.1840  8.0130  0.08   1211   1211   1211
  5.000  551.4750  6.4270 -0.95 265.14  4.16 -1.03  724.1410  7.6110 -0.01   1210   1210   1210
  5.500  517.0340  6.4190 -0.97 262.10  4.20 -0.96  686.9070  7.1620 -0.23   1209   1209   1209
  6.000  484.5450  6.5020 -0.99 258.88  4.21 -0.87  651.8140  6.7500 -0.47   1208   1208   1208
  6.500  453.2960  6.4360 -0.98 255.46  4.22 -0.74  617.9720  6.4430 -0.74   1208   1208   1208
  7.000  423.8860  6.3830 -0.96 252.00  4.26 -0.60  585.8610  6.3080 -0.90   1207   1207   1207
  7.500  396.1750  6.2980 -0.98 248.47  4.28 -0.41  555.3540  6.2840 -1.09   1206   1206   1206
  8.000  369.6420  6.2700 -0.89 244.88  4.28 -0.16  525.7940  6.2710 -1.17   1206   1206   1206
  8.500  344.5690  6.1650 -0.83 241.27  4.28  0.03  497.4850  6.4160 -1.27   1204   1204   1204
  9.000  320.8610  6.0580 -0.75 237.61  4.28  0.14  470.4040  6.6490 -1.46   1204   1204   1204
  9.500  298.7400  5.8390 -0.70 234.02  4.27  0.21  444.7160  6.8650 -1.63   1204   1204   1204
 10.000  277.5480  5.7280 -0.58 230.49  4.20  0.27  419.5120  7.2270 -1.75   1201   1201   1201
 10.500  257.6840  5.4440 -0.47 227.10  4.11  0.29  395.3260  7.6130 -1.74   1199   1199   1199
 11.000  239.1160  5.2690 -0.39 224.03  3.92  0.30  371.8770  8.0880 -1.62   1199   1199   1199
 11.500  221.3890  4.9470 -0.28 221.27  3.76  0.28  348.6210  8.4730 -1.38   1199   1199   1199
 12.000  204.9950  4.5990 -0.16 218.79  3.69  0.25  326.4810  8.8350 -1.09   1197   1197   1197
 12.500  189.5970  4.2980 -0.10 216.76  3.53  0.30  304.8130  8.9970 -0.81   1197   1197   1197
 13.000  175.2020  3.9140 -0.02 215.05  3.40  0.37  283.9180  8.8370 -0.56   1193   1193   1193
 13.500  161.8480  3.5420  0.04 213.42  3.42  0.35  264.2980  8.6180 -0.35   1192   1192   1192
 14.000  149.4560  3.1210  0.07 211.81  3.60  0.30  245.9390  8.2980 -0.20   1192   1192   1192
 14.500  137.9250  2.8110  0.10 210.57  3.66  0.24  228.3020  7.8770 -0.05   1190   1190   1190
 15.000  127.1240  2.4640  0.13 209.50  3.80  0.14  211.5090  7.3290  0.06   1187   1187   1187
 15.500  117.2110  2.1540  0.13 208.62  3.95  0.01  195.8480  6.7870  0.16   1186   1186   1186
 16.000  108.0510  1.8600  0.09 207.90  4.05 -0.10  181.1680  6.1800  0.21   1185   1185   1185
 16.500   99.5910  1.5640  0.06 207.53  4.14 -0.09  167.2820  5.5070  0.22   1184   1184   1184
 17.000   91.7980  1.3640  0.04 207.78  4.07 -0.22  153.9970  4.8710  0.30   1172   1172   1172
 17.500   84.5660  1.1830 -0.01 208.26  3.87 -0.19  141.5310  4.1470  0.25   1163   1163   1163
 18.000   77.9570  1.0300 -0.02 208.94  3.66 -0.13  130.0350  3.4930  0.19   1161   1161   1161
 18.500   71.8920  0.8980  0.05 209.74  3.38 -0.07  119.4520  2.8760  0.18   1158   1158   1158
 19.000   66.3300  0.8020 -0.03 210.57  3.14 -0.11  109.7690  2.3800  0.11   1155   1155   1155
 19.500   61.2170  0.7300  0.03 211.47  2.91 -0.05  100.8680  1.9950  0.07   1148   1148   1148
 20.000   56.4740  0.6740  0.03 212.20  2.73 -0.06   92.7270  1.6780 -0.01   1146   1146   1146
 20.500   52.1430  0.6240  0.09 212.93  2.67 -0.13   85.3230  1.4520 -0.01   1143   1143   1143
 21.000   48.1990  0.5690  0.04 213.61  2.56 -0.14   78.6150  1.2400 -0.01   1139   1139   1139
 21.500   44.5160  0.5500  0.10 214.28  2.49 -0.15   72.3800  1.0880 -0.08   1124   1124   1124
 22.000   41.1530  0.5320  0.25 214.92  2.41 -0.22   66.7130  0.9800  0.00   1122   1122   1122
 22.500   38.0220  0.5090  0.27 215.59  2.45 -0.21   61.4430  0.8750 -0.04   1117   1117   1117
 23.000   35.1550  0.4820  0.24 216.24  2.45 -0.18   56.6380  0.7920 -0.03   1113   1113   1113
 23.500   32.5170  0.4610  0.27 216.91  2.51 -0.13   52.2270  0.7420  0.06   1109   1109   1109
 24.000   30.0570  0.4270  0.23 217.59  2.52 -0.03   48.1240  0.6590  0.02   1101   1101   1101
 24.500   27.8300  0.4120  0.07 218.17  2.53  0.00   44.4400  0.5960 -0.29   1090   1090   1090
 25.000   25.7530  0.4040  0.20 218.77  2.52  0.00   41.0110  0.5650 -0.17   1078   1078   1078
 25.500   23.8410  0.3870  0.20 219.37  2.52 -0.05   37.8610  0.5300 -0.06   1074   1074   1074
 26.000   22.0780  0.3740  0.31 219.95  2.57 -0.14   34.9690  0.5160  0.25   1070   1070   1070
 26.500   20.4340  0.3490  0.41 220.55  2.64 -0.12   32.2760  0.4660  0.44   1063   1063   1063
 27.000   18.9120  0.3170  0.19 221.04  2.71 -0.17   29.8070  0.4130  0.23   1039   1039   1039
 27.500   17.5170  0.3080  0.17 221.58  2.78 -0.23   27.5400  0.3910  0.52    876    876    876
 28.000   16.2370  0.3000  0.14 222.16  2.91 -0.28   25.4600  0.3780  0.53    852    852    852
 28.500   15.0450  0.2880  0.16 222.68  2.98 -0.31   23.5370  0.3640  0.69    823    823    823
 29.000   13.9430  0.2680  0.05 223.20  3.08 -0.27   21.7610  0.3290  0.38    792    792    792
 29.500   12.9290  0.2580 -0.06 223.67  3.25 -0.17   20.1360  0.3040  0.26    738    738    738
 30.000   11.9820  0.2500 -0.08 224.19  3.32 -0.30   18.6180  0.2850  0.23    674    674    674
     T A B L E  II -  11.  T H E R M O D Y N A M I C  S T A T I S T I C A L  P A R A M E T E R S
                                  November
 STATION =   724020     WALLOP ISLAND, VA
    Z      MEAN P   SD P  SKEWP MEAN T  SD T SKEWT    MEAN D    SD D SKEWD  NOBSP  NOBST  NOBSD
    KM       MB        MB      KELVIN KELVIN            G/M3    G/M3                           
  0.000 1020.0000  5.0000  0.00 290.00  5.00  0.00 1221.0000 25.0000  0.00    100    100    100
  0.004 1018.3550  7.9160 -0.48 282.44  5.03 -0.07 1252.1331 29.4050  0.12      0      0      0
  0.500  960.3230  7.2300 -0.60 282.23  5.81 -0.04 1182.2230 28.3970  0.12   1120   1120   1120
  1.000  903.8330  6.7920 -0.68 279.97  6.05 -0.26 1122.1720 26.2760  0.29   1121   1121   1121
  1.500  850.4250  6.5870 -0.70 278.33  5.90 -0.50 1062.5190 22.4610  0.47   1120   1120   1120
  2.000  799.7460  6.6640 -0.66 276.63  5.61 -0.63 1005.5960 18.7160  0.56   1119   1119   1119
  2.500  751.7780  6.7560 -0.66 274.75  5.40 -0.77  951.9340 15.7400  0.67   1119   1119   1119
  3.000  706.4740  6.8900 -0.67 272.61  5.15 -0.78  901.8300 13.2120  0.63   1119   1119   1119
  3.500  663.5320  7.1370 -0.68 270.21  5.02 -0.84  854.6710 11.3060  0.57   1118   1118   1118
  4.000  622.6570  7.2360 -0.72 267.54  4.93 -0.86  810.1750  9.8390  0.47   1117   1117   1117
  4.500  584.0370  7.3090 -0.75 264.73  4.83 -0.91  768.1140  8.7640  0.43   1117   1117   1117
  5.000  547.3860  7.3650 -0.78 261.72  4.82 -0.91  728.2670  8.0110  0.32   1115   1115   1115
  5.500  512.7710  7.3750 -0.78 258.57  4.80 -0.88  690.5880  7.4620  0.13   1114   1114   1114
  6.000  480.1070  7.5290 -0.77 255.30  4.74 -0.76  654.9420  7.0040 -0.15   1113   1113   1113
  6.500  448.7100  7.4750 -0.77 251.86  4.67 -0.69  620.4860  6.6880 -0.29   1113   1113   1113
  7.000  419.2070  7.3840 -0.77 248.37  4.65 -0.62  587.8790  6.6180 -0.54   1112   1112   1112
  7.500  391.3910  7.3440 -0.78 244.87  4.63 -0.49  556.7390  6.6350 -0.88   1112   1112   1112
  8.000  364.7830  7.2720 -0.72 241.29  4.55 -0.34  526.5970  6.8280 -1.20   1111   1111   1111
  8.500  339.6830  7.0970 -0.69 237.68  4.47 -0.22  497.8510  7.0400 -1.39   1110   1110   1110
  9.000  315.9790  6.8740 -0.64 234.09  4.38 -0.13  470.2300  7.5020 -1.49   1107   1107   1107
  9.500  293.9010  6.6120 -0.63 230.62  4.22 -0.01  443.9620  8.0090 -1.55   1100   1100   1100
 10.000  272.7450  6.4080 -0.52 227.21  4.10  0.14  418.2190  8.7530 -1.52   1100   1100   1100
 10.500  253.0320  6.0310 -0.47 224.00  4.02  0.37  393.5760  9.5210 -1.40   1099   1099   1099
 11.000  234.4590  5.7920 -0.37 221.18  4.02  0.56  369.3650 10.3250 -1.19   1097   1097   1097
 11.500  216.8850  5.3630 -0.30 218.63  4.16  0.61  345.7140 10.8380 -1.00   1095   1095   1095
 12.000  200.7420  4.8600 -0.24 216.52  4.35  0.53  323.1360 11.0380 -0.75   1093   1093   1093
 12.500  185.4670  4.4700 -0.17 215.09  4.48  0.32  300.5650 10.9360 -0.51   1088   1088   1088
 13.000  171.3270  4.0350 -0.14 213.99  4.41  0.19  279.0810 10.2810 -0.37   1084   1084   1084
 13.500  158.2290  3.6260 -0.11 213.07  4.23  0.10  258.8600  9.4950 -0.20   1082   1082   1082
 14.000  146.1000  3.2110 -0.10 212.13  4.13  0.05  240.0800  8.7380 -0.07   1081   1081   1081
 14.500  134.7990  2.8690 -0.10 211.23  3.91  0.09  222.4410  7.9040 -0.04   1075   1075   1075
 15.000  124.2830  2.5250 -0.11 210.36  3.85  0.19  205.9340  7.1770 -0.04   1069   1069   1069
 15.500  114.6310  2.2300 -0.14 209.58  3.85  0.16  190.6480  6.5210 -0.04   1069   1069   1069
 16.000  105.7160  1.9690 -0.17 208.91  3.92  0.12  176.3890  5.9780 -0.01   1066   1066   1066
 16.500   97.5150  1.6750 -0.21 208.47  4.03  0.05  163.0490  5.3810  0.04   1066   1066   1066
 17.000   89.8780  1.4740 -0.25 208.49  3.89  0.12  150.2540  4.6800 -0.02   1044   1044   1044
 17.500   82.8110  1.2950 -0.28 208.67  3.75  0.06  138.3170  4.0670 -0.02   1037   1037   1037
 18.000   76.3470  1.1460 -0.28 208.99  3.64  0.03  127.3180  3.5050 -0.02   1035   1035   1035
 18.500   70.4220  0.9830 -0.28 209.28  3.53  0.06  117.2670  2.9720 -0.05   1034   1034   1034
 19.000   64.9420  0.8930 -0.27 209.82  3.40  0.10  107.8600  2.5550 -0.11   1031   1031   1031
 19.500   59.9070  0.8170 -0.28 210.27  3.26  0.12   99.2780  2.1820 -0.16   1020   1020   1020
 20.000   55.2420  0.7430 -0.24 210.80  3.17  0.17   91.3140  1.8560 -0.20   1016   1016   1016
 20.500   50.9820  0.6870 -0.09 211.29  3.14  0.17   84.0740  1.6440 -0.17   1011   1011   1011
 21.000   47.0870  0.6320 -0.16 211.88  3.09  0.17   77.4350  1.4390 -0.19   1007   1007   1007
 21.500   43.4530  0.5970 -0.03 212.44  3.03  0.10   71.2660  1.2720 -0.18    982    982    982
 22.000   40.1320  0.5660 -0.00 212.96  3.01  0.03   65.6600  1.1290 -0.12    982    982    982
 22.500   37.0430  0.5360  0.06 213.50  3.03  0.09   60.4520  1.0050 -0.16    981    981    981
 23.000   34.2240  0.5140  0.09 213.98  3.19  0.23   55.7250  0.9300 -0.20    977    977    977
 23.500   31.6220  0.4920  0.06 214.45  3.28  0.30   51.3760  0.8400 -0.09    971    971    971
 24.000   29.2320  0.4620  0.01 214.95  3.44  0.37   47.3820  0.7640 -0.10    963    963    963
 24.500   27.0320  0.4500  0.12 215.47  3.50  0.40   43.7090  0.7040  0.03    931    931    931
 25.000   24.9870  0.4410  0.24 215.96  3.53  0.44   40.3110  0.6640  0.18    924    924    924
 25.500   23.1060  0.4240  0.19 216.39  3.63  0.45   37.2020  0.6270  0.29    916    916    916
 26.000   21.3750  0.4060  0.21 216.82  3.67  0.52   34.3470  0.5800  0.35    909    909    909
 26.500   19.7590  0.3810  0.10 217.39  3.87  0.58   31.6680  0.5130 -0.06    903    903    903
 27.000   18.2660  0.3680  0.19 217.82  3.88  0.59   29.2160  0.4720 -0.19    820    820    820
 27.500   16.8950  0.3540  0.26 218.34  3.79  0.56   26.9570  0.4330 -0.18    752    752    752
 28.000   15.6430  0.3380  0.27 218.77  3.80  0.55   24.9100  0.4130 -0.12    740    740    740
 28.500   14.4800  0.3260  0.28 219.33  3.84  0.63   23.0000  0.4060  0.11    724    724    724
 29.000   13.4130  0.3180  0.21 219.85  3.88  0.70   21.2540  0.3870  0.08    698    698    698
 29.500   12.4280  0.3070  0.26 220.63  3.94  0.63   19.6230  0.3760  0.06    658    658    658
 30.000   11.5120  0.2910  0.25 221.11  3.97  0.64   18.1370  0.3530  0.05    600    600    600
     T A B L E  II -  12.  T H E R M O D Y N A M I C  S T A T I S T I C A L  P A R A M E T E R S
                                  December
 STATION =   724020     WALLOP ISLAND, VA
    Z      MEAN P   SD P  SKEWP MEAN T  SD T SKEWT    MEAN D    SD D SKEWD  NOBSP  NOBST  NOBSD
    KM       MB        MB      KELVIN KELVIN            G/M3    G/M3                           
  0.000 1020.0000  5.0000  0.00 290.00  5.00  0.00 1221.0000 25.0000  0.00    100    100    100
  0.004 1018.2740  8.7590 -0.50 277.98  5.39  0.13 1273.4950 31.4660 -0.10      0      0      0
  0.500  959.2440  8.0740 -0.58 277.63  6.58  0.14 1201.4680 32.1650 -0.11   1222   1222   1222
  1.000  901.9210  7.6490 -0.63 276.07  6.77 -0.14 1136.4180 29.1400  0.08   1223   1223   1223
  1.500  847.8810  7.5640 -0.63 274.65  6.60 -0.43 1074.0551 24.6780  0.29   1222   1222   1222
  2.000  796.6890  7.7430 -0.60 273.26  6.28 -0.58 1014.5320 20.2560  0.35   1222   1222   1222
  2.500  748.3360  7.9360 -0.62 271.54  5.99 -0.63  959.1090 16.8030  0.38   1220   1220   1220
  3.000  702.7360  8.1280 -0.65 269.55  5.80 -0.71  907.4780 14.2330  0.42   1219   1219   1219
  3.500  659.4960  8.4000 -0.65 267.15  5.66 -0.76  859.4120 12.1320  0.40   1219   1219   1219
  4.000  618.4080  8.5190 -0.68 264.50  5.62 -0.79  814.0460 10.6720  0.42   1218   1218   1218
  4.500  579.6220  8.6440 -0.71 261.68  5.63 -0.86  771.3060  9.7000  0.37   1218   1218   1218
  5.000  542.8410  8.7270 -0.73 258.65  5.59 -0.86  730.8610  8.7240  0.20   1218   1218   1218
  5.500  508.1430  8.7560 -0.75 255.50  5.55 -0.81  692.6170  7.8820  0.03   1218   1218   1218
  6.000  475.3260  8.9490 -0.75 252.22  5.58 -0.73  656.3620  7.3460 -0.23   1218   1218   1218
  6.500  443.9090  8.9030 -0.76 248.80  5.54 -0.67  621.4210  6.8340 -0.26   1218   1218   1218
  7.000  414.3920  8.7770 -0.76 245.39  5.39 -0.60  588.2020  6.5130 -0.39   1218   1218   1218
  7.500  386.5490  8.8300 -0.76 241.96  5.20 -0.47  556.4680  6.6390 -0.52   1218   1218   1218
  8.000  359.9620  8.6530 -0.72 238.43  4.93 -0.28  525.8740  7.0890 -0.74   1216   1216   1216
  8.500  334.9060  8.4250 -0.67 234.95  4.60 -0.11  496.5330  7.7870 -1.00   1215   1215   1215
  9.000  311.2970  8.0850 -0.61 231.54  4.32 -0.00  468.3310  8.7230 -1.29   1212   1212   1212
  9.500  289.3720  7.8120 -0.59 228.33  4.06  0.07  441.5100  9.9840 -1.42   1207   1207   1207
 10.000  268.3140  7.4000 -0.49 225.19  3.96  0.13  415.1180 11.0770 -1.41   1203   1203   1203
 10.500  248.7960  6.9050 -0.42 222.32  4.05  0.36  389.9510 12.0430 -1.32   1201   1201   1201
 11.000  230.4070  6.4690 -0.30 219.98  4.17  0.63  365.0260 12.7610 -1.10   1196   1196   1196
 11.500  213.0840  5.9040 -0.22 218.00  4.55  0.68  340.7180 13.2240 -0.84   1192   1192   1192
 12.000  197.1660  5.3590 -0.16 216.51  5.05  0.47  317.4970 13.4510 -0.55   1192   1192   1192
 12.500  182.1560  4.8270 -0.08 215.68  5.06  0.25  294.4730 12.7570 -0.30   1185   1185   1185
 13.000  168.3180  4.2950 -0.05 215.13  4.99  0.02  272.8080 11.7340 -0.11   1183   1183   1183
 13.500  155.5340  3.8060 -0.00 214.45  4.76 -0.09  252.8620 10.4870 -0.00   1180   1180   1180
 14.000  143.6580  3.3930  0.00 213.72  4.51 -0.20  234.3340  9.3810  0.06   1179   1179   1179
 14.500  132.6310  2.9980  0.02 212.93  4.19 -0.05  217.1340  8.2660  0.00   1162   1162   1162
 15.000  122.3670  2.6410  0.04 212.02  3.97  0.06  201.1770  7.3370 -0.03   1161   1161   1161
 15.500  112.9400  2.3310  0.05 211.17  3.95  0.14  186.4310  6.6460 -0.01   1160   1160   1160
 16.000  104.2180  2.0560  0.06 210.28  3.97  0.16  172.7600  6.0110  0.01   1160   1160   1160
 16.500   96.1570  1.8040  0.03 209.69  3.94  0.12  159.8400  5.4060  0.04   1160   1160   1160
 17.000   88.6730  1.5860  0.02 209.34  3.89  0.08  147.6430  4.8050  0.08   1121   1121   1121
 17.500   81.7230  1.3880  0.00 209.16  3.82  0.01  136.1840  4.2360  0.12   1119   1119   1119
 18.000   75.3550  1.2200 -0.02 209.13  3.71 -0.12  125.5800  3.7190  0.21   1114   1114   1114
 18.500   69.5250  1.0620 -0.10 209.19  3.69 -0.13  115.8330  3.2540  0.22   1112   1112   1112
 19.000   64.0850  0.9590 -0.12 209.40  3.53 -0.17  106.6520  2.8060  0.21   1094   1094   1094
 19.500   59.1060  0.8630 -0.18 209.74  3.32 -0.19   98.2030  2.3850  0.17   1083   1083   1083
 20.000   54.4880  0.7790 -0.22 210.07  3.21 -0.14   90.3860  2.0530  0.14   1081   1081   1081
 20.500   50.2850  0.6910 -0.26 210.44  3.03 -0.06   83.2590  1.7160  0.07   1080   1080   1080
 21.000   46.4270  0.6570 -0.31 210.81  2.92  0.16   76.7360  1.5050  0.01   1070   1070   1070
 21.500   42.8240  0.6070 -0.33 211.22  2.90  0.33   70.6420  1.3300 -0.06   1046   1046   1046
 22.000   39.5300  0.5720 -0.34 211.62  3.00  0.51   65.0840  1.1990 -0.12   1042   1042   1042
 22.500   36.4720  0.5360 -0.36 212.04  3.07  0.63   59.9310  1.0900 -0.16   1040   1040   1040
 23.000   33.6770  0.5050 -0.38 212.46  3.21  0.64   55.2270  1.0060 -0.16   1034   1034   1034
 23.500   31.1040  0.4820 -0.27 212.92  3.38  0.75   50.8980  0.9240 -0.07   1029   1029   1029
 24.000   28.7410  0.4540 -0.32 213.38  3.53  0.62   46.9310  0.8600 -0.05   1024   1024   1024
 24.500   26.5560  0.4350 -0.27 213.81  3.61  0.42   43.2760  0.7810 -0.02    996    996    996
 25.000   24.5320  0.4250 -0.08 214.29  3.69  0.49   39.8880  0.7310 -0.07    993    993    993
 25.500   22.6690  0.4080 -0.05 214.69  3.83  0.46   36.7900  0.6820 -0.13    988    988    988
 26.000   20.9650  0.3920  0.22 215.14  4.01  0.37   33.9530  0.6490  0.02    980    980    980
 26.500   19.3570  0.3700  0.11 215.60  4.26  0.34   31.2840  0.6170 -0.25    972    972    972
 27.000   17.9000  0.3560  0.26 216.01  4.28  0.36   28.8740  0.5830 -0.24    828    828    828
 27.500   16.5550  0.3400  0.29 216.58  4.38  0.34   26.6340  0.5480 -0.25    806    806    806
 28.000   15.3250  0.3360  0.53 217.16  4.59  0.35   24.5900  0.5390 -0.15    788    788    788
 28.500   14.1740  0.3190  0.29 217.70  4.77  0.43   22.6860  0.5140 -0.28    765    765    765
 29.000   13.1280  0.3070  0.34 218.28  5.02  0.51   20.9560  0.4940 -0.34    731    731    731
 29.500   12.1620  0.2930  0.39 219.05  5.29  0.52   19.3460  0.4690 -0.17    689    689    689
 30.000   11.2580  0.2830  0.33 219.64  5.52  0.43   17.8600  0.4510 -0.17    615    615    615
     T A B L E  II -  13.  T H E R M O D Y N A M I C  S T A T I S T I C A L  P A R A M E T E R S
                                    Annual
 STATION =   724020     WALLOP ISLAND, VA
    Z      MEAN P   SD P  SKEWP MEAN T  SD T SKEWT    MEAN D    SD D SKEWD  NOBSP  NOBST  NOBSD
    KM       MB        MB      KELVIN KELVIN            G/M3    G/M3                           
  0.000 1020.0000  5.0000  0.00 290.00  5.00  0.00 1221.0000 25.0000  0.00    100    100    100
  0.004 1016.1250  7.3870 -0.13 286.54  8.92 -0.19 1230.3409 45.6190  0.34      0      0      0
  0.500  958.9120  6.7190 -0.54 285.68  8.98 -0.46 1165.3640 40.9610  0.55  14556  14556  14556
  1.000  903.1920  6.5610 -0.81 283.26  8.68 -0.56 1107.5400 35.5030  0.63  14583  14583  14583
  1.500  850.4090  6.8070 -0.90 280.98  8.10 -0.66 1051.6790 29.2400  0.68  14578  14578  14578
  2.000  800.1690  7.3240 -0.89 278.83  7.61 -0.73  997.5960 23.8110  0.73  14575  14575  14575
  2.500  752.5530  7.8270 -0.88 276.64  7.26 -0.75  946.0480 19.5630  0.76  14567  14567  14567
  3.000  707.5250  8.2640 -0.87 274.27  7.00 -0.78  897.3990 16.3020  0.79  14559  14559  14559
  3.500  664.7780  8.7730 -0.86 271.72  6.86 -0.79  851.3250 13.7830  0.76  14547  14547  14547
  4.000  624.0650  9.1210 -0.87 269.00  6.80 -0.79  807.4550 11.9080  0.72  14538  14538  14538
  4.500  585.5440  9.4240 -0.85 266.14  6.82 -0.77  765.9200 10.4860  0.64  14530  14530  14530
  5.000  548.9840  9.6720 -0.85 263.17  6.89 -0.73  726.3380  9.3420  0.53  14520  14520  14520
  5.500  514.4620  9.8380 -0.83 260.09  6.99 -0.67  688.8210  8.4440  0.42  14511  14511  14511
  6.000  481.8900 10.1570 -0.82 256.89  7.11 -0.60  653.2900  7.6200  0.27  14503  14503  14503
  6.500  450.5850 10.2540 -0.80 253.54  7.21 -0.52  618.9740  6.9940  0.15  14491  14491  14491
  7.000  421.1550 10.2900 -0.77 250.13  7.25 -0.43  586.4700  6.4950 -0.00  14480  14480  14480
  7.500  393.3310 10.3500 -0.76 246.66  7.24 -0.33  555.4450  6.2330 -0.21  14472  14472  14472
  8.000  366.8490 10.4240 -0.70 243.11  7.20 -0.22  525.6190  6.2100 -0.61  14449  14449  14449
  8.500  341.7870 10.3470 -0.64 239.54  7.08 -0.12  497.0110  6.4950 -1.14  14423  14423  14423
  9.000  318.1350 10.1800 -0.58 235.97  6.90 -0.04  469.6230  7.0460 -1.64  14398  14398  14398
  9.500  296.0440  9.9530 -0.55 232.51  6.60  0.03  443.5180  7.9670 -1.96  14364  14364  14364
 10.000  274.9570  9.7930 -0.45 229.10  6.30  0.05  418.0700  9.0400 -2.06  14338  14338  14338
 10.500  255.1890  9.3670 -0.40 225.87  5.92  0.04  393.5780 10.1590 -1.95  14324  14324  14324
 11.000  236.6790  9.0920 -0.31 223.04  5.47 -0.00  369.6780 11.4430 -1.67  14300  14300  14300
 11.500  219.0750  8.5940 -0.23 220.52  5.15 -0.10  346.1430 12.5590 -1.36  14270  14270  14270
 12.000  202.8520  8.0340 -0.16 218.38  4.95 -0.15  323.7030 13.4440 -1.05  14253  14253  14253
 12.500  187.5710  7.5180 -0.09 216.80  4.64 -0.05  301.5470 13.9250 -0.74  14217  14217  14217
 13.000  173.3640  6.8840 -0.05 215.57  4.46  0.05  280.3490 13.8300 -0.48  14180  14180  14180
 13.500  160.1960  6.2630 -0.00 214.42  4.44  0.11  260.4820 13.4650 -0.27  14167  14167  14167
 14.000  147.9640  5.6460  0.00 213.29  4.50  0.11  241.8860 12.8200 -0.13  14153  14153  14153
 14.500  136.6240  5.1370  0.03 212.36  4.40  0.12  224.3370 11.9270 -0.02  14083  14083  14083
 15.000  126.0160  4.5970  0.04 211.51  4.30  0.09  207.7400 10.7970  0.04  14040  14040  14040
 15.500  116.2880  4.1290  0.04 210.76  4.23  0.05  192.3790  9.7250  0.06  14027  14027  14027
 16.000  107.2950  3.7060  0.04 210.13  4.14  0.00  178.0180  8.6670  0.06  14004  14004  14004
 16.500   99.0020  3.2930  0.02 209.73  4.02 -0.02  164.5600  7.5970  0.01  13975  13975  13975
 17.000   91.3080  2.9970  0.03 209.72  3.81 -0.03  151.7580  6.6370 -0.01  13765  13765  13765
 17.500   84.1710  2.7210  0.04 209.88  3.58 -0.07  139.7730  5.7070 -0.05  13643  13643  13643
 18.000   77.6430  2.4870  0.06 210.17  3.40 -0.11  128.7460  4.9290 -0.09  13618  13618  13618
 18.500   71.6610  2.2650  0.08 210.57  3.26 -0.19  118.5840  4.2230 -0.12  13581  13581  13581
 19.000   66.1190  2.1060  0.07 211.13  3.14 -0.27  109.1140  3.6690 -0.14  13501  13501  13501
 19.500   61.0350  1.9640  0.09 211.77  3.07 -0.39  100.4150  3.1910 -0.15  13419  13419  13419
 20.000   56.3170  1.8350  0.10 212.42  3.07 -0.48   92.3650  2.7940 -0.14  13382  13382  13382
 20.500   52.0180  1.7200  0.12 213.05  3.12 -0.50   85.0550  2.4770 -0.11  13335  13335  13335
 21.000   48.0830  1.6130  0.09 213.72  3.18 -0.52   78.3740  2.2170 -0.11  13269  13269  13269
 21.500   44.4070  1.5310  0.10 214.36  3.27 -0.55   72.1600  2.0160 -0.07  13084  13084  13084
 22.000   41.0490  1.4540  0.10 215.01  3.35 -0.56   66.5010  1.8480 -0.03  13021  13021  13021
 22.500   37.9290  1.3800  0.10 215.65  3.46 -0.54   61.2610  1.6930  0.01  12966  12966  12966
 23.000   35.0720  1.3120  0.09 216.29  3.61 -0.51   56.4780  1.5630  0.01  12915  12915  12915
 23.500   32.4370  1.2450  0.08 216.93  3.77 -0.47   52.0780  1.4460  0.03  12842  12842  12842
 24.000   30.0130  1.1670  0.05 217.62  3.92 -0.47   48.0340  1.3170  0.03  12766  12766  12766
 24.500   27.7740  1.1090  0.03 218.26  4.05 -0.46   44.3200  1.2180 -0.04  12541  12541  12541
 25.000   25.6970  1.0600  0.02 218.94  4.18 -0.44   40.8760  1.1490 -0.05  12395  12395  12395
 25.500   23.7890  1.0110  0.02 219.61  4.35 -0.44   37.7250  1.0840 -0.05  12298  12298  12298
 26.000   22.0300  0.9630  0.02 220.27  4.52 -0.43   34.8300  1.0230 -0.07  12200  12200  12200
 26.500   20.4400  0.9130 -0.07 221.18  4.64 -0.50   32.1820  0.9640 -0.13  12105  12105  12105
 27.000   18.9270  0.8860 -0.06 221.78  4.86 -0.46   29.7180  0.9280 -0.16  11388  11388  11388
 27.500   17.4950  0.8320 -0.02 222.35  4.93 -0.44   27.3990  0.8820 -0.11  10422  10422  10422
 28.000   16.2210  0.7930 -0.02 223.09  5.06 -0.46   25.3190  0.8490 -0.12   9853   9853   9853
 28.500   15.0370  0.7540 -0.04 223.88  5.17 -0.47   23.3890  0.8170 -0.16   9600   9600   9600
 29.000   13.9590  0.7170 -0.06 224.69  5.29 -0.49   21.6320  0.7820 -0.17   9234   9234   9234
 29.500   12.9660  0.6810 -0.09 225.60  5.39 -0.52   20.0120  0.7500 -0.20   8701   8701   8701
 30.000   12.0430  0.6470 -0.14 226.49  5.48 -0.57   18.5150  0.7180 -0.23   7993   7993   7993
