      91245      19.28N  166.65E
     T A B L E  II -   1.  T H E R M O D Y N A M I C  S T A T I S T I C A L  P A R A M E T E R S
                                   January
 STATION =   912450     WAKE ISLAND
    Z      MEAN P   SD P   SKEWP  MEAN T  SD T  SKEWT    MEAN D   SD D  SKEWD  NOBSP  NOBST  NOBSD
    KM       MB       MB             K      K             G/M3    G/M3                           
  0.000 1020.0000  5.0000   0.00 290.00   5.00   0.00 1221.0000 25.0000  0.00    100    100    100
  0.005 1015.3420  2.4750   0.05 298.55   1.40   0.09 1174.5081  7.3310  0.24    733    733    733
  0.500  959.1850  2.2750  -0.06 293.89   1.18  -0.47 1128.0510  6.5760  0.36    733    733    733
  1.000  904.9520  2.1270  -0.13 290.25   1.59  -0.46 1078.9110  7.3290  0.34    733    733    733
  1.500  853.3610  2.0340  -0.31 287.60   2.17  -0.33 1028.0420  8.4160  0.41    733    733    733
  2.000  804.5460  1.9230  -0.38 286.54   2.50  -0.57  974.7060  8.3570  0.77    733    733    733
  2.500  758.2190  1.8540  -0.55 285.66   2.23  -0.59  922.6630  6.6000  0.74    733    733    733
  3.000  714.2740  1.8270  -0.61 283.89   1.93  -0.46  875.1710  5.2630  0.35    733    733    733
  3.500  672.4770  1.8030  -0.65 281.62   1.81  -0.44  830.8740  4.6910  0.21    733    733    733
  4.000  632.8450  1.8240  -0.64 278.99   1.82  -0.29  789.4400  4.5760  0.10    733    733    733
  4.500  595.2130  1.8050  -0.63 276.21   1.86  -0.27  750.0930  4.5860  0.20    733    733    733
  5.000  559.5100  1.8070  -0.60 273.36   1.93  -0.28  712.5720  4.4780  0.05    733    733    733
  5.500  525.6420  1.7860  -0.54 270.42   1.94  -0.40  676.7980  4.2510  0.18    733    733    733
  6.000  493.5660  1.8160  -0.49 267.42   1.94  -0.52  642.6920  4.1600  0.19    733    733    733
  6.500  462.8460  1.7730  -0.54 264.29   1.96  -0.74  609.8740  3.9940  0.20    733    733    733
  7.000  433.8560  1.7520  -0.51 261.09   1.96  -0.99  578.7310  3.8340  0.31    733    733    733
  7.500  406.4810  1.7330  -0.54 257.87   1.94  -1.12  549.0210  3.6460  0.25    733    733    733
  8.000  380.3540  1.7590  -0.54 254.49   1.95  -1.13  520.6040  3.4930  0.25    733    733    733
  8.500  355.4470  1.7250  -0.62 250.99   1.94  -1.23  493.2990  3.2180  0.26    733    733    733
  9.000  331.9820  1.7000  -0.69 247.37   1.86  -1.20  467.4870  2.8750  0.23    733    733    733
  9.500  309.9100  1.6780  -0.79 243.70   1.77  -1.23  442.9980  2.6400  0.11    733    733    733
 10.000  289.0260  1.7090  -0.78 239.95   1.72  -1.13  419.6050  2.5870 -0.14    731    731    731
 10.500  269.0480  1.6400  -0.81 236.13   1.68  -1.00  396.9320  2.3950 -0.45    731    731    731
 11.000  250.3860  1.6310  -0.85 232.32   1.63  -0.85  375.4540  2.2250 -0.74    731    731    731
 11.500  232.3760  1.6190  -0.74 228.46   1.59  -0.80  354.3500  2.0560 -1.17    731    731    731
 12.000  215.5340  1.5540  -0.71 224.54   1.59  -0.81  334.3970  1.9720 -1.35    731    731    731
 12.500  199.9090  1.4770  -0.75 220.67   1.59  -0.66  315.6020  1.9430 -1.36    731    731    731
 13.000  184.7860  1.4700  -0.62 216.84   1.56  -0.55  296.8760  1.9060 -1.37    730    730    730
 13.500  170.6550  1.3950  -0.54 212.99   1.55  -0.34  279.1290  1.9010 -1.40    729    729    729
 14.000  157.5510  1.3500  -0.44 209.22   1.56  -0.19  262.3440  1.9770 -1.57    728    728    728
 14.500  145.3390  1.3400  -0.41 205.62   1.58  -0.00  246.2470  2.0820 -1.66    724    724    724
 15.000  133.5590  1.2330  -0.34 202.16   1.60   0.10  230.1620  2.1390 -1.50    722    722    722
 15.500  122.6790  1.1440  -0.24 198.88   1.73   0.17  214.9000  2.2160 -1.31    717    717    717
 16.000  112.6190  1.0740  -0.13 195.97   1.88   0.27  200.2080  2.2690 -1.22    708    708    708
 16.500  103.3290  1.0050  -0.08 193.60   2.05   0.40  185.9470  2.3800 -1.04    698    698    698
 17.000   94.7350  0.9600   0.05 192.17   2.27   0.35  171.7550  2.5720 -0.54    672    672    672
 17.500   86.7290  0.8690   0.13 191.72   2.43   0.45  157.6210  2.5590 -0.47    652    652    652
 18.000   79.4100  0.7900   0.14 192.51   2.58   0.46  143.7260  2.4520 -0.37    635    635    635
 18.500   72.7430  0.7220   0.25 194.50   2.80   0.31  130.3180  2.3540 -0.32    625    625    625
 19.000   66.7500  0.6640   0.30 197.56   2.94   0.29  117.7290  2.1820 -0.17    619    619    619
 19.500   61.3180  0.6150   0.33 200.77   2.90   0.12  106.4170  1.8980 -0.11    609    609    609
 20.000   56.3780  0.5660   0.37 203.79   2.84  -0.02   96.3920  1.6000 -0.01    602    602    602
 20.500   51.8700  0.5390   0.33 206.35   2.73   0.00   87.5830  1.3250  0.05    596    596    596
 21.000   47.8310  0.4990   0.35 208.45   2.61   0.05   79.9470  1.1050  0.01    592    592    592
 21.500   44.1110  0.4790   0.32 210.18   2.53   0.15   73.1200  0.9580 -0.09    586    586    586
 22.000   40.7030  0.4640   0.28 211.64   2.59   0.20   67.0050  0.8330 -0.08    584    584    584
 22.500   37.5800  0.4440   0.32 213.03   2.67   0.23   61.4600  0.7350 -0.11    580    580    580
 23.000   34.7080  0.4320   0.26 214.24   2.69   0.16   56.4400  0.6650 -0.12    575    575    575
 23.500   32.0540  0.4170   0.24 215.39   2.65   0.07   51.8470  0.5970  0.17    567    567    567
 24.000   29.6660  0.3780   0.22 216.57   2.74   0.04   47.7220  0.5510  0.27    559    559    559
 24.500   27.4400  0.3830   0.33 217.62   2.69   0.01   43.9290  0.5060  0.38    549    549    549
 25.000   25.3830  0.3770   0.21 218.67   2.68   0.06   40.4390  0.4980  0.14    543    543    543
 25.500   23.4890  0.3710   0.12 219.69   2.66  -0.16   37.2480  0.4850 -0.08    533    533    533
 26.000   21.7450  0.3560   0.03 220.80   2.63  -0.11   34.3090  0.4550 -0.08    526    526    526
 26.500   20.1420  0.3170   0.36 221.79   2.64  -0.05   31.6370  0.4030 -0.07    516    516    516
 27.000   18.6880  0.3190   0.07 222.55   2.55  -0.03   29.2530  0.3920 -0.14    502    502    502
 27.500   17.3170  0.3040   0.06 223.41   2.58   0.14   27.0020  0.3780 -0.11    486    486    486
 28.000   16.0450  0.2980  -0.08 224.29   2.58   0.12   24.9220  0.3870 -0.21    465    465    465
 28.500   14.8820  0.2810  -0.05 225.12   2.73  -0.08   23.0310  0.3670 -0.18    439    439    439
 29.000   13.8090  0.2660  -0.15 225.81   2.90  -0.19   21.3040  0.3370  0.06    408    408    408
 29.500   12.8190  0.2610  -0.32 226.57   3.05  -0.20   19.7110  0.3230  0.02    372    372    372
 30.000   11.8930  0.2480  -0.26 227.33   3.10  -0.26   18.2250  0.3090  0.04    349    349    349
     T A B L E  II -   2.  T H E R M O D Y N A M I C  S T A T I S T I C A L  P A R A M E T E R S
                                  February
 STATION =   912450     WAKE ISLAND
    Z      MEAN P   SD P   SKEWP  MEAN T  SD T  SKEWT    MEAN D   SD D  SKEWD  NOBSP  NOBST  NOBSD
    KM       MB       MB             K      K             G/M3    G/M3                           
  0.000 1020.0000  5.0000   0.00 290.00   5.00   0.00 1221.0000 25.0000  0.00    100    100    100
  0.005 1015.3090  2.3470   0.14 298.14   1.43   0.19 1176.3550  7.2950 -0.01    640    640    640
  0.500  959.0900  2.1460   0.10 293.47   1.08  -0.34 1129.6870  6.2330  0.27    640    640    640
  1.000  904.8130  2.0060   0.10 289.95   1.48  -0.33 1080.0250  6.8930  0.33    640    640    640
  1.500  853.1360  1.9080  -0.15 287.32   2.07   0.04 1029.0310  7.8150  0.23    640    640    640
  2.000  804.1950  1.8050   0.01 286.00   2.36  -0.08  976.0200  7.4390  0.47    640    640    640
  2.500  757.8260  1.7370  -0.03 284.93   2.11  -0.25  924.4500  6.1790  0.43    640    640    640
  3.000  713.8160  1.7170  -0.05 283.35   1.96  -0.30  876.2200  5.5110  0.23    640    640    640
  3.500  672.0020  1.6870  -0.13 281.17   1.99  -0.31  831.6790  5.5830  0.23    640    640    640
  4.000  632.3140  1.6500  -0.17 278.61   2.06  -0.32  789.9160  5.4880  0.21    640    640    640
  4.500  594.6870  1.6630  -0.17 275.90   2.13  -0.32  750.3580  5.4150  0.18    640    640    640
  5.000  558.9750  1.6560  -0.23 273.08   2.07  -0.30  712.6850  4.9340  0.10    640    640    640
  5.500  525.1070  1.6370  -0.30 270.04   2.06  -0.41  677.1040  4.5990  0.17    640    640    640
  6.000  493.0050  1.6850  -0.38 267.00   2.05  -0.44  642.9950  4.3170 -0.02    640    640    640
  6.500  462.2750  1.6790  -0.46 263.92   2.16  -0.58  610.0200  4.2550  0.08    640    640    640
  7.000  433.3040  1.6980  -0.51 260.77   2.19  -0.76  578.7280  4.0400  0.22    640    640    640
  7.500  405.9250  1.6960  -0.59 257.55   2.15  -1.02  548.9650  3.7960  0.32    640    640    640
  8.000  379.7980  1.7390  -0.83 254.43   2.06  -1.25  519.9660  3.5580  0.26    640    640    640
  8.500  354.9420  1.7440  -1.06 251.10   1.94  -1.39  492.3880  3.1510  0.13    640    640    640
  9.000  331.5210  1.7590  -1.21 247.60   1.88  -1.36  466.4120  2.8100  0.04    640    640    640
  9.500  309.4950  1.7420  -1.34 243.94   1.80  -1.27  441.9620  2.4990 -0.09    640    640    640
 10.000  288.6290  1.7420  -1.25 240.21   1.73  -1.14  418.5770  2.4020 -0.10    639    639    639
 10.500  268.7220  1.6460  -1.24 236.40   1.67  -0.93  395.9930  2.2880 -0.17    638    638    638
 11.000  250.1100  1.5940  -1.28 232.57   1.64  -0.60  374.6470  2.1880 -0.10    637    637    637
 11.500  232.1440  1.5860  -1.09 228.66   1.57  -0.32  353.6720  2.0510 -0.29    637    637    637
 12.000  215.3280  1.5120  -1.01 224.73   1.51  -0.11  333.7990  2.0270 -0.77    636    636    636
 12.500  199.7230  1.4760  -1.19 220.81   1.52  -0.05  315.0990  2.1330 -1.59    635    635    635
 13.000  184.6000  1.4720  -0.94 216.89   1.52  -0.06  296.5050  2.1180 -2.14    634    634    634
 13.500  170.4850  1.4040  -0.92 213.00   1.54   0.03  278.8370  2.1510 -2.67    632    632    632
 14.000  157.4030  1.3330  -0.81 209.17   1.56   0.22  262.1600  2.1500 -3.21    630    630    630
 14.500  145.1850  1.3120  -0.63 205.52   1.62   0.45  246.0990  2.2820 -3.00    629    629    629
 15.000  133.4200  1.1980  -0.46 202.07   1.75   0.58  230.0290  2.3320 -2.48    626    626    626
 15.500  122.5520  1.1220  -0.25 198.77   1.86   0.77  214.7980  2.4090 -1.90    623    623    623
 16.000  112.5110  1.0400  -0.14 195.85   1.98   0.89  200.1460  2.4020 -1.67    617    617    617
 16.500  103.2170  0.9810  -0.02 193.53   2.09   0.87  185.8150  2.4930 -1.14    608    608    608
 17.000   94.6320  0.9270  -0.03 192.15   2.26   0.58  171.5910  2.5570 -0.60    590    590    590
 17.500   86.6380  0.8530   0.11 191.69   2.50   0.45  157.4760  2.5860 -0.31    581    581    581
 18.000   79.3310  0.7700   0.07 192.68   2.44   0.10  143.4530  2.3490 -0.07    568    568    568
 18.500   72.6740  0.7090   0.15 194.89   2.43   0.09  129.9240  2.0630 -0.09    560    560    560
 19.000   66.7040  0.6590   0.16 197.72   2.54   0.06  117.5460  1.8240 -0.10    549    549    549
 19.500   61.2740  0.6180   0.20 200.63   2.67   0.03  106.4140  1.6420 -0.05    541    541    541
 20.000   56.3400  0.5790   0.23 203.54   2.57   0.06   96.4430  1.3760 -0.04    538    538    538
 20.500   51.8360  0.5510   0.22 206.01   2.38   0.14   87.6640  1.1540 -0.14    536    536    536
 21.000   47.7860  0.5160   0.23 207.95   2.41   0.23   80.0610  1.0400 -0.24    530    530    530
 21.500   44.0670  0.4910   0.22 209.63   2.41   0.43   73.2380  0.9420 -0.20    528    528    528
 22.000   40.6560  0.4710   0.19 211.05   2.42   0.14   67.1140  0.8330  0.02    524    524    524
 22.500   37.5200  0.4550   0.12 212.28   2.34  -0.07   61.5790  0.7340  0.13    521    521    521
 23.000   34.6420  0.4300   0.13 213.51   2.27  -0.12   56.5240  0.6590  0.19    519    519    519
 23.500   31.9840  0.4140   0.05 214.79   2.27  -0.08   51.8780  0.6210  0.28    516    516    516
 24.000   29.5980  0.3760  -0.01 216.02   2.32  -0.01   47.7330  0.5550  0.30    508    508    508
 24.500   27.3710  0.3760  -0.00 217.21   2.30   0.05   43.9000  0.5310  0.16    502    502    502
 25.000   25.3190  0.3630  -0.05 218.35   2.35   0.08   40.3970  0.5080 -0.04    493    493    493
 25.500   23.4260  0.3450  -0.08 219.47   2.35  -0.14   37.1860  0.4840 -0.17    485    485    485
 26.000   21.6760  0.3340  -0.13 220.57   2.35  -0.12   34.2360  0.4530 -0.25    481    481    481
 26.500   20.0820  0.2930   0.07 221.62   2.41  -0.24   31.5680  0.3980 -0.08    469    469    469
 27.000   18.6320  0.3030  -0.04 222.49   2.41  -0.30   29.1740  0.3990 -0.19    450    450    450
 27.500   17.2690  0.2920  -0.06 223.48   2.49  -0.35   26.9200  0.3920 -0.22    440    440    440
 28.000   16.0130  0.2830  -0.13 224.38   2.67  -0.27   24.8620  0.3740 -0.28    426    426    426
 28.500   14.8530  0.2700  -0.19 225.26   2.78  -0.26   22.9710  0.3520 -0.21    408    408    408
 29.000   13.7830  0.2570  -0.26 226.20   2.87  -0.36   21.2270  0.3250 -0.32    383    383    383
 29.500   12.7920  0.2440  -0.22 227.13   2.97  -0.35   19.6210  0.3100 -0.23    363    363    363
 30.000   11.8770  0.2320  -0.23 227.93   3.04  -0.30   18.1530  0.2890 -0.25    341    341    341
     T A B L E  II -   3.  T H E R M O D Y N A M I C  S T A T I S T I C A L  P A R A M E T E R S
                                     March
 STATION =   912450     WAKE ISLAND
    Z      MEAN P   SD P   SKEWP  MEAN T  SD T  SKEWT    MEAN D   SD D  SKEWD  NOBSP  NOBST  NOBSD
    KM       MB       MB             K      K             G/M3    G/M3                           
  0.000 1020.0000  5.0000   0.00 290.00   5.00   0.00 1221.0000 25.0000  0.00    100    100    100
  0.005 1016.3320  2.5050  -0.31 298.72   1.43  -0.02 1174.6360  7.0710  0.18    711    711    711
  0.500  960.1640  2.3250  -0.36 293.95   1.03  -0.58 1128.5551  5.8120  0.49    711    711    711
  1.000  905.9320  2.1630  -0.39 290.53   1.33  -0.64 1078.9520  6.3960  0.50    711    711    711
  1.500  854.3360  2.0410  -0.53 287.86   1.64  -0.74 1028.3600  6.6570  0.75    711    711    711
  2.000  805.3800  1.9750  -0.40 286.13   1.98  -0.59  976.8610  6.4460  0.85    711    711    711
  2.500  758.9560  1.9060  -0.44 284.68   1.95  -0.10  926.4720  5.6730  0.23    711    711    711
  3.000  714.8270  1.8580  -0.46 282.81   1.86  -0.06  878.9790  5.0880  0.22    711    711    711
  3.500  672.8880  1.8410  -0.44 280.51   1.93   0.03  834.5960  5.0840  0.07    711    711    711
  4.000  633.0520  1.8460  -0.46 277.93   2.00   0.13  792.6760  4.9890 -0.02    711    711    711
  4.500  595.2660  1.8720  -0.39 275.24   1.99   0.11  752.8110  4.7160  0.03    711    711    711
  5.000  559.4270  1.8720  -0.32 272.45   2.07   0.00  714.8560  4.6150 -0.01    711    711    711
  5.500  525.4610  1.8710  -0.23 269.48   2.15  -0.09  678.9220  4.5760 -0.00    711    711    711
  6.000  493.3000  1.9560  -0.15 266.45   2.22  -0.13  644.6950  4.5120 -0.12    711    711    711
  6.500  462.4670  1.9500  -0.19 263.32   2.31  -0.39  611.6530  4.4350  0.04    711    711    711
  7.000  433.3870  1.9690  -0.19 260.06   2.39  -0.44  580.4060  4.3280 -0.03    711    711    711
  7.500  405.9370  1.9880  -0.23 256.75   2.51  -0.48  550.6920  4.3260 -0.05    711    711    711
  8.000  379.7360  2.0500  -0.29 253.39   2.57  -0.54  522.0230  4.1620 -0.04    711    711    711
  8.500  354.7830  2.0540  -0.34 249.93   2.61  -0.69  494.4860  3.9510  0.12    710    710    710
  9.000  331.2860  2.0640  -0.37 246.34   2.62  -0.75  468.4790  3.7960  0.12    710    710    710
  9.500  309.1790  2.0660  -0.44 242.72   2.55  -0.82  443.7490  3.5780  0.03    710    710    710
 10.000  288.2420  2.1110  -0.45 239.08   2.43  -0.84  420.0100  3.4010 -0.07    710    710    710
 10.500  268.2860  2.0520  -0.51 235.41   2.27  -0.92  397.0280  3.2210 -0.09    709    709    709
 11.000  249.6300  2.0380  -0.56 231.80   2.13  -0.89  375.1780  3.0590 -0.28    708    708    708
 11.500  231.6510  1.9740  -0.51 228.08   1.94  -0.79  353.8250  2.8960 -0.52    707    707    707
 12.000  214.8540  1.8800  -0.50 224.33   1.81  -0.59  333.6680  2.8490 -0.61    707    707    707
 12.500  199.2620  1.7890  -0.58 220.60   1.74  -0.26  314.6770  2.9060 -0.75    705    705    705
 13.000  184.1880  1.7260  -0.46 216.87   1.67  -0.05  295.8740  2.9300 -0.78    705    705    705
 13.500  170.1410  1.6250  -0.39 213.17   1.69   0.08  278.0590  3.0090 -0.70    703    703    703
 14.000  157.0970  1.5390  -0.24 209.57   1.78   0.22  261.1590  3.0420 -0.66    701    701    701
 14.500  144.8940  1.4500  -0.34 206.18   1.88   0.27  244.8280  3.0290 -0.84    700    700    700
 15.000  133.2170  1.3270  -0.29 202.94   2.02   0.26  228.6970  2.9880 -0.73    693    693    693
 15.500  122.4210  1.2160  -0.20 199.91   2.20   0.14  213.3610  3.0010 -0.56    684    684    684
 16.000  112.4430  1.1340  -0.02 197.17   2.35   0.11  198.6990  3.0320 -0.46    673    673    673
 16.500  103.2140  1.0220  -0.03 195.00   2.49   0.14  184.4210  2.9340 -0.49    660    660    660
 17.000   94.6940  0.9650   0.07 193.65   2.65   0.18  170.3790  2.9590 -0.38    643    643    643
 17.500   86.7440  0.8760   0.17 193.15   2.63   0.21  156.4810  2.7530 -0.17    631    631    631
 18.000   79.4810  0.8080   0.41 193.71   2.64   0.11  142.9690  2.6060  0.03    620    620    620
 18.500   72.8340  0.7180   0.07 195.48   2.78   0.16  129.8260  2.4090 -0.00    611    611    611
 19.000   66.8630  0.6550   0.08 198.01   2.74   0.13  117.6600  2.0820  0.06    600    600    600
 19.500   61.4320  0.6030   0.09 200.85   2.81   0.20  106.5720  1.8490 -0.01    597    597    597
 20.000   56.4790  0.5600   0.12 203.60   2.78   0.18   96.6550  1.5980  0.05    589    589    589
 20.500   51.9560  0.5310   0.15 206.14   2.59  -0.01   87.8150  1.2980  0.22    587    587    587
 21.000   47.9130  0.4830   0.27 208.20   2.49   0.06   80.1800  1.0880  0.18    582    582    582
 21.500   44.1850  0.4630   0.31 209.86   2.44  -0.04   73.3550  0.9660  0.13    579    579    579
 22.000   40.7670  0.4440   0.33 211.39   2.48  -0.03   67.1910  0.8800  0.07    577    577    577
 22.500   37.6260  0.4240   0.33 212.83   2.52  -0.09   61.5930  0.8020  0.02    573    573    573
 23.000   34.7430  0.4100   0.32 214.16   2.53  -0.22   56.5210  0.7190  0.03    569    569    569
 23.500   32.0890  0.3910   0.25 215.41   2.58  -0.15   51.8980  0.6510 -0.05    561    561    561
 24.000   29.6970  0.3430   0.25 216.69   2.54  -0.08   47.7470  0.5500 -0.14    552    552    552
 24.500   27.4720  0.3540   0.35 217.87   2.48  -0.12   43.9290  0.5280 -0.03    542    542    542
 25.000   25.4190  0.3430   0.29 219.09   2.57  -0.16   40.4200  0.5040 -0.12    534    534    534
 25.500   23.5240  0.3310   0.27 220.26   2.62  -0.07   37.2080  0.4770 -0.15    527    527    527
 26.000   21.7810  0.3170   0.27 221.46   2.63   0.07   34.2640  0.4380 -0.12    521    521    521
 26.500   20.1720  0.2830   0.47 222.61   2.62   0.04   31.5690  0.3890  0.07    511    511    511
 27.000   18.7280  0.2850   0.30 223.75   2.67  -0.07   29.1600  0.3590  0.18    484    484    484
 27.500   17.3640  0.2770   0.23 224.83   2.75  -0.10   26.9060  0.3420  0.11    473    473    473
 28.000   16.1090  0.2690   0.23 225.84   2.84  -0.12   24.8490  0.3240  0.01    452    452    452
 28.500   14.9520  0.2540   0.19 226.93   3.00  -0.15   22.9540  0.3070  0.03    440    440    440
 29.000   13.8730  0.2480   0.17 227.96   3.14  -0.11   21.2000  0.3110 -0.11    412    412    412
 29.500   12.8760  0.2410   0.10 228.88   3.15  -0.28   19.5990  0.2890  0.30    389    389    389
 30.000   11.9490  0.2300   0.05 229.89   3.27  -0.23   18.1080  0.2810  0.18    366    366    366
     T A B L E  II -   4.  T H E R M O D Y N A M I C  S T A T I S T I C A L  P A R A M E T E R S
                                     April
 STATION =   912450     WAKE ISLAND
    Z      MEAN P   SD P   SKEWP  MEAN T  SD T  SKEWT    MEAN D   SD D  SKEWD  NOBSP  NOBST  NOBSD
    KM       MB       MB             K      K             G/M3    G/M3                           
  0.000 1020.0000  5.0000   0.00 290.00   5.00   0.00 1221.0000 25.0000  0.00    100    100    100
  0.005 1016.0210  1.7960  -0.45 299.33   1.57   0.20 1171.3190  6.7410 -0.04    717    717    717
  0.500  960.0050  1.7580  -0.58 294.47   0.95  -0.53 1125.8420  4.4100  0.61    717    717    717
  1.000  905.8830  1.7220  -0.66 291.14   1.20  -0.77 1076.2800  4.7430  0.70    717    717    717
  1.500  854.4240  1.7590  -0.76 288.45   1.38  -0.78 1025.9600  4.8860  0.70    717    717    717
  2.000  805.5430  1.7910  -0.74 286.41   1.67  -0.32  975.6160  5.1370  0.60    717    717    717
  2.500  759.1720  1.7370  -0.81 284.85   1.74   0.10  925.8060  4.7030 -0.10    717    717    717
  3.000  715.0450  1.7240  -0.73 282.88   1.80  -0.05  878.8580  4.6620  0.00    717    717    717
  3.500  673.1230  1.7530  -0.69 280.59   1.75  -0.20  834.5210  4.4990  0.16    717    717    717
  4.000  633.3150  1.7960  -0.61 278.01   1.77  -0.11  792.6850  4.3490  0.10    717    717    717
  4.500  595.5230  1.8030  -0.59 275.31   1.78  -0.05  752.8650  4.0910 -0.04    717    717    717
  5.000  559.6780  1.8050  -0.51 272.39   1.79  -0.13  715.2660  3.8240  0.09    717    717    717
  5.500  525.6910  1.7890  -0.46 269.36   1.77  -0.16  679.4780  3.5820  0.09    717    717    717
  6.000  493.4710  1.8140  -0.46 266.25   1.85  -0.11  645.3630  3.4850 -0.03    717    717    717
  6.500  462.6430  1.8390  -0.45 263.06   1.97  -0.10  612.4590  3.4630  0.09    717    717    717
  7.000  433.5150  1.8570  -0.40 259.73   2.08  -0.16  581.2930  3.4060  0.14    717    717    717
  7.500  406.0150  1.8460  -0.35 256.29   2.18  -0.29  551.7780  3.3140  0.05    717    717    717
  8.000  379.7160  1.9230  -0.33 252.68   2.21  -0.30  523.4330  3.0890 -0.06    717    717    717
  8.500  354.6630  1.9750  -0.27 249.02   2.27  -0.32  496.1220  2.9380 -0.05    717    717    717
  9.000  331.0800  1.9990  -0.26 245.28   2.35  -0.25  470.1940  2.8620 -0.07    716    716    716
  9.500  308.9130  1.9890  -0.28 241.55   2.45  -0.25  445.5140  2.9080 -0.19    716    716    716
 10.000  287.9410  2.0000  -0.28 237.87   2.50  -0.26  421.7000  2.9810 -0.38    716    716    716
 10.500  267.9330  1.9870  -0.34 234.21   2.48  -0.39  398.5370  2.8770 -0.37    716    716    716
 11.000  249.1670  1.9720  -0.21 230.60   2.43  -0.41  376.4290  2.7670 -0.46    715    715    715
 11.500  231.1290  1.9750  -0.15 226.97   2.32  -0.49  354.7700  2.6410 -0.53    713    713    713
 12.000  214.3090  1.9230  -0.17 223.34   2.19  -0.60  334.2900  2.6760 -0.53    713    713    713
 12.500  198.6840  1.8720  -0.24 219.83   2.05  -0.51  314.8710  2.8010 -0.71    713    713    713
 13.000  183.6100  1.8180  -0.15 216.35   1.89  -0.49  295.6590  2.8990 -0.65    713    713    713
 13.500  169.5850  1.7030  -0.14 212.90   1.81  -0.31  277.5100  3.0280 -0.60    712    712    712
 14.000  156.5710  1.6000  -0.10 209.53   1.88  -0.19  260.3380  3.2210 -0.56    711    711    711
 14.500  144.4140  1.5250  -0.13 206.36   2.01  -0.03  243.8200  3.4220 -0.51    707    707    707
 15.000  132.8110  1.3930  -0.10 203.36   2.17   0.20  227.5380  3.4930 -0.44    704    704    704
 15.500  122.0770  1.2790  -0.06 200.60   2.34   0.30  212.0290  3.4820 -0.31    698    698    698
 16.000  112.1610  1.1740   0.08 198.21   2.48   0.20  197.1600  3.3790 -0.15    693    693    693
 16.500  102.9820  1.0400   0.10 196.38   2.54   0.14  182.7160  3.1610 -0.05    676    676    676
 17.000   94.5370  0.9300   0.08 195.31   2.70   0.08  168.6550  3.0300 -0.12    652    652    652
 17.500   86.6670  0.8410   0.13 195.05   2.67   0.18  154.8220  2.7220 -0.19    641    641    641
 18.000   79.4750  0.7700   0.25 195.74   2.67   0.22  141.4710  2.4260 -0.16    631    631    631
 18.500   72.8930  0.7000   0.19 197.31   2.83   0.11  128.7260  2.3040  0.01    622    622    622
 19.000   66.9770  0.6300   0.25 199.74   2.82  -0.16  116.8360  2.0240  0.29    612    612    612
 19.500   61.5820  0.5900   0.34 202.51   2.84  -0.18  105.9550  1.7990  0.40    606    606    606
 20.000   56.6610  0.5460   0.31 205.41   2.65  -0.08   96.1120  1.5300  0.38    602    602    602
 20.500   52.1660  0.5230   0.36 207.94   2.44  -0.05   87.4060  1.3030  0.53    601    601    601
 21.000   48.1330  0.4790   0.36 209.96   2.28  -0.08   79.8700  1.0700  0.38    594    594    594
 21.500   44.4190  0.4590   0.31 211.56   2.28  -0.06   73.1500  0.9530  0.47    593    593    593
 22.000   41.0150  0.4400   0.28 213.01   2.26  -0.25   67.0830  0.8530  0.56    588    588    588
 22.500   37.8780  0.4260   0.17 214.38   2.22  -0.10   61.5560  0.7510  0.47    578    578    578
 23.000   34.9940  0.4020   0.22 215.77   2.27  -0.18   56.5020  0.6890  0.49    574    574    574
 23.500   32.3410  0.3810   0.15 217.21   2.31  -0.26   51.8730  0.6490  0.50    571    571    571
 24.000   29.9330  0.3280   0.26 218.64   2.46  -0.14   47.6970  0.5800  0.41    562    562    562
 24.500   27.7280  0.3480   0.12 219.86   2.36  -0.15   43.9370  0.5370  0.28    557    557    557
 25.000   25.6720  0.3390   0.01 221.08   2.44  -0.23   40.4530  0.5060  0.17    553    553    553
 25.500   23.7800  0.3290  -0.01 222.37   2.42  -0.31   37.2550  0.4600  0.23    543    543    543
 26.000   22.0280  0.3210  -0.06 223.58   2.38  -0.27   34.3230  0.4250 -0.04    534    534    534
 26.500   20.4040  0.3100  -0.05 224.85   2.45  -0.26   31.6140  0.4110 -0.20    524    524    524
 27.000   18.9780  0.2840  -0.05 225.94   2.62  -0.14   29.2620  0.3610  0.16    500    500    500
 27.500   17.6030  0.2800  -0.14 226.98   2.72  -0.01   27.0190  0.3690 -0.12    488    488    488
 28.000   16.3330  0.2790  -0.31 228.00   2.75  -0.20   24.9560  0.3630 -0.29    468    468    468
 28.500   15.1730  0.2560  -0.25 228.93   2.75  -0.48   23.0890  0.3310 -0.28    445    445    445
 29.000   14.0860  0.2500  -0.25 229.81   2.67  -0.60   21.3530  0.3120 -0.23    419    419    419
 29.500   13.0860  0.2420  -0.29 230.75   2.65  -0.71   19.7560  0.3070 -0.37    388    388    388
 30.000   12.1550  0.2300  -0.40 231.68   2.63  -0.93   18.2770  0.2930 -0.52    340    340    340
     T A B L E  II -   5.  T H E R M O D Y N A M I C  S T A T I S T I C A L  P A R A M E T E R S
                                       May
 STATION =   912450     WAKE ISLAND
    Z      MEAN P   SD P   SKEWP  MEAN T  SD T  SKEWT    MEAN D   SD D  SKEWD  NOBSP  NOBST  NOBSD
    KM       MB       MB             K      K             G/M3    G/M3                           
  0.000 1020.0000  5.0000   0.00 290.00   5.00   0.00 1221.0000 25.0000  0.00    100    100    100
  0.005 1015.7900  1.6660  -0.45 300.17   1.62   0.46 1167.2100  6.9150 -0.31    665    665    665
  0.500  959.9560  1.6020  -0.52 295.25   0.90  -0.31 1122.1801  4.1440  0.24    665    665    665
  1.000  905.9620  1.6020  -0.54 292.00   1.06  -0.51 1072.7520  4.1760  0.25    665    665    665
  1.500  854.6830  1.6220  -0.73 289.26   1.20  -0.27 1022.8620  4.0580  0.22    665    665    665
  2.000  805.9210  1.5810  -0.56 287.16   1.34  -0.25  973.1260  4.1870  0.53    665    665    665
  2.500  759.6290  1.5280  -0.59 285.34   1.33   0.19  924.4050  3.7860 -0.19    665    665    665
  3.000  715.5540  1.4890  -0.46 283.24   1.37   0.09  878.0240  3.7910 -0.28    665    665    665
  3.500  673.7000  1.5000  -0.42 280.86   1.42  -0.17  834.2080  3.9700 -0.09    665    665    665
  4.000  633.9350  1.4740  -0.38 278.26   1.49  -0.09  792.6100  3.9250 -0.10    665    665    665
  4.500  596.1430  1.4430  -0.28 275.55   1.52  -0.02  752.8950  3.7780 -0.15    665    665    665
  5.000  560.2890  1.4090  -0.16 272.76   1.51  -0.05  715.0360  3.5570 -0.08    665    665    665
  5.500  526.2940  1.3650  -0.07 269.80   1.51  -0.03  679.1370  3.3390 -0.18    665    665    665
  6.000  494.0970  1.3610   0.02 266.71   1.55  -0.10  645.0620  3.2360 -0.14    665    665    665
  6.500  463.2900  1.3540   0.04 263.49   1.60  -0.05  612.2940  3.1300 -0.03    665    665    665
  7.000  434.1860  1.3640   0.05 260.17   1.63   0.00  581.1990  2.9340 -0.07    665    665    665
  7.500  406.6770  1.3570   0.02 256.69   1.65  -0.00  551.7900  2.7930 -0.00    665    665    665
  8.000  380.3940  1.4170   0.03 253.14   1.73  -0.07  523.4140  2.7830  0.23    665    665    665
  8.500  355.3410  1.4610   0.05 249.47   1.78  -0.10  496.1630  2.6340  0.34    665    665    665
  9.000  331.7410  1.4600   0.06 245.66   1.80  -0.18  470.3950  2.4870  0.41    665    665    665
  9.500  309.5560  1.4390   0.06 241.80   1.82  -0.14  445.9600  2.3260  0.13    665    665    665
 10.000  288.5700  1.4450   0.01 237.95   1.80  -0.12  422.4650  2.1870 -0.03    664    664    664
 10.500  268.5420  1.4320  -0.04 234.07   1.72  -0.12  399.6640  2.0750 -0.11    664    664    664
 11.000  249.6990  1.4640  -0.04 230.19   1.74  -0.14  377.8940  2.0460 -0.20    664    664    664
 11.500  231.5380  1.4660   0.00 226.34   1.70  -0.16  356.3780  1.9570 -0.17    664    664    664
 12.000  214.6370  1.4450   0.09 222.51   1.73  -0.19  336.0490  2.0640 -0.24    664    664    664
 12.500  198.9720  1.3930   0.02 218.76   1.79  -0.08  316.8610  2.2280 -0.56    663    663    663
 13.000  183.7990  1.3820   0.10 215.20   1.79  -0.01  297.5500  2.3310 -0.52    663    663    663
 13.500  169.7000  1.3300   0.18 211.74   1.84   0.07  279.2100  2.5060 -0.33    663    663    663
 14.000  156.6190  1.3020   0.33 208.50   1.94   0.24  261.6960  2.7450 -0.18    662    662    662
 14.500  144.3800  1.2130   0.01 205.66   2.07   0.24  244.5910  2.9010 -0.28    658    658    658
 15.000  132.7790  1.1310   0.02 203.11   2.17   0.16  227.7610  3.0050 -0.13    656    656    656
 15.500  122.0540  1.0240  -0.02 200.92   2.19   0.10  211.6490  2.9480 -0.05    655    655    655
 16.000  112.1600  0.9450   0.03 199.17   2.24  -0.01  196.2100  2.8820 -0.00    646    646    646
 16.500  103.0280  0.8830   0.25 197.92   2.43   0.05  181.3780  2.9160  0.01    639    639    639
 17.000   94.6220  0.7750   0.02 197.22   2.71   0.13  167.1720  2.8300 -0.06    627    627    627
 17.500   86.8390  0.6950   0.10 197.28   2.86   0.35  153.3780  2.6110 -0.27    619    619    619
 18.000   79.7100  0.6280   0.18 198.32   2.96   0.41  140.0500  2.3390 -0.27    612    612    612
 18.500   73.1910  0.5890   0.24 200.17   3.07   0.11  127.4060  2.1050  0.01    607    607    607
 19.000   67.3240  0.5540   0.23 202.66   2.96  -0.21  115.7520  1.7610  0.30    602    602    602
 19.500   61.9730  0.5410   0.23 205.23   2.50  -0.22  105.2090  1.4080  0.13    596    596    596
 20.000   57.0750  0.5280   0.32 207.60   2.13  -0.06   95.7820  1.1950 -0.02    589    589    589
 20.500   52.5830  0.4950   0.38 209.57   1.91   0.06   87.4140  0.9990  0.07    585    585    585
 21.000   48.5370  0.4490   0.26 211.18   1.94   0.11   80.0730  0.8780  0.05    579    579    579
 21.500   44.8120  0.4440   0.20 212.67   1.97   0.17   73.4080  0.8100 -0.01    573    573    573
 22.000   41.3850  0.4270   0.15 214.06   2.06   0.22   67.3560  0.7460  0.00    568    568    568
 22.500   38.2450  0.4080   0.17 215.35   2.10   0.09   61.8700  0.6750  0.01    562    562    562
 23.000   35.3440  0.3910   0.17 216.69   2.11  -0.01   56.8240  0.6210 -0.04    556    556    556
 23.500   32.6750  0.3840   0.03 218.07   2.14  -0.08   52.2010  0.5960 -0.29    552    552    552
 24.000   30.2240  0.3430   0.38 219.47   2.21  -0.05   47.9780  0.5430 -0.35    549    549    549
 24.500   28.0330  0.3370   0.26 220.69   2.16  -0.02   44.2530  0.4930 -0.24    541    541    541
 25.000   25.9660  0.3230   0.19 221.84   2.20  -0.06   40.7770  0.4670 -0.26    528    528    528
 25.500   24.0490  0.3230  -0.04 223.03   2.22  -0.13   37.5660  0.4510 -0.47    519    519    519
 26.000   22.2880  0.3100  -0.13 224.14   2.23  -0.13   34.6420  0.4250 -0.57    510    510    510
 26.500   20.6410  0.3070  -0.19 225.22   2.26  -0.10   31.9280  0.4200 -0.49    496    496    496
 27.000   19.2000  0.2630   0.12 226.23   2.32  -0.11   29.5670  0.3520  0.09    473    473    473
 27.500   17.8110  0.2630  -0.05 227.26   2.39  -0.24   27.3030  0.3510 -0.13    463    463    463
 28.000   16.5350  0.2510  -0.18 228.26   2.47  -0.34   25.2360  0.3360 -0.59    449    449    449
 28.500   15.3470  0.2460  -0.31 229.14   2.55  -0.35   23.3330  0.3210 -0.68    429    429    429
 29.000   14.2540  0.2330  -0.30 229.90   2.56  -0.50   21.6000  0.3010 -0.82    403    403    403
 29.500   13.2490  0.2140  -0.17 230.70   2.52  -0.63   20.0080  0.2580 -0.21    371    371    371
 30.000   12.3110  0.2100  -0.36 231.53   2.64  -0.67   18.5240  0.2420 -0.55    349    349    349
     T A B L E  II -   6.  T H E R M O D Y N A M I C  S T A T I S T I C A L  P A R A M E T E R S
                                      June
 STATION =   912450     WAKE ISLAND
    Z      MEAN P   SD P   SKEWP  MEAN T  SD T  SKEWT    MEAN D   SD D  SKEWD  NOBSP  NOBST  NOBSD
    KM       MB       MB             K      K             G/M3    G/M3                           
  0.000 1020.0000  5.0000   0.00 290.00   5.00   0.00 1221.0000 25.0000  0.00    100    100    100
  0.005 1015.1040  1.4910  -0.21 301.08   1.48   0.46 1162.2340  6.2220 -0.32    616    616    616
  0.500  959.4990  1.4060  -0.21 296.23   0.72  -0.21 1117.2100  3.5020  0.40    616    616    616
  1.000  905.7270  1.3450  -0.18 293.05   0.78  -0.41 1068.1820  3.3620  0.50    616    616    616
  1.500  854.6220  1.3530  -0.21 290.20   0.85  -0.30 1019.0930  3.3950  0.34    616    616    616
  2.000  805.9590  1.3490  -0.28 287.91   1.02   0.24  970.0040  3.5630  0.10    616    616    616
  2.500  759.8380  1.2210  -0.23 285.94   1.15   0.14  922.2120  3.3540  0.01    616    616    616
  3.000  715.8520  1.1370  -0.12 283.74   1.24  -0.34  876.5270  3.4440  0.53    616    616    616
  3.500  674.1170  1.1420  -0.12 281.31   1.30  -0.05  833.1220  3.4990 -0.12    616    616    616
  4.000  634.4200  1.1390  -0.29 278.67   1.43  -0.30  791.9130  3.7060  0.13    616    616    616
  4.500  596.6520  1.1310  -0.43 275.83   1.55  -0.27  752.6590  3.7210  0.09    616    616    616
  5.000  560.7930  1.1390  -0.52 272.97   1.63  -0.30  715.0130  3.6870  0.13    616    616    616
  5.500  526.7830  1.1490  -0.56 270.00   1.66  -0.34  679.1490  3.5090  0.22    616    616    616
  6.000  494.5660  1.2100  -0.55 266.92   1.71  -0.27  645.0590  3.3120  0.13    616    616    616
  6.500  463.7780  1.2270  -0.44 263.76   1.73  -0.39  612.2380  3.1820  0.34    616    616    616
  7.000  434.6850  1.2860  -0.45 260.48   1.75  -0.48  581.1290  2.9960  0.53    616    616    616
  7.500  407.1720  1.3140  -0.45 257.09   1.80  -0.47  551.5700  2.8840  0.44    616    616    616
  8.000  380.9370  1.3970  -0.47 253.58   1.87  -0.44  523.2240  2.7470  0.46    616    616    616
  8.500  355.9110  1.4690  -0.44 249.91   1.89  -0.49  496.0510  2.5520  0.53    616    616    616
  9.000  332.3140  1.4910  -0.44 246.18   1.89  -0.60  470.1970  2.3500  0.63    615    615    615
  9.500  310.1210  1.4970  -0.45 242.37   1.89  -0.63  445.7160  2.1770  0.44    615    615    615
 10.000  289.1090  1.5280  -0.45 238.47   1.85  -0.53  422.3130  1.9690  0.18    614    614    614
 10.500  269.0800  1.5240  -0.49 234.51   1.77  -0.38  399.7210  1.8080  0.07    614    614    614
 11.000  250.2400  1.5910  -0.32 230.52   1.74  -0.33  378.1740  1.7480  0.05    614    614    614
 11.500  232.0910  1.5690  -0.39 226.53   1.65  -0.24  356.9300  1.7360 -0.38    612    612    612
 12.000  215.1540  1.5480  -0.22 222.54   1.61  -0.19  336.8130  1.9210 -0.68    611    611    611
 12.500  199.4240  1.4910  -0.12 218.61   1.63   0.01  317.8010  2.1590 -1.34    609    609    609
 13.000  184.2430  1.4480  -0.21 214.89   1.63   0.14  298.6900  2.4560 -1.34    608    608    608
 13.500  170.0890  1.4110   0.11 211.25   1.74   0.34  280.5030  2.8080 -1.11    608    608    608
 14.000  156.9790  1.4000   0.54 207.88   1.89   0.54  263.0800  3.1830 -0.83    605    605    605
 14.500  144.6450  1.2150   0.03 204.95   2.16   0.63  245.8920  3.3540 -1.05    604    604    604
 15.000  132.9840  1.1140   0.21 202.49   2.42   0.64  228.8280  3.5360 -0.72    599    599    599
 15.500  122.2700  1.0130   0.37 200.52   2.65   0.47  212.4680  3.5920 -0.41    596    596    596
 16.000  112.3500  0.8790   0.23 199.28   2.80   0.29  196.4460  3.4550 -0.20    593    593    593
 16.500  103.2110  0.7900   0.23 199.02   2.77   0.09  180.7010  3.1380  0.06    587    587    587
 17.000   94.8380  0.7260   0.25 199.45   2.71  -0.12  165.6820  2.7690  0.19    575    575    575
 17.500   87.1460  0.6650   0.33 200.57   2.44  -0.34  151.3880  2.3030  0.36    569    569    569
 18.000   80.0940  0.6070   0.32 202.00   2.19  -0.08  138.1460  1.8120  0.20    564    564    564
 18.500   73.6530  0.5650   0.41 203.51   2.09   0.00  126.0900  1.5050  0.07    563    563    563
 19.000   67.8340  0.5220   0.44 205.19   2.02  -0.02  115.1760  1.2530  0.08    558    558    558
 19.500   62.4970  0.5170   0.41 206.89   1.99  -0.01  105.2390  1.1180  0.04    554    554    554
 20.000   57.5800  0.5000   0.54 208.59   1.87  -0.14   96.1710  0.9400  0.11    551    551    551
 20.500   53.0930  0.4950   0.67 210.21   1.77  -0.04   87.9930  0.8310  0.30    549    549    549
 21.000   49.0100  0.4410   0.54 211.76   1.85  -0.02   80.6300  0.7350 -0.01    544    544    544
 21.500   45.2740  0.4500   0.39 213.14   1.85  -0.11   74.0000  0.7010  0.00    538    538    538
 22.000   41.8210  0.4520   0.36 214.53   1.94   0.09   67.9140  0.7070 -0.13    536    536    536
 22.500   38.6500  0.4190   0.42 215.88   1.98   0.05   62.3720  0.6200  0.08    533    533    533
 23.000   35.7290  0.4070   0.46 217.23   2.01  -0.15   57.2990  0.5830  0.36    529    529    529
 23.500   33.0320  0.4030   0.37 218.55   2.03  -0.20   52.6540  0.5620  0.50    526    526    526
 24.000   30.5450  0.4010   0.39 219.81   1.99  -0.23   48.4090  0.5530  0.60    515    515    515
 24.500   28.3380  0.3500   0.35 220.96   1.99  -0.16   44.6790  0.4310 -0.05    505    505    505
 25.000   26.2430  0.3550   0.07 222.04   2.01  -0.05   41.1730  0.4360 -0.32    500    500    500
 25.500   24.3200  0.3400   0.07 223.13   2.09  -0.09   37.9710  0.4190 -0.17    495    495    495
 26.000   22.5220  0.3390  -0.10 224.13   2.14  -0.07   35.0060  0.4190 -0.49    484    484    484
 26.500   20.8730  0.3360  -0.32 225.12   2.13  -0.17   32.3000  0.4220 -0.71    473    473    473
 27.000   19.4110  0.2810   0.21 225.99   2.22  -0.20   29.9230  0.3310  0.42    441    441    441
 27.500   18.0090  0.2900  -0.03 226.88   2.24  -0.29   27.6530  0.3540  0.21    434    434    434
 28.000   16.7160  0.2850  -0.25 227.72   2.34  -0.42   25.5720  0.3580  0.05    421    421    421
 28.500   15.5150  0.2720  -0.17 228.46   2.40  -0.46   23.6590  0.3490  0.07    399    399    399
 29.000   14.4150  0.2610  -0.23 229.23   2.39  -0.56   21.9060  0.3230 -0.03    376    376    376
 29.500   13.3910  0.2370  -0.30 229.98   2.40  -0.58   20.2840  0.2910 -0.25    356    356    356
 30.000   12.4400  0.2250  -0.37 230.62   2.51  -0.52   18.7910  0.2660 -0.24    324    324    324
     T A B L E  II -   7.  T H E R M O D Y N A M I C  S T A T I S T I C A L  P A R A M E T E R S
                                      July
 STATION =   912450     WAKE ISLAND
    Z      MEAN P   SD P   SKEWP  MEAN T  SD T  SKEWT    MEAN D   SD D  SKEWD  NOBSP  NOBST  NOBSD
    KM       MB       MB             K      K             G/M3    G/M3                           
  0.000 1020.0000  5.0000   0.00 290.00   5.00   0.00 1221.0000 25.0000  0.00    100    100    100
  0.005 1014.0360  1.4700  -0.68 301.63   1.42   0.35 1158.2250  5.9440 -0.25    627    627    627
  0.500  958.6020  1.4120  -0.67 296.83   0.57   0.00 1113.5070  2.9650 -0.08    627    627    627
  1.000  904.9960  1.3450  -0.63 293.66   0.65   0.07 1064.7090  2.9840 -0.40    627    627    627
  1.500  854.0780  1.3590  -0.68 290.78   0.76   0.24 1016.0650  3.1710 -0.53    627    627    627
  2.000  805.4040  1.3880  -0.58 288.26   0.92   0.31  967.6780  3.3910 -0.37    627    627    627
  2.500  759.3820  1.2940  -0.57 285.98   1.02   0.25  920.8720  3.2670 -0.22    627    627    627
  3.000  715.5030  1.1870  -0.39 283.61   1.08   0.14  875.8310  3.0370 -0.21    627    627    627
  3.500  673.7630  1.1670  -0.34 280.97   1.17   0.34  833.0820  3.0870 -0.33    627    627    627
  4.000  634.1090  1.1800  -0.35 278.14   1.28   0.41  792.4980  3.2060 -0.39    627    627    627
  4.500  596.3310  1.1710  -0.32 275.25   1.31   0.38  753.4130  3.1030 -0.27    627    627    627
  5.000  560.4430  1.1260  -0.27 272.41   1.33   0.19  715.6730  3.0510 -0.09    627    627    627
  5.500  526.3840  1.1010  -0.21 269.47   1.39   0.12  679.6950  3.0460 -0.04    627    627    627
  6.000  494.0840  1.1340  -0.16 266.50   1.47   0.08  645.2120  3.0580 -0.00    627    627    627
  6.500  463.3880  1.1810  -0.05 263.42   1.54  -0.00  612.3330  3.0500  0.05    627    627    627
  7.000  434.2990  1.1900   0.00 260.27   1.59  -0.12  580.9410  2.9030  0.16    627    627    627
  7.500  406.7730  1.1930   0.00 256.99   1.63  -0.20  551.1350  2.7450  0.21    627    627    627
  8.000  380.5400  1.2360  -0.09 253.56   1.69  -0.31  522.6510  2.6230  0.31    627    627    627
  8.500  355.5780  1.2770  -0.17 250.00   1.70  -0.37  495.3570  2.4170  0.36    627    627    627
  9.000  332.0210  1.3140  -0.20 246.30   1.71  -0.45  469.5200  2.1670  0.46    627    627    627
  9.500  309.8410  1.3390  -0.16 242.48   1.68  -0.48  445.0940  1.9310  0.32    627    627    627
 10.000  288.8300  1.3680  -0.21 238.56   1.67  -0.46  421.7450  1.7200  0.24    627    627    627
 10.500  268.8340  1.3580  -0.29 234.57   1.67  -0.43  399.2360  1.6650  0.21    627    627    627
 11.000  250.0340  1.4390  -0.16 230.54   1.71  -0.30  377.8230  1.5490 -0.34    627    627    627
 11.500  231.8790  1.4370  -0.18 226.47   1.66  -0.20  356.6860  1.4990 -0.73    626    626    626
 12.000  214.9710  1.4660  -0.03 222.40   1.66  -0.08  336.7300  1.6300 -0.96    626    626    626
 12.500  199.2090  1.3830  -0.16 218.37   1.66   0.10  317.8020  1.7460 -1.62    626    626    626
 13.000  184.0320  1.3980  -0.01 214.57   1.68   0.24  298.8020  2.0370 -1.53    626    626    626
 13.500  169.9130  1.4200   0.40 210.86   1.82   0.41  280.7280  2.5100 -1.08    624    624    624
 14.000  156.7820  1.3900   0.73 207.40   2.02   0.55  263.3690  2.9230 -0.93    621    621    621
 14.500  144.4360  1.2030   0.16 204.48   2.24   0.58  246.0940  3.1780 -1.09    618    618    618
 15.000  132.8400  1.1310   0.38 202.27   2.50   0.38  228.8270  3.5010 -0.55    615    615    615
 15.500  122.1120  1.0040   0.42 200.89   2.74   0.28  211.7980  3.6000 -0.30    611    611    611
 16.000  112.2150  0.8800   0.52 200.33   2.94   0.11  195.1890  3.5340 -0.06    609    609    609
 16.500  103.1240  0.7950   0.70 200.78   2.76  -0.14  178.9640  3.0940  0.26    603    603    603
 17.000   94.8340  0.7000   0.49 201.61   2.42  -0.17  163.8910  2.4740  0.44    590    590    590
 17.500   87.2060  0.6450   0.51 202.66   2.15   0.00  149.9230  1.9270  0.35    582    582    582
 18.000   80.2230  0.6040   0.55 203.94   1.85   0.05  137.0480  1.4580  0.26    580    580    580
 18.500   73.8130  0.5710   0.51 205.28   1.67   0.01  125.2720  1.1920  0.36    578    578    578
 19.000   68.0220  0.5480   0.54 206.64   1.70   0.20  114.6810  1.0970  0.36    571    571    571
 19.500   62.6970  0.5450   0.49 208.08   1.73   0.02  104.9730  1.0560  0.42    570    570    570
 20.000   57.8000  0.5230   0.50 209.56   1.67   0.05   96.0870  0.9280  0.38    568    568    568
 20.500   53.3050  0.5230   0.67 211.04   1.69   0.14   87.9960  0.9260  0.73    561    561    561
 21.000   49.2180  0.4330   0.44 212.39   1.77   0.13   80.7300  0.7630  0.34    554    554    554
 21.500   45.4690  0.4470   0.41 213.66   1.79  -0.09   74.1380  0.7330  0.31    553    553    553
 22.000   42.0090  0.4420   0.30 214.90   1.84  -0.25   68.1000  0.6920  0.33    549    549    549
 22.500   38.8250  0.4300   0.29 216.11   1.87  -0.18   62.5860  0.6450  0.25    547    547    547
 23.000   35.8860  0.4280   0.24 217.30   1.93  -0.11   57.5320  0.6480  0.11    544    544    544
 23.500   33.1840  0.4130   0.12 218.42   2.00   0.05   52.9300  0.6190  0.12    539    539    539
 24.000   30.6880  0.4280   0.03 219.50   2.07   0.05   48.7070  0.6510  0.31    534    534    534
 24.500   28.4770  0.3420   0.40 220.51   2.05   0.02   44.9890  0.4720  0.33    520    520    520
 25.000   26.3600  0.3480   0.19 221.52   2.08   0.04   41.4560  0.4770 -0.04    511    511    511
 25.500   24.4150  0.3460   0.07 222.55   2.13  -0.04   38.2190  0.4620 -0.23    502    502    502
 26.000   22.6170  0.3470  -0.06 223.56   2.23  -0.18   35.2440  0.4650 -0.29    493    493    493
 26.500   20.9570  0.3400  -0.29 224.48   2.29  -0.25   32.5240  0.4510 -0.56    484    484    484
 27.000   19.4870  0.2730   0.30 225.30   2.38  -0.09   30.1320  0.3380  0.21    465    465    465
 27.500   18.0670  0.2810   0.17 226.08   2.39  -0.17   27.8400  0.3460 -0.14    450    450    450
 28.000   16.7690  0.2760   0.01 226.77   2.43  -0.25   25.7610  0.3270 -0.22    430    430    430
 28.500   15.5620  0.2730  -0.08 227.56   2.51  -0.31   23.8230  0.3190 -0.28    413    413    413
 29.000   14.4580  0.2560  -0.14 228.38   2.62  -0.51   22.0530  0.2900 -0.27    397    397    397
 29.500   13.4250  0.2420  -0.16 229.20   2.67  -0.36   20.4050  0.2820 -0.47    374    374    374
 30.000   12.4730  0.2280  -0.22 229.89   2.79  -0.48   18.9010  0.2650 -0.44    348    348    348
     T A B L E  II -   8.  T H E R M O D Y N A M I C  S T A T I S T I C A L  P A R A M E T E R S
                                    August
 STATION =   912450     WAKE ISLAND
    Z      MEAN P   SD P   SKEWP  MEAN T  SD T  SKEWT    MEAN D   SD D  SKEWD  NOBSP  NOBST  NOBSD
    KM       MB       MB             K      K             G/M3    G/M3                           
  0.000 1020.0000  5.0000   0.00 290.00   5.00   0.00 1221.0000 25.0000  0.00    100    100    100
  0.005 1013.0900  2.2370  -1.51 301.67   1.37   0.33 1156.8490  5.9860 -0.21    603    603    603
  0.500  957.7820  2.1740  -1.57 297.24   0.57  -0.25 1110.6530  3.4200 -0.30    603    603    603
  1.000  904.3140  2.0470  -1.58 294.08   0.65  -0.29 1062.0291  3.4560 -0.50    603    603    603
  1.500  853.5150  2.0630  -1.76 291.17   0.74  -0.03 1013.6930  3.6990 -0.72    603    603    603
  2.000  804.8740  1.9880  -1.39 288.67   0.92   0.06  965.3300  3.8010 -0.53    603    603    603
  2.500  758.9770  1.8650  -1.46 286.35   1.04   0.25  918.7800  3.7590 -0.60    603    603    603
  3.000  715.2190  1.7200  -1.47 283.89   1.02  -0.07  874.2040  3.5240 -0.68    603    603    603
  3.500  673.5190  1.6610  -1.37 281.23   1.01   0.01  831.6750  3.3860 -0.92    603    603    603
  4.000  633.9360  1.6150  -1.23 278.38   1.05   0.11  791.2480  3.3440 -0.98    603    603    603
  4.500  596.2120  1.5170  -1.13 275.46   1.07   0.35  752.4010  3.3400 -1.14    603    603    603
  5.000  560.3760  1.3910  -0.89 272.61   1.13   0.16  714.8310  3.3740 -0.99    603    603    603
  5.500  526.3660  1.2780  -0.77 269.71   1.19   0.06  678.8800  3.4150 -0.95    603    603    603
  6.000  494.1050  1.2200  -0.59 266.76   1.28  -0.11  644.5030  3.3620 -0.77    603    603    603
  6.500  463.4700  1.1780  -0.40 263.76   1.30  -0.30  611.5700  3.2670 -0.53    603    603    603
  7.000  434.4180  1.1270  -0.41 260.69   1.40  -0.32  580.1080  3.2380 -0.41    603    603    603
  7.500  406.9270  1.0700  -0.35 257.48   1.51  -0.04  550.2510  3.1710 -0.61    603    603    603
  8.000  380.7720  1.0870  -0.37 254.13   1.62  -0.09  521.7590  3.0380 -0.50    603    603    603
  8.500  355.8650  1.1270  -0.37 250.63   1.71  -0.04  494.5020  2.8730 -0.45    603    603    603
  9.000  332.3670  1.1440  -0.38 246.97   1.76   0.00  468.7260  2.6460 -0.45    603    603    603
  9.500  310.2230  1.1530  -0.38 243.20   1.79   0.03  444.3050  2.4340 -0.51    603    603    603
 10.000  289.2200  1.1520  -0.43 239.30   1.80  -0.02  420.9960  2.2120 -0.41    602    602    602
 10.500  269.2720  1.2070  -0.30 235.31   1.78   0.02  398.6310  2.0500 -0.49    601    601    601
 11.000  250.5170  1.3350   0.03 231.28   1.78   0.08  377.3430  1.8680 -0.57    601    601    601
 11.500  232.3930  1.3330  -0.29 227.16   1.70   0.23  356.4040  1.6460 -0.52    600    600    600
 12.000  215.5710  1.5090   0.28 223.04   1.65   0.26  336.7090  1.8010  0.15    600    600    600
 12.500  199.8010  1.5610   1.16 218.93   1.65   0.30  317.9320  1.8450  0.18    600    600    600
 13.000  184.6100  1.3740  -0.00 215.04   1.58   0.18  299.0720  1.9120 -0.63    600    600    600
 13.500  170.5250  1.5930   0.98 211.25   1.64   0.09  281.2100  2.4820  0.17    600    600    600
 14.000  157.3620  1.5940   1.54 207.65   1.76   0.06  264.0100  2.8530  0.23    597    597    597
 14.500  144.8830  1.1100  -0.03 204.55   1.96   0.11  246.7660  2.8270 -0.72    591    591    591
 15.000  133.3160  1.1600   0.60 202.25   2.35   0.21  229.6670  3.4130 -0.24    587    587    587
 15.500  122.5080  1.0190   1.00 200.62   2.81   0.16  212.7710  3.6480 -0.01    583    583    583
 16.000  112.5610  0.8640   0.49 200.04   3.08  -0.12  196.0700  3.5890  0.22    576    576    576
 16.500  103.4310  0.7720   0.17 200.45   3.01  -0.68  179.7960  3.2500  0.70    572    572    572
 17.000   95.0940  0.6970   0.14 201.65   2.68  -0.58  164.3120  2.5100  0.73    555    555    555
 17.500   87.4600  0.6540   0.18 202.78   2.37  -0.30  150.2700  1.9860  0.52    549    549    549
 18.000   80.4530  0.6220   0.23 203.95   2.23  -0.19  137.4390  1.6630  0.43    546    546    546
 18.500   74.0410  0.5880   0.37 205.36   1.99   0.07  125.6140  1.3610  0.36    540    540    540
 19.000   68.2170  0.5360   0.26 206.79   1.93   0.28  114.9310  1.1720  0.24    534    534    534
 19.500   62.9010  0.5640   0.23 208.04   1.83   0.14  105.3370  1.1250  0.60    531    531    531
 20.000   57.9780  0.5480   0.29 209.39   1.84  -0.00   96.4620  1.0220  0.46    530    530    530
 20.500   53.4800  0.5570   0.50 210.68   1.83  -0.14   88.4350  1.0220  0.89    522    522    522
 21.000   49.3380  0.4370   0.31 211.94   1.86  -0.09   81.1010  0.7310  0.03    517    517    517
 21.500   45.5960  0.4640   0.17 213.14   1.80  -0.11   74.5270  0.7590 -0.11    513    513    513
 22.000   42.1230  0.4820   0.19 214.31   1.81   0.07   68.4740  0.7850  0.07    510    510    510
 22.500   38.9310  0.4840   0.37 215.50   1.85   0.23   62.9360  0.7870  0.36    509    509    509
 23.000   35.9880  0.4660   0.47 216.57   1.92   0.11   57.8910  0.7590  0.69    506    506    506
 23.500   33.2640  0.4540   0.35 217.67   1.98   0.11   53.2390  0.7170  0.32    500    500    500
 24.000   30.7670  0.4690   0.42 218.80   2.01   0.08   48.9900  0.7560  0.56    493    493    493
 24.500   28.5090  0.3550   0.33 219.82   2.05   0.10   45.1820  0.4910 -0.16    492    492    492
 25.000   26.4010  0.3620   0.12 220.83   2.07   0.05   41.6490  0.5070 -0.20    484    484    484
 25.500   24.4510  0.3670  -0.00 221.82   2.16   0.02   38.4010  0.5280 -0.07    480    480    480
 26.000   22.6420  0.3630  -0.07 222.75   2.16   0.03   35.4120  0.5160 -0.14    473    473    473
 26.500   20.9690  0.3650  -0.21 223.66   2.21   0.03   32.6620  0.5270 -0.04    470    470    470
 27.000   19.4840  0.2790   0.32 224.50   2.32   0.10   30.2350  0.3540  0.01    447    447    447
 27.500   18.0690  0.2800   0.10 225.25   2.29  -0.00   27.9450  0.3670 -0.25    428    428    428
 28.000   16.7630  0.2780  -0.12 226.02   2.38   0.05   25.8370  0.3620 -0.38    414    414    414
 28.500   15.5670  0.2570  -0.09 226.76   2.44   0.05   23.9150  0.3320 -0.19    388    388    388
 29.000   14.4490  0.2400  -0.16 227.52   2.43  -0.03   22.1240  0.2870 -0.14    360    360    360
 29.500   13.4140  0.2310  -0.26 228.28   2.47   0.00   20.4710  0.2800 -0.22    335    335    335
 30.000   12.4560  0.2280  -0.41 229.03   2.64  -0.16   18.9460  0.2730 -0.14    315    315    315
     T A B L E  II -   9.  T H E R M O D Y N A M I C  S T A T I S T I C A L  P A R A M E T E R S
                                 September
 STATION =   912450     WAKE ISLAND
    Z      MEAN P   SD P   SKEWP  MEAN T  SD T  SKEWT    MEAN D   SD D  SKEWD  NOBSP  NOBST  NOBSD
    KM       MB       MB             K      K             G/M3    G/M3                           
  0.000 1020.0000  5.0000   0.00 290.00   5.00   0.00 1221.0000 25.0000  0.00    100    100    100
  0.005 1012.8080  1.8750  -0.98 301.92   1.38   0.17 1155.3300  5.8800 -0.18    565    565    565
  0.500  957.5490  1.7860  -0.90 297.35   0.60   0.04 1110.0590  3.4920 -0.57    565    565    565
  1.000  904.0520  1.7200  -0.89 294.14   0.67  -0.06 1061.5760  3.5100 -0.59    565    565    565
  1.500  853.3200  1.7040  -1.02 291.27   0.78   0.14 1013.2140  3.6480 -0.78    565    565    565
  2.000  804.7320  1.6720  -0.45 288.80   1.00   0.12  964.8560  3.7820 -0.38    565    565    565
  2.500  758.8230  1.5330  -0.57 286.54   1.10   0.18  918.1830  3.5680 -0.22    565    565    565
  3.000  715.0960  1.4610  -0.67 284.25   1.08   0.04  873.1830  3.3430 -0.28    565    565    565
  3.500  673.4810  1.4170  -0.68 281.67   1.14   0.11  830.5890  3.3460 -0.29    565    565    565
  4.000  633.9260  1.3750  -0.64 278.83   1.13   0.12  790.1700  3.1690 -0.32    565    565    565
  4.500  596.2290  1.3470  -0.60 275.94   1.17   0.11  751.3080  3.1610 -0.24    565    565    565
  5.000  560.4180  1.2890  -0.53 273.01   1.18   0.07  714.0220  3.0120 -0.20    565    565    565
  5.500  526.4510  1.2050  -0.46 270.04   1.22  -0.02  678.3110  2.9780 -0.11    565    565    565
  6.000  494.2460  1.1830  -0.46 267.11   1.32  -0.16  643.9710  3.0510 -0.07    565    565    565
  6.500  463.5950  1.2180  -0.46 264.06   1.39  -0.24  611.1280  2.9760 -0.03    565    565    565
  7.000  434.5610  1.2050  -0.45 260.88   1.45  -0.19  579.9490  2.8480 -0.08    565    565    565
  7.500  407.0890  1.1630  -0.36 257.54   1.50  -0.25  550.3950  2.7550 -0.12    565    565    565
  8.000  380.9070  1.1820  -0.43 254.10   1.59  -0.13  522.0450  2.7040 -0.20    565    565    565
  8.500  355.9680  1.2550  -0.38 250.53   1.72  -0.05  494.8640  2.6520 -0.14    565    565    565
  9.000  332.4510  1.2800  -0.41 246.80   1.77  -0.01  469.1850  2.4980 -0.23    564    564    564
  9.500  310.2710  1.2640  -0.35 243.00   1.85   0.06  444.7420  2.4280 -0.25    564    564    564
 10.000  289.2890  1.2710  -0.33 239.13   1.88   0.07  421.3960  2.2940 -0.17    564    564    564
 10.500  269.3080  1.3170  -0.15 235.20   1.87   0.05  398.8740  2.1730 -0.04    564    564    564
 11.000  250.5300  1.4190   0.18 231.22   1.88   0.04  377.4640  1.9810 -0.11    564    564    564
 11.500  232.4020  1.3870  -0.17 227.20   1.75   0.14  356.3480  1.7040 -0.20    564    564    564
 12.000  215.5150  1.4480   0.20 223.20   1.67   0.12  336.3730  1.7720 -0.00    564    564    564
 12.500  199.7840  1.4050   0.51 219.23   1.62   0.09  317.4690  1.8340 -0.26    563    563    563
 13.000  184.6030  1.3360   0.05 215.42   1.52   0.14  298.5340  1.9010 -0.44    562    562    562
 13.500  170.4900  1.4070   0.69 211.72   1.53   0.13  280.5280  2.2890 -0.19    562    562    562
 14.000  157.3980  1.5260   1.49 208.23   1.64   0.02  263.3390  2.7150  0.15    561    561    561
 14.500  144.9940  1.1240   0.13 205.13   1.77  -0.05  246.2510  2.6990 -0.45    556    556    556
 15.000  133.3310  1.0610   0.29 202.52   1.93   0.04  229.3690  2.8530 -0.26    551    551    551
 15.500  122.5620  0.9640   0.29 200.32   2.16   0.08  213.1670  2.9470 -0.18    548    548    548
 16.000  112.6160  0.8830   0.35 198.78   2.43  -0.01  197.3960  2.9800  0.01    545    545    545
 16.500  103.4370  0.8060   0.36 198.27   2.58   0.07  181.7730  2.8630  0.14    538    538    538
 17.000   95.0240  0.7260   0.26 198.83   2.89  -0.06  166.5240  2.7640  0.33    516    516    516
 17.500   87.2930  0.6780   0.35 200.15   2.90  -0.11  151.9640  2.3720  0.53    509    509    509
 18.000   80.2290  0.6350   0.34 201.98   2.58  -0.25  138.3970  1.8440  0.55    504    504    504
 18.500   73.7800  0.6050   0.37 203.94   2.30  -0.12  126.0420  1.4180  0.34    500    500    500
 19.000   67.9490  0.5810   0.40 205.71   2.18   0.07  115.0810  1.2150  0.09    494    494    494
 19.500   62.6190  0.5930   0.45 207.33   2.00   0.22  105.2230  1.1900  0.33    491    491    491
 20.000   57.7070  0.5860   0.60 208.80   1.91   0.27   96.2830  1.1030  0.51    489    489    489
 20.500   53.1960  0.5870   0.76 210.25   1.82  -0.00   88.1470  1.0520  0.87    484    484    484
 21.000   49.1010  0.4710   0.48 211.63   1.85  -0.08   80.8290  0.8120  0.35    482    482    482
 21.500   45.3590  0.4870   0.45 212.92   1.85  -0.06   74.2180  0.8210  0.38    478    478    478
 22.000   41.8990  0.4910   0.43 214.15   1.95   0.03   68.1600  0.8180  0.43    473    473    473
 22.500   38.7070  0.4590   0.41 215.37   1.99   0.14   62.6140  0.7240  0.33    469    469    469
 23.000   35.7790  0.4450   0.44 216.56   2.07   0.18   57.5590  0.6900  0.49    466    466    466
 23.500   33.0680  0.4220   0.26 217.74   2.10   0.20   52.9080  0.6290 -0.10    462    462    462
 24.000   30.5720  0.4270   0.15 218.97   2.21   0.25   48.6410  0.6610 -0.14    455    455    455
 24.500   28.3570  0.3720   0.50 219.94   2.26   0.13   44.9170  0.5450 -0.00    444    444    444
 25.000   26.2500  0.3660   0.37 220.84   2.25   0.06   41.4110  0.5240 -0.25    435    435    435
 25.500   24.3020  0.3670   0.22 221.71   2.22   0.11   38.1860  0.5030 -0.45    423    423    423
 26.000   22.5120  0.3580   0.13 222.57   2.27  -0.01   35.2380  0.4880 -0.61    417    417    417
 26.500   20.8540  0.3560  -0.01 223.47   2.36  -0.25   32.5100  0.4870 -0.56    406    406    406
 27.000   19.3880  0.2900   0.50 224.36   2.49  -0.08   30.1050  0.3700  0.09    384    384    384
 27.500   17.9800  0.2940   0.38 225.30   2.55   0.12   27.8020  0.3870 -0.35    370    370    370
 28.000   16.6840  0.2880   0.28 226.19   2.57   0.23   25.6960  0.3690 -0.29    354    354    354
 28.500   15.4750  0.2790   0.26 226.98   2.61   0.02   23.7510  0.3540 -0.43    337    337    337
 29.000   14.3640  0.2600   0.33 227.77   2.70  -0.06   21.9700  0.3330 -0.34    316    316    316
 29.500   13.3310  0.2530   0.18 228.56   2.78  -0.10   20.3190  0.3240 -0.52    298    298    298
 30.000   12.3890  0.2410   0.21 229.31   2.84  -0.15   18.8210  0.3050 -0.55    272    272    272
     T A B L E  II -  10.  T H E R M O D Y N A M I C  S T A T I S T I C A L  P A R A M E T E R S
                                   October
 STATION =   912450     WAKE ISLAND
    Z      MEAN P   SD P   SKEWP  MEAN T  SD T  SKEWT    MEAN D   SD D  SKEWD  NOBSP  NOBST  NOBSD
    KM       MB       MB             K      K             G/M3    G/M3                           
  0.000 1020.0000  5.0000   0.00 290.00   5.00   0.00 1221.0000 25.0000  0.00    100    100    100
  0.005 1013.6880  1.8340  -1.07 301.47   1.37   0.19 1158.5190  5.7580 -0.11    615    615    615
  0.500  958.2930  1.7550  -1.05 296.92   0.65  -0.47 1112.9690  3.3160 -0.02    615    615    615
  1.000  904.6830  1.6770  -0.99 293.66   0.82  -0.35 1064.3590  3.5360  0.11    615    615    615
  1.500  853.7890  1.6530  -1.07 290.83   1.00  -0.17 1015.6440  3.7100 -0.11    615    615    615
  2.000  805.2050  1.6380  -0.58 288.60   1.20  -0.09  966.6100  3.7130  0.13    615    615    615
  2.500  759.2250  1.5630  -0.72 286.49   1.33   0.03  919.3520  3.7010 -0.28    615    615    615
  3.000  715.4210  1.4980  -0.79 284.15   1.37  -0.22  874.3140  3.6010 -0.16    615    615    615
  3.500  673.7300  1.5030  -0.76 281.57   1.44  -0.06  831.5020  3.7340 -0.29    615    615    615
  4.000  634.1260  1.5170  -0.75 278.84   1.49   0.03  790.6850  3.6910 -0.38    615    615    615
  4.500  596.4260  1.5070  -0.72 276.04   1.55   0.05  751.4990  3.6190 -0.30    615    615    615
  5.000  560.6160  1.4880  -0.69 273.24   1.56   0.05  713.8530  3.4280 -0.27    615    615    615
  5.500  526.6500  1.4580  -0.63 270.29   1.54  -0.12  678.0720  3.2410 -0.24    615    615    615
  6.000  494.4740  1.4730  -0.62 267.15   1.53  -0.34  644.2480  3.1000 -0.01    615    615    615
  6.500  463.7000  1.4640  -0.70 263.99   1.58  -0.34  611.4740  3.0830 -0.16    615    615    615
  7.000  434.6310  1.4740  -0.69 260.74   1.60  -0.37  580.3870  2.9640 -0.18    615    615    615
  7.500  407.1520  1.4620  -0.66 257.33   1.69  -0.40  550.9570  2.9790 -0.10    615    615    615
  8.000  380.9680  1.4880  -0.70 253.82   1.77  -0.38  522.7060  2.9570 -0.09    615    615    615
  8.500  355.9800  1.5150  -0.72 250.19   1.86  -0.38  495.5500  2.8530  0.03    615    615    615
  9.000  332.4290  1.5210  -0.72 246.49   1.90  -0.45  469.7500  2.7110  0.08    615    615    615
  9.500  310.2520  1.5100  -0.69 242.73   1.90  -0.44  445.2280  2.4600 -0.14    615    615    615
 10.000  289.2410  1.5220  -0.69 238.91   1.83  -0.37  421.7310  2.1900 -0.29    615    615    615
 10.500  269.2360  1.5200  -0.69 235.00   1.75  -0.34  399.0960  2.0360 -0.27    615    615    615
 11.000  250.4270  1.5670  -0.50 231.11   1.74  -0.44  377.4760  1.9730 -0.32    615    615    615
 11.500  232.3210  1.5440  -0.59 227.22   1.67  -0.54  356.1990  1.8940 -0.54    614    614    614
 12.000  215.4450  1.5620  -0.37 223.33   1.69  -0.55  336.0730  2.1070 -0.71    613    613    613
 12.500  199.7290  1.5450  -0.03 219.48   1.71  -0.44  317.0200  2.3560 -0.63    613    613    613
 13.000  184.5890  1.4510  -0.44 215.83   1.71  -0.27  297.9500  2.4900 -0.92    611    611    611
 13.500  170.4740  1.4360  -0.06 212.26   1.80  -0.16  279.8050  2.7400 -0.68    611    611    611
 14.000  157.3690  1.4300   0.53 208.82   1.86  -0.00  262.5430  2.8400 -0.42    609    609    609
 14.500  145.0410  1.2310  -0.35 205.72   1.95   0.01  245.6360  2.8170 -0.61    607    607    607
 15.000  133.3820  1.1660  -0.08 202.90   2.00  -0.07  229.0330  2.8040 -0.29    605    605    605
 15.500  122.6110  1.0960   0.09 200.44   1.99   0.17  213.1210  2.7690 -0.17    599    599    599
 16.000  112.6330  0.9790  -0.09 198.30   2.06   0.05  197.8880  2.7020 -0.23    589    589    589
 16.500  103.4190  0.8880  -0.12 196.80   2.27   0.19  183.0890  2.7420 -0.36    581    581    581
 17.000   94.9600  0.8150  -0.17 196.31   2.61   0.34  168.5470  2.8200 -0.41    558    558    558
 17.500   87.1180  0.7470   0.07 196.75   3.03   0.17  154.2920  2.8550 -0.14    547    547    547
 18.000   79.9500  0.6750   0.06 198.34   3.27   0.03  140.4640  2.7050 -0.05    534    534    534
 18.500   73.4200  0.6160   0.16 200.79   3.03  -0.00  127.4140  2.1900 -0.13    523    523    523
 19.000   67.5310  0.5690   0.17 203.36   2.67   0.25  115.7050  1.7170 -0.54    514    514    514
 19.500   62.1810  0.5530   0.37 205.63   2.43   0.20  105.3570  1.4440 -0.30    508    508    508
 20.000   57.2820  0.5410   0.58 207.65   2.22   0.27   96.1100  1.2350 -0.22    501    501    501
 20.500   52.7830  0.5100   0.51 209.40   2.08   0.31   87.8180  1.0550  0.05    496    496    496
 21.000   48.7160  0.4510   0.35 211.13   1.96   0.37   80.3890  0.8920  0.08    486    486    486
 21.500   44.9830  0.4500   0.27 212.64   1.95   0.29   73.7000  0.8260  0.10    483    483    483
 22.000   41.5370  0.4370   0.25 214.01   2.08   0.34   67.6170  0.7790 -0.12    478    478    478
 22.500   38.3840  0.4070   0.24 215.32   2.10   0.36   62.1050  0.7030 -0.15    473    473    473
 23.000   35.4710  0.3910   0.04 216.57   2.20   0.03   57.0610  0.6650  0.08    471    471    471
 23.500   32.7980  0.3860   0.00 217.79   2.18  -0.12   52.4640  0.5990  0.45    466    466    466
 24.000   30.3260  0.3740   0.37 218.88   2.23  -0.24   48.2700  0.5620  0.64    461    461    461
 24.500   28.1150  0.3330  -0.05 219.88   2.19  -0.30   44.5450  0.4790  0.15    450    450    450
 25.000   26.0360  0.3230  -0.10 220.86   2.17  -0.12   41.0690  0.4760  0.06    444    444    444
 25.500   24.1110  0.3180  -0.25 221.82   2.26  -0.03   37.8670  0.4500 -0.11    434    434    434
 26.000   22.3330  0.3150  -0.34 222.78   2.28  -0.08   34.9240  0.4330 -0.28    424    424    424
 26.500   20.6870  0.3130  -0.38 223.76   2.41  -0.07   32.2090  0.4260 -0.30    417    417    417
 27.000   19.2260  0.2740  -0.12 224.85   2.47   0.00   29.7870  0.3320 -0.07    400    400    400
 27.500   17.8270  0.2710  -0.26 225.87   2.62  -0.21   27.4960  0.3320 -0.32    386    386    386
 28.000   16.5400  0.2670  -0.38 226.81   2.70  -0.18   25.4060  0.3410 -0.44    375    375    375
 28.500   15.3570  0.2460  -0.23 227.76   2.64  -0.26   23.4890  0.3020 -0.45    359    359    359
 29.000   14.2630  0.2340  -0.20 228.70   2.58  -0.28   21.7260  0.2890 -0.41    330    330    330
 29.500   13.2450  0.2250  -0.22 229.53   2.65  -0.34   20.1030  0.2700 -0.32    313    313    313
 30.000   12.3080  0.2160  -0.26 230.26   2.76  -0.35   18.6210  0.2610 -0.27    284    284    284
     T A B L E  II -  11.  T H E R M O D Y N A M I C  S T A T I S T I C A L  P A R A M E T E R S
                                  November
 STATION =   912450     WAKE ISLAND
    Z      MEAN P   SD P   SKEWP  MEAN T  SD T  SKEWT    MEAN D   SD D  SKEWD  NOBSP  NOBST  NOBSD
    KM       MB       MB             K      K             G/M3    G/M3                           
  0.000 1020.0000  5.0000   0.00 290.00   5.00   0.00 1221.0000 25.0000  0.00    100    100    100
  0.005 1014.6460  1.8970  -0.92 300.59   1.29   0.15 1163.9380  5.5460 -0.08    634    634    634
  0.500  958.9900  1.8130  -0.87 296.00   0.79  -0.17 1118.1021  4.0550  0.11    634    634    634
  1.000  905.1950  1.7220  -0.75 292.51   1.08  -0.38 1069.6200  4.7090  0.22    634    634    634
  1.500  854.0250  1.7270  -0.71 289.98   1.50  -0.30 1019.5500  5.2570  0.49    634    634    634
  2.000  805.4740  1.7500  -0.60 288.48   1.75  -0.31  968.3110  4.8330  0.75    634    634    634
  2.500  759.4230  1.6970  -0.68 286.83   1.81  -0.15  919.3840  4.6450  0.29    634    634    634
  3.000  715.5940  1.6600  -0.65 284.58   1.72  -0.30  873.8370  4.2740  0.27    634    634    634
  3.500  673.8520  1.6510  -0.60 282.10   1.67  -0.27  830.5580  4.1910  0.10    634    634    634
  4.000  634.2510  1.6550  -0.57 279.46   1.70  -0.16  789.4340  4.2350 -0.11    634    634    634
  4.500  596.6030  1.6180  -0.50 276.72   1.70  -0.26  750.1700  4.1510 -0.02    634    634    634
  5.000  560.8620  1.5860  -0.48 273.88   1.59  -0.27  712.7200  3.6870 -0.04    634    634    634
  5.500  526.9840  1.5590  -0.46 270.84   1.52  -0.31  677.2950  3.3040 -0.02    634    634    634
  6.000  494.8890  1.6040  -0.45 267.63   1.56  -0.33  643.7540  3.1820  0.19    634    634    634
  6.500  464.1120  1.5510  -0.44 264.37   1.49  -0.29  611.2690  2.9350  0.25    634    634    634
  7.000  435.0310  1.5540  -0.38 260.99   1.47  -0.31  580.4370  2.6870  0.34    634    634    634
  7.500  407.5470  1.5300  -0.41 257.47   1.48  -0.27  551.2480  2.6650  0.17    634    634    634
  8.000  381.3320  1.5520  -0.44 253.90   1.50  -0.12  523.0860  2.6210  0.08    633    633    633
  8.500  356.2910  1.5150  -0.43 250.24   1.53  -0.08  495.9160  2.5460  0.02    633    633    633
  9.000  332.7020  1.4730  -0.39 246.53   1.53  -0.15  470.0760  2.4660 -0.03    633    633    633
  9.500  310.5210  1.4350  -0.34 242.78   1.51  -0.12  445.5300  2.3970 -0.17    633    633    633
 10.000  289.5460  1.4390  -0.28 238.99   1.49  -0.12  422.0370  2.3480 -0.26    633    633    633
 10.500  269.4910  1.3750  -0.28 235.15   1.45  -0.16  399.2370  2.2000 -0.32    633    633    633
 11.000  250.7050  1.3820  -0.24 231.35   1.47  -0.20  377.5220  2.1010 -0.44    633    633    633
 11.500  232.5870  1.3590  -0.22 227.52   1.42  -0.23  356.1310  1.8840 -0.56    633    633    633
 12.000  215.6900  1.3260  -0.13 223.71   1.41  -0.25  335.8820  1.8500 -0.75    632    632    632
 12.500  199.9820  1.2520  -0.05 219.92   1.46  -0.22  316.7900  1.9410 -0.70    630    630    630
 13.000  184.8370  1.2460  -0.15 216.25   1.48  -0.18  297.7630  2.0040 -0.71    627    627    627
 13.500  170.7020  1.1930  -0.10 212.63   1.50  -0.17  279.6860  2.0760 -0.56    626    626    626
 14.000  157.5830  1.1540   0.04 209.17   1.56  -0.09  262.4570  2.1060 -0.63    625    625    625
 14.500  145.3330  1.0980  -0.15 205.90   1.67   0.06  245.9050  2.2040 -0.62    622    622    622
 15.000  133.6110  1.0320  -0.07 202.80   1.71   0.17  229.5260  2.1970 -0.46    618    618    618
 15.500  122.7760  0.9750   0.05 199.91   1.84   0.19  213.9690  2.3000 -0.27    612    612    612
 16.000  112.7500  0.8900  -0.10 197.34   1.91   0.35  199.0570  2.2200 -0.33    601    601    601
 16.500  103.4920  0.8490  -0.01 195.25   2.00   0.40  184.6660  2.1820 -0.29    588    588    588
 17.000   94.9690  0.8160  -0.06 194.08   2.16   0.38  170.4870  2.2330 -0.25    572    572    572
 17.500   87.0330  0.7440   0.05 194.03   2.29   0.65  156.2800  2.1330 -0.48    555    555    555
 18.000   79.7720  0.6820   0.10 195.03   2.57   0.45  142.5170  2.1110 -0.44    549    549    549
 18.500   73.1560  0.6370   0.14 197.00   2.82   0.38  129.3900  2.0900 -0.22    543    543    543
 19.000   67.2000  0.6020   0.16 199.80   2.94   0.28  117.1920  1.9030 -0.07    536    536    536
 19.500   61.7890  0.5750   0.20 202.74   2.92   0.25  106.1920  1.6340 -0.10    529    529    529
 20.000   56.8660  0.5480   0.12 205.64   2.69   0.17   96.3450  1.3320  0.13    522    522    522
 20.500   52.3540  0.5310   0.02 208.00   2.54  -0.09   87.6950  1.1100  0.33    519    519    519
 21.000   48.3050  0.4920   0.09 209.99   2.45   0.14   80.1440  0.9470 -0.04    517    517    517
 21.500   44.5760  0.4870   0.08 211.67   2.48   0.20   73.3690  0.8560 -0.05    514    514    514
 22.000   41.1580  0.4760   0.05 213.17   2.57   0.06   67.2670  0.7950  0.12    510    510    510
 22.500   38.0200  0.4590   0.05 214.60   2.65  -0.16   61.7250  0.7130  0.05    503    503    503
 23.000   35.1300  0.4400   0.12 215.93   2.61  -0.37   56.6790  0.5990 -0.02    496    496    496
 23.500   32.4680  0.4360  -0.02 217.13   2.58  -0.44   52.0940  0.5560 -0.09    490    490    490
 24.000   30.0360  0.3900   0.14 218.25   2.64  -0.54   47.9460  0.5180  0.07    486    486    486
 24.500   27.8250  0.3990  -0.02 219.35   2.56  -0.60   44.1920  0.5140 -0.17    479    479    479
 25.000   25.7510  0.3910  -0.09 220.33   2.60  -0.35   40.7170  0.5100 -0.23    478    478    478
 25.500   23.8440  0.3740  -0.04 221.29   2.59  -0.21   37.5380  0.4700 -0.22    469    469    469
 26.000   22.0860  0.3660  -0.09 222.31   2.65  -0.10   34.6100  0.4570 -0.25    461    461    461
 26.500   20.4550  0.3510  -0.09 223.33   2.59  -0.15   31.9080  0.4410 -0.23    448    448    448
 27.000   19.0090  0.3280  -0.05 224.30   2.61  -0.09   29.5240  0.4100 -0.15    437    437    437
 27.500   17.6220  0.3200  -0.14 225.19   2.63  -0.19   27.2600  0.3900 -0.22    425    425    425
 28.000   16.3450  0.3070  -0.15 226.01   2.68  -0.32   25.1950  0.3700 -0.25    417    417    417
 28.500   15.1630  0.2990  -0.29 226.86   2.74  -0.44   23.2840  0.3640 -0.44    398    398    398
 29.000   14.0760  0.2850  -0.34 227.75   2.86  -0.43   21.5310  0.3400 -0.58    380    380    380
 29.500   13.0660  0.2650  -0.23 228.45   2.92  -0.43   19.9250  0.3140 -0.30    358    358    358
 30.000   12.1340  0.2530  -0.36 229.20   3.04  -0.26   18.4430  0.2910 -0.26    335    335    335
     T A B L E  II -  12.  T H E R M O D Y N A M I C  S T A T I S T I C A L  P A R A M E T E R S
                                  December
 STATION =   912450     WAKE ISLAND
    Z      MEAN P   SD P   SKEWP  MEAN T  SD T  SKEWT    MEAN D   SD D  SKEWD  NOBSP  NOBST  NOBSD
    KM       MB       MB             K      K             G/M3    G/M3                           
  0.000 1020.0000  5.0000   0.00 290.00   5.00   0.00 1221.0000 25.0000  0.00    100    100    100
  0.005 1015.4540  2.1850   0.02 299.44   1.38   0.12 1170.3361  6.6840  0.06    663    663    663
  0.500  959.4980  2.0330  -0.06 294.86   0.96  -0.34 1123.9390  5.2720  0.33    663    663    663
  1.000  905.4550  1.9490  -0.14 291.37   1.35  -0.24 1074.8571  5.8470  0.25    663    663    663
  1.500  854.0620  1.8850  -0.25 288.89   2.08  -0.15 1024.2290  7.4740  0.45    663    663    663
  2.000  805.4360  1.8480  -0.37 287.98   2.38  -0.58  970.8850  7.2620  0.69    663    663    663
  2.500  759.2620  1.8260  -0.51 286.71   2.20  -0.84  920.3840  6.3160  0.86    663    663    663
  3.000  715.4110  1.8110  -0.60 284.77   1.86  -0.79  873.6400  4.9350  0.65    663    663    663
  3.500  673.6540  1.7940  -0.63 282.29   1.79  -0.82  830.1860  4.6460  0.68    663    663    663
  4.000  633.9930  1.7970  -0.65 279.66   1.74  -0.70  788.8510  4.3840  0.36    663    663    663
  4.500  596.3510  1.7890  -0.64 276.83   1.77  -0.44  749.7730  4.4170  0.15    663    663    663
  5.000  560.6790  1.7600  -0.70 273.98   1.82  -0.28  712.3770  4.3750 -0.19    663    663    663
  5.500  526.8470  1.7080  -0.77 270.97   1.75  -0.20  676.9120  4.0940 -0.36    663    663    663
  6.000  494.8120  1.7070  -0.76 267.91   1.68  -0.22  643.0940  3.8930 -0.40    662    662    662
  6.500  464.0230  1.6550  -0.70 264.72   1.58  -0.32  610.4070  3.4560 -0.21    662    662    662
  7.000  434.9830  1.6230  -0.70 261.42   1.57  -0.41  579.4860  3.1920 -0.20    662    662    662
  7.500  407.5590  1.5800  -0.73 257.94   1.61  -0.47  550.3130  3.1050 -0.22    662    662    662
  8.000  381.4040  1.5770  -0.78 254.47   1.65  -0.53  522.0520  3.1040 -0.21    662    662    662
  8.500  356.4170  1.5270  -0.81 250.91   1.66  -0.60  494.7920  2.9630 -0.03    662    662    662
  9.000  332.8790  1.4890  -0.80 247.30   1.63  -0.65  468.8710  2.7760 -0.09    662    662    662
  9.500  310.7410  1.4470  -0.78 243.58   1.61  -0.61  444.4010  2.6030 -0.19    661    661    661
 10.000  289.8170  1.4660  -0.74 239.78   1.58  -0.41  421.0470  2.4760 -0.24    661    661    661
 10.500  269.7850  1.3980  -0.75 235.93   1.57  -0.30  398.3480  2.3390 -0.19    661    661    661
 11.000  251.0490  1.3850  -0.72 232.10   1.58  -0.35  376.8070  2.1870 -0.19    661    661    661
 11.500  232.9770  1.3800  -0.64 228.24   1.49  -0.24  355.5960  1.9270 -0.40    661    661    661
 12.000  216.0760  1.3250  -0.60 224.37   1.44  -0.07  335.4950  1.8520 -0.62    661    661    661
 12.500  200.3820  1.2520  -0.57 220.54   1.43   0.24  316.5280  1.9070 -0.81    659    659    659
 13.000  185.2330  1.2690  -0.46 216.76   1.40   0.35  297.7030  1.8590 -1.01    659    659    659
 13.500  171.0710  1.2120  -0.41 212.98   1.46   0.34  279.8270  1.8790 -1.06    658    658    658
 14.000  157.9340  1.1640  -0.28 209.26   1.52   0.35  262.9250  1.8780 -1.22    658    658    658
 14.500  145.6830  1.1490  -0.22 205.75   1.61   0.44  246.6700  2.0130 -1.26    656    656    656
 15.000  133.8830  1.0720  -0.14 202.38   1.70   0.44  230.4740  2.0790 -1.21    652    652    652
 15.500  122.9940  0.9950  -0.05 199.20   1.83   0.42  215.1050  2.1650 -1.09    649    649    649
 16.000  112.9100  0.9390   0.04 196.32   2.00   0.45  200.3720  2.2460 -0.84    639    639    639
 16.500  103.6050  0.8870   0.12 193.84   2.14   0.46  186.2200  2.2280 -0.55    629    629    629
 17.000   95.0220  0.8570   0.20 192.27   2.33   0.38  172.1900  2.3520 -0.15    611    611    611
 17.500   86.9840  0.8000   0.22 191.63   2.40   0.32  158.1550  2.2760 -0.06    598    598    598
 18.000   79.6420  0.7440   0.35 192.29   2.52   0.22  144.3100  2.2140 -0.03    588    588    588
 18.500   72.9420  0.6820   0.31 194.25   2.69   0.02  130.8410  2.1590  0.23    578    578    578
 19.000   66.9340  0.6230   0.32 197.27   2.95  -0.02  118.2320  2.1530  0.28    568    568    568
 19.500   61.4790  0.5820   0.43 200.45   3.05  -0.14  106.8700  1.9250  0.39    564    564    564
 20.000   56.5270  0.5460   0.47 203.69   2.75  -0.27   96.6930  1.5650  0.51    560    560    560
 20.500   52.0030  0.5150   0.49 206.57   2.60  -0.48   87.7130  1.2870  0.88    559    559    559
 21.000   47.9560  0.4760   0.58 208.80   2.56  -0.31   80.0210  1.0920  0.69    556    556    556
 21.500   44.2350  0.4640   0.51 210.67   2.59  -0.24   73.1540  0.9700  0.34    549    549    549
 22.000   40.8280  0.4480   0.45 212.35   2.61  -0.30   66.9880  0.8600  0.16    546    546    546
 22.500   37.7010  0.4420   0.32 213.79   2.53  -0.24   61.4380  0.7530 -0.01    537    537    537
 23.000   34.8220  0.4280   0.25 215.10   2.57  -0.17   56.4010  0.6650 -0.35    531    531    531
 23.500   32.1720  0.4160   0.15 216.33   2.68  -0.13   51.8120  0.6320 -0.24    526    526    526
 24.000   29.7830  0.3590   0.41 217.48   2.83  -0.14   47.7120  0.5530  0.01    516    516    516
 24.500   27.5580  0.3750   0.41 218.54   2.89  -0.25   43.9330  0.5500  0.09    510    510    510
 25.000   25.5010  0.3740   0.26 219.57   3.11  -0.23   40.4640  0.5580 -0.09    505    505    505
 25.500   23.6080  0.3640   0.24 220.46   3.27  -0.31   37.3080  0.5360 -0.25    495    495    495
 26.000   21.8530  0.3610   0.12 221.28   3.36  -0.38   34.4060  0.5100 -0.24    485    485    485
 26.500   20.2330  0.3480   0.09 222.20   3.46  -0.59   31.7250  0.5080 -0.47    477    477    477
 27.000   18.7950  0.3240   0.28 223.05   3.37  -0.50   29.3560  0.4220  0.04    462    462    462
 27.500   17.4190  0.3170   0.24 224.00   3.28  -0.48   27.0930  0.4130 -0.03    447    447    447
 28.000   16.1530  0.3090   0.16 224.91   3.24  -0.41   25.0210  0.4090 -0.13    435    435    435
 28.500   14.9800  0.2990   0.09 225.68   3.31  -0.46   23.1260  0.4040 -0.13    426    426    426
 29.000   13.9010  0.2910   0.02 226.38   3.43  -0.31   21.3920  0.3980 -0.08    401    401    401
 29.500   12.8970  0.2860  -0.04 227.21   3.64  -0.25   19.7770  0.4120 -0.29    373    373    373
 30.000   11.9800  0.2700  -0.16 227.92   3.68  -0.30   18.3120  0.3810 -0.20    348    348    348
     T A B L E  II -  13.  T H E R M O D Y N A M I C  S T A T I S T I C A L  P A R A M E T E R S
                                    Annual
 STATION =   912450     WAKE ISLAND
    Z      MEAN P   SD P   SKEWP  MEAN T  SD T  SKEWT    MEAN D   SD D  SKEWD  NOBSP  NOBST  NOBSD
    KM       MB       MB             K      K             G/M3    G/M3                           
  0.000 1020.0000  5.0000   0.00 290.00   5.00   0.00 1221.0000 25.0000  0.00    100    100    100
  0.005 1014.8680  2.2950  -0.26 300.15   1.93   0.04 1166.2380  9.7220  0.12   7789   7789   7789
  0.500  959.0990  2.0700  -0.41 295.46   1.59  -0.40 1120.4950  8.2990  0.33   7789   7789   7789
  1.000  905.1920  1.9110  -0.50 292.11   1.84  -0.59 1071.4301  8.2310  0.46   7789   7789   7789
  1.500  853.9550  1.8490  -0.71 289.38   2.01  -0.81 1021.6660  7.8900  0.69   7789   7789   7789
  2.000  805.2270  1.8170  -0.59 287.52   2.00  -0.80  971.0950  6.8920  0.83   7789   7789   7789
  2.500  759.0520  1.7540  -0.69 285.82   1.82  -0.41  922.0670  5.5570  0.50   7789   7789   7789
  3.000  715.1180  1.7120  -0.70 283.74   1.69  -0.30  875.8230  4.7520  0.27   7789   7789   7789
  3.500  673.3360  1.7100  -0.69 281.31   1.67  -0.23  832.2620  4.5240  0.11   7789   7789   7789
  4.000  633.6590  1.7180  -0.68 278.64   1.71  -0.13  791.0250  4.4040 -0.06   7789   7789   7789
  4.500  595.9440  1.6990  -0.65 275.85   1.74  -0.06  751.6830  4.2810 -0.15   7789   7789   7789
  5.000  560.1460  1.6700  -0.62 273.01   1.75  -0.09  714.0680  4.0770 -0.20   7789   7789   7789
  5.500  526.1970  1.6370  -0.58 270.03   1.76  -0.19  678.3050  3.8620 -0.16   7789   7789   7789
  6.000  494.0290  1.6600  -0.53 266.98   1.78  -0.27  644.2150  3.7240 -0.18   7788   7788   7788
  6.500  463.2750  1.6520  -0.56 263.84   1.82  -0.43  611.3860  3.6010 -0.08   7788   7788   7788
  7.000  434.2130  1.6520  -0.56 260.60   1.86  -0.54  580.2280  3.4510 -0.05   7788   7788   7788
  7.500  406.7480  1.6360  -0.57 257.24   1.91  -0.60  550.6710  3.3700 -0.10   7788   7788   7788
  8.000  380.5480  1.6770  -0.62 253.80   1.97  -0.59  522.2390  3.2990 -0.14   7787   7787   7787
  8.500  355.5750  1.6880  -0.65 250.23   2.01  -0.61  494.9440  3.1530 -0.11   7786   7786   7786
  9.000  332.0410  1.6870  -0.69 246.56   2.04  -0.62  469.0910  2.9860 -0.11   7783   7783   7783
  9.500  309.8960  1.6710  -0.71 242.82   2.05  -0.60  444.5790  2.8280 -0.21   7782   7782   7782
 10.000  288.9350  1.6850  -0.70 239.02   2.02  -0.54  421.1070  2.7070 -0.36   7776   7776   7776
 10.500  268.9420  1.6530  -0.71 235.16   1.97  -0.50  398.4030  2.5830 -0.46   7773   7773   7773
 11.000  250.1900  1.6720  -0.59 231.31   1.96  -0.41  376.8040  2.4700 -0.59   7770   7770   7770
 11.500  232.1090  1.6530  -0.56 227.42   1.89  -0.34  355.5530  2.3300 -0.77   7762   7762   7762
 12.000  215.2440  1.6310  -0.41 223.53   1.86  -0.30  335.4620  2.3760 -0.76   7758   7758   7758
 12.500  199.5620  1.5770  -0.32 219.68   1.86  -0.19  316.4720  2.4760 -0.91   7747   7747   7747
 13.000  184.4200  1.5340  -0.40 215.95   1.83  -0.14  297.5160  2.5310 -0.98   7738   7738   7738
 13.500  170.3120  1.4990  -0.11 212.27   1.84  -0.08  279.5240  2.6990 -0.76   7728   7728   7728
 14.000  157.2160  1.4620   0.22 208.74   1.89   0.01  262.3970  2.8480 -0.65   7708   7708   7708
 14.500  144.9360  1.3230  -0.23 205.51   1.97   0.14  245.7000  2.9030 -0.98   7672   7672   7672
 15.000  133.2600  1.2250  -0.09 202.61   2.08   0.30  229.1470  3.0340 -0.75   7628   7628   7628
 15.500  122.4660  1.1170   0.01 200.06   2.33   0.42  213.2780  3.1860 -0.61   7575   7575   7575
 16.000  112.4900  1.0110   0.02 198.01   2.79   0.42  197.9510  3.3890 -0.49   7489   7489   7489
 16.500  103.2850  0.9220   0.05 196.64   3.46   0.35  183.0350  3.6720 -0.33   7379   7379   7379
 17.000   94.8210  0.8540  -0.00 196.09   4.22   0.29  168.5310  3.8580 -0.16   7161   7161   7161
 17.500   86.9740  0.8050  -0.00 196.30   4.78   0.24  154.4350  3.7230 -0.03   7033   7033   7033
 18.000   79.7980  0.7850   0.01 197.39   5.01   0.16  140.9130  3.3280  0.11   6931   6931   6931
 18.500   73.2430  0.7850   0.02 199.23   4.88   0.04  128.1320  2.7590  0.29   6850   6850   6850
 19.000   67.3390  0.7880   0.05 201.58   4.43  -0.09  116.4130  2.1420  0.47   6757   6757   6757
 19.500   61.9590  0.8010   0.15 204.00   3.88  -0.24  105.8280  1.6730  0.46   6696   6696   6696
 20.000   57.0370  0.7910   0.20 206.37   3.32  -0.33   96.2940  1.3390  0.27   6641   6641   6641
 20.500   52.5320  0.7830   0.26 208.46   2.89  -0.38   87.7950  1.1640  0.27   6595   6595   6595
 21.000   48.4680  0.7230   0.12 210.24   2.68  -0.32   80.3160  1.0180 -0.06   6533   6533   6533
 21.500   44.7380  0.7140   0.16 211.77   2.58  -0.29   73.5970  0.9810 -0.04   6487   6487   6487
 22.000   41.3060  0.6910   0.19 213.18   2.58  -0.28   67.5030  0.9390  0.08   6443   6443   6443
 22.500   38.1560  0.6630   0.17 214.50   2.57  -0.27   61.9680  0.8760  0.13   6385   6385   6385
 23.000   35.2540  0.6350   0.18 215.77   2.59  -0.30   56.9190  0.8270  0.26   6336   6336   6336
 23.500   32.5800  0.6090   0.14 217.02   2.62  -0.30   52.2990  0.7850  0.25   6276   6276   6276
 24.000   30.1400  0.5600   0.30 218.24   2.67  -0.29   48.1140  0.7330  0.50   6190   6190   6190
 24.500   27.9220  0.5430   0.06 219.34   2.64  -0.31   44.3490  0.6820  0.12   6091   6091   6091
 25.000   25.8460  0.5240   0.04 220.41   2.68  -0.29   40.8510  0.6650  0.07   6008   6008   6008
 25.500   23.9320  0.5040   0.04 221.46   2.72  -0.31   37.6460  0.6400  0.07   5905   5905   5905
 26.000   22.1620  0.4840   0.01 222.49   2.75  -0.30   34.7000  0.6140  0.07   5809   5809   5809
 26.500   20.5290  0.4570   0.09 223.51   2.79  -0.35   31.9970  0.5900  0.13   5691   5691   5691
 27.000   19.0740  0.4260  -0.05 224.44   2.85  -0.25   29.6060  0.5310  0.06   5445   5445   5445
 27.500   17.6850  0.4110  -0.05 225.38   2.89  -0.22   27.3360  0.5190  0.05   5290   5290   5290
 28.000   16.4060  0.3950  -0.09 226.27   2.95  -0.22   25.2600  0.5030 -0.00   5106   5106   5106
 28.500   15.2240  0.3740  -0.09 227.12   3.02  -0.31   23.3520  0.4780 -0.01   4881   4881   4881
 29.000   14.1340  0.3560  -0.13 227.95   3.08  -0.38   21.6000  0.4520 -0.06   4585   4585   4585
 29.500   13.1240  0.3380  -0.18 228.77   3.14  -0.43   19.9850  0.4300 -0.10   4290   4290   4290
 30.000   12.1880  0.3220  -0.20 229.54   3.23  -0.43   18.4970  0.4100 -0.11   3971   3971   3971
