      72269      32.94N  106.42W
     T A B L E  II -   1.  T H E R M O D Y N A M I C  S T A T I S T I C A L  P A R A M E T E R S
                                   January
 Station =   72269      White Sands Missile Range
    Z      MEAN P   SD P  SKEWP MEAN T  SD T SKEWT    MEAN D    SD D SKEWD  NOBSP  NOBST  NOBSD
    KM       MB        MB      KELVIN KELVIN            G/M3    G/M3                           
  0.000 1020.0000  5.0000  0.00 290.00  5.00  0.00 1221.0000 25.0000  0.00    100    100    100
  1.251  874.7120 10.3330 -1.21 278.26  6.85  0.01 1093.7720 29.0990  0.12    575    575    575
  1.500  851.5300  4.7080 -0.53 279.05  4.93 -0.35 1061.5380 21.0710  0.41    538    538    538
  2.000  801.0790  4.3860 -0.33 276.87  4.35 -0.31 1006.5620 16.3990  0.34    575    575    575
  2.500  753.0330  4.3010 -0.35 274.43  4.21 -0.26  954.7610 13.4910  0.26    575    575    575
  3.000  707.5240  4.3930 -0.35 271.99  4.28 -0.28  905.3740 11.7050  0.27    575    575    575
  3.500  664.4060  4.5750 -0.36 269.46  4.35 -0.21  858.3990 10.4280  0.14    575    575    575
  4.000  623.4490  4.7800 -0.36 266.64  4.38 -0.19  814.1270  9.4290  0.13    574    574    574
  4.500  584.6310  4.9540 -0.36 263.53  4.34 -0.28  772.5320  8.5030  0.18    573    573    573
  5.000  547.8960  5.1320 -0.38 260.26  4.34 -0.35  733.1440  7.6870  0.12    561    561    561
  5.500  513.0250  5.3760 -0.41 256.99  4.38 -0.49  695.2500  6.8910  0.11    522    522    522
  6.000  479.8430  5.5050 -0.43 253.42  4.34 -0.45  659.4790  6.1640 -0.07    517    517    517
  6.500  448.4790  5.6200 -0.45 249.80  4.40 -0.41  625.3650  5.6150 -0.06    511    511    511
  7.000  418.6970  5.7080 -0.46 246.20  4.49 -0.36  592.4020  5.4600 -0.12    507    507    507
  7.500  390.3220  5.8370 -0.45 242.47  4.38 -0.22  560.7600  5.3260 -0.27    471    471    471
  8.000  363.5480  5.8040 -0.44 238.84  4.12 -0.07  530.2490  5.6090 -0.48    431    431    431
  8.500  338.2980  5.6890 -0.44 235.38  3.88  0.14  500.6900  6.5050 -0.98    423    423    423
  9.000  314.5300  5.4780 -0.41 231.96  3.69  0.36  472.4150  7.3840 -1.25    411    411    411
  9.500  292.2960  5.2670 -0.38 228.73  3.73  0.55  445.2530  8.4260 -1.40    391    391    391
 10.000  271.1790  4.9800 -0.30 225.73  4.00  1.01  418.6170  9.5900 -1.32    385    385    385
 10.500  251.3920  4.6280 -0.23 223.08  4.41  1.21  392.7220 10.4440 -1.08    377    377    377
 11.000  232.8510  4.2650 -0.15 221.04  4.90  1.03  367.1770 10.9900 -0.78    365    365    365
 11.500  215.5020  3.8870 -0.08 219.45  5.18  0.71  342.3180 10.9910 -0.46    355    355    355
 12.000  199.3540  3.5150 -0.02 218.38  5.16  0.41  318.2270 10.3010 -0.16    352    352    352
 12.500  184.4950  3.1640  0.02 217.60  4.95  0.06  295.5490  9.2510  0.10    339    339    339
 13.000  170.6420  2.8690  0.03 216.86  4.46 -0.26  274.2610  8.0570  0.28    331    331    331
 13.500  157.7550  2.5930  0.08 216.05  3.92 -0.38  254.4690  6.9290  0.22    326    326    326
 14.000  145.8570  2.3240  0.13 214.78  3.51 -0.20  236.6520  6.0800  0.10    306    306    306
 14.500  134.7350  2.1390  0.17 213.45  3.45 -0.19  219.9800  5.8160  0.07    286    286    286
 15.000  124.4140  1.9210  0.16 212.00  3.54 -0.10  204.5160  5.4820  0.02    279    279    279
 15.500  114.7980  1.7250  0.18 210.50  3.64  0.02  190.0630  5.2050 -0.03    275    275    275
 16.000  105.9180  1.5050  0.22 209.16  3.67  0.11  176.4910  4.8210 -0.02    259    259    259
 16.500   97.7770  1.2790  0.25 207.82  3.59  0.23  163.9680  4.2680  0.01    209    209    209
 17.000   90.0860  1.1150  0.21 207.01  3.55  0.27  151.6640  3.8170  0.01    203    203    203
 17.500   82.9720  0.9910  0.17 206.57  3.51  0.37  139.9780  3.4110  0.06    187    187    187
 18.000   76.4370  0.8870  0.06 206.40  3.58  0.32  129.0570  3.1170  0.05    177    177    177
 18.500   70.3890  0.7560  0.29 206.78  3.35  0.19  118.6270  2.6560  0.30    150    150    150
 19.000   64.8630  0.6900  0.12 207.05  2.94  0.16  109.1600  2.2030  0.43    127    127    127
 19.500   59.7500  0.6290 -0.02 207.30  3.20 -0.02  100.4350  2.0060  0.41    123    123    123
 20.000   55.0860  0.5650 -0.11 207.90  3.18 -0.18   92.3260  1.6840  0.51    119    119    119
 20.500   50.7870  0.5100 -0.28 208.64  3.33 -0.69   84.8170  1.4980  0.78    113    113    113
 21.000   46.7780  0.4840 -0.34 209.60  3.28 -0.89   77.7640  1.3100  0.63    109    109    109
 21.500   43.1700  0.4630 -0.44 211.08  2.78 -0.65   71.2560  1.0290  0.22    104    104    104
 22.000   39.8670  0.4440 -0.46 212.05  2.58 -0.81   65.5000  0.8370 -0.01    101    101    101
 22.500   36.7630  0.4180 -0.50 212.57  2.74 -0.65   60.2520  0.7460  0.32    101    101    101
 23.000   33.9630  0.4180 -0.54 213.17  2.53 -0.42   55.5070  0.6330 -0.23     99     99     99
 23.500   31.3890  0.4020 -0.58 213.79  2.65 -0.83   51.1500  0.6090 -0.16     99     99     99
 24.000   28.9670  0.3810 -0.54 214.34  2.85 -0.76   47.0850  0.5970 -0.57     98     98     98
 24.500   26.7880  0.3700 -0.59 215.11  2.87 -0.47   43.3870  0.5720 -0.68     94     94     94
 25.000   24.7820  0.3580 -0.67 215.74  2.73 -0.10   40.0190  0.5610 -0.56     92     92     92
 25.500   22.8830  0.3360 -0.70 216.36  2.44 -0.24   36.8460  0.4650 -0.15     91     91     91
 26.000   21.1870  0.3140 -0.80 217.02  2.30 -0.17   34.0100  0.4140 -0.09     90     90     90
 26.500   19.5650  0.3010 -0.78 217.65  2.41 -0.05   31.3170  0.3910 -0.36     87     87     87
 27.000   18.1150  0.2940 -0.77 218.37  2.38 -0.41   28.8990  0.3710 -0.44     83     83     83
 27.500   16.7850  0.2840 -0.77 219.09  2.48 -0.26   26.6910  0.4080 -0.31     82     82     82
 28.000   15.5030  0.2690 -0.81 219.47  2.71 -0.61   24.6100  0.4090 -0.22     80     80     80
 28.500   14.3760  0.2580 -0.81 219.77  2.57 -0.84   22.7900  0.3660 -0.51     76     76     76
 29.000   13.3360  0.2410 -0.83 220.49  2.71 -1.10   21.0720  0.3330 -0.74     75     75     75
 29.500   12.3170  0.2360 -0.74 221.29  2.95 -0.93   19.3920  0.3560 -1.09     75     75     75
 30.000   11.4240  0.2200 -0.61 222.04  3.30 -0.77   17.9250  0.3340 -1.17     66     66     66
     T A B L E  II -   2.  T H E R M O D Y N A M I C  S T A T I S T I C A L  P A R A M E T E R S
                                  February
 Station =   72269      White Sands Missile Range
    Z      MEAN P   SD P  SKEWP MEAN T  SD T SKEWT    MEAN D    SD D SKEWD  NOBSP  NOBST  NOBSD
    KM       MB        MB      KELVIN KELVIN            G/M3    G/M3                           
  0.000 1020.0000  5.0000  0.00 290.00  5.00  0.00 1221.0000 25.0000  0.00    100    100    100
  1.251  871.9840 15.5360 -2.42 278.85  7.24 -0.00 1088.1670 31.2790  0.02    777    777    777
  1.500  850.9950  4.7440 -0.22 280.35  5.46 -0.32 1056.1490 22.9970  0.55    690    690    690
  2.000  800.6190  4.4870 -0.14 277.95  4.76 -0.02 1002.2170 17.6710  0.29    774    774    774
  2.500  752.7670  4.3970 -0.18 275.21  4.38  0.03  951.7720 13.9360  0.25    777    777    777
  3.000  707.3760  4.5030 -0.18 272.48  4.31 -0.14  903.5500 11.5380  0.32    777    777    777
  3.500  664.3130  4.6950 -0.18 269.61  4.19 -0.16  857.7320  9.5540  0.24    777    777    777
  4.000  623.3810  4.9030 -0.19 266.61  4.10 -0.16  814.1060  8.1390  0.19    775    775    775
  4.500  584.5500  5.0880 -0.19 263.49  3.98 -0.14  772.5230  6.9510  0.05    774    774    774
  5.000  547.7430  5.3190 -0.19 260.26  4.03 -0.25  732.9440  6.3020  0.02    736    736    736
  5.500  512.9050  5.4220 -0.25 256.90  4.12 -0.30  695.3380  6.0880 -0.14    716    716    716
  6.000  479.7730  5.5380 -0.29 253.39  4.17 -0.33  659.4630  5.7200 -0.25    704    704    704
  6.500  448.3230  5.5940 -0.31 249.79  4.12 -0.36  625.1500  5.3290 -0.29    688    688    688
  7.000  418.5640  5.6360 -0.33 246.11  4.08 -0.34  592.3940  5.0070 -0.42    685    685    685
  7.500  390.3610  5.6900 -0.35 242.42  4.12 -0.24  560.9100  4.9150 -0.64    669    669    669
  8.000  363.5950  5.6400 -0.36 238.64  4.08 -0.15  530.7600  5.0740 -0.70    640    640    640
  8.500  338.3680  5.5820 -0.37 235.01  4.12  0.06  501.5800  5.7100 -1.19    632    632    632
  9.000  314.5510  5.4900 -0.36 231.49  3.97  0.15  473.3890  6.2130 -1.19    627    627    627
  9.500  292.0910  5.3830 -0.32 228.12  3.72  0.21  446.0950  6.9570 -1.11    606    606    606
 10.000  270.9600  5.1420 -0.28 225.13  3.66  0.47  419.3420  8.3110 -1.15    605    605    605
 10.500  251.1130  4.8460 -0.23 222.52  3.91  0.69  393.2230  9.4590 -1.03    599    599    599
 11.000  232.5580  4.5080 -0.17 220.44  4.59  0.63  367.6760 10.5840 -0.71    591    591    591
 11.500  215.2160  4.1340 -0.14 219.17  5.31  0.43  342.3070 11.2880 -0.31    589    589    589
 12.000  199.1090  3.7560 -0.13 218.42  5.60  0.16  317.8070 10.9640 -0.02    582    582    582
 12.500  184.1670  3.4290 -0.12 217.82  5.30 -0.13  294.7510  9.8360  0.24    570    570    570
 13.000  170.2960  3.1150 -0.12 217.20  4.64 -0.46  273.2880  8.5400  0.36    569    569    569
 13.500  157.4280  2.8280 -0.10 216.12  4.10 -0.80  253.8810  7.4670  0.30    564    564    564
 14.000  145.4820  2.5630 -0.10 214.75  3.77 -0.67  236.1020  6.8140  0.11    540    540    540
 14.500  134.4160  2.3190 -0.08 213.33  3.56 -0.24  219.5880  6.2710 -0.05    508    508    508
 15.000  124.0840  2.0700 -0.07 211.84  3.48 -0.01  204.1330  5.7930 -0.11    501    501    501
 15.500  114.4540  1.8070 -0.05 210.34  3.57  0.04  189.6380  5.3560 -0.08    489    489    489
 16.000  105.5180  1.5830  0.00 209.06  3.59  0.17  175.9070  4.8780 -0.12    463    463    463
 16.500   97.2320  1.4090  0.05 208.07  3.70  0.36  162.8670  4.5220 -0.14    410    410    410
 17.000   89.5650  1.2460  0.06 207.39  3.86  0.48  150.5190  4.1760 -0.12    395    395    395
 17.500   82.5350  1.0980  0.02 206.99  3.84  0.25  138.9690  3.8060  0.07    387    387    387
 18.000   76.0260  0.9490 -0.03 206.89  3.96 -0.04  128.0780  3.4800  0.22    379    379    379
 18.500   70.0180  0.8230 -0.04 207.12  3.91 -0.28  117.8230  3.1290  0.37    339    339    339
 19.000   64.5180  0.7100 -0.08 207.27  3.94 -0.54  108.4840  2.7910  0.47    322    322    322
 19.500   59.4180  0.6180 -0.15 207.30  3.73 -0.50   99.8890  2.3630  0.39    316    316    316
 20.000   54.7490  0.5470 -0.08 208.01  3.67 -0.43   91.7250  2.0030  0.38    311    311    311
 20.500   50.4860  0.5010 -0.09 208.70  3.38 -0.61   84.2960  1.6510  0.52    302    302    302
 21.000   46.5160  0.4590 -0.04 209.45  3.04 -0.83   77.3820  1.3530  0.60    299    299    299
 21.500   42.9210  0.4290  0.01 210.14  2.79 -0.68   71.1670  1.0940  0.41    290    290    290
 22.000   39.6090  0.4140 -0.02 210.81  2.76 -0.80   65.4640  0.9260  0.46    279    279    279
 22.500   36.5220  0.3920  0.01 211.59  2.60 -0.66   60.1380  0.8130  0.19    275    275    275
 23.000   33.7320  0.3700  0.01 212.27  2.57 -0.65   55.3630  0.7040  0.04    273    273    273
 23.500   31.1630  0.3570 -0.09 212.94  2.60 -0.49   50.9870  0.6530 -0.04    270    270    270
 24.000   28.7550  0.3390 -0.08 213.74  2.62 -0.61   46.8720  0.6260 -0.14    266    266    266
 24.500   26.5820  0.3270 -0.17 214.41  2.55 -0.47   43.1940  0.5770 -0.26    262    262    262
 25.000   24.5900  0.3120 -0.13 215.21  2.63 -0.05   39.8080  0.5610 -0.53    255    255    255
 25.500   22.6880  0.2990 -0.13 215.93  2.68 -0.06   36.6070  0.5320 -0.55    249    249    249
 26.000   20.9990  0.2830 -0.21 216.55  2.73  0.08   33.7850  0.4820 -0.38    246    246    246
 26.500   19.3900  0.2700 -0.18 217.23  2.82  0.20   31.0970  0.4700 -0.21    246    246    246
 27.000   17.9600  0.2560 -0.26 218.13  2.59  0.27   28.6860  0.4240 -0.19    242    242    242
 27.500   16.6370  0.2460 -0.25 218.97  2.64  0.43   26.4710  0.3940 -0.42    238    238    238
 28.000   15.3680  0.2340 -0.32 219.93  2.72  0.68   24.3460  0.4060 -0.27    236    236    236
 28.500   14.2450  0.2280 -0.29 220.77  2.83  0.54   22.4800  0.4020 -0.30    229    229    229
 29.000   13.2130  0.2090 -0.20 221.81  3.07  0.48   20.7540  0.3700 -0.33    219    219    219
 29.500   12.2160  0.1960 -0.25 222.77  3.13  0.52   19.1060  0.3670 -0.37    211    211    211
 30.000   11.3360  0.1990 -0.13 223.79  3.31  0.52   17.6490  0.3650 -0.34    194    194    194
     T A B L E  II -   3.  T H E R M O D Y N A M I C  S T A T I S T I C A L  P A R A M E T E R S
                                     March
 Station =   72269      White Sands Missile Range
    Z      MEAN P   SD P  SKEWP MEAN T  SD T SKEWT    MEAN D    SD D SKEWD  NOBSP  NOBST  NOBSD
    KM       MB        MB      KELVIN KELVIN            G/M3    G/M3                           
  0.000 1020.0000  5.0000  0.00 290.00  5.00  0.00 1221.0000 25.0000  0.00    100    100    100
  1.251  871.7760 12.8890 -1.97 282.85  7.38  0.02 1072.5710 32.1020  0.11    811    811    811
  1.500  850.4870  4.9400  0.19 283.65  5.31 -0.28 1043.1600 22.7230  0.59    727    727    727
  2.000  800.6810  4.5560 -0.15 280.65  4.70 -0.17  992.5700 18.1550  0.50    809    809    809
  2.500  753.2250  4.3180 -0.40 277.32  4.43 -0.29  945.0560 15.2310  0.65    811    811    811
  3.000  708.0930  4.2700 -0.52 273.98  4.25 -0.44  899.4470 12.9090  0.86    811    811    811
  3.500  665.1930  4.3150 -0.56 270.84  4.08 -0.60  854.9650 10.9460  1.10    811    811    811
  4.000  624.3750  4.4170 -0.55 267.65  4.04 -0.60  812.2540  9.6310  1.11    811    811    811
  4.500  585.6160  4.5350 -0.54 264.40  3.99 -0.55  771.3210  8.5930  0.98    810    810    810
  5.000  548.8750  4.6970 -0.49 261.19  3.96 -0.67  731.8890  7.7240  0.99    770    770    770
  5.500  514.0030  4.8100 -0.51 257.82  3.78 -0.61  694.3940  6.5730  0.56    756    756    756
  6.000  480.8840  4.8820 -0.51 254.21  3.73 -0.56  658.8960  5.9860  0.19    749    749    749
  6.500  449.6530  4.9230 -0.56 250.72  3.71 -0.57  624.7220  5.6010 -0.35    709    709    709
  7.000  419.9250  4.9490 -0.57 247.00  3.77 -0.48  592.2100  5.4610 -0.76    705    705    705
  7.500  391.7260  4.9350 -0.57 243.32  3.70 -0.33  560.8180  5.2930 -0.88    693    693    693
  8.000  365.1900  4.8060 -0.55 239.70  3.57 -0.23  530.7500  5.3330 -1.10    662    662    662
  8.500  339.9460  4.7600 -0.50 235.96  3.55 -0.07  501.8980  5.5800 -1.48    656    656    656
  9.000  316.0800  4.6610 -0.46 232.31  3.48  0.30  474.0220  5.9270 -1.81    656    656    656
  9.500  293.6140  4.5150 -0.43 228.74  3.39  0.58  447.2020  6.4390 -1.81    645    645    645
 10.000  272.3950  4.3340 -0.35 225.35  3.40  0.78  421.1530  7.0100 -1.65    639    639    639
 10.500  252.4420  4.1250 -0.28 222.35  3.61  0.94  395.5970  7.9730 -1.47    633    633    633
 11.000  233.7720  3.8690 -0.19 219.93  4.04  1.01  370.4070  9.0550 -1.15    625    625    625
 11.500  216.2940  3.5440 -0.11 218.16  4.63  0.74  345.5640  9.9190 -0.72    621    621    621
 12.000  200.0280  3.1780 -0.01 217.09  5.11  0.44  321.1960 10.1000 -0.32    610    610    610
 12.500  184.9530  2.8420  0.04 216.53  5.27  0.00  297.7720  9.6250  0.11    600    600    600
 13.000  170.9520  2.5370  0.05 216.19  4.74 -0.41  275.6320  8.2490  0.35    595    595    595
 13.500  157.9980  2.2770  0.04 215.52  3.86 -0.34  255.4830  6.6270  0.21    593    593    593
 14.000  145.9710  2.0580  0.04 214.57  3.32 -0.40  237.0630  5.6800  0.22    569    569    569
 14.500  134.8490  1.8490  0.00 213.19  3.20 -0.36  220.4140  5.2050  0.18    552    552    552
 15.000  124.4760  1.6540 -0.02 211.66  3.19 -0.11  204.9340  4.8670  0.11    545    545    545
 15.500  114.8610  1.4610 -0.02 210.43  3.20  0.11  190.2110  4.5290  0.07    531    531    531
 16.000  105.9490  1.2820 -0.06 209.41  3.29  0.18  176.3150  4.2560  0.05    510    510    510
 16.500   97.6680  1.1250 -0.12 208.51  3.72  0.23  163.2500  4.1860 -0.03    458    458    458
 17.000   89.9860  0.9810 -0.17 207.74  3.86  0.03  150.9710  3.8680  0.04    446    446    446
 17.500   82.9290  0.8380 -0.14 207.48  3.85  0.03  139.3030  3.4480  0.00    436    436    436
 18.000   76.4130  0.7300 -0.13 207.38  3.68  0.14  128.4100  2.9980 -0.09    424    424    424
 18.500   70.4250  0.6150 -0.07 207.35  3.40  0.04  118.3550  2.4940 -0.01    375    375    375
 19.000   64.9140  0.5400 -0.08 207.60  3.14  0.01  108.9610  2.0660  0.05    341    341    341
 19.500   59.8040  0.4760 -0.06 208.08  2.97 -0.23  100.1450  1.7020  0.14    335    335    335
 20.000   55.1470  0.4310 -0.10 208.66  2.76 -0.03   92.0850  1.3770  0.22    314    314    314
 20.500   50.8660  0.4000 -0.12 209.43  2.78 -0.21   84.6230  1.2160  0.46    303    303    303
 21.000   46.8790  0.3860 -0.43 210.41  2.65 -0.44   77.6250  1.0900  0.59    300    300    300
 21.500   43.2730  0.3540 -0.15 211.00  2.56 -0.61   71.4540  0.9280  0.64    295    295    295
 22.000   39.9600  0.3340 -0.05 211.76  2.50 -0.44   65.7450  0.7830  0.52    283    283    283
 22.500   36.8480  0.3220 -0.10 212.66  2.23 -0.24   60.3680  0.6420  0.16    281    281    281
 23.000   34.0440  0.3110 -0.05 213.33  2.17 -0.00   55.5960  0.5660  0.03    273    273    273
 23.500   31.4680  0.3010 -0.09 214.02  2.03 -0.17   51.2230  0.4810  0.07    270    270    270
 24.000   29.0350  0.2870  0.00 214.84  1.98  0.01   47.0830  0.4500  0.28    268    268    268
 24.500   26.8530  0.2790  0.08 215.57  2.04  0.00   43.3970  0.4480  0.32    264    264    264
 25.000   24.8490  0.2660  0.08 216.32  2.17  0.11   40.0200  0.4310 -0.23    258    258    258
 25.500   22.9330  0.2510  0.13 217.24  2.09  0.13   36.7780  0.4030 -0.36    256    256    256
 26.000   21.2450  0.2480  0.12 218.19  2.23  0.63   33.9220  0.3950 -0.38    253    253    253
 26.500   19.6160  0.2310  0.10 219.15  2.44  1.05   31.1850  0.3790 -0.41    249    249    249
 27.000   18.1790  0.2250  0.17 220.13  2.64  1.11   28.7720  0.3630 -0.18    244    244    244
 27.500   16.8560  0.2160  0.26 221.09  2.78  0.79   26.5620  0.3490 -0.04    239    239    239
 28.000   15.5770  0.2020  0.23 222.19  2.91  0.58   24.4250  0.3470 -0.33    237    237    237
 28.500   14.4590  0.2020  0.31 223.36  3.32  1.00   22.5530  0.3620 -0.34    230    230    230
 29.000   13.4240  0.1940  0.29 224.56  3.77  1.23   20.8280  0.3540 -0.44    220    220    220
 29.500   12.4180  0.1880  0.27 225.85  3.75  0.98   19.1570  0.3220 -0.13    215    215    215
 30.000   11.5300  0.1750  0.02 226.95  3.78  0.90   17.7010  0.2880  0.18    199    199    199
     T A B L E  II -   4.  T H E R M O D Y N A M I C  S T A T I S T I C A L  P A R A M E T E R S
                                     April
 Station =   72269      White Sands Missile Range
    Z      MEAN P   SD P  SKEWP MEAN T  SD T SKEWT    MEAN D    SD D SKEWD  NOBSP  NOBST  NOBSD
    KM       MB        MB      KELVIN KELVIN            G/M3    G/M3                           
  0.000 1020.0000  5.0000  0.00 290.00  5.00  0.00 1221.0000 25.0000  0.00    100    100    100
  1.251  872.8810  9.2910 -1.90 287.86  7.17  0.10 1054.9230 27.9690  0.03    712    712    712
  1.500  849.0220  4.3790 -0.02 288.37  4.99 -0.11 1024.0470 18.5350  0.21    671    671    671
  2.000  800.1870  4.2830 -0.26 285.06  4.67 -0.33  976.4430 15.1850  0.30    712    712    712
  2.500  753.4380  4.3870 -0.42 281.34  4.56 -0.47  931.6620 12.8840  0.39    712    712    712
  3.000  708.8880  4.5940 -0.52 277.48  4.49 -0.56  888.9430 11.1500  0.47    712    712    712
  3.500  666.4320  4.8320 -0.58 273.76  4.36 -0.68  847.2330  9.4930  0.59    712    712    712
  4.000  625.9460  5.0440 -0.64 270.19  4.24 -0.83  806.4480  8.3070  0.67    711    711    711
  4.500  587.4340  5.2340 -0.69 266.66  4.16 -0.93  767.0130  7.3510  0.61    708    708    708
  5.000  550.8960  5.4360 -0.73 263.21  4.12 -1.01  728.8580  6.6120  0.54    685    685    685
  5.500  516.1310  5.5600 -0.77 259.73  4.06 -1.05  692.0930  5.7710  0.46    678    678    678
  6.000  483.1270  5.6430 -0.81 256.28  3.99 -1.11  656.6050  5.3340  0.22    677    677    677
  6.500  451.8860  5.7380 -0.84 252.68  4.00 -1.10  622.9240  4.9770 -0.05    661    661    661
  7.000  422.2390  5.7640 -0.87 249.01  3.99 -1.03  590.6550  4.7090 -0.23    659    659    659
  7.500  394.0470  5.7660 -0.88 245.27  3.84 -0.87  559.6260  4.5130 -0.56    643    643    643
  8.000  367.3770  5.7740 -0.85 241.57  3.62 -0.49  529.7510  4.7130 -0.73    601    601    601
  8.500  342.2180  5.6630 -0.81 237.90  3.38 -0.24  501.0940  5.2230 -1.06    596    596    596
  9.000  318.4150  5.4960 -0.76 234.25  3.21 -0.07  473.5280  5.9610 -1.45    591    591    591
  9.500  295.9040  5.3120 -0.68 230.59  3.15  0.01  447.0570  6.7830 -1.68    577    577    577
 10.000  274.6830  5.0830 -0.58 227.11  3.22  0.22  421.3750  7.7790 -1.75    574    574    574
 10.500  254.6810  4.8030 -0.47 223.77  3.39  0.52  396.5610  8.5760 -1.63    570    570    570
 11.000  235.8800  4.4580 -0.34 220.64  3.73  0.76  372.5400  9.4690 -1.47    557    557    557
 11.500  218.2260  4.0830 -0.19 217.95  4.26  0.91  348.9690 10.2220 -1.31    554    554    554
 12.000  201.7390  3.6760 -0.04 215.99  4.82  0.95  325.5870 10.6780 -1.01    547    547    547
 12.500  186.4340  3.2710  0.10 214.79  5.17  0.71  302.6030 10.5700 -0.60    537    537    537
 13.000  172.1870  2.8700  0.18 214.32  5.02  0.32  280.0900  9.5840 -0.18    535    535    535
 13.500  159.0360  2.5200  0.22 213.99  4.63 -0.00  259.0670  8.2900  0.07    531    531    531
 14.000  146.8870  2.1980  0.23 213.43  4.15 -0.13  239.8730  6.9960  0.15    508    508    508
 14.500  135.6370  1.9420  0.25 212.58  3.83 -0.28  222.3750  6.1350  0.24    488    488    488
 15.000  125.1800  1.7140  0.26 211.59  3.65 -0.11  206.1860  5.4600  0.16    479    479    479
 15.500  115.4930  1.5140  0.28 210.63  3.56  0.04  191.0870  4.8650  0.14    468    468    468
 16.000  106.5250  1.3240  0.28 209.84  3.69  0.11  176.9220  4.5040  0.15    446    446    446
 16.500   98.3070  1.1620  0.26 208.93  3.63  0.25  163.9760  3.9770  0.17    385    385    385
 17.000   90.6080  1.0260  0.22 208.08  3.64  0.22  151.7550  3.6020  0.18    376    376    376
 17.500   83.5210  0.8960  0.24 207.75  3.76  0.14  140.1090  3.4260  0.23    365    365    365
 18.000   76.9620  0.7780  0.23 207.75  3.71  0.15  129.1070  3.1010  0.11    354    354    354
 18.500   70.8970  0.6770  0.25 207.94  3.39 -0.31  118.8150  2.6040  0.52    330    330    330
 19.000   65.3480  0.5870  0.09 208.35  2.92 -0.40  109.2920  2.0980  0.56    309    309    309
 19.500   60.2170  0.5160 -0.01 209.14  3.11 -0.10  100.3290  1.8910  0.37    305    305    305
 20.000   55.5180  0.4590 -0.11 210.00  2.71  0.20   92.1160  1.5280  0.21    290    290    290
 20.500   51.2320  0.4220 -0.07 211.05  2.59  0.30   84.5780  1.3010  0.14    280    280    280
 21.000   47.2350  0.3870 -0.14 211.99  2.67  0.06   77.6330  1.1930  0.17    275    275    275
 21.500   43.6290  0.3590 -0.23 213.04  2.33  0.00   71.3510  0.9330 -0.02    273    273    273
 22.000   40.3220  0.3330 -0.21 214.15  2.09  0.20   65.6000  0.7810 -0.32    270    270    270
 22.500   37.2080  0.3100 -0.14 215.03  1.98 -0.23   60.2830  0.7040 -0.04    269    269    269
 23.000   34.4150  0.2980 -0.12 215.88  1.89  0.17   55.5380  0.6370 -0.41    267    267    267
 23.500   31.8430  0.2750 -0.06 216.72  1.97  0.54   51.1890  0.5660 -0.50    267    267    267
 24.000   29.4030  0.2590 -0.01 217.48  2.09  0.75   47.1030  0.5360 -0.69    267    267    267
 24.500   27.2260  0.2520  0.05 218.25  2.19  0.76   43.4610  0.4700 -0.82    254    254    254
 25.000   25.2210  0.2430  0.20 219.21  2.60  0.52   40.0840  0.4460 -0.38    249    249    249
 25.500   23.3040  0.2280  0.30 220.18  2.59  0.52   36.8750  0.4170 -0.74    245    245    245
 26.000   21.6060  0.2270  0.38 221.17  2.72  0.68   34.0340  0.3960 -1.33    240    240    240
 26.500   19.9790  0.2160  0.36 222.15  2.79  0.44   31.3330  0.3670 -0.99    236    236    236
 27.000   18.5300  0.2150  0.28 222.98  2.58  0.40   28.9520  0.3140 -0.59    233    233    233
 27.500   17.2010  0.2070  0.38 224.02  2.53  0.41   26.7500  0.3020 -0.44    229    229    229
 28.000   15.9160  0.1980  0.30 225.20  2.80  0.33   24.6230  0.3030 -0.10    223    223    223
 28.500   14.7890  0.1950  0.30 226.28  2.87  0.27   22.7690  0.2820 -0.16    216    216    216
 29.000   13.7440  0.1890  0.40 227.25  2.96  0.19   21.0710  0.2610  0.12    207    207    207
 29.500   12.7200  0.1820  0.30 228.50  3.25  0.31   19.3950  0.2600  0.23    203    203    203
 30.000   11.8300  0.1710  0.01 229.61  3.29  0.07   17.9500  0.2520  0.21    192    192    192
     T A B L E  II -   5.  T H E R M O D Y N A M I C  S T A T I S T I C A L  P A R A M E T E R S
                                       May
 Station =   72269      White Sands Missile Range
    Z      MEAN P   SD P  SKEWP MEAN T  SD T SKEWT    MEAN D    SD D SKEWD  NOBSP  NOBST  NOBSD
    KM       MB        MB      KELVIN KELVIN            G/M3    G/M3                           
  0.000 1020.0000  5.0000  0.00 290.00  5.00  0.00 1221.0000 25.0000  0.00    100    100    100
  1.251  873.3680  8.7080 -1.82 293.63  6.76  0.21 1033.9000 26.4710 -0.13    661    661    661
  1.500  849.5780  3.3180  0.10 293.54  4.75 -0.07 1005.9680 17.2240  0.23    621    621    621
  2.000  801.5580  3.0550 -0.30 290.18  4.32 -0.24  960.2290 14.5180  0.38    661    661    661
  2.500  755.5730  2.9580 -0.52 286.37  3.98 -0.25  917.3310 12.0880  0.35    661    661    661
  3.000  711.6810  3.0050 -0.62 282.44  3.75 -0.30  876.2070 10.1860  0.31    661    661    661
  3.500  669.8080  3.1270 -0.66 278.53  3.47 -0.37  836.4110  8.3850  0.22    661    661    661
  4.000  629.8260  3.2230 -0.64 274.74  3.19 -0.40  797.5350  6.9520  0.13    658    658    658
  4.500  591.7160  3.3320 -0.66 271.05  2.85 -0.25  759.6640  5.7200 -0.13    657    657    657
  5.000  555.5500  3.3190 -0.61 267.43  2.61 -0.10  723.0290  5.1260 -0.32    630    630    630
  5.500  521.0150  3.3330 -0.60 263.82  2.50 -0.08  687.5120  4.7850 -0.34    619    619    619
  6.000  488.2250  3.3280 -0.60 260.35  2.45  0.01  652.9600  4.4720 -0.29    619    619    619
  6.500  457.1140  3.3120 -0.58 256.83  2.49 -0.01  619.8260  4.1720 -0.22    610    610    610
  7.000  427.5990  3.3010 -0.55 253.29  2.55 -0.09  587.9530  3.9110 -0.20    609    609    609
  7.500  399.5030  3.2980 -0.50 249.58  2.56 -0.09  557.5380  3.6040 -0.43    597    597    597
  8.000  372.9830  3.2860 -0.45 245.82  2.63 -0.16  528.5280  3.6210 -0.84    569    569    569
  8.500  347.8310  3.2910 -0.40 241.92  2.73 -0.24  500.8340  3.5050 -0.97    562    562    562
  9.000  323.9700  3.2880 -0.36 237.99  2.76 -0.28  474.1970  3.3280 -1.10    552    552    552
  9.500  301.3730  3.2270 -0.28 234.02  2.73 -0.19  448.6290  3.2380 -1.26    527    527    527
 10.000  280.0320  3.1900 -0.25 230.08  2.70 -0.02  424.0150  3.1350 -1.44    521    521    521
 10.500  259.9430  3.1020 -0.22 226.27  2.60  0.19  400.2110  3.2110 -1.55    505    505    505
 11.000  240.9900  3.0340 -0.15 222.69  2.50  0.37  377.0070  3.6920 -1.46    481    481    481
 11.500  223.0970  2.9420 -0.10 219.31  2.58  0.48  354.3960  4.2820 -1.31    470    470    470
 12.000  206.3240  2.8130 -0.05 216.39  2.73  0.57  332.1950  4.9240 -1.04    462    462    462
 12.500  190.6650  2.6310  0.02 214.26  3.33  0.67  310.0740  6.0830 -0.95    457    457    457
 13.000  176.0500  2.4420  0.09 212.86  3.76  0.46  288.2180  6.6100 -0.64    452    452    452
 13.500  162.5410  2.2210  0.13 212.00  3.89  0.25  267.1980  6.4820 -0.26    437    437    437
 14.000  150.0090  2.0190  0.12 211.61  4.05  0.10  247.0570  6.2830  0.01    412    412    412
 14.500  138.4520  1.8420  0.07 211.01  3.74  0.10  228.6630  5.5690  0.17    396    396    396
 15.000  127.7150  1.6600  0.00 210.33  3.42 -0.02  211.6060  5.0200  0.34    389    389    389
 15.500  117.7610  1.4950 -0.04 209.29  3.20  0.05  196.0760  4.5290  0.31    379    379    379
 16.000  108.5390  1.3160 -0.10 208.30  3.20 -0.10  181.5760  4.1530  0.31    364    364    364
 16.500  100.0600  1.1940 -0.29 207.63  3.16 -0.09  167.9400  3.8790  0.14    301    301    301
 17.000   92.1910  1.0410 -0.30 207.08  3.33 -0.14  155.1410  3.6660  0.08    282    282    282
 17.500   84.9450  0.9120 -0.31 206.78  3.37 -0.10  143.1620  3.3600 -0.01    265    265    265
 18.000   78.2600  0.8000 -0.38 206.97  3.21  0.05  131.7690  2.8680 -0.12    254    254    254
 18.500   72.0950  0.7260 -0.36 207.35  3.19  0.19  121.1630  2.5310 -0.22    223    223    223
 19.000   66.4200  0.6270 -0.39 207.99  3.17  0.01  111.2770  2.1750 -0.22    203    203    203
 19.500   61.1940  0.5770 -0.20 208.98  3.05 -0.37  102.0310  1.8450 -0.13    200    200    200
 20.000   56.4570  0.5310 -0.04 210.26  2.67  0.01   93.5540  1.4370 -0.34    191    191    191
 20.500   52.1110  0.4980  0.02 211.66  2.36  0.21   85.7780  1.1800 -0.42    186    186    186
 21.000   48.0510  0.4650  0.18 212.82  2.13  0.07   78.6620  1.0490 -0.25    184    184    184
 21.500   44.3960  0.4450  0.18 213.74  1.80  0.16   72.3630  0.8510 -0.19    178    178    178
 22.000   41.0380  0.4110  0.17 214.69  1.91  0.14   66.5920  0.7480 -0.11    175    175    175
 22.500   37.8760  0.3880  0.24 216.06  1.83  0.14   61.0710  0.6500 -0.34    173    173    173
 23.000   35.0470  0.3730  0.25 217.07  1.66  0.20   56.2490  0.5930 -0.17    171    171    171
 23.500   32.4420  0.3510  0.22 218.02  1.72 -0.03   51.8400  0.5920 -0.29    166    166    166
 24.000   29.9670  0.3310  0.29 219.16  1.82 -0.01   47.6360  0.5840 -0.21    166    166    166
 24.500   27.7750  0.3120  0.28 220.28  1.65 -0.20   43.9270  0.5410 -0.03    164    164    164
 25.000   25.7480  0.2920  0.26 221.25  1.72 -0.32   40.5440  0.5050 -0.02    160    160    160
 25.500   23.8030  0.2700  0.29 222.28  1.82 -0.16   37.3060  0.4540  0.08    157    157    157
 26.000   22.0770  0.2590  0.23 223.21  2.05  0.65   34.4580  0.4360 -0.06    154    154    154
 26.500   20.4160  0.2410  0.28 224.30  2.23  0.19   31.7110  0.4170 -0.02    153    153    153
 27.000   18.9550  0.2200  0.26 225.11  2.17  0.32   29.3360  0.3880 -0.04    149    149    149
 27.500   17.6140  0.2160  0.10 226.07  2.20  0.13   27.1440  0.3530 -0.15    147    147    147
 28.000   16.2990  0.2050  0.20 227.28  2.36 -0.04   24.9840  0.3520 -0.03    143    143    143
 28.500   15.1520  0.1960  0.14 228.04  2.48 -0.19   23.1500  0.3370 -0.13    135    135    135
 29.000   14.1010  0.1850  0.03 228.81  2.62 -0.06   21.4710  0.3000 -0.00    130    130    130
 29.500   13.0540  0.1710  0.14 229.89  2.52  0.14   19.7830  0.2870  0.04    128    128    128
 30.000   12.1470  0.1660 -0.01 230.80  2.46 -0.28   18.3360  0.2670 -0.03    112    112    112
     T A B L E  II -   6.  T H E R M O D Y N A M I C  S T A T I S T I C A L  P A R A M E T E R S
                                      June
 Station =   72269      White Sands Missile Range
    Z      MEAN P   SD P  SKEWP MEAN T  SD T SKEWT    MEAN D    SD D SKEWD  NOBSP  NOBST  NOBSD
    KM       MB        MB      KELVIN KELVIN            G/M3    G/M3                           
  0.000 1020.0000  5.0000  0.00 290.00  5.00  0.00 1221.0000 25.0000  0.00    100    100    100
  1.251  871.3390 10.7730 -1.50 298.48  6.58  0.04 1013.7160 24.3320 -0.13    803    803    803
  1.500  850.1340  3.1900 -0.00 298.02  4.35  0.10  990.6070 15.0570  0.04    725    725    725
  2.000  802.8340  2.8820 -0.07 294.87  3.73  0.00  945.7180 12.0380  0.15    802    802    802
  2.500  757.5510  2.8690  0.01 291.16  3.51 -0.09  903.9960 10.2670  0.22    803    803    803
  3.000  714.2810  2.8970 -0.11 287.21  3.31 -0.16  864.3200  8.7400  0.27    803    803    803
  3.500  672.9490  2.9880 -0.19 283.17  3.04 -0.19  826.1070  7.2520  0.27    803    803    803
  4.000  633.4060  3.0750 -0.25 279.08  2.77 -0.24  789.1170  6.0480  0.31    803    803    803
  4.500  595.6640  3.1420 -0.26 274.98  2.50 -0.27  753.3240  5.1010  0.30    803    803    803
  5.000  559.7720  3.1380 -0.24 271.03  2.22 -0.33  718.4090  4.3330  0.02    781    781    781
  5.500  525.4790  3.1230 -0.24 267.28  2.02 -0.24  684.0660  4.1410 -0.27    763    763    763
  6.000  492.8470  3.0700 -0.26 263.76  1.98 -0.12  650.3480  4.1400 -0.21    755    755    755
  6.500  461.8600  3.0310 -0.29 260.48  2.16 -0.14  617.3400  4.1500  0.06    745    745    745
  7.000  432.4510  3.0020 -0.34 257.23  2.40 -0.16  585.4560  3.8600  0.15    741    741    741
  7.500  404.6210  2.9700 -0.42 253.78  2.52 -0.09  555.2910  3.7040 -0.02    723    723    723
  8.000  378.3070  2.9060 -0.50 250.20  2.53 -0.20  526.6510  3.4570  0.07    681    681    681
  8.500  353.2410  2.8970 -0.54 246.45  2.61 -0.20  499.2480  3.3180  0.09    672    672    672
  9.000  329.4650  2.9010 -0.58 242.66  2.71 -0.15  472.9540  3.2460  0.03    664    664    664
  9.500  307.0070  2.9120 -0.60 238.86  2.76 -0.10  447.7490  3.1770  0.04    648    648    648
 10.000  285.7140  2.9190 -0.59 235.04  2.79 -0.00  423.4640  2.9750 -0.00    640    640    640
 10.500  265.5340  2.9080 -0.58 231.24  2.81  0.10  400.0390  2.9930 -0.10    618    618    618
 11.000  246.5450  2.8960 -0.55 227.55  2.83  0.16  377.4600  3.0180 -0.15    592    592    592
 11.500  228.6470  2.8680 -0.51 224.11  2.72  0.23  355.4360  3.1410 -0.45    579    579    579
 12.000  211.8260  2.8110 -0.46 220.85  2.63  0.17  334.1500  3.4920 -0.76    563    563    563
 12.500  196.0730  2.7260 -0.43 217.92  2.55 -0.06  313.4630  3.9820 -0.84    542    542    542
 13.000  181.2270  2.5940 -0.37 215.18  2.49 -0.24  293.4250  4.3890 -0.87    534    534    534
 13.500  167.3150  2.4080 -0.32 212.73  2.49 -0.28  274.0300  4.8100 -0.84    519    519    519
 14.000  154.4430  2.2210 -0.29 210.68  2.47  0.15  255.4210  5.1210 -0.71    484    484    484
 14.500  142.4270  2.0150 -0.22 208.86  2.68  0.44  237.6180  5.3100 -0.51    459    459    459
 15.000  131.2410  1.7980 -0.21 207.15  2.93  0.32  220.7780  5.3440 -0.26    446    446    446
 15.500  120.8630  1.5800 -0.20 205.81  3.27  0.04  204.6600  5.2770 -0.09    439    439    439
 16.000  111.2580  1.3770 -0.16 204.80  3.46 -0.10  189.3330  4.9540 -0.07    423    423    423
 16.500  102.4150  1.1930 -0.13 204.11  3.57 -0.13  174.8740  4.5050 -0.11    392    392    392
 17.000   94.2410  1.0150 -0.01 203.91  3.15 -0.02  161.0590  3.6560 -0.20    375    375    375
 17.500   86.7590  0.8870  0.11 204.20  2.69  0.06  148.0450  2.9030 -0.27    352    352    352
 18.000   79.8500  0.7850  0.28 205.17  2.64  0.12  135.6100  2.5590 -0.23    343    343    343
 18.500   73.5510  0.7090  0.34 206.62  2.40  0.01  124.0320  2.1000 -0.17    316    316    316
 19.000   67.8090  0.6400  0.47 208.12  2.04  0.20  113.5170  1.5640 -0.31    293    293    293
 19.500   62.4690  0.5890  0.61 209.55  2.03  0.04  103.8610  1.4070 -0.03    287    287    287
 20.000   57.6320  0.5290  0.48 211.21  1.84 -0.10   95.0620  1.1950 -0.01    277    277    277
 20.500   53.2100  0.4950  0.50 212.54  1.77  0.19   87.2220  1.0340 -0.07    271    271    271
 21.000   49.0830  0.4630  0.53 213.61  1.83  0.16   80.0520  0.9640 -0.11    267    267    267
 21.500   45.3660  0.4320  0.65 214.63  1.66  0.09   73.6390  0.8340  0.03    255    255    255
 22.000   41.9530  0.4110  0.59 215.65  1.56 -0.04   67.7740  0.7630  0.25    249    249    249
 22.500   38.7280  0.3850  0.67 216.71  1.63 -0.02   62.2590  0.6820  0.38    242    242    242
 23.000   35.8530  0.3650  0.61 217.72  1.60 -0.03   57.3690  0.6400  0.36    236    236    236
 23.500   33.2060  0.3430  0.63 218.76  1.49 -0.06   52.8800  0.5340  0.26    235    235    235
 24.000   30.6740  0.3180  0.63 220.04  1.64  0.26   48.5630  0.5020  0.31    234    234    234
 24.500   28.4370  0.3060  0.56 221.02  1.58  0.70   44.8230  0.4570  0.38    227    227    227
 25.000   26.3840  0.2870  0.66 221.87  1.71  0.63   41.4270  0.4190  0.18    222    222    222
 25.500   24.3870  0.2740  0.57 222.75  1.76  1.06   38.1410  0.4160  0.40    218    218    218
 26.000   22.6380  0.2610  0.64 223.60  1.77  0.74   35.2720  0.4200  0.62    213    213    213
 26.500   20.9340  0.2410  0.38 224.64  1.71  0.64   32.4640  0.3910  0.10    212    212    212
 27.000   19.4400  0.2230  0.57 225.57  1.63  0.54   30.0220  0.3480  0.12    212    212    212
 27.500   18.0670  0.2090  0.33 226.32  1.53  0.14   27.8100  0.3260  0.23    201    201    201
 28.000   16.7120  0.1950  0.26 227.09  1.63  0.14   25.6380  0.3200  0.14    201    201    201
 28.500   15.5430  0.1800  0.39 228.01  1.47  0.01   23.7480  0.2910  0.19    196    196    196
 29.000   14.4650  0.1770  0.38 228.83  1.58 -0.15   22.0220  0.3020  0.29    185    185    185
 29.500   13.3840  0.1610  0.42 229.50  1.73  0.01   20.3170  0.2920  0.46    177    177    177
 30.000   12.4560  0.1580  0.32 230.30  1.85  0.05   18.8430  0.2890  0.45    166    166    166
     T A B L E  II -   7.  T H E R M O D Y N A M I C  S T A T I S T I C A L  P A R A M E T E R S
                                      July
 Station =   72269      White Sands Missile Range
    Z      MEAN P   SD P  SKEWP MEAN T  SD T SKEWT    MEAN D    SD D SKEWD  NOBSP  NOBST  NOBSD
    KM       MB        MB      KELVIN KELVIN            G/M3    G/M3                           
  0.000 1020.0000  5.0000  0.00 290.00  5.00  0.00 1221.0000 25.0000  0.00    100    100    100
  1.251  873.0940 11.4870 -1.67 298.78  5.48  0.42 1012.5260 21.8440 -0.31    887    887    887
  1.500  852.5920  2.4680  0.05 298.06  3.74  0.42  991.3970 13.0060 -0.33    801    801    801
  2.000  805.1910  2.1140  0.12 294.75  3.02  0.34  947.0990  9.9370 -0.25    887    887    887
  2.500  759.8250  1.9200  0.12 291.16  2.70  0.29  905.0800  8.3010 -0.17    887    887    887
  3.000  716.5240  1.8210  0.13 287.49  2.37  0.38  864.7360  6.7710 -0.23    887    887    887
  3.500  675.1830  1.7740  0.15 283.68  2.07  0.40  826.1190  5.5130 -0.21    887    887    887
  4.000  635.6480  1.7570  0.16 279.81  1.77  0.39  788.8160  4.3780 -0.18    885    885    885
  4.500  597.9320  1.7480  0.17 276.05  1.49  0.21  752.4710  3.5340 -0.09    885    885    885
  5.000  562.0220  1.7460  0.19 272.55  1.32 -0.05  716.7430  3.1230 -0.04    853    853    853
  5.500  527.8200  1.7340  0.25 269.31  1.34 -0.10  681.5550  3.2790 -0.14    834    834    834
  6.000  495.2950  1.6640  0.07 266.26  1.45 -0.36  647.1630  3.5160  0.17    824    824    824
  6.500  464.5050  1.6250 -0.00 263.27  1.58 -0.51  614.0360  3.6800  0.40    808    808    808
  7.000  435.2680  1.5880 -0.09 260.21  1.68 -0.63  582.2900  3.6890  0.54    803    803    803
  7.500  407.5100  1.5580 -0.14 257.05  1.70 -0.43  551.9660  3.4870  0.27    788    788    788
  8.000  381.2750  1.5360 -0.28 253.75  1.74 -0.41  523.2270  3.2340  0.27    740    740    740
  8.500  356.3690  1.5230 -0.35 250.28  1.81 -0.42  495.8790  3.0820  0.36    735    735    735
  9.000  332.7600  1.5140 -0.40 246.68  1.81 -0.30  469.8310  2.8360  0.31    726    726    726
  9.500  310.4490  1.5150 -0.43 242.96  1.84 -0.25  445.0600  2.7460  0.13    711    711    711
 10.000  289.2710  1.5100 -0.44 239.16  1.85 -0.08  421.3070  2.6280 -0.49    706    706    706
 10.500  269.2320  1.5080 -0.41 235.30  1.86  0.22  398.5940  2.4730 -1.02    700    700    700
 11.000  250.3400  1.4900 -0.37 231.41  1.86  0.47  376.8700  2.3740 -1.15    683    683    683
 11.500  232.4370  1.4780 -0.33 227.48  1.85  0.54  355.9660  2.3400 -1.15    671    671    671
 12.000  215.5390  1.4580 -0.25 223.60  1.84  0.56  335.8130  2.3480 -1.48    656    656    656
 12.500  199.7000  1.4070 -0.21 219.88  1.84  0.84  316.4030  2.5090 -1.60    620    620    620
 13.000  184.6880  1.3610 -0.14 216.21  1.87  0.96  297.5850  2.5650 -1.38    601    601    601
 13.500  170.5870  1.2930 -0.05 212.79  1.87  0.82  279.2930  2.6550 -1.00    575    575    575
 14.000  157.4280  1.2210 -0.00 209.70  1.94  0.52  261.5520  2.8040 -0.86    539    539    539
 14.500  145.1410  1.1420  0.04 206.99  2.04  0.26  244.2960  2.9120 -0.74    504    504    504
 15.000  133.6490  1.0670  0.12 204.79  2.04  0.22  227.3750  2.8680 -0.52    486    486    486
 15.500  122.9810  0.9760  0.18 203.27  2.14  0.17  210.7910  2.7870 -0.43    473    473    473
 16.000  113.1360  0.8930  0.25 202.41  2.19  0.23  194.7400  2.7160 -0.34    457    457    457
 16.500  104.0660  0.8050  0.19 202.20  2.41 -0.08  179.3180  2.7150 -0.07    421    421    421
 17.000   95.7210  0.7010  0.37 202.81  2.30 -0.29  164.4430  2.3410  0.18    391    391    391
 17.500   88.0720  0.6300  0.25 203.94  2.14 -0.04  150.4580  2.0430  0.09    360    360    360
 18.000   81.0570  0.5630  0.17 205.10  2.03 -0.14  137.6920  1.8070  0.22    353    353    353
 18.500   74.6440  0.5130  0.11 206.64  1.78  0.05  125.8520  1.4660 -0.03    323    323    323
 19.000   68.7940  0.4720  0.10 208.16  1.68  0.01  115.1400  1.3140  0.07    307    307    307
 19.500   63.3930  0.4300  0.09 209.48  1.64  0.11  105.4300  1.1510 -0.07    298    298    298
 20.000   58.4850  0.4000  0.07 210.96  1.47  0.13   96.5820  0.9830 -0.06    289    289    289
 20.500   54.0000  0.3620  0.07 212.20  1.41  0.14   88.6570  0.8610 -0.08    283    283    283
 21.000   49.8100  0.3420  0.07 213.46  1.54 -0.16   81.2950  0.7910 -0.01    279    279    279
 21.500   46.0370  0.3160 -0.04 214.63  1.41 -0.04   74.7250  0.6790 -0.04    274    274    274
 22.000   42.5840  0.2960 -0.05 215.59  1.42  0.10   68.8150  0.6210 -0.12    269    269    269
 22.500   39.3100  0.2730 -0.04 216.53  1.46 -0.15   63.2480  0.5810  0.09    267    267    267
 23.000   36.3810  0.2580 -0.05 217.65  1.57 -0.07   58.2330  0.5490  0.17    257    257    257
 23.500   33.6950  0.2440 -0.16 218.60  1.51 -0.12   53.7000  0.4600  0.21    255    255    255
 24.000   31.1220  0.2290 -0.09 219.57  1.44 -0.03   49.3800  0.4230  0.36    254    254    254
 24.500   28.8490  0.2180 -0.13 220.41  1.42 -0.01   45.5990  0.3970 -0.02    245    245    245
 25.000   26.7510  0.2030  0.03 221.17  1.65 -0.00   42.1360  0.3900  0.17    231    231    231
 25.500   24.7250  0.1970 -0.05 222.20  1.63  0.12   38.7660  0.3670  0.04    228    228    228
 26.000   22.9410  0.1900 -0.10 223.08  1.67  0.07   35.8260  0.3430  0.23    223    223    223
 26.500   21.2110  0.1840 -0.01 223.96  1.83  0.16   32.9950  0.3430  0.01    220    220    220
 27.000   19.6990  0.1710 -0.01 224.78  1.62  0.13   30.5300  0.2950 -0.06    210    210    210
 27.500   18.3010  0.1610 -0.02 225.65  1.65 -0.18   28.2550  0.2780  0.19    198    198    198
 28.000   16.9290  0.1580 -0.05 226.48  1.84  0.35   26.0410  0.2860  0.13    194    194    194
 28.500   15.7380  0.1460 -0.16 227.34  1.73  0.63   24.1170  0.2420 -0.14    189    189    189
 29.000   14.6390  0.1360 -0.08 228.25  1.65  0.17   22.3420  0.2110 -0.10    183    183    183
 29.500   13.5490  0.1340 -0.13 228.97  1.84 -0.00   20.6150  0.2180 -0.12    181    181    181
 30.000   12.6050  0.1260 -0.17 229.82  1.90  0.20   19.1090  0.2200 -0.30    171    171    171
     T A B L E  II -   8.  T H E R M O D Y N A M I C  S T A T I S T I C A L  P A R A M E T E R S
                                    August
 Station =   72269      White Sands Missile Range
    Z      MEAN P   SD P  SKEWP MEAN T  SD T SKEWT    MEAN D    SD D SKEWD  NOBSP  NOBST  NOBSD
    KM       MB        MB      KELVIN KELVIN            G/M3    G/M3                           
  0.000 1020.0000  5.0000  0.00 290.00  5.00  0.00 1221.0000 25.0000  0.00    100    100    100
  1.251  873.3370 11.4210 -1.32 297.45  5.58  0.39 1016.9790 21.6470 -0.39    905    905    905
  1.500  852.9600  2.4720 -0.03 296.80  3.71  0.21  995.7130 12.8240 -0.25    819    819    819
  2.000  805.3990  2.3580  0.23 293.89  2.93  0.05  949.8390  9.8400  0.01    905    905    905
  2.500  759.9120  2.2010  0.15 290.42  2.51  0.02  907.3110  7.9830  0.05    905    905    905
  3.000  716.5040  2.1030  0.06 286.71  2.19  0.02  866.9150  6.5220  0.04    905    905    905
  3.500  675.0610  2.0450 -0.03 282.87  1.90  0.01  828.1950  5.3460  0.08    905    905    905
  4.000  635.4370  2.0080 -0.09 279.10  1.70 -0.12  790.4860  4.5100  0.20    903    903    903
  4.500  597.6450  1.9780 -0.13 275.50  1.51 -0.06  753.6130  3.7900  0.21    901    901    901
  5.000  561.7710  1.9260 -0.22 272.30  1.37 -0.04  717.0940  3.4700  0.47    853    853    853
  5.500  527.5840  1.8470 -0.20 269.22  1.49 -0.21  681.4790  3.7450  0.50    825    825    825
  6.000  495.0910  1.7920 -0.21 266.33  1.53 -0.41  646.7100  3.6890  0.54    820    820    820
  6.500  464.3280  1.7520 -0.21 263.52  1.55 -0.68  613.1970  3.5120  0.61    801    801    801
  7.000  435.1340  1.7080 -0.20 260.61  1.58 -0.88  581.2210  3.3100  0.62    798    798    798
  7.500  407.4340  1.6890 -0.22 257.37  1.64 -0.85  551.1790  3.1650  0.41    782    782    782
  8.000  381.2060  1.6660 -0.27 253.96  1.72 -0.70  522.6810  3.0360  0.26    740    740    740
  8.500  356.3280  1.6450 -0.31 250.38  1.82 -0.85  495.6080  2.9130  0.42    729    729    729
  9.000  332.7110  1.6440 -0.37 246.69  1.82 -0.99  469.7320  2.6620  0.44    722    722    722
  9.500  310.4010  1.6510 -0.44 242.94  1.87 -0.95  445.0290  2.5520  0.39    699    699    699
 10.000  289.2240  1.6550 -0.49 239.09  1.88 -0.99  421.3610  2.3510  0.36    685    685    685
 10.500  269.1780  1.6570 -0.54 235.17  1.86 -1.00  398.7260  2.1290  0.25    681    681    681
 11.000  250.2820  1.6590 -0.60 231.24  1.80 -1.00  377.0580  1.9810  0.01    667    667    667
 11.500  232.3820  1.6410 -0.66 227.38  1.71 -0.94  356.0310  1.8770 -0.35    660    660    660
 12.000  215.4850  1.6080 -0.68 223.59  1.58 -0.61  335.7450  1.9610 -0.77    655    655    655
 12.500  199.6280  1.5450 -0.66 219.91  1.50 -0.30  316.2380  2.2360 -0.82    635    635    635
 13.000  184.6370  1.4700 -0.63 216.37  1.48  0.08  297.2780  2.5360 -1.11    630    630    630
 13.500  170.5710  1.3770 -0.54 213.05  1.59  0.58  278.9150  2.8740 -1.36    619    619    619
 14.000  157.4060  1.2920 -0.45 209.96  1.81  0.82  261.1850  3.2800 -1.25    569    569    569
 14.500  145.0910  1.1750 -0.34 207.09  1.99  0.96  244.1030  3.3800 -1.20    537    537    537
 15.000  133.5920  1.0520 -0.18 204.57  2.17  0.80  227.5300  3.3250 -1.02    527    527    527
 15.500  122.9030  0.9340 -0.05 202.72  2.26  0.51  211.2390  3.1460 -0.74    506    506    506
 16.000  113.0250  0.8320  0.04 201.87  2.14  0.41  195.0700  2.8240 -0.32    482    482    482
 16.500  103.8940  0.7260 -0.04 201.95  2.27  0.16  179.2470  2.7070  0.03    458    458    458
 17.000   95.5320  0.6360 -0.12 202.60  2.22 -0.14  164.2870  2.4230  0.11    406    406    406
 17.500   87.9010  0.5580 -0.06 203.99  2.10 -0.16  150.1300  2.0270  0.03    375    375    375
 18.000   80.8990  0.5040 -0.02 205.63  2.14  0.03  137.0690  1.7410 -0.23    359    359    359
 18.500   74.4980  0.4500  0.12 207.21  1.97 -0.10  125.2580  1.4560 -0.08    326    326    326
 19.000   68.6530  0.4130  0.19 208.70  1.65  0.06  114.6070  1.1530 -0.22    303    303    303
 19.500   63.2740  0.3880  0.21 210.00  1.62 -0.35  104.9720  1.0820  0.21    295    295    295
 20.000   58.3840  0.3560  0.20 211.30  1.40 -0.17   96.2630  0.8560  0.16    287    287    287
 20.500   53.9110  0.3300  0.30 212.49  1.40 -0.34   88.3880  0.7610  0.22    278    278    278
 21.000   49.7220  0.3070  0.30 213.50  1.32 -0.33   81.1330  0.6720  0.17    274    274    274
 21.500   45.9600  0.2910  0.31 214.49  1.26  0.05   74.6480  0.6260 -0.02    268    268    268
 22.000   42.5030  0.2720  0.31 215.48  1.36  0.01   68.7160  0.5610  0.04    259    259    259
 22.500   39.2360  0.2580  0.28 216.33  1.37 -0.27   63.1860  0.5200  0.18    256    256    256
 23.000   36.3100  0.2420  0.26 217.24  1.29 -0.37   58.2280  0.4780  0.23    252    252    252
 23.500   33.6240  0.2340  0.21 218.17  1.38 -0.18   53.6900  0.4360  0.25    248    248    248
 24.000   31.0540  0.2120  0.26 219.00  1.43 -0.03   49.3990  0.4150 -0.16    247    247    247
 24.500   28.7760  0.2070  0.12 219.80  1.42  0.13   45.6090  0.3930 -0.30    238    238    238
 25.000   26.6770  0.1940  0.32 220.64  1.45 -0.03   42.1220  0.3680  0.03    233    233    233
 25.500   24.6530  0.1800  0.30 221.52  1.51  0.06   38.7710  0.3540  0.15    231    231    231
 26.000   22.8780  0.1650  0.46 222.34  1.46 -0.06   35.8460  0.3090  0.30    219    219    219
 26.500   21.1580  0.1580  0.41 223.14  1.46 -0.06   33.0330  0.2930  0.19    216    216    216
 27.000   19.6390  0.1500  0.60 223.97  1.51  0.25   30.5460  0.2760  0.18    209    209    209
 27.500   18.2360  0.1470  0.51 224.80  1.64  0.07   28.2610  0.2630  0.34    206    206    206
 28.000   16.8660  0.1350  0.58 225.68  1.82 -0.13   26.0360  0.2640  0.26    206    206    206
 28.500   15.6720  0.1250  0.27 226.62  1.87 -0.16   24.0920  0.2390 -0.04    194    194    194
 29.000   14.5750  0.1200  0.30 227.52  1.90 -0.09   22.3180  0.2290 -0.35    185    185    185
 29.500   13.4920  0.1120  0.46 228.40  1.96 -0.04   20.5800  0.2150 -0.00    181    181    181
 30.000   12.5520  0.1080  0.39 229.13  1.94  0.20   19.0850  0.1960 -0.04    173    173    173
     T A B L E  II -   9.  T H E R M O D Y N A M I C  S T A T I S T I C A L  P A R A M E T E R S
                                 September
 Station =   72269      White Sands Missile Range
    Z      MEAN P   SD P  SKEWP MEAN T  SD T SKEWT    MEAN D    SD D SKEWD  NOBSP  NOBST  NOBSD
    KM       MB        MB      KELVIN KELVIN            G/M3    G/M3                           
  0.000 1020.0000  5.0000  0.00 290.00  5.00  0.00 1221.0000 25.0000  0.00    100    100    100
  1.251  873.9840 12.6110 -2.24 293.57  5.61  0.27 1032.4070 23.6870 -0.23    736    736    736
  1.500  852.5440  3.0240  0.08 293.97  3.66 -0.17 1005.8950 14.0390  0.38    633    633    633
  2.000  804.6710  2.9550  0.26 290.98  3.34 -0.43  959.3880 11.9170  0.60    736    736    736
  2.500  758.7610  2.7660  0.19 287.69  2.91 -0.42  915.3240  9.5530  0.52    736    736    736
  3.000  714.9900  2.6660  0.09 284.16  2.51 -0.40  873.6250  7.6300  0.42    736    736    736
  3.500  673.2430  2.6180 -0.00 280.42  2.25 -0.46  833.9570  6.3440  0.39    736    736    736
  4.000  633.3540  2.5940 -0.11 276.76  2.11 -0.60  795.2870  5.5310  0.39    733    733    733
  4.500  595.3520  2.5760 -0.22 273.31  2.02 -0.66  757.3850  5.0740  0.25    729    729    729
  5.000  559.2400  2.5490 -0.33 270.18  2.03 -0.54  720.0450  4.9160  0.12    719    719    719
  5.500  524.9090  2.5130 -0.45 267.32  2.17 -0.55  683.3660  4.9140  0.31    715    715    715
  6.000  492.3380  2.5010 -0.56 264.38  2.23 -0.58  648.2580  4.6830  0.15    715    715    715
  6.500  461.4770  2.4690 -0.68 261.26  2.25 -0.43  615.0150  4.4240  0.03    707    707    707
  7.000  432.1930  2.4600 -0.75 257.90  2.35 -0.33  583.5600  4.2990 -0.03    706    706    706
  7.500  404.3490  2.4710 -0.79 254.43  2.45 -0.34  553.4900  4.1770  0.01    694    694    694
  8.000  377.9870  2.5150 -0.80 250.88  2.58 -0.27  524.7580  4.0720 -0.15    658    658    658
  8.500  353.0170  2.5260 -0.81 247.34  2.74 -0.19  497.1470  4.0130 -0.16    652    652    652
  9.000  329.3430  2.5500 -0.79 243.73  2.88 -0.09  470.7040  3.9840 -0.13    645    645    645
  9.500  307.0130  2.5740 -0.79 240.12  2.97 -0.05  445.3960  3.9330 -0.21    623    623    623
 10.000  285.8530  2.5860 -0.75 236.50  2.91 -0.03  421.0590  3.7620 -0.39    616    616    616
 10.500  265.8600  2.5720 -0.68 232.96  2.83 -0.05  397.5780  3.6480 -0.49    610    610    610
 11.000  247.0880  2.5320 -0.66 229.51  2.64 -0.05  375.0740  3.5200 -0.55    590    590    590
 11.500  229.2920  2.4690 -0.59 226.17  2.39 -0.07  353.1870  3.5260 -0.62    586    586    586
 12.000  212.5700  2.3780 -0.53 223.01  2.24 -0.02  332.0800  3.6790 -0.64    581    581    581
 12.500  196.8830  2.2560 -0.47 219.90  2.09 -0.37  311.9140  3.8030 -0.59    546    546    546
 13.000  182.0970  2.1210 -0.44 216.77  2.00 -0.35  292.6580  3.8920 -0.57    535    535    535
 13.500  168.2670  1.9820 -0.42 213.72  1.94 -0.09  274.3020  3.9900 -0.63    524    524    524
 14.000  155.3690  1.8290 -0.38 210.87  1.97  0.16  256.7080  4.0750 -0.69    483    483    483
 14.500  143.3480  1.6620 -0.38 208.29  2.06  0.18  239.7820  4.0970 -0.63    446    446    446
 15.000  132.0710  1.5090 -0.34 205.90  2.29  0.14  223.4940  4.0940 -0.52    428    428    428
 15.500  121.5720  1.3410 -0.29 204.02  2.58  0.02  207.6340  4.0520 -0.24    411    411    411
 16.000  111.8360  1.1920 -0.28 202.78  2.77 -0.06  192.1780  3.8950 -0.14    385    385    385
 16.500  102.8630  1.0490 -0.22 202.24  2.84 -0.29  177.2280  3.5570  0.08    362    362    362
 17.000   94.5770  0.9280 -0.19 202.43  2.91 -0.15  162.8010  3.1790 -0.15    333    333    333
 17.500   87.0030  0.8410 -0.04 203.25  2.68 -0.19  149.1500  2.6940 -0.10    324    324    324
 18.000   80.0500  0.7610  0.09 204.61  2.48 -0.06  136.3150  2.2900 -0.24    317    317    317
 18.500   73.6970  0.6920  0.12 206.39  2.34 -0.11  124.4110  1.9400 -0.05    289    289    289
 19.000   67.9060  0.6390  0.23 207.96  2.11 -0.27  113.7670  1.6580 -0.05    275    275    275
 19.500   62.5500  0.5870  0.36 209.43  1.94 -0.54  104.0550  1.3680  0.13    269    269    269
 20.000   57.7060  0.5450  0.40 210.89  1.76 -0.40   95.3280  1.1120 -0.16    264    264    264
 20.500   53.2860  0.5070  0.47 212.11  1.58 -0.25   87.5200  0.9650  0.02    259    259    259
 21.000   49.1460  0.4780  0.57 213.01  1.63  0.19   80.3810  0.9250  0.08    255    255    255
 21.500   45.4130  0.4530  0.54 213.95  1.48  0.20   73.9450  0.8010  0.07    249    249    249
 22.000   41.9760  0.4140  0.51 214.86  1.50  0.15   68.0620  0.7150  0.17    241    241    241
 22.500   38.7360  0.3900  0.54 215.86  1.73  0.04   62.5170  0.6690  0.17    238    238    238
 23.000   35.8420  0.3750  0.56 216.96  1.71 -0.09   57.5530  0.6220  0.40    232    232    232
 23.500   33.1890  0.3560  0.48 217.87  1.70 -0.04   53.0690  0.6000  0.19    229    229    229
 24.000   30.6470  0.3380  0.52 218.67  1.63  0.32   48.8260  0.5580  0.56    226    226    226
 24.500   28.4000  0.3200  0.44 219.52  1.59  0.47   45.0720  0.5270  0.66    217    217    217
 25.000   26.3220  0.3010  0.22 220.49  1.67  0.29   41.5890  0.4840  0.52    211    211    211
 25.500   24.3260  0.2900  0.19 221.44  1.84  0.24   38.2710  0.4540  0.32    210    210    210
 26.000   22.5580  0.2710  0.25 222.15  1.76  0.23   35.3750  0.3740  0.37    199    199    199
 26.500   20.8640  0.2620  0.32 223.00  1.72  0.07   32.5950  0.3530  0.53    194    194    194
 27.000   19.3540  0.2550  0.09 223.68  1.72 -0.06   30.1420  0.3340  0.31    189    189    189
 27.500   17.9740  0.2370  0.13 224.45  1.82 -0.08   27.8970  0.3000  0.08    184    184    184
 28.000   16.6280  0.2240  0.10 225.25  1.95 -0.24   25.7170  0.2890  0.22    182    182    182
 28.500   15.4530  0.2130  0.09 225.84  1.85 -0.34   23.8370  0.2830  0.33    173    173    173
 29.000   14.3590  0.2060 -0.02 226.47  1.92 -0.31   22.0880  0.2800  0.11    170    170    170
 29.500   13.2890  0.1920 -0.01 227.16  1.89 -0.13   20.3800  0.2780  0.28    166    166    166
 30.000   12.3590  0.1910  0.02 227.84  1.90  0.08   18.8970  0.2700  0.36    150    150    150
     T A B L E  II -  10.  T H E R M O D Y N A M I C  S T A T I S T I C A L  P A R A M E T E R S
                                   October
 Station =   72269      White Sands Missile Range
    Z      MEAN P   SD P  SKEWP MEAN T  SD T SKEWT    MEAN D    SD D SKEWD  NOBSP  NOBST  NOBSD
    KM       MB        MB      KELVIN KELVIN            G/M3    G/M3                           
  0.000 1020.0000  5.0000  0.00 290.00  5.00  0.00 1221.0000 25.0000  0.00    100    100    100
  1.251  875.5690 10.1190 -1.36 287.30  6.60  0.05 1058.8700 28.4210  0.14    851    851    851
  1.500  852.1990  4.7980  0.61 288.84  4.51 -0.40 1024.9260 18.2740  0.64    782    782    782
  2.000  803.3110  4.3270  0.05 286.45  4.16 -0.62  974.3900 15.0090  0.81    851    851    851
  2.500  756.7100  4.2040 -0.11 283.34  3.78 -0.67  928.1140 12.0870  0.83    851    851    851
  3.000  712.3720  4.1940 -0.23 280.13  3.42 -0.79  884.0340  9.4900  0.89    851    851    851
  3.500  670.1700  4.2290 -0.32 276.85  3.15 -0.86  841.8430  7.7300  0.81    851    851    851
  4.000  629.9610  4.2620 -0.38 273.91  3.16 -0.78  800.1730  6.9730  0.53    850    850    850
  4.500  591.7890  4.2960 -0.43 271.09  3.21 -0.70  759.8050  6.6710  0.34    847    847    847
  5.000  555.5820  4.3460 -0.48 267.97  3.15 -0.68  721.7730  6.1050  0.14    825    825    825
  5.500  521.1930  4.3390 -0.54 264.82  3.10 -0.68  685.2710  5.6470  0.02    818    818    818
  6.000  488.5110  4.3380 -0.58 261.45  3.12 -0.71  650.6440  5.2280  0.05    815    815    815
  6.500  457.5660  4.3410 -0.64 257.98  3.15 -0.76  617.6900  5.0410  0.02    796    796    796
  7.000  428.1500  4.3300 -0.68 254.35  3.18 -0.67  586.2740  4.8730 -0.03    795    795    795
  7.500  400.1610  4.3100 -0.70 250.63  3.18 -0.56  556.0990  4.6450 -0.24    786    786    786
  8.000  373.7180  4.2880 -0.69 246.90  3.19 -0.54  527.2270  4.5870 -0.45    744    744    744
  8.500  348.6420  4.2390 -0.72 243.13  3.19 -0.46  499.5050  4.5350 -0.55    738    738    738
  9.000  324.8730  4.1780 -0.71 239.43  3.19 -0.25  472.6750  4.7510 -0.75    725    725    725
  9.500  302.4500  4.1170 -0.70 235.76  3.19 -0.09  446.9230  5.0690 -0.91    698    698    698
 10.000  281.1770  3.9960 -0.67 232.11  3.17  0.09  422.0330  5.3330 -1.09    688    688    688
 10.500  261.1270  3.8620 -0.64 228.66  3.19  0.21  397.8700  5.6150 -1.14    675    675    675
 11.000  242.3790  3.6630 -0.65 225.45  3.14  0.21  374.5550  5.6480 -1.07    650    650    650
 11.500  224.6420  3.4910 -0.61 222.47  3.14  0.18  351.8090  5.9270 -0.88    646    646    646
 12.000  208.0110  3.2960 -0.56 219.71  3.13 -0.02  329.8700  6.1170 -0.71    639    639    639
 12.500  192.4980  2.9510 -0.36 217.15  3.21 -0.36  308.8750  6.0050 -0.31    615    615    615
 13.000  177.9010  2.7380 -0.33 214.93  3.00 -0.55  288.3930  5.7210 -0.40    602    602    602
 13.500  164.3120  2.5260 -0.31 212.80  2.76 -0.21  269.0320  5.4690 -0.45    592    592    592
 14.000  151.6140  2.3510 -0.27 210.67  2.73  0.10  250.7640  5.5280 -0.39    546    546    546
 14.500  139.8010  2.1310 -0.27 208.61  2.99  0.53  233.5220  5.6860 -0.46    489    489    489
 15.000  128.7880  1.8980 -0.20 206.75  3.27  0.52  217.0800  5.5950 -0.38    471    471    471
 15.500  118.5660  1.6800 -0.17 205.29  3.42  0.34  201.2780  5.3110 -0.29    455    455    455
 16.000  109.1200  1.4940 -0.15 204.15  3.41  0.04  186.2740  4.9220 -0.09    433    433    433
 16.500  100.4160  1.3110 -0.16 203.61  3.43 -0.16  171.8740  4.4870 -0.02    399    399    399
 17.000   92.3670  1.1400 -0.23 203.70  3.50  0.06  158.0310  4.0340 -0.07    385    385    385
 17.500   85.0120  1.0090 -0.30 204.01  3.50 -0.02  145.2200  3.6170 -0.03    354    354    354
 18.000   78.2520  0.8560 -0.26 204.67  3.35  0.07  133.2410  3.1630 -0.13    341    341    341
 18.500   72.0150  0.7550 -0.25 205.84  2.95  0.13  121.9110  2.5280 -0.15    307    307    307
 19.000   66.3320  0.6990 -0.28 207.39  2.82  0.20  111.4480  2.1140 -0.05    255    255    255
 19.500   61.0860  0.6360 -0.33 208.70  2.72  0.49  101.9840  1.7560 -0.22    243    243    243
 20.000   56.3290  0.5860 -0.28 209.97  2.24  0.52   93.4710  1.4180 -0.36    226    226    226
 20.500   51.9720  0.5500 -0.25 211.28  2.12  0.16   85.7010  1.2420 -0.31    212    212    212
 21.000   47.9080  0.5140 -0.22 212.63  2.06  0.09   78.4990  1.0870 -0.25    207    207    207
 21.500   44.2850  0.4840 -0.25 213.55  1.93 -0.26   72.2470  0.9510 -0.34    198    198    198
 22.000   40.9380  0.4550 -0.21 214.51  2.10  0.19   66.4890  0.9500 -0.58    196    196    196
 22.500   37.7650  0.4210 -0.24 215.24  1.83 -0.10   61.1260  0.8420 -0.56    192    192    192
 23.000   34.9430  0.3910 -0.26 216.32  1.84  0.14   56.2760  0.7720 -0.50    189    189    189
 23.500   32.3420  0.3650 -0.25 217.25  1.87 -0.22   51.8640  0.6760 -0.31    186    186    186
 24.000   29.8670  0.3420 -0.22 218.21  1.91 -0.27   47.6860  0.6340 -0.20    184    184    184
 24.500   27.6760  0.3290 -0.33 219.02  2.10 -0.35   44.0230  0.6090 -0.28    175    175    175
 25.000   25.6490  0.3100 -0.25 219.93  2.10 -0.36   40.6300  0.5540 -0.16    165    165    165
 25.500   23.6950  0.2820 -0.37 220.40  2.13 -0.47   37.4550  0.5130 -0.19    162    162    162
 26.000   21.9790  0.2750 -0.42 220.97  2.30 -0.37   34.6540  0.4990 -0.22    158    158    158
 26.500   20.3080  0.2580 -0.43 221.85  2.48 -0.27   31.8930  0.4850 -0.41    157    157    157
 27.000   18.8420  0.2440 -0.58 222.55  2.56 -0.11   29.4970  0.4340 -0.30    153    153    153
 27.500   17.4960  0.2270 -0.76 223.22  2.63 -0.00   27.3070  0.3880 -0.37    151    151    151
 28.000   16.1770  0.2150 -0.68 223.87  2.56 -0.07   25.1740  0.3450 -0.34    148    148    148
 28.500   15.0180  0.2110 -0.77 224.51  2.56 -0.15   23.3050  0.3250 -0.24    145    145    145
 29.000   13.9490  0.2000 -0.93 225.23  2.48 -0.68   21.5760  0.2760 -0.00    144    144    144
 29.500   12.9240  0.1810 -0.97 225.76  2.51 -0.90   19.9430  0.2620  0.11    139    139    139
 30.000   11.9990  0.1760 -1.15 226.19  2.59 -0.75   18.4800  0.2450  0.05    131    131    131
     T A B L E  II -  11.  T H E R M O D Y N A M I C  S T A T I S T I C A L  P A R A M E T E R S
                                  November
 Station =   72269      White Sands Missile Range
    Z      MEAN P   SD P  SKEWP MEAN T  SD T SKEWT    MEAN D    SD D SKEWD  NOBSP  NOBST  NOBSD
    KM       MB        MB      KELVIN KELVIN            G/M3    G/M3                           
  0.000 1020.0000  5.0000  0.00 290.00  5.00  0.00 1221.0000 25.0000  0.00    100    100    100
  1.251  876.5900 10.7630 -1.34 281.71  7.51  0.05 1082.6200 32.5050  0.19      0      0      0
  1.500  852.8530  5.0600 -0.28 283.46  5.38 -0.30 1046.4659 22.7990  0.38    653    653    653
  2.000  803.2620  4.4440 -0.43 281.33  5.23 -0.56  993.1470 19.6990  0.63    579    579    579
  2.500  755.8360  4.3120 -0.56 278.96  5.04 -0.64  942.6370 16.6390  0.74    653    653    653
  3.000  710.8940  4.4070 -0.64 276.65  4.84 -0.84  894.2120 13.7030  0.93    653    653    653
  3.500  668.2940  4.5870 -0.70 274.17  4.63 -1.05  848.4470 11.5030  1.13    653    653    653
  4.000  627.8100  4.7850 -0.77 271.51  4.53 -1.12  805.0420 10.0490  1.10    653    653    653
  4.500  589.4220  4.9780 -0.83 268.68  4.49 -1.18  763.8940  8.9690  1.18    653    653    653
  5.000  553.0440  5.1260 -0.88 265.52  4.42 -1.21  725.3280  7.9650  1.14    653    653    653
  5.500  518.4180  5.2590 -0.93 262.25  4.41 -1.03  688.4450  7.2350  0.81    642    642    642
  6.000  485.5870  5.3770 -0.94 258.87  4.30 -0.79  653.3240  6.4410  0.42    635    635    635
  6.500  454.4660  5.4490 -0.94 255.40  4.20 -0.68  619.7940  5.9570  0.05    633    633    633
  7.000  424.9440  5.4830 -0.92 251.75  4.07 -0.60  587.9400  5.5440 -0.09    620    620    620
  7.500  396.9850  5.4680 -0.92 248.06  3.99 -0.58  557.4680  5.3620 -0.27    618    618    618
  8.000  370.4360  5.4880 -0.87 244.27  3.97 -0.58  528.2580  5.3580 -0.63    604    604    604
  8.500  345.3120  5.4370 -0.84 240.48  3.93 -0.58  500.2070  5.4420 -0.82    584    584    584
  9.000  321.5970  5.2560 -0.76 236.74  3.80 -0.58  473.2210  5.3510 -0.94    575    575    575
  9.500  299.0440  5.1870 -0.69 232.98  3.71 -0.49  447.1640  5.4460 -1.08    570    570    570
 10.000  277.8010  5.0710 -0.64 229.49  3.58 -0.32  421.7190  5.9650 -1.20    548    548    548
 10.500  257.7590  4.8720 -0.59 226.13  3.41 -0.17  397.1300  6.6040 -1.20    543    543    543
 11.000  238.9250  4.6460 -0.54 222.90  3.37 -0.01  373.4620  7.3860 -1.24    535    535    535
 11.500  221.1990  4.3750 -0.47 219.94  3.45  0.22  350.4250  8.1300 -1.19    527    527    527
 12.000  204.6430  4.0400 -0.38 217.38  3.60  0.38  328.0530  8.6690 -0.96    518    518    518
 12.500  189.1490  3.7120 -0.29 215.21  3.79  0.34  306.3050  9.0340 -0.70    513    513    513
 13.000  174.6110  3.3180 -0.24 213.45  3.91  0.14  285.1180  8.8160 -0.53    493    493    493
 13.500  161.1820  2.9680 -0.20 212.00  3.76  0.06  264.9770  8.1220 -0.45    482    482    482
 14.000  148.7140  2.6380 -0.13 210.67  3.69  0.05  246.0290  7.5020 -0.29    477    477    477
 14.500  137.1710  2.3480 -0.09 209.22  3.60  0.20  228.5000  6.8530 -0.34    454    454    454
 15.000  126.4340  2.0680 -0.04 207.87  3.60  0.38  211.9900  6.3070 -0.35    434    434    434
 15.500  116.4770  1.8030  0.00 206.73  3.70  0.39  196.3760  5.8760 -0.28    423    423    423
 16.000  107.3010  1.5900  0.02 205.89  3.74  0.38  181.6450  5.3800 -0.25    415    415    415
 16.500   98.8720  1.3640  0.09 205.24  3.86  0.22  167.9070  4.9060 -0.17    391    391    391
 17.000   91.0120  1.1670  0.15 205.02  3.90  0.23  154.7260  4.4010 -0.10    343    343    343
 17.500   83.8030  1.0040  0.14 205.10  4.05  0.31  142.4190  4.0900 -0.13    332    332    332
 18.000   77.1410  0.8510  0.12 205.50  3.96  0.28  130.8360  3.5380  0.00    317    317    317
 18.500   71.0450  0.7220  0.05 206.02  3.65  0.09  120.1810  2.9370  0.23    300    300    300
 19.000   65.4460  0.6230  0.13 206.96  3.49  0.22  110.2000  2.4720  0.15    266    266    266
 19.500   60.2690  0.5420  0.17 207.90  3.27  0.11  101.0180  2.0130  0.14    235    235    235
 20.000   55.5540  0.4900  0.18 208.90  2.79 -0.04   92.6590  1.5730  0.46    234    234    234
 20.500   51.2340  0.4430  0.24 210.15  2.58  0.10   84.9450  1.2650  0.24    224    224    224
 21.000   47.2230  0.4160  0.31 211.17  2.63  0.14   77.9130  1.1320  0.19    216    216    216
 21.500   43.5980  0.3950  0.39 212.19  2.39 -0.03   71.5880  0.9860  0.22    212    212    212
 22.000   40.2760  0.3700  0.52 213.02  2.43  0.21   65.8740  0.8800  0.25    208    208    208
 22.500   37.1550  0.3420  0.66 213.71  2.17 -0.09   60.5720  0.7680  0.25    200    200    200
 23.000   34.3540  0.3260  0.67 214.44  2.06 -0.15   55.8130  0.6890  0.08    199    199    199
 23.500   31.7760  0.3040  0.75 215.33  1.92 -0.01   51.4120  0.5580  0.02    194    194    194
 24.000   29.3200  0.2900  0.74 216.07  2.01  0.38   47.2750  0.4870  0.19    192    192    192
 24.500   27.1430  0.2830  0.73 216.83  2.15  0.31   43.6120  0.4570  0.37    191    191    191
 25.000   25.1370  0.2680  0.73 217.68  2.40  0.25   40.2300  0.4440  0.41    184    184    184
 25.500   23.1980  0.2650  0.70 218.27  2.59  0.26   37.0280  0.4240 -0.12    179    179    179
 26.000   21.4980  0.2550  0.57 218.75  2.74  0.27   34.2400  0.4040 -0.18    176    176    176
 26.500   19.8620  0.2480  0.67 219.24  2.89  0.26   31.5630  0.4290 -0.30    173    173    173
 27.000   18.4100  0.2420  0.69 219.68  2.83  0.32   29.1960  0.4120  0.08    172    172    172
 27.500   17.0660  0.2310  0.43 220.11  3.00  0.57   27.0130  0.3960 -0.18    167    167    167
 28.000   15.7680  0.2210  0.58 220.47  3.16  0.36   24.9180  0.3960  0.12    165    165    165
 28.500   14.6260  0.2130  0.31 220.98  3.12  0.36   23.0600  0.3710  0.14    160    160    160
 29.000   13.5700  0.2090  0.28 221.57  3.31  0.46   21.3380  0.3510  0.14    154    154    154
 29.500   12.5420  0.2010  0.46 221.87  3.37  0.43   19.6950  0.3480  0.49    148    148    148
 30.000   11.6280  0.1840 -0.11 222.54  3.46  0.37   18.2050  0.3020  0.07    143    143    143
     T A B L E  II -  12.  T H E R M O D Y N A M I C  S T A T I S T I C A L  P A R A M E T E R S
                                  December
 Station =   72269      White Sands Missile Range
    Z      MEAN P   SD P  SKEWP MEAN T  SD T SKEWT    MEAN D    SD D SKEWD  NOBSP  NOBST  NOBSD
    KM       MB        MB      KELVIN KELVIN            G/M3    G/M3                           
  0.000 1020.0000  5.0000  0.00 290.00  5.00  0.00 1221.0000 25.0000  0.00    100    100    100
  1.251  876.5730 11.5100 -1.36 277.60  6.53  0.03 1098.7280 29.6080 -0.01      0      0      0
  1.500  852.9330  4.8110 -0.10 279.08  4.95 -0.33 1063.2710 21.1720  0.42    544    544    544
  2.000  802.4660  4.6160 -0.06 277.38  4.63 -0.17 1006.5840 17.5660  0.35    505    505    505
  2.500  754.4640  4.4970 -0.18 275.56  4.68 -0.34  952.8530 15.2900  0.58    544    544    544
  3.000  709.0670  4.5960 -0.25 273.49  4.77 -0.61  902.4950 13.3590  0.93    544    544    544
  3.500  666.0850  4.7940 -0.33 271.06  4.76 -0.74  855.5860 11.7230  1.08    544    544    544
  4.000  625.2750  5.0130 -0.39 268.46  4.67 -0.91  811.0610 10.2830  1.16    544    544    544
  4.500  586.5980  5.2130 -0.46 265.56  4.55 -1.01  769.2790  9.0050  1.32    543    543    543
  5.000  549.9860  5.4080 -0.52 262.39  4.55 -1.03  730.0320  8.0230  1.24    543    543    543
  5.500  515.1530  5.5710 -0.56 259.05  4.60 -1.01  692.6380  7.3610  0.90    535    535    535
  6.000  482.1350  5.7120 -0.61 255.57  4.68 -0.93  657.1120  6.8680  0.50    532    532    532
  6.500  450.8220  5.8500 -0.63 251.99  4.72 -0.86  623.1940  6.3090  0.21    528    528    528
  7.000  421.1610  5.9450 -0.66 248.40  4.70 -0.85  590.6190  5.8710 -0.06    510    510    510
  7.500  393.1900  5.8680 -0.68 244.91  4.47 -0.64  559.2550  5.4090 -0.34    510    510    510
  8.000  366.7490  5.8020 -0.72 241.44  4.14 -0.40  529.1370  5.3880 -0.32    497    497    497
  8.500  341.6110  5.7360 -0.71 237.92  3.98 -0.26  500.1890  5.8690 -0.44    470    470    470
  9.000  317.8060  5.6200 -0.66 234.47  3.96 -0.11  472.1990  6.8920 -0.90    466    466    466
  9.500  295.4460  5.5130 -0.63 231.08  4.16  0.24  445.4680  8.0620 -1.27    461    461    461
 10.000  274.2970  5.2950 -0.57 227.70  4.29  0.60  419.7440  8.7580 -1.35    444    444    444
 10.500  254.3860  5.0520 -0.51 224.65  4.41  0.80  394.5910  9.4550 -1.24    441    441    441
 11.000  235.7070  4.7770 -0.47 221.76  4.38  0.93  370.4010  9.8480 -1.06    438    438    438
 11.500  218.1620  4.4430 -0.41 219.24  4.46  0.84  346.8010 10.2460 -0.82    422    422    422
 12.000  201.7490  4.0810 -0.36 217.02  4.66  0.58  324.0280 10.4610 -0.60    418    418    418
 12.500  186.5250  3.7210 -0.35 215.43  4.82  0.27  301.8190 10.5110 -0.34    411    411    411
 13.000  172.3200  3.3190 -0.36 214.14  4.95  0.04  280.5420 10.0640 -0.16    392    392    392
 13.500  159.1360  2.9350 -0.37 213.15  4.75 -0.12  260.2700  9.1840 -0.03    390    390    390
 14.000  146.8540  2.6010 -0.34 212.32  4.37 -0.06  241.0980  8.0520 -0.11    388    388    388
 14.500  135.5160  2.2910 -0.35 211.32  4.04  0.22  223.5250  7.0160 -0.30    375    375    375
 15.000  125.0070  2.0100 -0.33 210.05  3.93  0.56  207.4230  6.2690 -0.46    358    358    358
 15.500  115.2290  1.7650 -0.27 208.78  3.84  0.72  192.3610  5.6510 -0.50    351    351    351
 16.000  106.1830  1.5390 -0.26 207.72  3.80  0.72  178.1620  5.0830 -0.47    338    338    338
 16.500   97.8400  1.3550 -0.30 207.05  3.84  0.67  164.6920  4.6340 -0.38    321    321    321
 17.000   90.1070  1.2000 -0.28 206.62  4.07  0.72  152.0010  4.3640 -0.41    273    273    273
 17.500   82.9980  1.0220 -0.28 206.61  4.28  0.73  140.0220  4.0470 -0.46    255    255    255
 18.000   76.4360  0.8790 -0.26 206.71  4.39  0.51  128.8870  3.6740 -0.38    244    244    244
 18.500   70.4650  0.7390 -0.37 206.94  3.92  0.34  118.6750  2.9610 -0.22    238    238    238
 19.000   64.9720  0.6310 -0.40 207.29  3.43  0.31  109.2230  2.3210 -0.27    201    201    201
 19.500   59.8470  0.5760 -0.44 207.83  3.19  0.35  100.3450  1.9400 -0.19    180    180    180
 20.000   55.1720  0.5290 -0.41 208.66  3.16  0.05   92.1350  1.6260 -0.17    169    169    169
 20.500   50.8840  0.4940 -0.43 209.46  2.93  0.12   84.6440  1.3430 -0.25    156    156    156
 21.000   46.9000  0.4690 -0.32 210.31  2.78  0.19   77.6990  1.1900 -0.11    146    146    146
 21.500   43.2910  0.4430 -0.35 211.21  2.57  0.07   71.4120  1.0180 -0.08    143    143    143
 22.000   39.9900  0.4000 -0.32 212.07  2.40 -0.04   65.6990  0.9110 -0.18    140    140    140
 22.500   36.8690  0.3820 -0.14 212.72  2.39 -0.05   60.3850  0.8260 -0.46    136    136    136
 23.000   34.0730  0.3610 -0.00 213.31  2.29  0.11   55.6500  0.7220 -0.55    134    134    134
 23.500   31.4950  0.3410 -0.03 214.06  2.21 -0.03   51.2600  0.6650 -0.49    134    134    134
 24.000   29.0660  0.3170  0.15 214.69  2.14 -0.20   47.1680  0.6160 -0.41    131    131    131
 24.500   26.8850  0.2900  0.36 215.30  2.27 -0.02   43.5050  0.6210 -0.68    129    129    129
 25.000   24.8740  0.2680  0.44 215.70  2.61 -0.47   40.1770  0.6210 -0.25    128    128    128
 25.500   22.9420  0.2330  0.25 216.27  2.62 -1.00   36.9590  0.5490  0.10    124    124    124
 26.000   21.2450  0.2230  0.35 216.75  2.90 -1.03   34.1500  0.5240  0.30    122    122    122
 26.500   19.6160  0.2110  0.28 217.31  3.15 -0.99   31.4510  0.5150  0.30    119    119    119
 27.000   18.1540  0.2030  0.19 218.04  3.33 -0.74   29.0110  0.4780  0.05    118    118    118
 27.500   16.8220  0.1920  0.02 218.73  3.58 -0.37   26.7970  0.4450 -0.32    116    116    116
 28.000   15.5350  0.1870  0.11 219.44  3.91  0.34   24.6680  0.4420 -0.83    114    114    114
 28.500   14.3950  0.1720 -0.05 219.98  4.17  0.58   22.8030  0.3950 -0.89    112    112    112
 29.000   13.3510  0.1760 -0.11 220.60  4.07  0.85   21.0880  0.3720 -0.61    108    108    108
 29.500   12.3440  0.1610 -0.33 221.38  4.27  1.17   19.4300  0.3540 -0.91     98     98     98
 30.000   11.4470  0.1610 -0.34 221.92  3.80  0.71   17.9730  0.2980 -0.03     94     94     94
     T A B L E  II -  13.  T H E R M O D Y N A M I C  S T A T I S T I C A L  P A R A M E T E R S
                                    Annual
 Station =   72269      White Sands Missile Range
    Z      MEAN P   SD P  SKEWP MEAN T  SD T SKEWT    MEAN D    SD D SKEWD  NOBSP  NOBST  NOBSD
    KM       MB        MB      KELVIN KELVIN            G/M3    G/M3                           
  0.000 1020.0000  5.0000  0.00 290.00  5.00  0.00 1221.0000 25.0000  0.00    100    100    100
  1.251  873.6290 11.5940 -1.87 288.79 10.18 -0.14 1051.8080 41.1040  0.27      0      0      0
  1.500  851.4840  4.2600 -0.07 289.27  8.39 -0.28 1023.2290 31.9670  0.48   8915   8915   8915
  2.000  802.7290  4.1580 -0.46 286.52  7.82 -0.30  973.9570 26.7890  0.45   8091   8091   8091
  2.500  756.1460  4.4720 -0.62 283.34  7.33 -0.32  927.8610 22.3210  0.43   8909   8909   8909
  3.000  711.8150  4.9740 -0.63 280.05  6.84 -0.38  883.9060 18.3490  0.45   8915   8915   8915
  3.500  669.6240  5.4940 -0.62 276.68  6.36 -0.46  841.8200 14.8820  0.50   8915   8915   8915
  4.000  629.3960  5.9560 -0.61 273.30  5.98 -0.56  801.2020 12.1230  0.61   8915   8915   8915
  4.500  591.1380  6.3420 -0.61 269.93  5.71 -0.65  762.0850 10.0190  0.73   8899   8899   8899
  5.000  554.8350  6.6630 -0.62 266.60  5.60 -0.71  724.4000  8.5370  0.77   8883   8883   8883
  5.500  520.3120  6.9000 -0.63 263.30  5.62 -0.69  687.9740  7.5720  0.61   8590   8590   8590
  6.000  487.5080  7.1160 -0.64 259.97  5.77 -0.62  652.9800  6.9670  0.45   8413   8413   8413
  6.500  456.4610  7.3060 -0.65 256.64  5.97 -0.55  619.4310  6.4960  0.30   8356   8356   8356
  7.000  426.9700  7.4750 -0.64 253.19  6.18 -0.47  587.3660  6.0780  0.20   8166   8166   8166
  7.500  399.0130  7.6120 -0.63 249.67  6.29 -0.38  556.6910  5.5990  0.07   8136   8136   8136
  8.000  372.5410  7.7230 -0.60 246.06  6.34 -0.29  527.4010  5.2530 -0.05   7947   7947   7947
  8.500  347.4560  7.7920 -0.57 242.41  6.35 -0.21  499.3150  5.1260 -0.35   7520   7520   7520
  9.000  323.7010  7.8030 -0.52 238.75  6.30 -0.15  472.3200  5.1710 -0.87   7436   7436   7436
  9.500  301.2940  7.7930 -0.47 235.12  6.20 -0.09  446.4200  5.4810 -1.45   7350   7350   7350
 10.000  280.0660  7.7160 -0.41 231.55  6.02 -0.05  421.3680  6.0440 -1.91   7117   7117   7117
 10.500  260.0570  7.5840 -0.35 228.14  5.76 -0.04  397.1050  6.8010 -2.03   7043   7043   7043
 11.000  241.2490  7.4120 -0.29 224.95  5.44 -0.09  373.6150  7.7530 -1.89   6941   6941   6941
 11.500  223.5360  7.1520 -0.22 222.08  5.07 -0.19  350.6800  8.8040 -1.60   6750   6750   6750
 12.000  206.9490  6.8180 -0.16 219.55  4.66 -0.26  328.4130  9.7320 -1.27   6667   6667   6667
 12.500  191.4340  6.4230 -0.09 217.36  4.28 -0.31  306.8910 10.4940 -0.92   6571   6571   6571
 13.000  176.9140  5.9660 -0.03 215.44  3.88 -0.23  286.1660 10.9240 -0.64   6346   6346   6346
 13.500  163.3800  5.4690  0.01 213.64  3.64  0.09  266.5290 11.0360 -0.41   6256   6256   6256
 14.000  150.7780  4.9790  0.06 211.93  3.69  0.34  247.9990 10.9690 -0.21   6145   6145   6145
 14.500  139.0970  4.4880  0.09 210.22  3.93  0.41  230.6770 10.6760 -0.09   5785   5785   5785
 15.000  128.2240  4.0060  0.11 208.58  4.20  0.37  214.3390 10.1670 -0.01   5457   5457   5457
 15.500  118.1360  3.5530  0.13 207.20  4.37  0.29  198.8050  9.4370  0.04   5325   5325   5325
 16.000  108.8220  3.1440  0.14 206.17  4.38  0.29  184.0380  8.5350  0.04   5179   5179   5179
 16.500  100.3100  2.7870  0.09 205.44  4.26  0.33  170.2380  7.5390 -0.02   4934   4934   4934
 17.000   92.2870  2.4700  0.12 205.27  4.00  0.41  156.7270  6.4570 -0.06   4411   4411   4411
 17.500   84.9520  2.2070  0.16 205.53  3.72  0.46  144.0730  5.4820 -0.14   4179   4179   4179
 18.000   78.2240  1.9870  0.17 206.07  3.47  0.37  132.3010  4.6160 -0.20   3966   3966   3966
 18.500   72.0710  1.8060  0.19 206.87  3.11  0.04  121.4020  3.7880 -0.21   3839   3839   3839
 19.000   66.4370  1.6680  0.20 207.80  2.88 -0.30  111.3990  3.1390 -0.20   3445   3445   3445
 19.500   61.2030  1.5400  0.22 208.73  2.88 -0.49  102.1590  2.6560 -0.15   3150   3150   3150
 20.000   56.4520  1.4420  0.22 209.84  2.78 -0.65   93.7250  2.2550 -0.12   3074   3074   3074
 20.500   52.1030  1.3590  0.21 210.93  2.76 -0.79   86.0510  1.9980 -0.03   2948   2948   2948
 21.000   48.0370  1.2730  0.20 211.95  2.75 -0.80   78.9530  1.8160  0.04   2849   2849   2849
 21.500   44.3710  1.2030  0.19 212.89  2.63 -0.82   72.6030  1.6340  0.09   2804   2804   2804
 22.000   41.0080  1.1370  0.18 213.82  2.66 -0.77   66.8100  1.5070  0.13   2732   2732   2732
 22.500   37.8340  1.0660  0.17 214.70  2.66 -0.70   61.3850  1.3790  0.19   2658   2658   2658
 23.000   34.9860  1.0110  0.16 215.57  2.74 -0.64   56.5330  1.2630  0.22   2627   2627   2627
 23.500   32.3710  0.9630  0.14 216.42  2.81 -0.63   52.1010  1.1730  0.23   2577   2577   2577
 24.000   29.8890  0.9020  0.13 217.30  2.92 -0.56   47.9110  1.0850  0.23   2548   2548   2548
 24.500   27.6740  0.8630  0.11 218.10  3.01 -0.51   44.1980  1.0290  0.22   2530   2530   2530
 25.000   25.6340  0.8220  0.09 218.91  3.17 -0.47   40.7870  0.9800  0.20   2452   2452   2452
 25.500   23.6790  0.7750  0.08 219.75  3.25 -0.44   37.5330  0.9130  0.19   2379   2379   2379
 26.000   21.9460  0.7380  0.08 220.50  3.37 -0.41   34.6670  0.8650  0.17   2345   2345   2345
 26.500   20.2820  0.6950  0.06 221.34  3.54 -0.43   31.9170  0.8150  0.15   2287   2287   2287
 27.000   18.8090  0.6630  0.05 222.14  3.52 -0.43   29.4920  0.7730  0.14   2260   2260   2260
 27.500   17.4500  0.6320  0.04 222.93  3.61 -0.45   27.2640  0.7410  0.10   2207   2207   2207
 28.000   16.1360  0.5950  0.02 223.80  3.76 -0.42   25.1140  0.7100  0.05   2154   2154   2154
 28.500   14.9830  0.5690 -0.01 224.61  3.88 -0.43   23.2340  0.6800 -0.02   2122   2122   2122
 29.000   13.9220  0.5430 -0.02 225.48  3.96 -0.40   21.5060  0.6540 -0.04   2045   2045   2045
 29.500   12.8820  0.5090 -0.04 226.35  4.06 -0.38   19.8250  0.6280 -0.06   1964   1964   1964
 30.000   11.9750  0.4880 -0.05 227.21  4.11 -0.42   18.3580  0.6070 -0.06   1913   1913   1913
