 0 2 HMN722696   32.38N  106.48W1246 1691278   11281  30  70                                        
1    T A B L E  II - 13.  T H E R M O D Y N A M I C  S T A T I S T I C A L  P A R A M E T E R S     
                                              ANNUAL                                                
 STATION =   722696     WHITE SANDS, NM                                                             
    Z      MEAN P   SD P  SKEWP MEAN T  SD T SKEWT    MEAN D    SD D SKEWD  NOBSP  NOBST  NOBSD     
    KM       MB        MB       DEG K  DEG K            G/M3    G/M3                                
  0.000 1013.7000  8.6711  0.54 293.91 13.08 -0.21 1199.0000 65.6300  0.46  4493.  4493.  4493.     
  1.000  901.4900  4.7996  0.20 288.97 10.36 -0.14 1084.0000 43.4900  0.35  4493.  4493.  4493.     
  1.246  875.4500  4.3795  0.01 287.75  9.78 -0.13 1058.0000 39.1000  0.33  4638.  4640.  4638.     
  2.000  801.2400  4.2185 -0.57 285.89  7.80 -0.33  974.3000 26.4700  0.45  4632.  4632.  4632.     
  3.000  710.2100  5.1128 -0.63 279.10  6.97 -0.40  885.0000 18.5600  0.45  4625.  4625.  4625.     
  4.000  627.7300  6.1674 -0.60 272.38  6.17 -0.54  801.8000 12.3300  0.55  4598.  4598.  4598.     
  5.000  553.2000  6.9111 -0.62 265.69  5.85 -0.62  724.7000  8.8200  0.58  4564.  4564.  4564.     
  6.000  485.8401  7.4642 -0.59 258.93  6.01 -0.51  653.3000  7.0980  0.36  4516.  4516.  4516.     
  7.000  425.2000  7.7768 -0.55 252.02  6.28 -0.32  587.6001  5.9860  0.13  4477.  4477.  4477.     
  8.000  370.8301  7.9190 -0.48 244.89  6.36 -0.16  527.3999  5.2160 -0.17  4446.  4446.  4446.     
  9.000  322.0100  7.9257 -0.38 237.59  6.21  0.02  472.1001  4.8990 -0.72  4395.  4395.  4395.     
 10.000  278.4399  7.8126 -0.27 230.46  5.80  0.16  420.8999  5.6650 -1.66  4322.  4322.  4322.     
 11.000  239.8500  7.4764 -0.15 224.01  5.02  0.17  373.0000  7.4310 -1.74  4195.  4195.  4195.     
 12.000  205.7000  6.7202 -0.06 218.44  4.50 -0.22  328.1001  9.2680 -1.34  4154.  4154.  4154.     
 13.000  175.9400  5.9811  0.02 214.54  3.72 -0.23  285.8000 10.6500 -0.63  4026.  4026.  4026.     
 14.000  150.0300  5.0223  0.06 211.52  3.47  0.26  247.2000 10.7100 -0.15  3864.  3864.  3864.     
 15.000  127.7100  4.0403  0.08 208.75  3.90  0.24  213.3000  9.7830  0.05  3710.  3710.  3710.     
 16.000  108.3700  3.2675  0.09 207.16  3.89  0.22  182.4000  8.0970  0.09  3444.  3444.  3444.     
 17.000   91.9950  2.6180  0.06 206.82  3.52  0.22  155.0000  6.1570  0.01  3270.  3270.  3270.     
 18.000   78.1090  2.1548  0.05 207.91  3.11  0.00  130.9000  4.3390 -0.12  3210.  3210.  3210.     
 19.000   66.3900  1.8409  0.06 209.98  2.78 -0.41  110.2000  3.0630 -0.11  3098.  3098.  3098.     
 20.000   56.5500  1.6157  0.05 212.14  2.70 -0.61   92.8600  2.3390 -0.08  3011.  3011.  3011.     
 21.000   48.2480  1.4282  0.02 214.16  2.84 -0.58   78.4800  1.8880 -0.07  2908.  2908.  2908.     
 22.000   41.2340  1.2722  0.00 215.93  2.96 -0.59   66.5200  1.6030 -0.10  2845.  2845.  2845.     
 23.000   35.2640  1.1417 -0.02 217.61  3.00 -0.58   56.4500  1.3780 -0.05  2709.  2709.  2709.     
 24.000   30.2170  1.0232 -0.07 219.34  3.16 -0.60   47.9900  1.2270 -0.07  2643.  2643.  2643.     
 25.000   25.9100  0.9100 -0.09 220.96  3.26 -0.58   40.8400  1.0820 -0.08  2514.  2514.  2514.     
 26.000   22.2240  0.8189 -0.08 222.46  3.43 -0.53   34.8000  0.9536 -0.06  2374.  2374.  2374.     
 27.000   19.1130  0.7372 -0.12 224.11  3.56 -0.43   29.7000  0.8579 -0.07  2146.  2146.  2146.     
 28.000   16.4260  0.6554 -0.11 225.64  3.67 -0.44   25.3600  0.7655 -0.08  2089.  2089.  2089.     
 29.000   14.1770  0.5872 -0.17 227.35  3.72 -0.26   21.7200  0.6956 -0.11  1465.  1465.  1465.     
 30.000   12.1000  0.5063  0.06 228.85  4.74 -0.13   18.4400  0.6396 -0.18  1605.  1696.  1542.     
 32.000    9.0310  0.4068  0.06 233.03  5.23 -0.15   13.5100  0.5204 -0.19  1590.  1687.  1560.     
 34.000    6.7750  0.3249  0.05 237.58  5.75  0.00    9.9380  0.4251 -0.18  1603.  1703.  1586.     
 36.000    5.1130  0.2609  0.04 242.32  6.29 -0.09    7.3550  0.3492 -0.17  1592.  1692.  1589.     
 38.000    3.8820  0.2089  0.02 247.64  6.73  0.13    5.4640  0.2718 -0.18  1589.  1690.  1589.     
 40.000    2.9650  0.1680  0.02 253.46  7.04  0.00    4.0770  0.2109 -0.16  1587.  1688.  1587.     
 42.000    2.2800  0.1364 -0.01 259.10  7.04 -0.12    3.0650  0.1676 -0.13  1585.  1682.  1585.     
 44.000    1.7620  0.1104 -0.01 263.85  6.45 -0.17    2.3260  0.1339 -0.13  1581.  1651.  1581.     
 46.000    1.3680  0.0887 -0.02 266.70  6.19 -0.05    1.7850  0.1073 -0.13  1576.  1613.  1576.     
 48.000    1.0630  0.0716  0.00 267.85  6.07  0.11    1.3820  0.0853 -0.09  1563.  1590.  1563.     
 50.000    0.8280  0.0575 -0.01 267.34  6.03  0.05    1.0780  0.0677 -0.08  1562.  1601.  1562.     
 52.000    0.6430  0.0462  0.00 265.50  6.09 -0.10    0.8440  0.0541 -0.04  1542.  1603.  1542.     
 54.000    0.4990  0.0373  0.00 262.94  6.16 -0.12    0.6610  0.0439 -0.04  1523.  1612.  1523.     
 56.000    0.3860  0.0301  0.02 259.87  6.42 -0.13    0.5170  0.0358 -0.07  1484.  1569.  1484.     
 58.000    0.2980  0.0242  0.02 256.95  6.67 -0.14    0.4030  0.0296 -0.05  1420.  1513.  1420.     
 60.000    0.2290  0.0193  0.02 253.30  7.45 -0.11    0.3150  0.0241 -0.06  1314.  1399.  1314.     
 62.000    0.1760  0.0152  0.01 249.36  8.39 -0.07    0.2460  0.0192 -0.05  1118.  1193.  1118.     
 64.000    0.1340  0.0121  0.00 245.07  9.51 -0.06    0.1900  0.0157 -0.12   864.   920.   864.     
 66.000    0.1010  0.0097 -0.07 240.89 11.10 -0.25    0.1470  0.0129 -0.18   564.   597.   564.     
 68.000    0.0760  0.0079 -0.15 235.89 14.02 -0.20    0.1130  0.0101 -0.06   388.   412.   388.     
 70.000    0.0560  0.0065 -0.27 228.88 14.99  0.03    0.0860  0.0082 -0.24   262.   276.   262.     
1    T A B L E  II -  1.  T H E R M O D Y N A M I C  S T A T I S T I C A L  P A R A M E T E R S     
                                              JANUARY                                               
 STATION =   722696     WHITE SANDS, NM                                                             
    Z      MEAN P   SD P  SKEWP MEAN T  SD T SKEWT    MEAN D    SD D SKEWD  NOBSP  NOBST  NOBSD     
    KM       MB        MB       DEG K  DEG K            G/M3    G/M3                                
  0.000 1021.6001  9.0775 -0.24 280.46 10.64  0.27 1268.0000 58.9000 -0.11   329.   329.   329.     
  1.000  903.8899  5.3868 -0.11 277.81  7.47  0.15 1132.0000 35.4300 -0.04   329.   329.   329.     
  1.246  876.9900  4.8866 -0.04 276.95  6.77  0.10 1102.0000 30.8800 -0.01   348.   348.   348.     
  2.000  800.3301  4.1375 -0.04 277.70  5.21 -0.98 1003.0000 20.1900  0.89   348.   348.   348.     
  3.000  707.1201  4.1898 -0.26 272.66  5.00 -0.85  902.6001 14.4900  0.90   347.   347.   347.     
  4.000  623.2300  4.6670 -0.45 267.32  4.71 -0.41  811.7000 10.4100  0.32   345.   345.   345.     
  5.000  547.8601  5.1809 -0.51 261.09  4.54 -0.31  730.7000  8.0810  0.15   340.   340.   340.     
  6.000  479.9700  5.4018 -0.51 254.16  4.38 -0.30  657.7000  6.4520  0.12   330.   330.   330.     
  7.000  418.9099  5.5981 -0.51 246.71  4.33 -0.29  591.3999  5.3440  0.00   322.   322.   322.     
  8.000  364.2800  5.6206 -0.45 239.23  4.21 -0.15  530.3999  4.8300 -0.49   316.   316.   316.     
  9.000  315.2500  5.4136 -0.35 231.76  3.79  0.01  473.8999  4.9990 -0.93   308.   308.   308.     
 10.000  271.5200  5.1199 -0.27 224.80  3.24  0.01  420.8000  6.3920 -1.30   295.   295.   295.     
 11.000  232.9700  4.6069 -0.14 219.39  3.16  0.32  370.0000  8.5270 -1.04   282.   282.   282.     
 12.000  199.3400  3.8999 -0.04 215.43  4.76  0.47  322.5000 10.4400 -0.52   277.   277.   277.     
 13.000  170.1300  3.1878  0.05 213.97  4.99 -0.05  277.2000  9.6650  0.24   267.   267.   267.     
 14.000  145.0000  2.5366  0.02 212.47  4.03 -0.35  237.9000  7.3000  0.49   253.   253.   253.     
 15.000  123.5600  1.9738 -0.05 210.13  3.58 -0.33  204.9000  5.8340  0.29   235.   235.   235.     
 16.000  104.9200  1.4986 -0.03 207.78  3.72 -0.42  176.0000  4.9280  0.38   227.   227.   227.     
 17.000   89.0630  1.1608 -0.01 206.75  3.89 -0.33  150.1000  4.0830  0.36   212.   212.   212.     
 18.000   75.5600  0.9119 -0.01 206.79  4.12 -0.23  127.4000  3.3270  0.36   204.   204.   204.     
 19.000   64.1560  0.7454  0.00 207.88  3.68 -0.36  107.5000  2.2840  0.29   200.   200.   200.     
 20.000   54.5130  0.6530  0.08 209.26  3.31 -0.41   90.7700  1.5870  0.29   189.   189.   189.     
 21.000   46.3930  0.5853  0.02 210.75  3.16 -0.36   76.7000  1.1760  0.29   178.   178.   178.     
 22.000   39.5330  0.5402  0.08 212.42  3.13 -0.28   64.8400  0.9756  0.20   165.   165.   165.     
 23.000   33.7240  0.5007  0.08 213.82  3.10 -0.19   54.9500  0.7793 -0.27   162.   162.   162.     
 24.000   28.7980  0.4565  0.19 215.26  3.37  0.04   46.6100  0.7005 -0.48   149.   149.   149.     
 25.000   24.6370  0.4205  0.07 217.02  3.28  0.26   39.5500  0.6050 -0.10   137.   137.   137.     
 26.000   21.0960  0.3803  0.12 218.50  3.08  0.52   33.6400  0.5110  0.24   134.   134.   134.     
 27.000   18.0910  0.3485  0.09 220.08  3.30  0.68   28.6400  0.4789  0.25   119.   119.   119.     
 28.000   15.5300  0.3069  0.23 221.62  3.72  0.68   24.4100  0.4502  0.09   117.   117.   117.     
 29.000   13.3010  0.2774  0.50 222.90  3.08 -0.01   20.7900  0.4046  0.42    73.    73.    73.     
 30.000   11.6020  0.2579  0.01 226.70  4.88  0.18   17.9000  0.4807 -0.41   166.   174.   150.     
 32.000    8.6340  0.1995 -0.27 229.79  5.31  0.02   13.1100  0.3373 -0.09   159.   167.   154.     
 34.000    6.4480  0.1636 -0.26 234.28  5.90  0.48    9.5960  0.2889 -0.57   160.   168.   155.     
 36.000    4.8540  0.1383 -0.05 240.18  6.87  0.59    7.0480  0.2428 -0.23   157.   165.   156.     
 38.000    3.6770  0.1108 -0.01 246.21  7.67  0.68    5.2070  0.1866 -0.21   156.   164.   156.     
 40.000    2.8050  0.0943  0.30 252.62  8.60  0.34    3.8720  0.1446 -0.29   156.   164.   156.     
 42.000    2.1560  0.0826  0.58 258.78  8.17  0.28    2.9030  0.1085 -0.23   155.   164.   155.     
 44.000    1.6670  0.0698  0.73 264.41  8.37  0.20    2.1940  0.0911 -0.38   155.   157.   155.     
 46.000    1.2940  0.0583  0.85 267.40  7.55  0.49    1.6840  0.0696 -0.17   153.   153.   153.     
 48.000    1.0070  0.0482  0.91 267.75  5.94  0.01    1.3080  0.0557  0.52   153.   156.   153.     
 50.000    0.7830  0.0396  0.91 265.62  5.26  0.28    1.0250  0.0459  0.62   152.   155.   152.     
 52.000    0.6070  0.0322  0.91 261.53  5.75 -0.07    0.8080  0.0395  0.72   150.   160.   150.     
 54.000    0.4690  0.0260  0.96 258.34  5.80 -0.04    0.6320  0.0316  0.71   148.   158.   148.     
 56.000    0.3610  0.0212  0.97 255.17  5.94 -0.05    0.4920  0.0265  0.76   141.   148.   141.     
 58.000    0.2770  0.0174  0.96 253.09  7.27  0.26    0.3820  0.0222  0.59   132.   139.   132.     
 60.000    0.2130  0.0145  0.89 250.84  8.60  0.30    0.2950  0.0182  0.73   118.   123.   118.     
 62.000    0.1620  0.0117  0.74 247.98 10.12  0.31    0.2280  0.0134  0.58    92.    97.    92.     
 64.000    0.1230  0.0096  0.47 245.12 11.46 -0.03    0.1760  0.0106  0.40    67.    72.    67.     
 66.000    0.0930  0.0074 -0.16 243.18 13.92 -0.48    0.1340  0.0073 -0.06    47.    51.    47.     
 68.000    0.0700  0.0066 -0.24 241.19 15.74 -0.40    0.1010  0.0058 -0.14    35.    39.    35.     
 70.000    0.0520  0.0063  0.11 234.11 16.17 -0.24    0.0770  0.0056 -0.06    23.    26.    23.     
1    T A B L E  II -  2.  T H E R M O D Y N A M I C  S T A T I S T I C A L  P A R A M E T E R S     
                                              FEBRUARY                                              
 STATION =   722696     WHITE SANDS, NM                                                             
    Z      MEAN P   SD P  SKEWP MEAN T  SD T SKEWT    MEAN D    SD D SKEWD  NOBSP  NOBST  NOBSD     
    KM       MB        MB       DEG K  DEG K            G/M3    G/M3                                
  0.000 1018.5000  8.3482  0.00 284.27 10.07  0.25 1247.0000 53.0600 -0.06   379.   379.   379.     
  1.000  902.3601  5.3917 -0.05 279.94  7.17  0.40 1122.0000 32.1100 -0.19   379.   379.   379.     
  1.246  875.4500  5.0085 -0.08 278.85  6.51  0.44 1092.0000 27.9000 -0.22   386.   386.   386.     
  2.000  799.0200  4.5622 -0.17 277.47  4.89 -0.20 1002.0000 17.9500  0.32   385.   385.   385.     
  3.000  705.7000  4.6239 -0.19 271.30  4.60 -0.40  905.3000 12.8600  0.43   384.   384.   384.     
  4.000  621.5801  5.0515 -0.29 265.34  4.44 -0.61  815.6001  9.4580  0.53   381.   381.   381.     
  5.000  545.9299  5.5387 -0.43 258.98  4.55 -0.84  734.1001  7.7700  0.64   370.   370.   370.     
  6.000  477.7600  5.7772 -0.51 252.00  4.63 -0.94  660.3000  6.6340  0.47   367.   367.   367.     
  7.000  416.6499  5.7696 -0.56 244.88  4.19 -0.72  592.7000  5.1340 -0.25   359.   359.   359.     
  8.000  361.8601  5.7243 -0.57 237.64  3.86 -0.41  530.3999  5.5130 -0.80   355.   355.   355.     
  9.000  312.8799  5.4096 -0.48 230.65  3.37  0.14  472.6001  6.7550 -1.00   347.   347.   347.     
 10.000  269.3899  4.8499 -0.32 224.48  3.33  0.68  418.1001  8.8720 -1.03   338.   338.   338.     
 11.000  231.1500  4.1844 -0.07 220.17  4.07  0.72  365.8999 10.2600 -0.72   326.   326.   326.     
 12.000  197.9100  3.5307  0.21 217.63  5.46 -0.06  317.0000 10.8200 -0.10   309.   309.   309.     
 13.000  169.1500  2.9085  0.52 216.45  4.91 -0.68  272.3999  8.4520  0.31   296.   296.   296.     
 14.000  144.3900  2.4165  0.66 214.24  3.64 -0.58  234.9000  6.2040  0.30   279.   279.   279.     
 15.000  123.1100  2.0170  0.63 211.64  3.20 -0.21  202.7000  5.3420  0.54   263.   263.   263.     
 16.000  104.6100  1.4787  0.51 209.26  3.18  0.04  174.2000  4.3810  0.38   252.   252.   252.     
 17.000   88.9130  1.1546  0.55 208.01  3.24  0.02  149.0000  3.5930  0.54   241.   241.   241.     
 18.000   75.5180  0.9186  0.38 207.89  3.27 -0.10  126.6000  2.8240  0.67   231.   231.   231.     
 19.000   64.1730  0.7673  0.26 208.95  3.09 -0.14  107.0000  2.0810  0.61   231.   231.   231.     
 20.000   54.5850  0.6602  0.25 210.50  2.71 -0.14   90.3500  1.4170  0.21   226.   226.   226.     
 21.000   46.4920  0.6004  0.26 212.03  2.62 -0.05   76.3900  1.1020  0.04   218.   218.   218.     
 22.000   39.6470  0.5552  0.26 213.60  2.90  0.14   64.6700  0.9352 -0.26   206.   206.   206.     
 23.000   33.8520  0.5038  0.31 215.03  2.68  0.15   54.8500  0.7617 -0.48   203.   203.   203.     
 24.000   28.9240  0.4679  0.43 216.56  2.83  0.14   46.5300  0.7244 -0.42   192.   192.   192.     
 25.000   24.7650  0.4288  0.40 218.22  2.89 -0.05   39.5400  0.6808 -0.38   181.   181.   181.     
 26.000   21.2100  0.3819  0.42 219.75  3.13  0.07   33.6300  0.6008 -0.19   177.   177.   177.     
 27.000   18.1850  0.3449  0.33 221.42  3.15  0.19   28.6100  0.5135  0.11   158.   158.   158.     
 28.000   15.6220  0.3079  0.34 223.16  3.28  0.45   24.3900  0.4385  0.20   156.   156.   156.     
 29.000   13.4470  0.2747  0.23 224.90  3.14  0.50   20.8300  0.3765  0.24   114.   114.   114.     
 30.000   11.5960  0.2409 -0.36 227.07  4.76 -0.08   17.8000  0.4306 -0.30   156.   163.   152.     
 32.000    8.6420  0.1971 -0.48 232.98  5.88  0.16   12.9300  0.3885 -0.25   155.   163.   154.     
 34.000    6.4880  0.1592 -0.38 238.59  6.57 -0.08    9.4810  0.3076 -0.18   154.   162.   154.     
 36.000    4.9060  0.1337 -0.18 245.11  6.99 -0.13    6.9740  0.2316 -0.44   154.   161.   154.     
 38.000    3.7380  0.1115  0.05 251.35  8.39  0.13    5.1840  0.1848 -0.41   154.   161.   154.     
 40.000    2.8670  0.0978  0.13 256.56  8.96  0.01    3.8940  0.1325 -0.60   154.   162.   154.     
 42.000    2.2110  0.0853  0.15 261.78  8.48 -0.27    2.9400  0.0945  0.02   154.   160.   154.     
 44.000    1.7120  0.0740  0.05 264.93  6.83 -0.23    2.2490  0.0813  0.17   154.   157.   154.     
 46.000    1.3300  0.0613  0.00 266.18  6.20  0.43    1.7380  0.0711  0.15   154.   156.   154.     
 48.000    1.0320  0.0501  0.00 265.81  5.73  0.38    1.3510  0.0589  0.26   151.   153.   151.     
 50.000    0.8020  0.0404  0.00 264.18  6.12  0.19    1.0570  0.0471 -0.03   150.   154.   150.     
 52.000    0.6210  0.0332  0.07 262.37  6.59  0.14    0.8250  0.0385 -0.25   149.   153.   149.     
 54.000    0.4800  0.0274  0.19 260.02  6.27  0.27    0.6440  0.0325 -0.37   147.   154.   147.     
 56.000    0.3710  0.0225  0.35 257.68  6.82 -0.20    0.5010  0.0268 -0.35   144.   149.   144.     
 58.000    0.2860  0.0178  0.48 255.87  7.18 -0.18    0.3890  0.0205 -0.03   135.   143.   135.     
 60.000    0.2190  0.0142  0.19 253.91  7.34 -0.23    0.3010  0.0167 -0.10   126.   134.   126.     
 62.000    0.1700  0.0116  0.10 251.70  7.91 -0.33    0.2350  0.0131  0.04    95.   103.    95.     
 64.000    0.1310  0.0097 -0.02 249.46  8.35 -0.64    0.1830  0.0102  0.16    71.    79.    71.     
 66.000    0.1020  0.0066 -0.20 247.05  7.24 -0.36    0.1430  0.0079  0.09    43.    51.    43.     
 68.000    0.0770  0.0043 -0.01 242.69  8.23 -1.44    0.1110  0.0077  0.77    25.    31.    25.     
 70.000    0.0580  0.0028 -0.89 238.44  7.31 -1.26    0.0850  0.0045 -0.50    17.    21.    17.     
1    T A B L E  II -  3.  T H E R M O D Y N A M I C  S T A T I S T I C A L  P A R A M E T E R S     
                                              MARCH                                                 
 STATION =   722696     WHITE SANDS, NM                                                             
    Z      MEAN P   SD P  SKEWP MEAN T  SD T SKEWT    MEAN D    SD D SKEWD  NOBSP  NOBST  NOBSD     
    KM       MB        MB       DEG K  DEG K            G/M3    G/M3                                
  0.000 1015.2000  7.9447  0.03 287.77  9.98  0.24 1227.0000 51.1300  0.02   396.   396.   396.     
  1.000  900.6699  5.1524 -0.19 282.73  7.33  0.37 1108.0000 31.7400 -0.09   396.   396.   396.     
  1.246  874.1101  4.8017 -0.24 281.69  6.91  0.38 1080.0000 28.3800 -0.10   411.   411.   411.     
  2.000  798.3899  4.5659 -0.47 279.64  5.79 -0.01  993.3999 19.9400  0.13   411.   411.   411.     
  3.000  705.7100  4.8917 -0.52 272.75  5.47 -0.24  900.5000 14.6700  0.28   411.   411.   411.     
  4.000  621.8401  5.5563 -0.48 266.00  5.10 -0.46  813.8999 10.2200  0.51   411.   411.   411.     
  5.000  546.2900  6.1532 -0.54 259.30  4.89 -0.59  733.6001  7.5340  0.47   408.   408.   408.     
  6.000  478.1201  6.4478 -0.55 252.35  4.71 -0.62  659.8999  5.8830  0.21   406.   406.   406.     
  7.000  416.9500  6.5417 -0.55 245.10  4.59 -0.49  592.5000  5.0870 -0.58   403.   403.   403.     
  8.000  362.3999  6.3429 -0.46 237.93  4.32 -0.33  530.6001  4.9960 -0.91   393.   393.   393.     
  9.000  313.4800  6.0275 -0.40 230.90  3.78  0.03  472.8999  5.5720 -0.91   383.   383.   383.     
 10.000  269.9700  5.6001 -0.34 224.46  3.35  0.35  419.0000  7.7870 -0.98   372.   372.   372.     
 11.000  231.6700  4.9206 -0.25 219.63  3.57  0.63  367.6001  9.9560 -0.76   354.   354.   354.     
 12.000  198.2600  4.1242 -0.16 216.26  4.96  0.31  319.6001 11.3600 -0.34   351.   351.   351.     
 13.000  169.2800  3.3642 -0.06 215.10  4.57 -0.21  274.3000  9.5940  0.13   338.   338.   338.     
 14.000  144.4400  2.6268 -0.10 213.80  3.48 -0.12  235.5000  7.0270  0.05   324.   324.   324.     
 15.000  123.2200  2.0319 -0.14 211.69  3.30  0.00  202.9000  5.8130  0.06   307.   307.   307.     
 16.000  104.8800  1.5716 -0.16 210.11  3.39 -0.09  174.0000  4.7590  0.11   306.   306.   306.     
 17.000   89.1930  1.2165 -0.19 209.42  3.53 -0.06  148.4000  3.8780  0.19   290.   290.   290.     
 18.000   75.8250  0.9437 -0.33 209.40  3.56 -0.09  126.2000  3.0620  0.12   284.   284.   284.     
 19.000   64.4930  0.7516 -0.45 210.35  3.14 -0.10  106.8000  2.2380 -0.03   274.   274.   274.     
 20.000   54.9220  0.6160 -0.41 211.82  2.61  0.03   90.3400  1.5560 -0.18   267.   267.   267.     
 21.000   46.8500  0.5290 -0.34 213.55  2.61  0.24   76.4400  1.2130 -0.31   256.   256.   256.     
 22.000   40.0100  0.4550 -0.12 215.20  2.82  0.30   64.7800  1.0040 -0.41   244.   244.   244.     
 23.000   34.2110  0.4128  0.02 216.86  2.79  0.49   54.9600  0.7755 -0.46   237.   237.   237.     
 24.000   29.2710  0.3803  0.09 218.57  3.12  0.57   46.6600  0.6624 -0.58   226.   226.   226.     
 25.000   25.0940  0.3541  0.15 220.26  3.30  0.43   39.6900  0.5776 -0.51   218.   218.   218.     
 26.000   21.5320  0.3383  0.18 221.81  3.62  0.18   33.8200  0.4669 -0.20   204.   204.   204.     
 27.000   18.4960  0.3202  0.18 223.50  3.72  0.14   28.8300  0.3916  0.01   181.   181.   181.     
 28.000   15.9060  0.3070  0.22 225.28  4.01  0.27   24.6000  0.3429 -0.06   181.   181.   181.     
 29.000   13.7240  0.2809  0.43 227.50  4.11  0.37   21.0200  0.2931 -0.01   136.   136.   136.     
 30.000   11.7970  0.2247  0.15 228.96  4.21  0.67   17.9700  0.3754 -0.41   126.   132.   124.     
 32.000    8.8020  0.1883  0.38 234.38  4.98  0.62   13.1000  0.3134  0.06   126.   133.   122.     
 34.000    6.6170  0.1619  0.59 239.89  5.91  0.62    9.6170  0.2633  0.02   127.   134.   127.     
 36.000    5.0070  0.1371  0.79 244.95  5.94  0.19    7.1240  0.2025 -0.02   127.   134.   127.     
 38.000    3.8120  0.1141  0.88 249.96  6.09 -0.20    5.3180  0.1615  0.07   127.   134.   127.     
 40.000    2.9170  0.0966  0.84 254.97  6.17  0.27    3.9890  0.1148  0.56   127.   135.   127.     
 42.000    2.2450  0.0812  0.77 260.10  6.12  0.06    3.0090  0.1010  0.65   127.   134.   127.     
 44.000    1.7350  0.0667  0.67 262.98  5.65 -0.33    2.2990  0.0833  0.64   127.   133.   127.     
 46.000    1.3450  0.0541  0.54 264.79  5.21 -0.02    1.7700  0.0700  0.80   127.   132.   127.     
 48.000    1.0430  0.0437  0.52 266.08  5.05 -0.07    1.3660  0.0550  0.32   126.   131.   126.     
 50.000    0.8100  0.0352  0.52 266.30  5.11 -0.33    1.0610  0.0427  0.18   126.   133.   126.     
 52.000    0.6290  0.0286  0.51 265.30  4.97 -0.16    0.8270  0.0348  0.36   126.   131.   126.     
 54.000    0.4880  0.0231  0.51 263.33  5.09 -0.20    0.6460  0.0275  0.37   126.   133.   126.     
 56.000    0.3770  0.0183  0.41 261.50  5.77  0.37    0.5030  0.0221  0.25   122.   128.   122.     
 58.000    0.2920  0.0150  0.43 259.66  6.05  0.20    0.3920  0.0177  0.24   115.   123.   115.     
 60.000    0.2250  0.0124  0.41 255.77  6.36 -0.06    0.3060  0.0142  0.34   107.   114.   107.     
 62.000    0.1720  0.0094  0.42 251.39  6.23 -0.02    0.2380  0.0099  0.44    92.    97.    92.     
 64.000    0.1320  0.0077  0.28 248.23  7.25  0.15    0.1840  0.0081  0.30    71.    76.    71.     
 66.000    0.1000  0.0065 -0.02 246.20  9.23 -0.05    0.1420  0.0064 -0.29    52.    56.    52.     
 68.000    0.0770  0.0053 -0.21 243.06 12.30 -0.70    0.1100  0.0037 -0.15    38.    39.    38.     
 70.000    0.0570  0.0045 -0.36 235.35 11.90 -0.22    0.0850  0.0039 -0.37    30.    31.    30.     
1    T A B L E  II -  4.  T H E R M O D Y N A M I C  S T A T I S T I C A L  P A R A M E T E R S     
                                              APRIL                                                 
 STATION =   722696     WHITE SANDS, NM                                                             
    Z      MEAN P   SD P  SKEWP MEAN T  SD T SKEWT    MEAN D    SD D SKEWD  NOBSP  NOBST  NOBSD     
    KM       MB        MB       DEG K  DEG K            G/M3    G/M3                                
  0.000 1011.0000  7.1256  0.40 295.24  9.42  0.19 1191.0000 45.0200  0.04   399.   399.   399.     
  1.000  899.5000  4.8052  0.50 289.02  6.71  0.27 1082.0000 27.5800 -0.01   399.   399.   399.     
  1.246  873.4700  4.4729  0.49 287.62  6.11  0.24 1056.0000 24.0500  0.01   429.   429.   429.     
  2.000  799.0901  4.1222  0.26 284.57  4.20 -0.44  976.6001 14.8600  0.62   425.   425.   425.     
  3.000  707.6599  4.0973  0.03 276.67  3.91 -0.40  889.8999 10.8700  0.43   422.   422.   422.     
  4.000  624.6899  4.2517 -0.14 269.54  3.50 -0.54  806.7000  7.8000  0.53   412.   412.   412.     
  5.000  549.7600  4.4408 -0.30 262.68  3.37 -0.66  728.6001  6.4670  0.28   408.   408.   408.     
  6.000  481.9900  4.5446 -0.36 255.72  3.22 -0.80  656.3999  5.1510  0.22   406.   406.   406.     
  7.000  421.0200  4.5254 -0.43 248.48  3.08 -0.73  590.1001  4.6280  0.13   403.   403.   403.     
  8.000  366.4399  4.3722 -0.45 241.21  2.88 -0.48  529.1001  4.7730 -0.31   401.   401.   401.     
  9.000  317.4800  4.1436 -0.40 233.96  2.67 -0.24  472.7000  5.1980 -0.78   401.   401.   401.     
 10.000  273.7700  3.8436 -0.23 226.87  2.41 -0.06  420.3999  5.7450 -1.04   398.   398.   398.     
 11.000  235.1000  3.3617 -0.06 220.57  2.50  0.58  371.3999  6.8050 -1.03   382.   382.   382.     
 12.000  201.2600  2.7823  0.05 215.45  3.74  0.82  325.5000  7.9790 -0.75   380.   380.   380.     
 13.000  171.7800  2.2483  0.19 213.96  4.15  0.01  279.8000  7.5150  0.20   359.   359.   359.     
 14.000  146.5200  1.7826  0.24 213.52  3.15 -0.31  239.1000  5.1790  0.42   351.   351.   351.     
 15.000  124.9300  1.4532  0.24 212.07  2.91 -0.09  205.3000  4.2020  0.20   336.   336.   336.     
 16.000  106.3000  1.1427  0.21 210.76  2.95 -0.08  175.8000  3.4960  0.16   316.   316.   316.     
 17.000   90.4130  0.8927  0.22 209.92  2.90 -0.22  150.1000  2.8140  0.21   286.   286.   286.     
 18.000   76.8920  0.7226  0.22 209.72  2.94 -0.17  127.8000  2.2790  0.19   281.   281.   281.     
 19.000   65.4400  0.6099  0.27 210.62  2.57 -0.26  108.3000  1.7380  0.11   266.   266.   266.     
 20.000   55.7610  0.5280  0.29 212.51  2.62 -0.28   91.4200  1.3830  0.23   257.   257.   257.     
 21.000   47.5820  0.4688  0.28 214.34  2.73 -0.36   77.3500  1.0800  0.25   246.   246.   246.     
 22.000   40.6480  0.4272  0.30 216.16  2.82 -0.38   65.5200  0.8373  0.36   245.   245.   245.     
 23.000   34.7880  0.3938  0.24 217.91  2.65 -0.53   55.6200  0.6154  0.44   225.   225.   225.     
 24.000   29.7950  0.3651  0.20 219.63  2.76 -0.43   47.2600  0.5171  0.28   220.   220.   220.     
 25.000   25.5470  0.3383  0.04 221.10  2.73 -0.38   40.2500  0.4325  0.06   215.   215.   215.     
 26.000   21.9270  0.3165 -0.01 222.50  2.65 -0.42   34.3300  0.3719  0.27   206.   206.   206.     
 27.000   18.8400  0.2825 -0.09 224.32  2.61 -0.40   29.2600  0.3301  0.15   188.   188.   188.     
 28.000   16.2150  0.2642 -0.16 226.43  2.62 -0.48   24.9500  0.3040 -0.03   188.   188.   188.     
 29.000   13.9590  0.2490  0.05 228.18  2.71 -0.20   21.3100  0.2775  0.11   121.   121.   121.     
 30.000   12.0810  0.2380  0.38 230.54  4.10  0.10   18.2700  0.3167  0.48   128.   134.   125.     
 32.000    9.0430  0.2034  0.31 235.78  4.02 -0.25   13.3700  0.2711  0.11   125.   132.   125.     
 34.000    6.8120  0.1693  0.29 241.36  4.48  0.44    9.8370  0.2293  0.16   127.   134.   127.     
 36.000    5.1620  0.1398  0.26 246.40  4.33  0.19    7.3020  0.1928  0.12   127.   134.   127.     
 38.000    3.9360  0.1116  0.29 251.32  4.31 -0.06    5.4590  0.1562 -0.01   127.   134.   127.     
 40.000    3.0150  0.0885  0.43 257.06  4.69  0.15    4.0880  0.1248  0.00   127.   134.   127.     
 42.000    2.3280  0.0714  0.47 262.18  4.96 -0.20    3.0920  0.1063  0.00   126.   130.   126.     
 44.000    1.8050  0.0571  0.59 266.55  4.74  0.37    2.3570  0.0745  0.16   126.   126.   126.     
 46.000    1.4040  0.0466  0.63 269.14  4.39  0.37    1.8150  0.0555  0.62   126.   121.   126.     
 48.000    1.0940  0.0384  0.52 270.67  3.82  0.21    1.4080  0.0484  0.55   125.   121.   125.     
 50.000    0.8540  0.0304  0.63 269.69  3.45 -0.01    1.1020  0.0359  0.48   124.   122.   124.     
 52.000    0.6650  0.0246  0.70 268.14  3.69 -0.09    0.8630  0.0294  0.59   120.   124.   120.     
 54.000    0.5170  0.0200  0.70 265.88  4.31 -0.42    0.6770  0.0233  0.62   119.   124.   119.     
 56.000    0.4010  0.0164  0.70 262.52  4.10 -0.20    0.5320  0.0193  0.70   115.   121.   115.     
 58.000    0.3100  0.0136  0.61 259.83  4.70 -0.33    0.4170  0.0169  1.18   106.   112.   106.     
 60.000    0.2390  0.0113  0.67 256.49  5.04 -0.14    0.3250  0.0131  0.19    99.   105.    99.     
 62.000    0.1840  0.0093  0.66 253.09  6.26  0.76    0.2530  0.0102 -0.19    85.    91.    85.     
 64.000    0.1410  0.0065  0.35 248.27  6.92  0.05    0.1970  0.0066  0.02    65.    70.    65.     
 66.000    0.1070  0.0042  0.11 244.49  8.16 -0.11    0.1530  0.0045 -0.49    37.    42.    37.     
 68.000    0.0810  0.0037  0.06 239.35 11.13 -0.11    0.1180  0.0041 -0.64    29.    32.    29.     
 70.000    0.0620  0.0031 -0.62 234.50 12.65  0.34    0.0920  0.0035 -1.11    18.    20.    18.     
1    T A B L E  II -  5.  T H E R M O D Y N A M I C  S T A T I S T I C A L  P A R A M E T E R S     
                                              MAY                                                   
 STATION =   722696     WHITE SANDS, NM                                                             
    Z      MEAN P   SD P  SKEWP MEAN T  SD T SKEWT    MEAN D    SD D SKEWD  NOBSP  NOBST  NOBSD     
    KM       MB        MB       DEG K  DEG K            G/M3    G/M3                                
  0.000 1008.0000  5.9373  0.42 302.50  9.61  0.15 1157.0000 43.0400  0.02   455.   455.   455.     
  1.000  899.2700  3.7616  0.45 295.70  7.04  0.16 1057.0000 27.0000  0.03   455.   455.   455.     
  1.246  873.8000  3.5139  0.33 294.04  6.53  0.14 1033.0000 24.0400  0.06   487.   487.   487.     
  2.000  800.9299  3.2525 -0.15 290.35  4.29 -0.44  958.7000 14.4300  0.62   486.   486.   486.     
  3.000  711.0200  3.3734 -0.45 282.15  3.94 -0.49  876.3000 10.6900  0.66   485.   485.   485.     
  4.000  629.1001  3.6682 -0.57 274.09  3.48 -0.66  798.5000  7.4830  0.81   482.   482.   482.     
  5.000  554.7600  3.8634 -0.60 266.38  3.01 -0.67  724.8000  5.3200  0.38   481.   481.   481.     
  6.000  487.2900  4.0493 -0.61 259.11  2.90 -0.39  654.8000  4.3480 -0.32   475.   475.   475.     
  7.000  426.4199  4.0360 -0.60 251.78  2.85 -0.47  589.8000  3.5550 -0.07   472.   472.   472.     
  8.000  371.7300  3.9870 -0.58 244.28  2.84 -0.21  530.0000  3.3570 -0.56   472.   472.   472.     
  9.000  322.5901  3.9357 -0.56 236.67  2.81  0.03  474.7000  3.4100 -0.92   465.   465.   465.     
 10.000  278.6499  3.7861 -0.44 229.14  2.71  0.07  423.7000  3.7940 -1.48   458.   458.   458.     
 11.000  239.7000  3.5654 -0.33 222.16  2.55  0.27  375.8999  4.6070 -1.61   449.   449.   449.     
 12.000  205.3200  3.1346 -0.22 216.32  2.83  0.62  330.7000  5.5730 -1.24   447.   447.   447.     
 13.000  175.3300  2.7314 -0.11 213.27  3.46  0.53  286.5000  6.8970 -0.53   431.   431.   431.     
 14.000  149.5100  2.2715 -0.06 212.57  3.49 -0.07  245.1000  6.0530  0.00   406.   406.   406.     
 15.000  127.4100  1.8320  0.04 211.45  3.03  0.01  210.0000  4.6460 -0.13   393.   393.   393.     
 16.000  108.3900  1.5038  0.08 210.03  2.91 -0.13  179.8000  4.0540 -0.17   343.   343.   343.     
 17.000   92.1560  1.2152  0.18 209.03  2.67 -0.13  153.6000  3.3100 -0.04   316.   316.   316.     
 18.000   78.3290  0.9850  0.21 208.94  2.55 -0.04  130.6000  2.6970  0.29   305.   305.   305.     
 19.000   66.6170  0.7799  0.14 210.69  2.26 -0.18  110.2000  2.0470  0.49   296.   296.   296.     
 20.000   56.7700  0.6309  0.04 213.06  2.11 -0.33   92.8300  1.5610  0.44   288.   288.   288.     
 21.000   48.4580  0.5143 -0.02 215.37  2.12 -0.26   78.3900  1.1770  0.41   276.   276.   276.     
 22.000   41.4300  0.4452 -0.05 217.22  2.07 -0.25   66.4500  0.8994  0.20   276.   276.   276.     
 23.000   35.4880  0.3855 -0.07 219.08  1.98 -0.42   56.4300  0.6844  0.20   262.   262.   262.     
 24.000   30.4120  0.3448 -0.05 220.93  2.08 -0.61   47.9600  0.5638  0.17   262.   262.   262.     
 25.000   26.1060  0.3149 -0.04 222.73  2.11 -0.81   40.8300  0.4728  0.05   246.   246.   246.     
 26.000   22.4470  0.2832 -0.13 224.58  2.05 -0.58   34.8200  0.3765 -0.09   230.   230.   230.     
 27.000   19.3080  0.2631 -0.15 226.33  2.19 -0.21   29.7200  0.3274 -0.02   192.   192.   192.     
 28.000   16.6420  0.2424 -0.21 228.19  2.18 -0.10   25.4100  0.2901 -0.01   192.   192.   192.     
 29.000   14.3580  0.2177 -0.38 229.99  2.26  0.29   21.7500  0.2585 -0.11   124.   124.   124.     
 30.000   12.3430  0.2435 -0.14 231.75  2.79  0.50   18.5700  0.3689 -0.43   136.   144.   133.     
 32.000    9.2450  0.1924 -0.04 236.36  3.24  0.73   13.6300  0.2644 -0.34   136.   145.   135.     
 34.000    6.9650  0.1550  0.02 241.19  2.78  0.47   10.0600  0.2080 -0.21   138.   147.   138.     
 36.000    5.2770  0.1275  0.05 245.92  3.50  0.95    7.4820  0.1580  0.20   138.   148.   138.     
 38.000    4.0240  0.1009  0.16 251.90  3.56  0.18    5.5660  0.1390  0.05   138.   149.   138.     
 40.000    3.0880  0.0814  0.25 257.83  3.69  1.06    4.1710  0.1035  0.22   138.   149.   138.     
 42.000    2.3850  0.0648  0.41 263.52  3.38  0.12    3.1520  0.0872 -0.19   138.   149.   138.     
 44.000    1.8520  0.0514  0.52 268.08  3.11  0.18    2.4050  0.0670  0.35   138.   145.   138.     
 46.000    1.4430  0.0414  0.54 270.76  3.67 -0.04    1.8560  0.0527  0.57   138.   137.   138.     
 48.000    1.1260  0.0336  0.58 271.51  4.06  0.14    1.4440  0.0387  0.53   138.   133.   138.     
 50.000    0.8790  0.0279  0.67 271.17  4.70 -0.48    1.1300  0.0317  0.75   138.   136.   138.     
 52.000    0.6850  0.0232  0.76 269.81  3.72  0.43    0.8850  0.0245  0.19   136.   142.   136.     
 54.000    0.5330  0.0191  0.84 266.54  3.62  0.65    0.6970  0.0206  0.40   135.   141.   135.     
 56.000    0.4140  0.0155  1.03 263.41  3.95  0.50    0.5480  0.0169  0.48   133.   142.   133.     
 58.000    0.3200  0.0130  0.93 259.75  4.13  0.41    0.4300  0.0147  0.59   128.   138.   128.     
 60.000    0.2470  0.0104  1.29 255.52  5.12  0.70    0.3370  0.0111  0.87   115.   125.   115.     
 62.000    0.1900  0.0089  1.32 250.87  5.54  0.52    0.2640  0.0095  0.78   104.   113.   104.     
 64.000    0.1450  0.0077  1.57 244.48  6.33  0.42    0.2060  0.0083  0.87    80.    84.    80.     
 66.000    0.1090  0.0064  2.03 238.21  7.58  0.41    0.1600  0.0070  1.07    59.    61.    59.     
 68.000    0.0820  0.0055  1.82 230.97 11.36  0.33    0.1240  0.0059  1.16    45.    47.    45.     
 70.000    0.0610  0.0037  0.69 221.93 13.27  0.56    0.0960  0.0026 -0.42    25.    26.    25.     
1    T A B L E  II -  6.  T H E R M O D Y N A M I C  S T A T I S T I C A L  P A R A M E T E R S     
                                              JUNE                                                  
 STATION =   722696     WHITE SANDS, NM                                                             
    Z      MEAN P   SD P  SKEWP MEAN T  SD T SKEWT    MEAN D    SD D SKEWD  NOBSP  NOBST  NOBSD     
    KM       MB        MB       DEG K  DEG K            G/M3    G/M3                                
  0.000 1006.3000  5.3531 -0.10 305.33  8.00  0.26 1143.0000 35.1100 -0.10   380.   380.   380.     
  1.000  898.8201  3.5365  0.07 299.01  5.74  0.21 1043.0000 21.7400 -0.05   380.   380.   380.     
  1.246  873.7000  3.3081  0.11 297.50  5.26  0.21 1019.0000 19.2100 -0.04   385.   387.   385.     
  2.000  801.7900  3.0142 -0.09 294.33  3.43 -0.03  945.8999 11.5400  0.30   386.   386.   386.     
  3.000  713.0300  2.8982 -0.23 286.44  3.15 -0.14  865.0000  8.8480  0.38   387.   387.   387.     
  4.000  632.1399  2.9805 -0.22 278.45  2.72 -0.11  789.3000  6.4070  0.28   387.   387.   387.     
  5.000  558.5300  3.0056 -0.16 270.58  2.40 -0.12  718.1001  5.0630 -0.31   387.   387.   387.     
  6.000  491.7300  3.0717 -0.11 263.36  2.49  0.07  649.8000  4.9640 -0.78   386.   386.   386.     
  7.000  431.3201  3.0508 -0.11 256.56  2.70  0.02  585.3000  4.4890 -0.56   386.   386.   386.     
  8.000  376.9700  3.0833 -0.09 249.38  2.83 -0.03  526.3999  3.7510 -0.51   384.   384.   384.     
  9.000  328.0701  3.1557 -0.11 241.78  2.90 -0.10  472.6001  3.2260 -0.44   383.   383.   383.     
 10.000  284.3501  3.1982 -0.14 234.13  2.91 -0.24  423.0000  2.8640 -0.36   374.   374.   374.     
 11.000  245.3700  3.1935 -0.17 226.73  2.89 -0.32  377.0000  2.9130 -0.25   363.   363.   363.     
 12.000  210.6200  2.9730 -0.21 220.05  2.85 -0.52  333.3999  3.4250 -0.62   363.   363.   363.     
 13.000  180.2800  2.7543 -0.25 214.78  2.62 -0.30  292.3999  4.5790 -0.62   358.   358.   358.     
 14.000  153.7300  2.3105 -0.23 211.06  2.60  0.38  253.8000  5.5480 -0.43   344.   344.   344.     
 15.000  130.6900  1.8724 -0.13 208.14  3.04  0.36  218.8000  5.5960 -0.29   333.   333.   333.     
 16.000  110.9400  1.3869 -0.20 206.43  3.05  0.25  187.3000  4.6510 -0.29   307.   307.   307.     
 17.000   94.1300  1.0302 -0.13 206.27  2.86  0.31  159.0000  3.5260 -0.31   301.   301.   301.     
 18.000   79.8850  0.7941  0.05 208.19  2.64  0.09  133.7000  2.4640 -0.18   300.   300.   300.     
 19.000   67.9530  0.6338  0.06 211.14  1.87  0.22  112.1000  1.4620 -0.27   280.   280.   280.     
 20.000   57.9290  0.5501  0.09 213.70  1.54 -0.11   94.4400  1.0350 -0.08   277.   277.   277.     
 21.000   49.4730  0.4805  0.12 216.07  1.71 -0.16   79.7700  0.8688  0.02   269.   269.   269.     
 22.000   42.3200  0.4217  0.07 217.99  1.70 -0.20   67.6300  0.7041  0.06   267.   267.   267.     
 23.000   36.2670  0.3739  0.00 219.94  1.53  0.17   57.4500  0.5455 -0.08   250.   250.   250.     
 24.000   31.1030  0.3396  0.00 221.85  1.58  0.05   48.8400  0.4674 -0.08   250.   250.   250.     
 25.000   26.7140  0.3013  0.02 223.68  1.55  0.04   41.6100  0.3908 -0.08   235.   235.   235.     
 26.000   22.9750  0.2798  0.09 225.52  1.57  0.31   35.4900  0.3440  0.08   224.   224.   224.     
 27.000   19.7830  0.2602  0.11 227.32  1.89  0.54   30.3200  0.3117  0.06   204.   204.   204.     
 28.000   17.0410  0.2219 -0.05 228.81  1.72  0.23   25.9500  0.2828 -0.05   192.   192.   192.     
 29.000   14.6910  0.2091  0.08 230.31  1.98  0.37   22.2200  0.2837 -0.10   144.   144.   144.     
 30.000   12.6860  0.1924  0.33 232.19  2.61  0.69   19.0600  0.2631  0.19   117.   129.   112.     
 32.000    9.5060  0.1613  0.35 236.98  2.99  0.27   14.0000  0.2092 -0.01   118.   131.   114.     
 34.000    7.1560  0.1380  0.46 241.39  3.17  0.51   10.3400  0.1791 -0.28   121.   135.   118.     
 36.000    5.4270  0.1052  0.87 246.30  3.15  0.29    7.6810  0.1540 -0.22   118.   132.   117.     
 38.000    4.1390  0.0843  1.07 251.80  3.93  0.84    5.7340  0.1222 -0.46   117.   131.   117.     
 40.000    3.1750  0.0713  1.00 257.84  3.66  0.10    4.2930  0.0890  0.24   117.   130.   117.     
 42.000    2.4510  0.0587  1.18 263.20  4.07 -0.16    3.2460  0.0704  0.28   117.   130.   117.     
 44.000    1.9040  0.0516  1.27 267.47  3.97 -0.32    2.4800  0.0629  1.56   117.   124.   117.     
 46.000    1.4810  0.0405  1.08 269.90  4.11  0.35    1.9100  0.0488  1.14   117.   118.   117.     
 48.000    1.1550  0.0334  0.96 271.33  5.05  0.13    1.4840  0.0408  1.52   116.   121.   116.     
 50.000    0.9020  0.0277  0.81 271.25  4.43  0.00    1.1580  0.0341  1.12   116.   123.   116.     
 52.000    0.7030  0.0229  0.78 269.02  4.55  0.28    0.9100  0.0275  0.75   115.   119.   115.     
 54.000    0.5470  0.0189  0.74 266.29  4.46  0.11    0.7160  0.0221  0.95   112.   125.   112.     
 56.000    0.4240  0.0160  0.68 262.18  4.65  0.25    0.5630  0.0190  0.54   111.   119.   111.     
 58.000    0.3280  0.0126  0.43 258.32  5.40 -0.02    0.4420  0.0142  0.25   108.   119.   108.     
 60.000    0.2520  0.0105  0.55 253.84  6.40  0.11    0.3470  0.0117  0.03   100.   111.   100.     
 62.000    0.1930  0.0090  0.59 248.44  6.95  0.06    0.2710  0.0097  0.04    82.    91.    82.     
 64.000    0.1470  0.0076  0.74 242.73  8.37  0.31    0.2100  0.0076  0.53    70.    76.    70.     
 66.000    0.1110  0.0069  0.69 236.70  9.61 -0.01    0.1630  0.0070  0.58    48.    48.    48.     
 68.000    0.0830  0.0051  0.52 232.58 13.25 -0.08    0.1250  0.0054  0.20    23.    24.    23.     
 70.000    0.0620  0.0051  0.33 222.16 15.64 -0.04    0.0970  0.0044  0.00    14.    14.    14.     
1    T A B L E  II -  7.  T H E R M O D Y N A M I C  S T A T I S T I C A L  P A R A M E T E R S     
                                              JULY                                                  
 STATION =   722696     WHITE SANDS, NM                                                             
    Z      MEAN P   SD P  SKEWP MEAN T  SD T SKEWT    MEAN D    SD D SKEWD  NOBSP  NOBST  NOBSD     
    KM       MB        MB       DEG K  DEG K            G/M3    G/M3                                
  0.000 1009.2000  4.1583 -0.25 305.98  5.90  0.67 1139.0000 25.8800 -0.54   351.   351.   351.     
  1.000  901.6799  2.6363 -0.11 299.78  4.25  0.59 1041.0000 16.0500 -0.45   351.   351.   351.     
  1.246  876.5701  2.4019 -0.11 298.25  3.88  0.54 1017.0000 14.1200 -0.39   353.   353.   353.     
  2.000  804.7200  1.8644 -0.22 294.72  2.80 -0.10  946.3000  9.6160  0.06   353.   353.   353.     
  3.000  715.9800  1.5484 -0.46 287.40  2.30  0.05  864.2000  6.9410  0.03   354.   354.   354.     
  4.000  635.2400  1.4646 -0.49 279.88  1.73  0.26  788.2000  4.6150 -0.02   352.   352.   352.     
  5.000  561.7700  1.4139 -0.38 272.73  1.37  0.11  715.8999  3.3690  0.29   350.   350.   350.     
  6.000  495.2300  1.3966 -0.20 266.32  1.49 -0.01  646.8000  3.3920  0.20   349.   349.   349.     
  7.000  435.1201  1.3870 -0.12 260.30  1.47 -0.07  581.8000  2.8450 -0.13   349.   349.   349.     
  8.000  381.1399  1.3658 -0.10 253.72  1.53 -0.04  523.0000  2.6440 -0.11   349.   349.   349.     
  9.000  332.5701  1.4149 -0.04 246.50  1.68  0.17  469.8000  2.4070 -0.37   347.   347.   347.     
 10.000  289.0801  1.4126 -0.05 238.89  1.77  0.13  421.3999  2.1750 -0.52   344.   344.   344.     
 11.000  250.2400  1.4285 -0.07 230.95  1.76  0.09  377.5000  1.8160 -0.06   341.   341.   341.     
 12.000  215.1800  1.3842  0.00 223.12  1.52  0.26  336.0000  1.4280 -0.23   339.   339.   339.     
 13.000  184.4300  1.2927  0.17 215.71  1.38  0.23  297.8000  1.7580 -0.32   334.   334.   334.     
 14.000  157.1600  1.1963  0.20 209.35  1.53 -0.10  261.5000  2.2440 -0.48   320.   320.   320.     
 15.000  133.4200  1.0408  0.27 204.92  1.95  0.36  226.8000  2.6840 -0.15   308.   308.   308.     
 16.000  112.9900  0.8984  0.23 203.40  1.85  0.33  193.5000  2.4060  0.26   277.   277.   277.     
 17.000   95.6310  0.7359  0.27 204.16  1.83  0.01  163.2000  2.0450  0.41   265.   265.   265.     
 18.000   81.0660  0.6167  0.18 207.21  1.95 -0.33  136.3000  1.7320  0.50   265.   265.   265.     
 19.000   68.9270  0.5235  0.08 210.51  1.72 -0.27  114.1000  1.2960  0.44   255.   255.   255.     
 20.000   58.7400  0.4493  0.13 213.39  1.62  0.19   95.9000  0.9255  0.25   248.   248.   248.     
 21.000   50.1600  0.4015  0.07 216.19  1.72  0.28   80.8300  0.7842  0.14   245.   245.   245.     
 22.000   42.9260  0.3620  0.04 218.25  1.54  0.37   68.5200  0.5985  0.22   236.   236.   236.     
 23.000   36.7920  0.3231  0.07 220.13  1.53  0.28   58.2300  0.4943  0.29   224.   224.   224.     
 24.000   31.5590  0.2953  0.06 221.77  1.62 -0.08   49.5800  0.4314  0.12   224.   224.   224.     
 25.000   27.0970  0.2672 -0.01 223.41  1.67 -0.12   42.2500  0.3885  0.01   212.   212.   212.     
 26.000   23.3010  0.2431  0.13 225.04  1.78  0.25   36.0700  0.3593  0.02   192.   192.   192.     
 27.000   20.0650  0.2213  0.05 226.76  1.98  0.31   30.8300  0.3438  0.14   182.   182.   182.     
 28.000   17.2900  0.2011  0.03 228.46  1.93  0.30   26.3700  0.2692  0.20   164.   164.   164.     
 29.000   14.9450  0.1920 -0.10 230.11  2.28  0.35   22.6300  0.2516  0.28   116.   116.   116.     
 30.000   12.8120  0.2129  1.54 232.29  3.90  1.75   19.2500  0.3857 -0.60   107.   114.   100.     
 32.000    9.5990  0.1724  1.58 235.96  3.19  0.33   14.2000  0.2251  1.22   106.   113.   102.     
 34.000    7.2110  0.1540  1.26 239.72  3.63  0.40   10.4900  0.2071  0.41   107.   114.   104.     
 36.000    5.4620  0.1220  1.33 244.00  4.26  0.28    7.8070  0.1629  0.53   105.   112.   105.     
 38.000    4.1530  0.1008  1.26 249.27  4.65  0.85    5.8120  0.1447  0.16   105.   112.   105.     
 40.000    3.1770  0.0855  1.03 255.09  5.08  0.14    4.3420  0.1191  0.06   104.   110.   104.     
 42.000    2.4470  0.0694  1.21 259.85  4.63  0.69    3.2820  0.0763  0.91   104.   111.   104.     
 44.000    1.8920  0.0584  1.17 264.10  4.16  0.11    2.4950  0.0659  1.23   104.   111.   104.     
 46.000    1.4680  0.0483  1.04 266.94  4.27 -0.19    1.9160  0.0552  1.30   103.   106.   103.     
 48.000    1.1420  0.0401  0.95 268.29  4.38  0.23    1.4830  0.0463  0.92   103.   103.   103.     
 50.000    0.8890  0.0332  0.99 267.14  4.30  0.66    1.1580  0.0366  0.74   103.   104.   103.     
 52.000    0.6900  0.0266  1.01 264.79  4.63  0.31    0.9080  0.0326  0.67   102.   107.   102.     
 54.000    0.5350  0.0213  0.98 261.73  5.12  0.36    0.7120  0.0267  0.97    99.   104.    99.     
 56.000    0.4120  0.0170  0.91 258.44  6.10  0.36    0.5570  0.0199  0.84    98.   105.    98.     
 58.000    0.3180  0.0143  0.79 254.16  6.50  0.52    0.4360  0.0158  0.92    95.   102.    95.     
 60.000    0.2430  0.0117  0.80 249.03  7.13  0.21    0.3410  0.0135  0.50    88.    93.    88.     
 62.000    0.1850  0.0099  0.78 243.61  8.58 -0.19    0.2650  0.0114  0.52    76.    80.    76.     
 64.000    0.1400  0.0078  0.98 238.97 10.76 -0.33    0.2050  0.0093  0.22    60.    64.    60.     
 66.000    0.1050  0.0061  0.29 233.77 12.34 -0.09    0.1570  0.0071  0.69    38.    41.    38.     
 68.000    0.0790  0.0060 -0.14 232.01 15.06  0.16    0.1180  0.0067  0.78    25.    26.    25.     
 70.000    0.0580  0.0057  0.38 225.60 16.27  0.58    0.0890  0.0065  0.36    18.    18.    18.     
1    T A B L E  II -  8.  T H E R M O D Y N A M I C  S T A T I S T I C A L  P A R A M E T E R S     
                                              AUGUST                                                
 STATION =   722696     WHITE SANDS, NM                                                             
    Z      MEAN P   SD P  SKEWP MEAN T  SD T SKEWT    MEAN D    SD D SKEWD  NOBSP  NOBST  NOBSD     
    KM       MB        MB       DEG K  DEG K            G/M3    G/M3                                
  0.000 1009.6001  4.2804 -0.42 304.77  6.69  0.67 1144.0000 29.1000 -0.54   375.   375.   375.     
  1.000  901.6101  2.7623 -0.21 298.61  4.82  0.64 1045.0000 17.8200 -0.53   375.   375.   375.     
  1.246  876.4099  2.5850 -0.14 297.10  4.37  0.61 1021.0000 15.4900 -0.50   378.   378.   378.     
  2.000  804.3201  2.1728 -0.06 293.72  2.81  0.07  949.0000  9.5840 -0.10   378.   378.   378.     
  3.000  715.3601  1.9289  0.01 286.30  2.18  0.10  866.7000  6.5230 -0.07   378.   378.   378.     
  4.000  634.4099  1.8628  0.01 278.86  1.67 -0.10  790.0000  4.3130  0.09   376.   376.   376.     
  5.000  560.7900  1.8453 -0.07 272.12  1.44 -0.09  716.3999  3.2800 -0.15   375.   375.   375.     
  6.000  494.3000  1.7956 -0.12 266.17  1.53 -0.18  646.0000  3.4010 -0.18   372.   372.   372.     
  7.000  434.2900  1.7683 -0.19 260.13  1.57 -0.32  581.0000  2.8190  0.18   368.   368.   368.     
  8.000  380.3799  1.7471 -0.23 253.47  1.71 -0.41  522.3999  2.6520  0.09   367.   367.   367.     
  9.000  331.8999  1.7830 -0.35 246.29  1.82 -0.45  469.2000  2.4640  0.17   364.   364.   364.     
 10.000  288.4700  1.7605 -0.41 238.71  1.90 -0.32  420.7000  2.2950  0.05   362.   362.   362.     
 11.000  249.6900  1.7541 -0.49 230.92  1.96 -0.24  376.7000  2.1980 -0.08   358.   358.   358.     
 12.000  214.7000  1.6512 -0.44 223.12  1.86  0.01  335.2000  2.1600 -0.06   355.   355.   355.     
 13.000  184.0300  1.5661 -0.35 215.87  1.70  0.22  297.0000  2.4270 -0.53   352.   352.   352.     
 14.000  156.8200  1.3969 -0.24 209.68  1.57  0.01  260.6001  2.7250 -0.68   342.   342.   342.     
 15.000  133.1400  1.1793 -0.05 205.09  1.81  0.32  226.2000  3.0350 -0.60   334.   334.   334.     
 16.000  112.8100  0.9214 -0.06 203.63  2.06  0.18  193.0000  2.8480 -0.23   311.   311.   311.     
 17.000   95.4930  0.7335 -0.02 204.68  2.33  0.14  162.6000  2.4700 -0.07   299.   299.   299.     
 18.000   80.9780  0.6068  0.03 207.66  2.25 -0.01  135.9000  1.8660  0.05   299.   299.   299.     
 19.000   68.8670  0.5168  0.11 210.82  1.98 -0.05  113.8000  1.3240  0.01   289.   289.   289.     
 20.000   58.7090  0.4617  0.15 213.59  1.68  0.10   95.7600  0.8978  0.15   285.   285.   285.     
 21.000   50.1210  0.3963 -0.15 215.88  1.62  0.20   80.8800  0.7085  0.01   281.   281.   281.     
 22.000   42.8810  0.3648 -0.12 217.75  1.48 -0.06   68.6000  0.5458 -0.13   278.   278.   278.     
 23.000   36.7230  0.3150 -0.15 219.48  1.43 -0.04   58.2900  0.4422 -0.06   257.   257.   257.     
 24.000   31.4840  0.2891 -0.16 221.13  1.49 -0.12   49.6000  0.4074 -0.14   257.   257.   257.     
 25.000   27.0210  0.2722 -0.07 222.78  1.43 -0.09   42.2500  0.3682  0.03   241.   241.   241.     
 26.000   23.2220  0.2420  0.03 224.35  1.48  0.10   36.0600  0.3139  0.25   213.   213.   213.     
 27.000   19.9800  0.2195 -0.03 225.98  1.81 -0.02   30.8000  0.2965  0.10   198.   198.   198.     
 28.000   17.2050  0.1991  0.01 227.51  1.65  0.02   26.3400  0.2476  0.14   182.   182.   182.     
 29.000   14.8380  0.1857  0.15 229.16  2.00  0.08   22.5600  0.2367  0.14   143.   143.   143.     
 30.000   12.6980  0.2332  0.12 230.36  3.35  0.47   19.2200  0.3633  0.09   109.   113.   107.     
 32.000    9.4920  0.1891  0.14 234.41  3.11  0.29   14.1100  0.2789 -0.14   110.   114.   108.     
 34.000    7.1300  0.1546  0.52 238.14  4.01  0.71   10.4400  0.2101 -0.79   108.   112.   107.     
 36.000    5.3840  0.1273  0.68 241.90  3.85  0.70    7.7590  0.1772 -0.60   108.   112.   108.     
 38.000    4.0840  0.1050  0.86 246.81  3.50  0.36    5.7660  0.1206  0.18   108.   113.   108.     
 40.000    3.1150  0.0854  1.00 252.42  4.17 -0.04    4.3040  0.1110  0.22   107.   112.   107.     
 42.000    2.3940  0.0709  1.01 257.22  4.58  0.13    3.2430  0.0903  0.57   107.   112.   107.     
 44.000    1.8470  0.0582  1.08 262.42  4.06  0.20    2.4520  0.0696  0.56   106.   111.   106.     
 46.000    1.4300  0.0477  1.13 264.62  4.37  0.17    1.8840  0.0567  0.65   106.   112.   106.     
 48.000    1.1100  0.0395  1.17 265.43  4.45  0.20    1.4570  0.0463  0.54   104.   109.   104.     
 50.000    0.8610  0.0322  1.23 264.89  4.63  0.51    1.1320  0.0386  0.54   104.   110.   104.     
 52.000    0.6680  0.0263  1.31 263.81  4.96  0.43    0.8820  0.0321  0.89   103.   108.   103.     
 54.000    0.5180  0.0214  1.34 261.29  4.99  0.32    0.6890  0.0260  0.77   103.   107.   103.     
 56.000    0.4000  0.0178  1.35 258.03  5.54  0.30    0.5400  0.0201  0.98   101.   107.   101.     
 58.000    0.3070  0.0150  1.28 254.78  6.49  0.15    0.4200  0.0170  1.11    99.   105.    99.     
 60.000    0.2360  0.0127  1.16 250.35  7.03  0.34    0.3280  0.0140  0.93    95.   100.    95.     
 62.000    0.1790  0.0098  1.15 245.58  7.43 -0.21    0.2550  0.0116  0.94    84.    89.    84.     
 64.000    0.1360  0.0079  1.26 241.66  8.10  0.08    0.1960  0.0082  0.89    66.    69.    66.     
 66.000    0.1030  0.0078  0.93 237.53  9.08  0.46    0.1510  0.0085 -0.16    46.    49.    46.     
 68.000    0.0760  0.0042  0.54 233.12 10.83  0.31    0.1150  0.0047  0.34    26.    28.    26.     
 70.000    0.0570  0.0037  0.55 229.29 13.16  0.59    0.0870  0.0042  0.48    14.    15.    14.     
1    T A B L E  II -  9.  T H E R M O D Y N A M I C  S T A T I S T I C A L  P A R A M E T E R S     
                                              SEPTEMBER                                             
 STATION =   722696     WHITE SANDS, NM                                                             
    Z      MEAN P   SD P  SKEWP MEAN T  SD T SKEWT    MEAN D    SD D SKEWD  NOBSP  NOBST  NOBSD     
    KM       MB        MB       DEG K  DEG K            G/M3    G/M3                                
  0.000 1011.6001  5.4462  0.00 299.82  7.73  0.20 1168.0000 36.8900  0.05   370.   370.   370.     
  1.000  901.8101  3.5202 -0.18 294.58  5.56  0.10 1061.0000 22.8200  0.17   370.   370.   370.     
  1.246  876.2500  3.2678 -0.24 293.34  5.08  0.05 1035.0000 20.0200  0.23   373.   373.   373.     
  2.000  803.4900  2.6389 -0.28 291.23  3.38 -0.83  957.0000 12.3800  0.91   373.   373.   373.     
  3.000  713.8701  2.4164 -0.44 284.09  2.63 -0.65  872.3999  8.0710  0.59   373.   373.   373.     
  4.000  632.4600  2.4519 -0.26 276.89  1.95 -0.47  793.7000  5.1450  0.21   371.   371.   371.     
  5.000  558.5801  2.3334 -0.47 270.54  1.97 -0.62  718.2000  4.9350  0.05   369.   369.   369.     
  6.000  491.8899  2.3243 -0.49 264.50  2.10 -0.62  647.2000  4.5340  0.34   363.   363.   363.     
  7.000  431.7200  2.3590 -0.46 257.98  2.35 -0.64  582.6001  3.8890  0.39   362.   362.   362.     
  8.000  377.6499  2.4254 -0.41 250.82  2.60 -0.56  524.3000  3.6080  0.07   362.   362.   362.     
  9.000  328.9600  2.5128 -0.36 243.43  2.75 -0.46  470.6001  3.2430 -0.21   360.   360.   360.     
 10.000  285.4800  2.5495 -0.36 236.06  2.75 -0.39  421.2000  2.9710 -0.18   359.   359.   359.     
 11.000  246.6900  2.5834 -0.35 228.83  2.54 -0.33  375.6001  2.8310 -0.50   355.   355.   355.     
 12.000  212.0000  2.3711 -0.33 222.11  2.00 -0.26  332.5000  2.8890 -0.55   354.   354.   354.     
 13.000  181.6000  2.1709 -0.29 215.77  1.78  0.06  293.2000  3.5970 -0.45   351.   351.   351.     
 14.000  154.8100  1.8579 -0.24 210.25  1.99  0.21  256.5000  4.2720 -0.44   346.   346.   346.     
 15.000  131.5100  1.4940 -0.15 205.95  2.40  0.27  222.5000  4.3110 -0.39   336.   336.   336.     
 16.000  111.4100  1.1520 -0.09 204.15  2.56  0.30  190.2000  3.7050 -0.24   310.   310.   310.     
 17.000   94.3530  0.8946 -0.04 204.50  2.67  0.20  160.8000  2.9720 -0.11   304.   304.   304.     
 18.000   79.9920  0.7218 -0.01 207.19  2.65  0.20  134.5000  2.2000 -0.12   299.   299.   299.     
 19.000   68.0050  0.6164  0.09 210.64  2.17  0.11  112.5000  1.4910  0.05   284.   284.   284.     
 20.000   57.9660  0.5428  0.11 213.22  1.88 -0.18   94.7100  1.0650  0.23   278.   278.   278.     
 21.000   49.4910  0.4873  0.12 215.32  1.56 -0.12   80.0700  0.8081 -0.18   265.   265.   265.     
 22.000   42.3230  0.4429  0.16 217.27  1.55  0.32   67.8600  0.6398 -0.28   265.   265.   265.     
 23.000   36.2400  0.4014  0.22 219.05  1.54  0.17   57.6300  0.5394 -0.11   253.   253.   253.     
 24.000   31.0580  0.3656  0.22 220.76  1.71  0.16   49.0100  0.4966 -0.08   253.   253.   253.     
 25.000   26.6550  0.3252  0.18 222.42  1.79  0.60   41.7500  0.4477 -0.10   245.   245.   245.     
 26.000   22.9110  0.3018  0.16 224.04  1.82  0.75   35.6200  0.3894  0.00   227.   227.   227.     
 27.000   19.7010  0.2759  0.22 225.61  2.01  0.58   30.4200  0.3401  0.03   218.   218.   218.     
 28.000   16.9590  0.2483  0.25 226.90  2.03  0.53   26.0400  0.2870  0.11   211.   211.   211.     
 29.000   14.6180  0.2390  0.27 228.18  2.43  0.49   22.3200  0.2657  0.14   158.   158.   158.     
 30.000   12.5100  0.2557  0.04 230.54  3.39  0.65   18.9100  0.3558 -0.99   144.   152.   139.     
 32.000    9.3510  0.2147  0.24 233.32  3.26  0.86   13.9600  0.2634 -0.55   142.   150.   141.     
 34.000    7.0070  0.1780  0.50 236.84  3.13  0.67   10.3000  0.2093 -0.05   146.   154.   145.     
 36.000    5.2860  0.1442  0.61 240.79  3.51  0.20    7.6470  0.1769  0.02   145.   153.   145.     
 38.000    4.0050  0.1177  0.71 245.48  3.72  0.36    5.6830  0.1430  0.11   145.   153.   145.     
 40.000    3.0510  0.0966  0.83 251.20  3.88  0.40    4.2330  0.1239  0.32   145.   153.   145.     
 42.000    2.3410  0.0779  0.82 256.93  4.25 -0.47    3.1770  0.0927  0.89   145.   153.   145.     
 44.000    1.8060  0.0637  0.80 262.17  3.94 -0.24    2.4010  0.0752  0.67   145.   153.   145.     
 46.000    1.3990  0.0522  0.76 265.36  4.50 -0.07    1.8360  0.0595  0.77   144.   149.   144.     
 48.000    1.0860  0.0443  0.65 266.73  4.56 -0.32    1.4170  0.0493  0.54   143.   144.   143.     
 50.000    0.8460  0.0357  0.66 267.39  4.39 -0.51    1.1010  0.0389  0.82   145.   148.   145.     
 52.000    0.6570  0.0296  0.67 265.84  4.28 -0.25    0.8600  0.0329  0.52   144.   147.   144.     
 54.000    0.5100  0.0244  0.65 263.79  4.73  0.06    0.6740  0.0270  0.45   140.   147.   140.     
 56.000    0.3940  0.0199  0.75 261.15  5.09  0.11    0.5250  0.0208  0.55   133.   139.   133.     
 58.000    0.3050  0.0172  0.79 258.42  5.49  0.22    0.4110  0.0180  0.67   131.   138.   131.     
 60.000    0.2350  0.0140  0.63 254.61  6.63  0.17    0.3220  0.0146  0.48   120.   127.   120.     
 62.000    0.1800  0.0116  0.70 250.12  6.87  0.33    0.2510  0.0119  0.55   109.   115.   109.     
 64.000    0.1370  0.0097  0.81 244.48  8.04  0.22    0.1950  0.0100  0.72    86.    90.    86.     
 66.000    0.1050  0.0075  0.67 241.85  7.91 -0.04    0.1500  0.0075  0.48    55.    55.    55.     
 68.000    0.0790  0.0068  0.62 236.23 12.20 -0.24    0.1170  0.0066  0.92    40.    40.    40.     
 70.000    0.0590  0.0047  0.10 228.45 12.71 -0.09    0.0890  0.0040  0.02    31.    31.    31.     
1    T A B L E  II - 10.  T H E R M O D Y N A M I C  S T A T I S T I C A L  P A R A M E T E R S     
                                              OCTOBER                                               
 STATION =   722696     WHITE SANDS, NM                                                             
    Z      MEAN P   SD P  SKEWP MEAN T  SD T SKEWT    MEAN D    SD D SKEWD  NOBSP  NOBST  NOBSD     
    KM       MB        MB       DEG K  DEG K            G/M3    G/M3                                
  0.000 1014.3999  7.3356  0.05 292.83  9.43  0.11 1203.0000 47.6000  0.12   366.   366.   366.     
  1.000  901.9800  4.6041 -0.05 288.44  6.69  0.10 1086.0000 29.0000  0.11   366.   366.   366.     
  1.246  875.9199  4.1820 -0.06 287.44  6.13  0.12 1058.0000 25.4800  0.09   374.   374.   374.     
  2.000  801.8201  3.6329 -0.13 286.42  4.14 -0.69  972.7000 15.3700  0.60   374.   374.   374.     
  3.000  710.9399  3.4152 -0.28 279.69  3.51 -1.05  883.7000 10.3700  0.83   373.   373.   373.     
  4.000  628.6499  3.4865 -0.49 273.36  3.01 -1.04  800.0000  7.3060  0.57   371.   371.   371.     
  5.000  554.3000  3.5769 -0.69 267.32  2.97 -0.67  721.7000  6.2540  0.17   369.   369.   369.     
  6.000  487.1699  3.6428 -0.76 260.78  2.96 -0.68  650.3999  5.4280  0.13   365.   365.   365.     
  7.000  426.6599  3.6063 -0.80 253.66  2.82 -0.64  585.7000  4.6260  0.01   363.   363.   363.     
  8.000  372.3501  3.5316 -0.76 246.25  2.80 -0.29  526.6001  4.5570 -0.40   363.   363.   363.     
  9.000  323.4600  3.3792 -0.62 238.66  2.91 -0.04  472.0000  4.7830 -0.82   359.   359.   359.     
 10.000  279.8601  3.2553 -0.51 231.25  2.84  0.23  421.6001  4.7000 -1.02   353.   353.   353.     
 11.000  241.0700  3.0230 -0.37 224.43  2.72  0.23  374.2000  4.8900 -0.92   345.   345.   345.     
 12.000  206.7700  2.6672 -0.26 218.68  2.84 -0.17  329.3999  5.1820 -0.72   345.   345.   345.     
 13.000  176.8100  2.3225 -0.17 214.00  2.96 -0.26  287.8999  5.5640 -0.32   337.   337.   337.     
 14.000  150.6500  1.9340 -0.16 210.23  3.00 -0.40  249.7000  5.3540  0.00   334.   334.   334.     
 15.000  128.0100  1.5479 -0.17 207.42  2.93 -0.04  215.1000  4.6960 -0.04   332.   332.   332.     
 16.000  108.6500  1.2055 -0.28 206.11  2.96  0.10  183.7000  4.0460  0.00   310.   310.   310.     
 17.000   92.1590  0.9282 -0.32 206.08  2.99  0.05  155.8000  3.1610  0.02   299.   299.   299.     
 18.000   78.1960  0.7499 -0.27 207.50  2.95  0.30  131.3000  2.2940 -0.07   296.   296.   296.     
 19.000   66.4790  0.6572 -0.09 210.23  2.70  0.44  110.2000  1.6630 -0.11   290.   290.   290.     
 20.000   56.6280  0.5880 -0.01 212.57  2.33  0.12   92.8100  1.1740 -0.02   277.   277.   277.     
 21.000   48.3150  0.5314  0.05 214.37  1.99  0.02   78.5200  0.9038  0.03   267.   267.   267.     
 22.000   41.2700  0.4825  0.09 215.86  1.91  0.14   66.6000  0.7404 -0.29   266.   266.   266.     
 23.000   35.3200  0.4335  0.16 217.57  1.81  0.19   56.5600  0.6412 -0.34   251.   251.   251.     
 24.000   30.2400  0.3909  0.17 219.25  1.95  0.08   48.0500  0.5893 -0.25   246.   246.   246.     
 25.000   25.9290  0.3536  0.28 220.84  2.10  0.22   40.9000  0.5216 -0.16   236.   236.   236.     
 26.000   22.2660  0.3238  0.25 222.19  2.17  0.09   34.9100  0.4413 -0.12   224.   224.   224.     
 27.000   19.1270  0.2901  0.28 223.37  2.27  0.02   29.8300  0.3714  0.00   207.   207.   207.     
 28.000   16.4470  0.2666  0.23 224.51  2.44  0.15   25.5200  0.3151  0.03   207.   207.   207.     
 29.000   14.1420  0.2267  0.18 225.81  2.70  0.33   21.8200  0.2648 -0.04   160.   160.   160.     
 30.000   12.2060  0.3034 -1.11 228.45  3.47  0.65   18.6300  0.4475 -1.66   139.   144.   134.     
 32.000    9.0890  0.2471 -0.80 231.14  3.77  1.32   13.7100  0.3359 -1.05   137.   143.   134.     
 34.000    6.8030  0.2013 -0.57 235.08  4.18  0.89   10.0800  0.2544 -1.22   136.   143.   136.     
 36.000    5.1130  0.1671 -0.25 238.75  4.43  0.35    7.4620  0.2055 -1.06   137.   144.   136.     
 38.000    3.8680  0.1343  0.09 243.70  4.61  0.21    5.5270  0.1580 -0.91   137.   144.   137.     
 40.000    2.9420  0.1115  0.24 249.42  4.56  0.04    4.1080  0.1258 -0.23   137.   144.   137.     
 42.000    2.2530  0.0921  0.26 255.81  4.73 -0.32    3.0680  0.1019 -0.33   137.   144.   137.     
 44.000    1.7370  0.0764  0.35 261.71  4.48 -0.23    2.3120  0.0843  0.05   137.   144.   137.     
 46.000    1.3460  0.0628  0.38 265.38  4.35 -0.27    1.7660  0.0689  0.10   137.   143.   137.     
 48.000    1.0450  0.0512  0.42 266.92  4.09 -0.42    1.3640  0.0574  0.20   136.   140.   136.     
 50.000    0.8130  0.0416  0.45 266.93  4.49 -0.55    1.0600  0.0468  0.23   136.   135.   136.     
 52.000    0.6310  0.0330  0.33 265.78  4.67 -0.50    0.8260  0.0369  0.21   132.   135.   132.     
 54.000    0.4890  0.0271  0.32 263.13  5.52 -0.71    0.6480  0.0297  0.30   131.   137.   131.     
 56.000    0.3780  0.0221  0.31 260.03  5.80 -0.32    0.5060  0.0240  0.18   129.   135.   129.     
 58.000    0.2920  0.0184  0.30 257.37  6.04 -0.33    0.3950  0.0202  0.12   122.   128.   122.     
 60.000    0.2240  0.0152  0.31 254.05  6.50 -0.31    0.3080  0.0165  0.26   118.   124.   118.     
 62.000    0.1730  0.0127  0.27 250.59  7.56 -0.04    0.2400  0.0137  0.15   101.   106.   101.     
 64.000    0.1320  0.0108  0.31 246.54  8.24  0.14    0.1860  0.0117  0.26    78.    81.    78.     
 66.000    0.1000  0.0080  0.61 243.30  8.21 -0.08    0.1430  0.0088  0.38    42.    44.    42.     
 68.000    0.0760  0.0063  0.48 237.38 10.80 -0.03    0.1110  0.0068  0.51    30.    32.    30.     
 70.000    0.0560  0.0058  0.81 230.48 13.69  0.56    0.0850  0.0062  0.24    19.    19.    19.     
1    T A B L E  II - 11.  T H E R M O D Y N A M I C  S T A T I S T I C A L  P A R A M E T E R S     
                                              NOVEMBER                                              
 STATION =   722696     WHITE SANDS, NM                                                             
    Z      MEAN P   SD P  SKEWP MEAN T  SD T SKEWT    MEAN D    SD D SKEWD  NOBSP  NOBST  NOBSD     
    KM       MB        MB       DEG K  DEG K            G/M3    G/M3                                
  0.000 1020.1001  8.3515  0.11 284.30  9.39 -0.01 1248.0000 51.1000  0.21   379.   379.   379.     
  1.000  904.0801  5.4133  0.01 281.47  6.37  0.18 1117.0000 29.7000  0.07   379.   379.   379.     
  1.246  877.4099  4.9978 -0.06 280.88  5.80  0.23 1086.0000 25.8000  0.07   393.   393.   393.     
  2.000  801.7000  4.3778 -0.42 281.18  4.62 -0.38  991.5000 17.2800  0.69   393.   393.   393.     
  3.000  709.3999  4.2955 -0.61 275.89  4.59 -0.69  894.6001 13.0200  1.06   392.   392.   392.     
  4.000  626.2700  4.6264 -0.66 270.70  4.50 -0.82  805.3000 10.0200  0.92   391.   391.   391.     
  5.000  551.5000  4.9902 -0.72 264.65  4.33 -0.84  725.5000  7.6700  0.66   390.   390.   390.     
  6.000  483.9500  5.2608 -0.69 257.73  4.16 -0.71  653.8999  6.0710  0.32   381.   381.   381.     
  7.000  423.2200  5.2870 -0.72 250.66  3.92 -0.74  588.1001  5.3210 -0.19   375.   375.   375.     
  8.000  368.7800  5.2516 -0.68 243.61  3.69 -0.54  527.3000  5.4290 -0.97   374.   374.   374.     
  9.000  320.0000  4.9891 -0.67 236.34  3.36 -0.20  471.6001  5.5550 -1.23   370.   370.   370.     
 10.000  276.4399  4.7171 -0.53 229.07  3.07 -0.06  420.3999  5.9880 -1.50   366.   366.   366.     
 11.000  237.7400  4.3071 -0.39 222.47  2.75  0.33  372.3000  6.9120 -1.19   353.   353.   353.     
 12.000  203.7400  3.6594 -0.34 216.85  3.16  0.38  327.3999  7.8080 -0.77   351.   351.   351.     
 13.000  173.9300  3.0838 -0.25 212.62  3.64  0.16  285.1001  8.1620 -0.32   339.   339.   339.     
 14.000  148.1200  2.4699 -0.22 209.78  3.54 -0.01  246.1000  7.2510 -0.01   322.   322.   322.     
 15.000  125.8600  1.8838 -0.26 207.51  3.50  0.05  211.4000  6.0230 -0.07   311.   311.   311.     
 16.000  106.7400  1.4727 -0.23 206.30  3.38  0.22  180.3000  4.8630 -0.18   279.   279.   279.     
 17.000   90.5710  1.1153 -0.23 205.85  3.22  0.33  153.3000  3.7810 -0.27   265.   265.   265.     
 18.000   76.8210  0.8452 -0.09 206.32  3.02  0.29  129.7000  2.7960 -0.23   255.   255.   255.     
 19.000   65.2230  0.6711 -0.05 208.11  2.22 -0.01  109.2000  1.7630 -0.03   248.   248.   248.     
 20.000   55.4590  0.5633  0.00 210.12  1.99  0.14   91.9600  1.2410 -0.13   243.   243.   243.     
 21.000   47.2440  0.4883  0.04 211.92  2.10  0.07   77.6700  0.9468 -0.12   234.   234.   234.     
 22.000   40.2920  0.4400  0.11 213.47  2.25  0.23   65.7600  0.7493  0.03   227.   227.   227.     
 23.000   34.4150  0.4061  0.17 215.03  2.26  0.21   55.7600  0.6121 -0.20   217.   217.   217.     
 24.000   29.4080  0.3836  0.22 216.58  2.49  0.04   47.3000  0.5513 -0.34   208.   208.   208.     
 25.000   25.1550  0.3496  0.18 217.74  2.60 -0.04   40.2500  0.4714 -0.29   204.   204.   204.     
 26.000   21.5450  0.3270  0.24 219.07  2.69 -0.02   34.2600  0.4319 -0.77   199.   199.   199.     
 27.000   18.4900  0.3012  0.28 220.64  2.69 -0.01   29.2000  0.3899 -0.47   171.   171.   171.     
 28.000   15.8680  0.2782  0.30 222.05  2.89  0.16   24.9000  0.3564 -0.21   171.   171.   171.     
 29.000   13.6570  0.2515  0.08 223.82  2.97  0.52   21.2600  0.3283 -0.01   103.   103.   103.     
 30.000   11.7550  0.3160 -0.54 225.31  4.47  0.09   18.1800  0.4984 -0.94   137.   144.   131.     
 32.000    8.7340  0.2486 -0.29 229.01  4.78  0.54   13.3000  0.3620 -0.52   138.   145.   135.     
 34.000    6.5180  0.2015 -0.19 232.76  5.00  0.63    9.7630  0.3050 -0.07   138.   146.   137.     
 36.000    4.8880  0.1590 -0.05 236.57  5.71  0.20    7.2050  0.2556  0.05   138.   146.   138.     
 38.000    3.6820  0.1274  0.11 241.29  5.83  0.64    5.3220  0.1884 -0.39   137.   144.   137.     
 40.000    2.7940  0.1033  0.29 246.94  6.08  0.24    3.9450  0.1512 -0.18   137.   144.   137.     
 42.000    2.1330  0.0832  0.41 252.99  6.76  0.36    2.9390  0.1140  0.03   137.   144.   137.     
 44.000    1.6390  0.0681  0.50 258.50  6.66  0.12    2.2110  0.0922  0.13   136.   144.   136.     
 46.000    1.2660  0.0557  0.55 262.77  7.77  0.25    1.6800  0.0735  0.13   135.   142.   135.     
 48.000    0.9810  0.0465  0.59 265.20  7.41  0.09    1.2900  0.0521  0.13   135.   142.   135.     
 50.000    0.7620  0.0398  0.64 265.45  7.59  0.40    1.0010  0.0421  0.41   135.   141.   135.     
 52.000    0.5910  0.0336  0.63 263.59  7.33  0.32    0.7820  0.0353  0.35   133.   137.   133.     
 54.000    0.4570  0.0279  0.70 261.90  7.68  0.63    0.6090  0.0296  0.23   132.   140.   132.     
 56.000    0.3530  0.0231  0.77 259.04  8.29  0.47    0.4760  0.0259  0.12   130.   137.   130.     
 58.000    0.2720  0.0192  0.86 256.32  7.67  0.30    0.3700  0.0216  0.43   126.   133.   126.     
 60.000    0.2090  0.0161  0.90 252.14  8.57  0.25    0.2890  0.0178  0.60   116.   122.   116.     
 62.000    0.1610  0.0135  0.86 248.64  9.22  0.37    0.2260  0.0153  0.67   102.   108.   102.     
 64.000    0.1210  0.0107  1.02 245.01 10.74  0.39    0.1730  0.0133  0.60    86.    91.    86.     
 66.000    0.0910  0.0091  1.20 238.54 13.36  0.49    0.1330  0.0128  0.68    63.    65.    63.     
 68.000    0.0680  0.0078  1.44 230.32 16.16  0.50    0.1030  0.0102  1.06    52.    54.    52.     
 70.000    0.0490  0.0044  0.89 223.25 14.70  0.79    0.0770  0.0061  0.89    43.    45.    43.     
1    T A B L E  II - 12.  T H E R M O D Y N A M I C  S T A T I S T I C A L  P A R A M E T E R S     
                                              DECEMBER                                              
 STATION =   722696     WHITE SANDS, NM                                                             
    Z      MEAN P   SD P  SKEWP MEAN T  SD T SKEWT    MEAN D    SD D SKEWD  NOBSP  NOBST  NOBSD     
    KM       MB        MB       DEG K  DEG K            G/M3    G/M3                                
  0.000 1021.7000  8.6346 -0.02 278.92  9.19  0.20 1275.0000 51.8500  0.02   314.   314.   314.     
  1.000  903.5601  5.7171 -0.19 276.94  6.06  0.40 1135.0000 29.0600 -0.10   314.   314.   314.     
  1.246  876.4500  5.3184 -0.24 276.50  5.42  0.44 1103.0000 24.6800 -0.12   321.   321.   321.     
  2.000  799.8799  4.9235 -0.34 277.75  4.79 -0.42 1002.0000 16.9700  0.60   320.   320.   320.     
  3.000  706.8000  5.1044 -0.37 273.01  4.71 -0.47  900.8999 11.9100  0.58   319.   319.   319.     
  4.000  623.1599  5.5651 -0.43 267.91  4.52 -0.62  809.7000  8.7190  0.55   319.   319.   319.     
  5.000  548.0300  5.9465 -0.48 261.90  4.33 -0.59  728.6001  6.8730  0.37   317.   317.   317.     
  6.000  480.3201  6.0395 -0.52 255.11  4.09 -0.75  655.7000  5.5690  0.44   316.   316.   316.     
  7.000  419.4700  6.0459 -0.54 247.94  4.05 -0.73  589.3000  5.5950 -0.18   315.   315.   315.     
  8.000  364.9700  5.8853 -0.56 240.82  3.89 -0.70  527.8999  5.7760 -0.74   310.   310.   310.     
  9.000  316.1201  5.6110 -0.56 233.60  3.52 -0.37  471.3999  6.1320 -0.86   308.   308.   308.     
 10.000  272.6001  5.2093 -0.48 226.81  3.03  0.14  418.7000  7.3060 -1.05   303.   303.   303.     
 11.000  234.1900  4.5440 -0.42 220.83  3.13  0.97  369.5000  8.8520 -0.93   287.   287.   287.     
 12.000  200.5600  3.7775 -0.38 215.79  4.19  0.75  323.8999  9.8690 -0.66   283.   283.   283.     
 13.000  171.1800  3.0280 -0.30 213.11  4.52  0.26  280.0000  9.1090 -0.19   264.   264.   264.     
 14.000  145.8700  2.4099 -0.26 211.63  3.66  0.20  240.2000  6.7480 -0.23   243.   243.   243.     
 15.000  124.2800  1.8937 -0.23 209.62  3.12  0.42  206.6000  5.3160 -0.26   222.   222.   222.     
 16.000  105.4700  1.4472 -0.10 208.05  3.12  0.18  176.7000  4.4720 -0.18   206.   206.   206.     
 17.000   89.5870  1.0970 -0.04 207.32  3.27  0.15  150.6000  3.7790 -0.09   192.   192.   192.     
 18.000   76.0470  0.8204 -0.05 207.35  3.41  0.00  127.8000  3.0500  0.14   191.   191.   191.     
 19.000   64.6070  0.6249 -0.26 208.15  3.06 -0.05  108.2000  2.1740  0.34   185.   185.   185.     
 20.000   54.9180  0.4963 -0.40 209.68  2.68 -0.18   91.2600  1.5610  0.40   176.   176.   176.     
 21.000   46.7530  0.4120 -0.39 211.31  2.50 -0.01   77.0900  1.1510  0.16   173.   173.   173.     
 22.000   39.8400  0.3578 -0.37 212.65  2.49 -0.02   65.2700  0.8985  0.05   170.   170.   170.     
 23.000   34.0100  0.3282 -0.28 214.22  2.24 -0.01   55.3100  0.6440  0.06   168.   168.   168.     
 24.000   29.0400  0.2931 -0.13 215.75  2.29  0.11   46.8900  0.5109 -0.13   156.   156.   156.     
 25.000   24.8530  0.2596  0.28 217.21  2.55  0.31   39.8600  0.4420 -0.64   144.   144.   144.     
 26.000   21.2800  0.2466  0.40 218.51  2.90  0.54   33.9300  0.3964 -1.07   144.   144.   144.     
 27.000   18.2330  0.2400  0.43 219.93  3.12  0.71   28.8800  0.3319 -1.02   128.   128.   128.     
 28.000   15.6390  0.2301  0.39 221.35  3.20  0.60   24.6100  0.2774 -0.47   128.   128.   128.     
 29.000   13.4170  0.2071  0.46 222.22  2.66  0.71   21.0300  0.2328  0.02    73.    73.    73.     
 30.000   11.6120  0.2562 -0.33 224.43  4.53  0.42   18.0300  0.4314 -1.28   140.   153.   135.     
 32.000    8.6170  0.2111 -0.04 228.55  5.62  0.58   13.1500  0.3439 -1.07   138.   151.   136.     
 34.000    6.4330  0.1768  0.14 233.65  6.71  0.64    9.6040  0.2794 -0.26   141.   154.   138.     
 36.000    4.8280  0.1502  0.42 238.27  7.58  0.29    7.0660  0.2411 -0.01   138.   151.   138.     
 38.000    3.6450  0.1281  0.56 243.52  7.52  0.53    5.2170  0.1840  0.05   138.   151.   138.     
 40.000    2.7740  0.1070  0.79 250.33  8.57  0.06    3.8630  0.1627 -0.22   138.   151.   138.     
 42.000    2.1260  0.0907  0.99 257.24 10.10  0.14    2.8810  0.1281 -0.28   138.   151.   138.     
 44.000    1.6410  0.0757  1.10 263.32  9.66 -0.06    2.1670  0.0963  0.24   136.   146.   136.     
 46.000    1.2720  0.0622  1.09 267.73  8.68 -0.35    1.6540  0.0753  0.54   136.   144.   136.     
 48.000    0.9900  0.0521  1.03 269.23  9.73  0.24    1.2810  0.0629  0.62   133.   137.   133.     
 50.000    0.7720  0.0441  0.86 268.85  9.12  0.14    0.9990  0.0504  0.88   133.   140.   133.     
 52.000    0.6010  0.0364  0.79 267.06  8.42  0.09    0.7840  0.0401  0.75   132.   140.   132.     
 54.000    0.4670  0.0302  0.71 263.88  7.84 -0.13    0.6160  0.0336  0.74   131.   142.   131.     
 56.000    0.3600  0.0245  0.67 259.75  7.67 -0.13    0.4830  0.0265  0.33   127.   139.   127.     
 58.000    0.2770  0.0192  0.57 255.66  7.37 -0.01    0.3770  0.0229  0.17   123.   133.   123.     
 60.000    0.2140  0.0156  0.56 251.94  9.23 -0.08    0.2960  0.0197  0.15   112.   121.   112.     
 62.000    0.1640  0.0129  0.56 248.65 11.60 -0.01    0.2290  0.0153  0.22    96.   103.    96.     
 64.000    0.1230  0.0100  0.32 244.71 13.04  0.07    0.1750  0.0113  0.09    64.    68.    64.     
 66.000    0.0920  0.0083  0.06 239.07 15.60 -0.72    0.1350  0.0095  0.07    34.    34.    34.     
 68.000    0.0700  0.0073 -0.32 232.01 18.88 -0.60    0.1060  0.0060 -0.59    20.    20.    20.     
 70.000    0.0510  0.0078  0.13 220.29 20.00  0.15    0.0800  0.0062 -0.53    10.    10.    10.     
