        911650   21.98N  159.34W
  T A B L E  III -   1.  M O I S T U R E  R E L A T E D  S T A T I S T I C A L  P A R A M E T E R S
                                   January
 Station =   911650     Barking Sands, Hawaii (Lihue)
      Z VAPOR P   SD VP SKEW VP      TV      TV SKEW TV DEWPT T  SD DPT SKW DPT NOBS TP NOBS TV   
           MEAN                    MEAN      SD            MEAN                                   
     KM      MB      MB          KELVIN  KELVIN          KELVIN  KELVIN                           
  0.000  16.000   6.000    0.00  291.00    6.00    0.00  290.00    7.00    0.00     100     100
  0.036  20.161   3.180   -0.34  297.73    3.02   -0.51  290.60    2.62   -0.70    1222    1222
  0.500  17.193   2.834   -0.37  293.86    1.53   -0.31  288.09    2.70   -0.75    1222    1222
  1.000  14.123   2.295   -0.36  289.87    1.78   -0.34  285.07    2.64   -1.02    1222    1222
  1.500  10.410   3.450   -0.91  286.96    2.19   -0.24  279.61    6.85   -1.99    1220    1220
  2.000   5.965   3.858    0.25  285.41    2.62   -0.26  269.35   11.36   -0.65    1217    1217
  2.500   3.514   2.909    1.02  283.79    2.60   -0.42  261.54   11.55   -0.14    1217    1217
  3.000   2.468   2.178    1.39  281.54    2.59   -0.39  257.20   10.90    0.04    1216    1216
  3.500   1.792   1.573    1.56  278.90    2.69   -0.37  253.64   10.23    0.03    1213    1213
  4.000   1.352   1.229    1.71  276.08    2.77   -0.37  250.26   10.03    0.09    1215    1215
  4.500   1.017   0.958    1.96  273.05    2.88   -0.33  247.03    9.75    0.11    1214    1214
  5.000   0.782   0.754    2.03  269.94    2.97   -0.39  244.07    9.67    0.11    1212    1212
  5.500   0.612   0.602    2.19  266.77    3.11   -0.43  241.39    9.54    0.13    1210    1210
  6.000   0.487   0.497    2.15  263.53    3.22   -0.45  238.90    9.54    0.20    1202    1202
  6.500   0.379   0.388    2.14  260.20    3.35   -0.39  236.59    9.07    0.30    1189    1189
  7.000   0.287   0.295    2.11  256.71    3.46   -0.39  233.99    8.78    0.33    1177    1177
  7.500   0.218   0.229    2.02  253.16    3.58   -0.43  231.67    8.51    0.37    1146    1146
  8.000   0.157   0.167    1.89  249.61    3.72   -0.41  229.93    7.73    0.36    1044    1044
  8.500   0.112   0.121    1.86  246.11    3.91   -0.40  227.49    7.22    0.38     991     991
  9.000   0.076   0.081    1.68  242.62    4.06   -0.42  225.29    6.33    0.32     916     916
  9.500   0.050   0.054    1.63  239.19    4.14   -0.46  222.81    5.50    0.33     839     839
 10.000   0.026   0.037    1.59  235.84    4.14   -0.57  221.99    4.24    0.29     505     505
 10.500   0.014   0.024    1.76  232.50    4.08   -0.70  219.64    3.42    0.55     375     375
 11.000 999.900 999.900  999.90  229.24    3.94   -0.82  217.70    2.93    0.79     122     122
 11.500 999.900 999.900  999.90  225.98    3.66   -0.97  216.36    2.23    0.61      43      43
 12.000 999.900 999.900  999.90  222.79    3.33   -1.07  215.82    1.35    0.53      12      12
 12.500 999.900 999.900  999.90  219.64    3.01   -0.98  999.90  999.90  999.90       0       0
 13.000 999.900 999.900  999.90  216.46    2.73   -0.59  999.90  999.90  999.90       0       0
 13.500 999.900 999.900  999.90  213.34    2.49    0.04  999.90  999.90  999.90       0       0
 14.000 999.900 999.900  999.90  210.24    2.42    0.51  999.90  999.90  999.90       0       0
 14.500 999.900 999.900  999.90  207.21    2.46    0.73  999.90  999.90  999.90       0       0
 15.000 999.900 999.900  999.90  204.30    2.61    0.69  999.90  999.90  999.90       0       0
 15.500 999.900 999.900  999.90  201.64    2.80    0.68  999.90  999.90  999.90       0       0
 16.000 999.900 999.900  999.90  199.26    3.02    0.64  999.90  999.90  999.90       0       0
 16.500 999.900 999.900  999.90  197.34    3.30    0.56  999.90  999.90  999.90       0       0
 17.000 999.900 999.900  999.90  195.92    3.54    0.54  999.90  999.90  999.90       0       0
 17.500 999.900 999.900  999.90  195.17    3.75    0.48  999.90  999.90  999.90       0       0
 18.000 999.900 999.900  999.90  195.51    3.93    0.36  999.90  999.90  999.90       0       0
 18.500 999.900 999.900  999.90  196.93    3.94    0.29  999.90  999.90  999.90       0       0
 19.000 999.900 999.900  999.90  198.96    3.62    0.09  999.90  999.90  999.90       0       0
 19.500 999.900 999.900  999.90  201.34    3.32    0.02  999.90  999.90  999.90       0       0
 20.000 999.900 999.900  999.90  203.54    3.01   -0.00  999.90  999.90  999.90       0       0
 20.500 999.900 999.900  999.90  205.45    2.74   -0.13  999.90  999.90  999.90       0       0
 21.000 999.900 999.900  999.90  207.10    2.66    0.02  999.90  999.90  999.90       0       0
 21.500 999.900 999.900  999.90  208.56    2.65    0.08  999.90  999.90  999.90       0       0
 22.000 999.900 999.900  999.90  209.88    2.73    0.03  999.90  999.90  999.90       0       0
 22.500 999.900 999.900  999.90  211.10    2.79    0.03  999.90  999.90  999.90       0       0
 23.000 999.900 999.900  999.90  212.27    2.84   -0.04  999.90  999.90  999.90       0       0
 23.500 999.900 999.900  999.90  213.34    2.82   -0.06  999.90  999.90  999.90       0       0
 24.000 999.900 999.900  999.90  214.32    2.79   -0.03  999.90  999.90  999.90       0       0
 24.500 999.900 999.900  999.90  215.27    2.79   -0.09  999.90  999.90  999.90       0       0
 25.000 999.900 999.900  999.90  216.25    2.88   -0.05  999.90  999.90  999.90       0       0
 25.500 999.900 999.900  999.90  217.27    2.91   -0.10  999.90  999.90  999.90       0       0
 26.000 999.900 999.900  999.90  218.19    2.93   -0.14  999.90  999.90  999.90       0       0
 26.500 999.900 999.900  999.90  219.02    2.92   -0.10  999.90  999.90  999.90       0       0
 27.000 999.900 999.900  999.90  219.85    2.92   -0.09  999.90  999.90  999.90       0       0
 27.500 999.900 999.900  999.90  220.65    3.00   -0.02  999.90  999.90  999.90       0       0
 28.000 999.900 999.900  999.90  221.49    3.07   -0.01  999.90  999.90  999.90       0       0
 28.500 999.900 999.900  999.90  222.35    3.13   -0.06  999.90  999.90  999.90       0       0
 29.000 999.900 999.900  999.90  223.21    3.22   -0.10  999.90  999.90  999.90       0       0
 29.500 999.900 999.900  999.90  223.96    3.32    0.02  999.90  999.90  999.90       0       0
 30.000 999.900 999.900  999.90  224.71    3.42    0.04  999.90  999.90  999.90       0       0
  T A B L E  III -   2.  M O I S T U R E  R E L A T E D  S T A T I S T I C A L  P A R A M E T E R S
                                  February
 Station =   911650     Barking Sands, Hawaii (Lihue)
      Z VAPOR P   SD VP SKEW VP      TV      TV SKEW TV DEWPT T  SD DPT SKW DPT NOBS TP NOBS TV   
           MEAN                    MEAN      SD            MEAN                                   
     KM      MB      MB          KELVIN  KELVIN          KELVIN  KELVIN                           
  0.000  16.000   6.000    0.00  291.00    6.00    0.00  290.00    7.00    0.00     100     100
  0.036  20.054   3.092   -0.36  297.76    2.70   -0.38  290.53    2.57   -0.77    1034    1034
  0.500  17.090   2.863   -0.53  293.54    1.52   -0.36  288.01    2.69   -0.70    1033    1033
  1.000  13.886   2.281   -0.67  289.54    1.77   -0.31  284.83    2.63   -1.13    1033    1033
  1.500  10.624   2.951   -1.09  286.37    2.07   -0.34  280.27    5.67   -2.45    1032    1032
  2.000   6.270   3.703   -0.00  284.70    2.40   -0.21  270.36   10.98   -0.83    1031    1031
  2.500   3.693   2.998    0.79  283.05    2.28   -0.04  262.11   11.89   -0.21    1026    1026
  3.000   2.517   2.198    1.19  280.67    2.26    0.06  257.33   11.18   -0.02    1027    1027
  3.500   1.794   1.645    1.39  277.98    2.35    0.14  253.18   10.88    0.07    1025    1025
  4.000   1.327   1.281    1.59  275.08    2.44   -0.01  249.58   10.70    0.13    1021    1021
  4.500   0.994   0.975    1.67  272.06    2.55   -0.03  246.45   10.23    0.19    1020    1020
  5.000   0.770   0.777    1.75  268.99    2.69   -0.02  243.55   10.16    0.17    1019    1019
  5.500   0.577   0.596    1.94  265.89    2.95    0.06  240.57    9.78    0.22    1015    1015
  6.000   0.473   0.493    1.84  262.68    3.20    0.06  238.64    9.63    0.25    1002    1002
  6.500   0.362   0.386    1.98  259.34    3.39    0.07  236.21    9.03    0.42     992     992
  7.000   0.278   0.291    1.95  255.89    3.58    0.12  233.84    8.61    0.44     985     985
  7.500   0.205   0.221    1.94  252.48    3.79    0.09  231.21    8.39    0.47     955     955
  8.000   0.143   0.160    1.80  249.02    3.95    0.05  229.05    7.83    0.49     865     865
  8.500   0.103   0.112    1.64  245.56    4.11   -0.01  227.03    7.08    0.43     816     816
  9.000   0.071   0.076    1.47  242.18    4.25   -0.08  224.98    6.15    0.38     758     758
  9.500   0.047   0.051    1.35  238.82    4.40   -0.18  222.42    5.45    0.37     698     698
 10.000   0.025   0.037    1.54  235.50    4.46   -0.30  222.13    4.30    0.17     405     405
 10.500   0.014   0.024    1.72  232.16    4.46   -0.42  219.77    3.45    0.39     310     310
 11.000 999.900 999.900  999.90  228.85    4.41   -0.54  217.82    2.87    0.32     103     103
 11.500 999.900 999.900  999.90  225.63    4.17   -0.67  216.52    2.16    0.26      28      28
 12.000 999.900 999.900  999.90  222.52    3.77   -0.83  216.28    2.06    0.66      10      10
 12.500 999.900 999.900  999.90  219.50    3.30   -0.86  999.90  999.90  999.90       0       0
 13.000 999.900 999.900  999.90  216.50    2.73   -0.56  999.90  999.90  999.90       0       0
 13.500 999.900 999.900  999.90  213.47    2.37   -0.04  999.90  999.90  999.90       0       0
 14.000 999.900 999.900  999.90  210.48    2.23    0.42  999.90  999.90  999.90       0       0
 14.500 999.900 999.900  999.90  207.58    2.32    0.57  999.90  999.90  999.90       0       0
 15.000 999.900 999.900  999.90  204.73    2.50    0.69  999.90  999.90  999.90       0       0
 15.500 999.900 999.900  999.90  202.01    2.72    0.67  999.90  999.90  999.90       0       0
 16.000 999.900 999.900  999.90  199.55    2.98    0.64  999.90  999.90  999.90       0       0
 16.500 999.900 999.900  999.90  197.64    3.27    0.53  999.90  999.90  999.90       0       0
 17.000 999.900 999.900  999.90  196.32    3.45    0.40  999.90  999.90  999.90       0       0
 17.500 999.900 999.900  999.90  195.65    3.68    0.25  999.90  999.90  999.90       0       0
 18.000 999.900 999.900  999.90  195.87    3.79    0.06  999.90  999.90  999.90       0       0
 18.500 999.900 999.900  999.90  197.06    3.72   -0.06  999.90  999.90  999.90       0       0
 19.000 999.900 999.900  999.90  198.83    3.61   -0.29  999.90  999.90  999.90       0       0
 19.500 999.900 999.900  999.90  201.09    3.28   -0.22  999.90  999.90  999.90       0       0
 20.000 999.900 999.900  999.90  203.29    3.03   -0.29  999.90  999.90  999.90       0       0
 20.500 999.900 999.900  999.90  205.15    2.69   -0.29  999.90  999.90  999.90       0       0
 21.000 999.900 999.900  999.90  206.83    2.54   -0.14  999.90  999.90  999.90       0       0
 21.500 999.900 999.900  999.90  208.31    2.48   -0.02  999.90  999.90  999.90       0       0
 22.000 999.900 999.900  999.90  209.65    2.47   -0.14  999.90  999.90  999.90       0       0
 22.500 999.900 999.900  999.90  210.84    2.52   -0.18  999.90  999.90  999.90       0       0
 23.000 999.900 999.900  999.90  211.99    2.53   -0.21  999.90  999.90  999.90       0       0
 23.500 999.900 999.900  999.90  213.07    2.58   -0.22  999.90  999.90  999.90       0       0
 24.000 999.900 999.900  999.90  214.10    2.67   -0.14  999.90  999.90  999.90       0       0
 24.500 999.900 999.900  999.90  215.04    2.69   -0.18  999.90  999.90  999.90       0       0
 25.000 999.900 999.900  999.90  216.02    2.70   -0.05  999.90  999.90  999.90       0       0
 25.500 999.900 999.900  999.90  217.10    2.72    0.08  999.90  999.90  999.90       0       0
 26.000 999.900 999.900  999.90  218.20    2.72    0.14  999.90  999.90  999.90       0       0
 26.500 999.900 999.900  999.90  219.30    2.74    0.12  999.90  999.90  999.90       0       0
 27.000 999.900 999.900  999.90  220.46    2.75    0.13  999.90  999.90  999.90       0       0
 27.500 999.900 999.900  999.90  221.54    2.84    0.13  999.90  999.90  999.90       0       0
 28.000 999.900 999.900  999.90  222.52    2.87    0.12  999.90  999.90  999.90       0       0
 28.500 999.900 999.900  999.90  223.49    2.86    0.10  999.90  999.90  999.90       0       0
 29.000 999.900 999.900  999.90  224.47    2.90    0.19  999.90  999.90  999.90       0       0
 29.500 999.900 999.900  999.90  225.47    3.01    0.18  999.90  999.90  999.90       0       0
 30.000 999.900 999.900  999.90  226.44    3.11    0.17  999.90  999.90  999.90       0       0
  T A B L E  III -   3.  M O I S T U R E  R E L A T E D  S T A T I S T I C A L  P A R A M E T E R S
                                     March
 Station =   911650     Barking Sands, Hawaii (Lihue)
      Z VAPOR P   SD VP SKEW VP      TV      TV SKEW TV DEWPT T  SD DPT SKW DPT NOBS TP NOBS TV   
           MEAN                    MEAN      SD            MEAN                                   
     KM      MB      MB          KELVIN  KELVIN          KELVIN  KELVIN                           
  0.000  16.000   6.000    0.00  291.00    6.00    0.00  290.00    7.00    0.00     100     100
  0.036  20.491   2.860   -0.39  298.04    2.70   -0.34  290.90    2.33   -0.86    1186    1186
  0.500  17.340   2.604   -0.74  293.53    1.47   -0.47  288.25    2.53   -1.20    1186    1186
  1.000  13.996   2.147   -0.67  289.51    1.73   -0.41  284.98    2.43   -1.03    1185    1185
  1.500  11.023   2.493   -0.91  286.26    2.06   -0.48  281.11    4.17   -2.21    1186    1186
  2.000   6.782   3.535   -0.14  284.27    2.36   -0.42  272.04    9.98   -1.11    1185    1185
  2.500   3.939   3.005    0.67  282.73    2.20   -0.49  263.23   11.57   -0.30    1181    1181
  3.000   2.606   2.227    1.09  280.49    2.11   -0.15  257.80   11.38   -0.15    1173    1173
  3.500   1.825   1.715    1.37  277.88    2.16   -0.06  253.24   11.19    0.05    1169    1169
  4.000   1.355   1.344    1.64  275.06    2.24    0.03  249.68   10.95    0.10    1168    1168
  4.500   1.032   1.074    1.85  272.02    2.35    0.09  246.45   10.80    0.16    1168    1168
  5.000   0.772   0.841    2.03  268.84    2.45    0.01  243.19   10.53    0.25    1168    1168
  5.500   0.591   0.668    2.08  265.55    2.51    0.08  240.15   10.45    0.30    1168    1168
  6.000   0.462   0.536    2.11  262.15    2.59    0.09  237.88    9.94    0.46    1150    1150
  6.500   0.368   0.426    2.04  258.69    2.71    0.11  235.73    9.67    0.53    1139    1139
  7.000   0.290   0.327    1.86  255.11    2.86    0.14  233.50    9.49    0.49    1132    1132
  7.500   0.224   0.250    1.70  251.49    3.00    0.18  231.41    9.41    0.36    1091    1091
  8.000   0.158   0.180    1.57  247.87    3.15    0.19  229.97    8.50    0.28     964     964
  8.500   0.114   0.128    1.47  244.22    3.28    0.22  228.03    7.64    0.26     906     906
  9.000   0.083   0.090    1.32  240.59    3.41    0.22  226.27    6.69    0.23     847     847
  9.500   0.056   0.061    1.23  237.03    3.60    0.20  223.79    5.91    0.21     799     799
 10.000   0.032   0.042    1.19  233.54    3.78    0.15  222.77    4.63   -0.03     548     548
 10.500   0.019   0.028    1.36  230.20    3.92    0.02  220.54    3.74    0.14     434     434
 11.000 999.900 999.900  999.90  226.99    4.03   -0.11  218.75    2.82    0.62     150     150
 11.500 999.900 999.900  999.90  223.83    3.95   -0.25  217.17    2.44    0.50      59      59
 12.000 999.900 999.900  999.90  220.79    3.77   -0.42  216.58    1.73    0.48      17      17
 12.500 999.900 999.900  999.90  217.95    3.54   -0.64  999.90  999.90  999.90       0       0
 13.000 999.900 999.900  999.90  215.11    3.29   -0.76  999.90  999.90  999.90       0       0
 13.500 999.900 999.900  999.90  212.42    2.95   -0.68  999.90  999.90  999.90       0       0
 14.000 999.900 999.900  999.90  209.91    2.65   -0.29  999.90  999.90  999.90       0       0
 14.500 999.900 999.900  999.90  207.47    2.57    0.12  999.90  999.90  999.90       0       0
 15.000 999.900 999.900  999.90  205.13    2.63    0.27  999.90  999.90  999.90       0       0
 15.500 999.900 999.900  999.90  202.94    2.81    0.20  999.90  999.90  999.90       0       0
 16.000 999.900 999.900  999.90  200.91    2.98    0.11  999.90  999.90  999.90       0       0
 16.500 999.900 999.900  999.90  199.29    3.27    0.17  999.90  999.90  999.90       0       0
 17.000 999.900 999.900  999.90  198.22    3.49    0.23  999.90  999.90  999.90       0       0
 17.500 999.900 999.900  999.90  197.77    3.58    0.20  999.90  999.90  999.90       0       0
 18.000 999.900 999.900  999.90  198.16    3.62    0.15  999.90  999.90  999.90       0       0
 18.500 999.900 999.900  999.90  199.27    3.53    0.05  999.90  999.90  999.90       0       0
 19.000 999.900 999.900  999.90  201.03    3.31    0.06  999.90  999.90  999.90       0       0
 19.500 999.900 999.900  999.90  203.07    3.04    0.14  999.90  999.90  999.90       0       0
 20.000 999.900 999.900  999.90  205.01    2.78    0.04  999.90  999.90  999.90       0       0
 20.500 999.900 999.900  999.90  206.73    2.53    0.08  999.90  999.90  999.90       0       0
 21.000 999.900 999.900  999.90  208.28    2.37   -0.00  999.90  999.90  999.90       0       0
 21.500 999.900 999.900  999.90  209.65    2.34   -0.10  999.90  999.90  999.90       0       0
 22.000 999.900 999.900  999.90  210.95    2.34    0.03  999.90  999.90  999.90       0       0
 22.500 999.900 999.900  999.90  212.12    2.37    0.15  999.90  999.90  999.90       0       0
 23.000 999.900 999.900  999.90  213.34    2.41    0.18  999.90  999.90  999.90       0       0
 23.500 999.900 999.900  999.90  214.52    2.42    0.17  999.90  999.90  999.90       0       0
 24.000 999.900 999.900  999.90  215.63    2.44    0.18  999.90  999.90  999.90       0       0
 24.500 999.900 999.900  999.90  216.75    2.48    0.03  999.90  999.90  999.90       0       0
 25.000 999.900 999.900  999.90  217.93    2.48   -0.00  999.90  999.90  999.90       0       0
 25.500 999.900 999.900  999.90  219.08    2.57    0.05  999.90  999.90  999.90       0       0
 26.000 999.900 999.900  999.90  220.25    2.62    0.13  999.90  999.90  999.90       0       0
 26.500 999.900 999.900  999.90  221.38    2.65    0.22  999.90  999.90  999.90       0       0
 27.000 999.900 999.900  999.90  222.56    2.78    0.22  999.90  999.90  999.90       0       0
 27.500 999.900 999.900  999.90  223.69    2.85    0.26  999.90  999.90  999.90       0       0
 28.000 999.900 999.900  999.90  224.84    2.96    0.32  999.90  999.90  999.90       0       0
 28.500 999.900 999.900  999.90  225.91    2.94    0.21  999.90  999.90  999.90       0       0
 29.000 999.900 999.900  999.90  226.93    2.95    0.16  999.90  999.90  999.90       0       0
 29.500 999.900 999.900  999.90  227.91    3.01    0.13  999.90  999.90  999.90       0       0
 30.000 999.900 999.900  999.90  228.86    3.01    0.07  999.90  999.90  999.90       0       0
  T A B L E  III -   4.  M O I S T U R E  R E L A T E D  S T A T I S T I C A L  P A R A M E T E R S
                                     April
 Station =   911650     Barking Sands, Hawaii (Lihue)
      Z VAPOR P   SD VP SKEW VP      TV      TV SKEW TV DEWPT T  SD DPT SKW DPT NOBS TP NOBS TV   
           MEAN                    MEAN      SD            MEAN                                   
     KM      MB      MB          KELVIN  KELVIN          KELVIN  KELVIN                           
  0.000  16.000   6.000    0.00  291.00    6.00    0.00  290.00    7.00    0.00     100     100
  0.036  21.370   2.545   -0.49  298.86    2.35   -0.21  291.61    1.99   -0.89    1119    1119
  0.500  18.102   2.234   -0.61  293.93    1.25   -0.45  288.98    2.03   -0.96    1119    1119
  1.000  14.526   1.861   -0.61  289.88    1.44   -0.33  285.60    1.96   -0.60    1118    1118
  1.500  11.645   1.914   -0.79  286.59    1.68   -0.40  282.19    2.63   -1.36    1118    1118
  2.000   7.561   3.298   -0.46  284.42    2.00   -0.50  274.34    8.48   -1.39    1116    1116
  2.500   4.195   2.904    0.60  283.04    2.04   -0.15  264.82   10.44   -0.35    1114    1114
  3.000   2.607   2.114    1.16  281.02    2.01   -0.14  258.37   10.40   -0.07    1111    1111
  3.500   1.870   1.610    1.46  278.52    2.00   -0.01  254.27   10.13    0.01    1109    1109
  4.000   1.410   1.273    1.58  275.73    2.03    0.07  250.82   10.02    0.08    1108    1108
  4.500   1.042   0.942    1.74  272.73    2.07   -0.05  247.55    9.55    0.08    1107    1107
  5.000   0.794   0.725    1.76  269.59    2.11   -0.13  244.52    9.37    0.13    1106    1106
  5.500   0.620   0.596    1.94  266.32    2.16   -0.10  241.69    9.34    0.20    1106    1106
  6.000   0.471   0.466    2.00  262.94    2.20   -0.13  238.79    9.16    0.25    1102    1102
  6.500   0.363   0.369    2.09  259.41    2.22   -0.13  236.24    8.83    0.38    1093    1093
  7.000   0.277   0.271    1.90  255.73    2.27   -0.08  233.73    8.50    0.38    1090    1090
  7.500   0.218   0.217    1.91  252.00    2.34   -0.05  231.39    8.62    0.27    1076    1076
  8.000   0.158   0.169    1.76  248.23    2.40    0.04  230.25    7.96    0.17     924     924
  8.500   0.115   0.122    1.75  244.41    2.48    0.09  228.24    7.12    0.20     880     880
  9.000   0.083   0.088    1.58  240.57    2.55    0.19  226.28    6.28    0.28     826     826
  9.500   0.059   0.061    1.35  236.72    2.65    0.28  223.91    5.66    0.26     795     795
 10.000   0.033   0.044    1.35  232.90    2.76    0.31  222.93    4.49    0.29     531     531
 10.500   0.019   0.029    1.56  229.11    2.90    0.31  220.41    3.82    0.48     419     419
 11.000 999.900 999.900  999.90  225.45    3.05    0.30  219.29    3.10    0.40     160     160
 11.500 999.900 999.900  999.90  221.94    3.19    0.26  217.55    2.53    0.39      76      76
 12.000 999.900 999.900  999.90  218.68    3.29    0.19  216.60    1.90    1.84      30      30
 12.500 999.900 999.900  999.90  215.77    3.39    0.09  999.90  999.90  999.90       0       0
 13.000 999.900 999.900  999.90  213.15    3.36   -0.04  999.90  999.90  999.90       0       0
 13.500 999.900 999.900  999.90  210.82    3.19   -0.14  999.90  999.90  999.90       0       0
 14.000 999.900 999.900  999.90  208.77    2.89   -0.21  999.90  999.90  999.90       0       0
 14.500 999.900 999.900  999.90  206.89    2.66   -0.26  999.90  999.90  999.90       0       0
 15.000 999.900 999.900  999.90  205.14    2.56   -0.19  999.90  999.90  999.90       0       0
 15.500 999.900 999.900  999.90  203.48    2.67   -0.22  999.90  999.90  999.90       0       0
 16.000 999.900 999.900  999.90  201.98    2.71   -0.06  999.90  999.90  999.90       0       0
 16.500 999.900 999.900  999.90  200.91    2.88    0.16  999.90  999.90  999.90       0       0
 17.000 999.900 999.900  999.90  200.20    3.22    0.24  999.90  999.90  999.90       0       0
 17.500 999.900 999.900  999.90  200.12    3.34    0.31  999.90  999.90  999.90       0       0
 18.000 999.900 999.900  999.90  200.77    3.44    0.13  999.90  999.90  999.90       0       0
 18.500 999.900 999.900  999.90  202.07    3.33   -0.06  999.90  999.90  999.90       0       0
 19.000 999.900 999.900  999.90  203.78    3.13   -0.10  999.90  999.90  999.90       0       0
 19.500 999.900 999.900  999.90  205.68    2.85   -0.12  999.90  999.90  999.90       0       0
 20.000 999.900 999.900  999.90  207.38    2.63   -0.12  999.90  999.90  999.90       0       0
 20.500 999.900 999.900  999.90  208.72    2.45    0.05  999.90  999.90  999.90       0       0
 21.000 999.900 999.900  999.90  209.93    2.39    0.18  999.90  999.90  999.90       0       0
 21.500 999.900 999.900  999.90  211.16    2.39    0.33  999.90  999.90  999.90       0       0
 22.000 999.900 999.900  999.90  212.44    2.43    0.31  999.90  999.90  999.90       0       0
 22.500 999.900 999.900  999.90  213.70    2.42    0.19  999.90  999.90  999.90       0       0
 23.000 999.900 999.900  999.90  214.95    2.44    0.02  999.90  999.90  999.90       0       0
 23.500 999.900 999.900  999.90  216.18    2.39   -0.13  999.90  999.90  999.90       0       0
 24.000 999.900 999.900  999.90  217.41    2.32   -0.11  999.90  999.90  999.90       0       0
 24.500 999.900 999.900  999.90  218.67    2.32   -0.11  999.90  999.90  999.90       0       0
 25.000 999.900 999.900  999.90  219.89    2.32   -0.25  999.90  999.90  999.90       0       0
 25.500 999.900 999.900  999.90  221.13    2.30   -0.18  999.90  999.90  999.90       0       0
 26.000 999.900 999.900  999.90  222.34    2.28   -0.08  999.90  999.90  999.90       0       0
 26.500 999.900 999.900  999.90  223.49    2.25   -0.02  999.90  999.90  999.90       0       0
 27.000 999.900 999.900  999.90  224.57    2.29    0.10  999.90  999.90  999.90       0       0
 27.500 999.900 999.900  999.90  225.65    2.33    0.07  999.90  999.90  999.90       0       0
 28.000 999.900 999.900  999.90  226.75    2.39    0.12  999.90  999.90  999.90       0       0
 28.500 999.900 999.900  999.90  227.81    2.45    0.04  999.90  999.90  999.90       0       0
 29.000 999.900 999.900  999.90  228.82    2.50   -0.13  999.90  999.90  999.90       0       0
 29.500 999.900 999.900  999.90  229.77    2.49   -0.12  999.90  999.90  999.90       0       0
 30.000 999.900 999.900  999.90  230.76    2.54   -0.03  999.90  999.90  999.90       0       0
  T A B L E  III -   5.  M O I S T U R E  R E L A T E D  S T A T I S T I C A L  P A R A M E T E R S
                                       May
 Station =   911650     Barking Sands, Hawaii (Lihue)
      Z VAPOR P   SD VP SKEW VP      TV      TV SKEW TV DEWPT T  SD DPT SKW DPT NOBS TP NOBS TV   
           MEAN                    MEAN      SD            MEAN                                   
     KM      MB      MB          KELVIN  KELVIN          KELVIN  KELVIN                           
  0.000  16.000   6.000    0.00  291.00    6.00    0.00  290.00    7.00    0.00     100     100
  0.036  22.553   2.460   -0.75  300.02    2.40   -0.25  292.51    1.73   -0.49    1239    1239
  0.500  19.241   2.239   -1.35  294.94    1.20   -0.51  289.99    1.78   -0.77    1238    1238
  1.000  15.318   1.968   -0.63  290.96    1.39   -0.25  286.41    1.99   -0.68    1239    1239
  1.500  12.286   2.174   -0.84  287.77    1.60   -0.18  282.95    2.92   -1.50    1239    1239
  2.000   8.029   3.494   -0.40  285.68    2.14    0.04  275.24    8.24   -1.23    1238    1238
  2.500   4.595   3.026    0.58  284.36    2.12   -0.35  266.33    9.89   -0.31    1237    1237
  3.000   3.004   2.249    1.03  282.34    1.97   -0.35  260.52    9.93   -0.12    1235    1235
  3.500   2.203   1.680    1.16  279.79    1.94   -0.16  256.77    9.52   -0.06    1233    1233
  4.000   1.686   1.350    1.33  276.95    2.00   -0.21  253.47    9.42   -0.00    1231    1231
  4.500   1.291   1.088    1.48  273.98    2.05   -0.22  250.18    9.44    0.05    1231    1231
  5.000   0.989   0.818    1.46  270.89    2.09   -0.23  247.42    8.91    0.08    1226    1226
  5.500   0.781   0.661    1.54  267.71    2.11   -0.23  244.77    8.80    0.10    1225    1225
  6.000   0.592   0.507    1.53  264.39    2.14   -0.25  241.76    8.68    0.11    1222    1222
  6.500   0.442   0.393    1.64  260.99    2.16   -0.28  238.63    8.64    0.13    1218    1218
  7.000   0.328   0.296    1.75  257.47    2.21   -0.35  235.71    8.31    0.22    1212    1212
  7.500   0.244   0.223    1.73  253.83    2.23   -0.37  232.89    8.14    0.23    1199    1199
  8.000   0.169   0.170    1.68  250.11    2.25   -0.40  231.40    7.36    0.15    1020    1020
  8.500   0.121   0.121    1.59  246.30    2.26   -0.37  228.91    6.74    0.18     977     977
  9.000   0.087   0.088    1.58  242.39    2.25   -0.32  226.65    6.02    0.29     928     928
  9.500   0.062   0.062    1.49  238.48    2.26   -0.32  223.97    5.51    0.36     915     915
 10.000   0.035   0.045    1.39  234.56    2.26   -0.25  222.91    4.53    0.34     620     620
 10.500   0.020   0.029    1.56  230.63    2.26   -0.20  220.24    3.78    0.69     505     505
 11.000 999.900 999.900  999.90  226.75    2.25   -0.14  219.00    3.40    0.47     181     181
 11.500 999.900 999.900  999.90  222.93    2.22   -0.12  217.66    2.68    0.43      74      74
 12.000 999.900 999.900  999.90  219.22    2.20    0.03  216.76    1.82   -0.43      25      25
 12.500 999.900 999.900  999.90  215.72    2.25    0.17  999.90  999.90  999.90       0       0
 13.000 999.900 999.900  999.90  212.55    2.33    0.30  999.90  999.90  999.90       0       0
 13.500 999.900 999.900  999.90  209.82    2.43    0.47  999.90  999.90  999.90       0       0
 14.000 999.900 999.900  999.90  207.55    2.58    0.38  999.90  999.90  999.90       0       0
 14.500 999.900 999.900  999.90  205.68    2.75    0.19  999.90  999.90  999.90       0       0
 15.000 999.900 999.900  999.90  204.15    2.83    0.11  999.90  999.90  999.90       0       0
 15.500 999.900 999.900  999.90  202.90    2.90    0.05  999.90  999.90  999.90       0       0
 16.000 999.900 999.900  999.90  201.93    2.95    0.05  999.90  999.90  999.90       0       0
 16.500 999.900 999.900  999.90  201.49    3.04    0.09  999.90  999.90  999.90       0       0
 17.000 999.900 999.900  999.90  201.39    3.18    0.05  999.90  999.90  999.90       0       0
 17.500 999.900 999.900  999.90  201.82    3.29   -0.01  999.90  999.90  999.90       0       0
 18.000 999.900 999.900  999.90  202.68    3.08   -0.28  999.90  999.90  999.90       0       0
 18.500 999.900 999.900  999.90  203.82    2.80   -0.34  999.90  999.90  999.90       0       0
 19.000 999.900 999.900  999.90  205.10    2.57   -0.27  999.90  999.90  999.90       0       0
 19.500 999.900 999.900  999.90  206.39    2.39   -0.01  999.90  999.90  999.90       0       0
 20.000 999.900 999.900  999.90  207.80    2.24    0.08  999.90  999.90  999.90       0       0
 20.500 999.900 999.900  999.90  209.28    2.08    0.07  999.90  999.90  999.90       0       0
 21.000 999.900 999.900  999.90  210.72    2.00    0.18  999.90  999.90  999.90       0       0
 21.500 999.900 999.900  999.90  212.08    1.95    0.15  999.90  999.90  999.90       0       0
 22.000 999.900 999.900  999.90  213.44    1.93    0.26  999.90  999.90  999.90       0       0
 22.500 999.900 999.900  999.90  214.76    1.96    0.22  999.90  999.90  999.90       0       0
 23.000 999.900 999.900  999.90  216.08    1.95    0.21  999.90  999.90  999.90       0       0
 23.500 999.900 999.900  999.90  217.41    1.92    0.20  999.90  999.90  999.90       0       0
 24.000 999.900 999.900  999.90  218.65    1.93    0.16  999.90  999.90  999.90       0       0
 24.500 999.900 999.900  999.90  219.84    1.92    0.07  999.90  999.90  999.90       0       0
 25.000 999.900 999.900  999.90  221.02    1.98    0.16  999.90  999.90  999.90       0       0
 25.500 999.900 999.900  999.90  222.21    1.97    0.25  999.90  999.90  999.90       0       0
 26.000 999.900 999.900  999.90  223.29    1.97    0.30  999.90  999.90  999.90       0       0
 26.500 999.900 999.900  999.90  224.37    1.96    0.24  999.90  999.90  999.90       0       0
 27.000 999.900 999.900  999.90  225.37    1.99    0.26  999.90  999.90  999.90       0       0
 27.500 999.900 999.900  999.90  226.41    1.97    0.19  999.90  999.90  999.90       0       0
 28.000 999.900 999.900  999.90  227.38    1.98    0.16  999.90  999.90  999.90       0       0
 28.500 999.900 999.900  999.90  228.27    2.00    0.19  999.90  999.90  999.90       0       0
 29.000 999.900 999.900  999.90  229.12    2.05    0.17  999.90  999.90  999.90       0       0
 29.500 999.900 999.900  999.90  229.92    2.10    0.19  999.90  999.90  999.90       0       0
 30.000 999.900 999.900  999.90  230.74    2.14    0.23  999.90  999.90  999.90       0       0
  T A B L E  III -   6.  M O I S T U R E  R E L A T E D  S T A T I S T I C A L  P A R A M E T E R S
                                      June
 Station =   911650     Barking Sands, Hawaii (Lihue)
      Z VAPOR P   SD VP SKEW VP      TV      TV SKEW TV DEWPT T  SD DPT SKW DPT NOBS TP NOBS TV   
           MEAN                    MEAN      SD            MEAN                                   
     KM      MB      MB          KELVIN  KELVIN          KELVIN  KELVIN                           
  0.000  16.000   6.000    0.00  291.00    6.00    0.00  290.00    7.00    0.00     100     100
  0.036  23.948   1.893   -0.05  301.30    1.93    0.26  293.50    1.29   -0.34    1252    1252
  0.500  20.500   1.607   -0.27  295.88    0.75   -0.33  291.01    1.27   -0.51    1252    1252
  1.000  16.256   1.737   -0.30  291.84    0.90   -0.12  287.34    1.70   -0.62    1252    1252
  1.500  12.989   2.313   -1.18  288.62    1.17    0.18  283.73    3.21   -2.25    1252    1252
  2.000   8.518   3.603   -0.41  286.65    1.87    0.47  276.21    7.89   -1.17    1250    1250
  2.500   4.506   2.899    0.66  285.27    2.13   -0.07  266.34    9.38   -0.27    1248    1248
  3.000   2.829   1.949    1.29  283.38    2.07   -0.26  260.47    8.59   -0.04    1249    1249
  3.500   1.999   1.381    1.48  280.86    2.01   -0.24  256.26    8.25   -0.09    1249    1249
  4.000   1.480   1.032    1.55  277.97    2.00   -0.31  252.71    8.00   -0.07    1250    1250
  4.500   1.146   0.826    1.62  274.89    2.08   -0.47  249.73    7.81    0.06    1250    1250
  5.000   0.904   0.646    1.47  271.71    2.17   -0.54  247.04    7.73   -0.01    1250    1250
  5.500   0.722   0.565    1.69  268.44    2.21   -0.60  244.30    7.96    0.11    1250    1250
  6.000   0.577   0.464    1.61  265.11    2.26   -0.62  241.70    8.21    0.03    1249    1249
  6.500   0.439   0.347    1.61  261.65    2.30   -0.56  238.94    7.95   -0.03    1248    1248
  7.000   0.342   0.274    1.47  258.09    2.32   -0.53  236.42    7.76    0.13    1241    1241
  7.500   0.272   0.221    1.42  254.40    2.35   -0.56  234.07    7.81    0.10    1239    1239
  8.000   0.191   0.170    1.36  250.64    2.37   -0.55  232.07    7.20    0.12    1101    1101
  8.500   0.135   0.124    1.40  246.83    2.39   -0.54  229.45    6.67    0.16    1053    1053
  9.000   0.094   0.089    1.38  242.96    2.38   -0.50  226.75    6.11    0.27    1004    1004
  9.500   0.066   0.060    1.41  239.02    2.34   -0.47  223.99    5.44    0.31     983     983
 10.000   0.037   0.044    1.25  235.10    2.29   -0.49  222.86    4.34    0.36     675     675
 10.500   0.019   0.027    1.51  231.20    2.21   -0.44  219.82    3.54    0.78     513     513
 11.000 999.900 999.900  999.90  227.34    2.12   -0.39  218.19    3.06    0.61     180     180
 11.500 999.900 999.900  999.90  223.54    2.04   -0.32  216.92    2.38    0.45      69      69
 12.000 999.900 999.900  999.90  219.86    1.97   -0.20  216.14    1.83    0.11      14      14
 12.500 999.900 999.900  999.90  216.43    1.99   -0.06  999.90  999.90  999.90       0       0
 13.000 999.900 999.900  999.90  213.26    2.14    0.25  999.90  999.90  999.90       0       0
 13.500 999.900 999.900  999.90  210.54    2.35    0.46  999.90  999.90  999.90       0       0
 14.000 999.900 999.900  999.90  208.30    2.64    0.50  999.90  999.90  999.90       0       0
 14.500 999.900 999.900  999.90  206.59    2.96    0.41  999.90  999.90  999.90       0       0
 15.000 999.900 999.900  999.90  205.26    3.26    0.22  999.90  999.90  999.90       0       0
 15.500 999.900 999.900  999.90  204.23    3.49    0.03  999.90  999.90  999.90       0       0
 16.000 999.900 999.900  999.90  203.43    3.48    0.03  999.90  999.90  999.90       0       0
 16.500 999.900 999.900  999.90  203.02    3.31   -0.06  999.90  999.90  999.90       0       0
 17.000 999.900 999.900  999.90  202.85    3.09   -0.15  999.90  999.90  999.90       0       0
 17.500 999.900 999.900  999.90  202.98    2.83   -0.24  999.90  999.90  999.90       0       0
 18.000 999.900 999.900  999.90  203.48    2.51   -0.29  999.90  999.90  999.90       0       0
 18.500 999.900 999.900  999.90  204.37    2.30   -0.21  999.90  999.90  999.90       0       0
 19.000 999.900 999.900  999.90  205.53    2.08   -0.16  999.90  999.90  999.90       0       0
 19.500 999.900 999.900  999.90  206.85    1.96   -0.07  999.90  999.90  999.90       0       0
 20.000 999.900 999.900  999.90  208.34    1.85   -0.09  999.90  999.90  999.90       0       0
 20.500 999.900 999.900  999.90  209.84    1.83    0.05  999.90  999.90  999.90       0       0
 21.000 999.900 999.900  999.90  211.26    1.78    0.12  999.90  999.90  999.90       0       0
 21.500 999.900 999.900  999.90  212.60    1.77    0.15  999.90  999.90  999.90       0       0
 22.000 999.900 999.900  999.90  213.90    1.82    0.23  999.90  999.90  999.90       0       0
 22.500 999.900 999.900  999.90  215.16    1.81    0.18  999.90  999.90  999.90       0       0
 23.000 999.900 999.900  999.90  216.44    1.82    0.22  999.90  999.90  999.90       0       0
 23.500 999.900 999.900  999.90  217.69    1.80    0.17  999.90  999.90  999.90       0       0
 24.000 999.900 999.900  999.90  218.91    1.84    0.21  999.90  999.90  999.90       0       0
 24.500 999.900 999.900  999.90  220.04    1.82    0.19  999.90  999.90  999.90       0       0
 25.000 999.900 999.900  999.90  221.16    1.84    0.17  999.90  999.90  999.90       0       0
 25.500 999.900 999.900  999.90  222.21    1.85    0.23  999.90  999.90  999.90       0       0
 26.000 999.900 999.900  999.90  223.19    1.86    0.31  999.90  999.90  999.90       0       0
 26.500 999.900 999.900  999.90  224.17    1.88    0.32  999.90  999.90  999.90       0       0
 27.000 999.900 999.900  999.90  225.06    1.91    0.26  999.90  999.90  999.90       0       0
 27.500 999.900 999.900  999.90  225.94    1.98    0.18  999.90  999.90  999.90       0       0
 28.000 999.900 999.900  999.90  226.80    2.04    0.12  999.90  999.90  999.90       0       0
 28.500 999.900 999.900  999.90  227.64    2.05    0.15  999.90  999.90  999.90       0       0
 29.000 999.900 999.900  999.90  228.48    2.09    0.23  999.90  999.90  999.90       0       0
 29.500 999.900 999.900  999.90  229.27    2.17    0.24  999.90  999.90  999.90       0       0
 30.000 999.900 999.900  999.90  230.06    2.22    0.23  999.90  999.90  999.90       0       0
  T A B L E  III -   7.  M O I S T U R E  R E L A T E D  S T A T I S T I C A L  P A R A M E T E R S
                                      July
 Station =   911650     Barking Sands, Hawaii (Lihue)
      Z VAPOR P   SD VP SKEW VP      TV      TV SKEW TV DEWPT T  SD DPT SKW DPT NOBS TP NOBS TV   
           MEAN                    MEAN      SD            MEAN                                   
     KM      MB      MB          KELVIN  KELVIN          KELVIN  KELVIN                           
  0.000  16.000   6.000    0.00  291.00    6.00    0.00  290.00    7.00    0.00     100     100
  0.036  24.626   1.995    0.46  301.92    1.99    0.23  293.95    1.30    0.19    1233    1233
  0.500  21.234   1.719   -0.05  296.47    0.79    0.13  291.57    1.30   -0.34    1233    1233
  1.000  16.876   1.881   -0.20  292.43    0.99    0.40  287.91    1.77   -0.60    1233    1233
  1.500  13.406   2.402   -0.93  289.20    1.28    0.55  284.22    3.12   -1.83    1233    1233
  2.000   8.808   3.430   -0.31  287.04    1.88    0.31  277.03    6.98   -1.24    1231    1231
  2.500   4.806   2.928    0.72  285.53    1.95   -0.29  267.47    8.93   -0.36    1230    1230
  3.000   3.129   2.226    1.13  283.49    1.85   -0.05  261.37    9.43   -0.17    1229    1229
  3.500   2.205   1.683    1.45  280.98    1.90    0.16  256.91    9.18   -0.02    1230    1230
  4.000   1.588   1.283    1.65  278.28    1.92    0.00  252.90    8.98    0.11    1229    1229
  4.500   1.193   1.001    1.77  275.43    1.87    0.01  249.52    8.86    0.13    1228    1228
  5.000   0.909   0.738    1.90  272.35    1.84   -0.14  246.71    8.31    0.12    1229    1229
  5.500   0.717   0.566    1.84  269.13    1.82   -0.14  244.24    7.97    0.08    1229    1229
  6.000   0.581   0.469    1.79  265.80    1.82   -0.16  241.90    8.02    0.05    1227    1227
  6.500   0.446   0.369    1.83  262.35    1.87   -0.16  239.10    7.88    0.14    1225    1225
  7.000   0.350   0.303    1.85  258.82    1.90   -0.18  236.59    7.84    0.25    1215    1215
  7.500   0.283   0.248    1.74  255.16    1.91   -0.21  234.45    7.79    0.30    1209    1209
  8.000   0.208   0.189    1.52  251.42    1.96   -0.25  232.81    7.21    0.20    1095    1095
  8.500   0.151   0.138    1.44  247.61    1.98   -0.25  230.01    6.92    0.20    1074    1074
  9.000   0.109   0.096    1.22  243.75    1.95   -0.18  227.73    6.21    0.14    1032    1032
  9.500   0.080   0.068    1.07  239.83    1.91   -0.08  225.33    5.65    0.13    1011    1011
 10.000   0.050   0.050    0.88  235.95    1.87   -0.07  223.93    4.51    0.11     790     790
 10.500   0.029   0.033    0.98  232.04    1.84   -0.08  220.93    3.80    0.38     659     659
 11.000   0.010   0.020    1.80  228.16    1.84   -0.07  219.52    2.94    0.18     291     291
 11.500 999.900 999.900  999.90  224.29    1.82   -0.06  217.68    2.32    0.38     127     127
 12.000 999.900 999.900  999.90  220.51    1.81   -0.01  216.22    1.60   -0.02      25      25
 12.500 999.900 999.900  999.90  216.96    1.83    0.10  999.90  999.90  999.90       0       0
 13.000 999.900 999.900  999.90  213.74    1.92    0.34  999.90  999.90  999.90       0       0
 13.500 999.900 999.900  999.90  210.94    2.15    0.47  999.90  999.90  999.90       0       0
 14.000 999.900 999.900  999.90  208.65    2.40    0.43  999.90  999.90  999.90       0       0
 14.500 999.900 999.900  999.90  206.83    2.61    0.18  999.90  999.90  999.90       0       0
 15.000 999.900 999.900  999.90  205.30    2.80   -0.05  999.90  999.90  999.90       0       0
 15.500 999.900 999.900  999.90  204.07    2.81   -0.08  999.90  999.90  999.90       0       0
 16.000 999.900 999.900  999.90  203.30    2.79   -0.16  999.90  999.90  999.90       0       0
 16.500 999.900 999.900  999.90  203.07    2.62   -0.22  999.90  999.90  999.90       0       0
 17.000 999.900 999.900  999.90  203.16    2.41   -0.26  999.90  999.90  999.90       0       0
 17.500 999.900 999.900  999.90  203.58    2.13   -0.29  999.90  999.90  999.90       0       0
 18.000 999.900 999.900  999.90  204.36    1.97   -0.12  999.90  999.90  999.90       0       0
 18.500 999.900 999.900  999.90  205.36    1.91   -0.05  999.90  999.90  999.90       0       0
 19.000 999.900 999.900  999.90  206.53    1.82    0.16  999.90  999.90  999.90       0       0
 19.500 999.900 999.900  999.90  207.78    1.85    0.09  999.90  999.90  999.90       0       0
 20.000 999.900 999.900  999.90  209.07    1.83    0.14  999.90  999.90  999.90       0       0
 20.500 999.900 999.900  999.90  210.38    1.77    0.24  999.90  999.90  999.90       0       0
 21.000 999.900 999.900  999.90  211.68    1.77    0.36  999.90  999.90  999.90       0       0
 21.500 999.900 999.900  999.90  212.90    1.78    0.21  999.90  999.90  999.90       0       0
 22.000 999.900 999.900  999.90  214.09    1.84    0.24  999.90  999.90  999.90       0       0
 22.500 999.900 999.900  999.90  215.25    1.88    0.25  999.90  999.90  999.90       0       0
 23.000 999.900 999.900  999.90  216.36    1.88    0.20  999.90  999.90  999.90       0       0
 23.500 999.900 999.900  999.90  217.45    1.86    0.22  999.90  999.90  999.90       0       0
 24.000 999.900 999.900  999.90  218.50    1.88    0.29  999.90  999.90  999.90       0       0
 24.500 999.900 999.900  999.90  219.47    1.89    0.38  999.90  999.90  999.90       0       0
 25.000 999.900 999.900  999.90  220.40    1.92    0.31  999.90  999.90  999.90       0       0
 25.500 999.900 999.900  999.90  221.36    1.98    0.27  999.90  999.90  999.90       0       0
 26.000 999.900 999.900  999.90  222.32    2.00    0.24  999.90  999.90  999.90       0       0
 26.500 999.900 999.900  999.90  223.29    2.02    0.25  999.90  999.90  999.90       0       0
 27.000 999.900 999.900  999.90  224.15    2.06    0.27  999.90  999.90  999.90       0       0
 27.500 999.900 999.900  999.90  225.06    2.10    0.23  999.90  999.90  999.90       0       0
 28.000 999.900 999.900  999.90  225.93    2.18    0.18  999.90  999.90  999.90       0       0
 28.500 999.900 999.900  999.90  226.75    2.21    0.20  999.90  999.90  999.90       0       0
 29.000 999.900 999.900  999.90  227.49    2.23    0.19  999.90  999.90  999.90       0       0
 29.500 999.900 999.900  999.90  228.21    2.23    0.21  999.90  999.90  999.90       0       0
 30.000 999.900 999.900  999.90  228.94    2.28    0.19  999.90  999.90  999.90       0       0
  T A B L E  III -   8.  M O I S T U R E  R E L A T E D  S T A T I S T I C A L  P A R A M E T E R S
                                    August
 Station =   911650     Barking Sands, Hawaii (Lihue)
      Z VAPOR P   SD VP SKEW VP      TV      TV SKEW TV DEWPT T  SD DPT SKW DPT NOBS TP NOBS TV   
           MEAN                    MEAN      SD            MEAN                                   
     KM      MB      MB          KELVIN  KELVIN          KELVIN  KELVIN                           
  0.000  16.000   6.000    0.00  291.00    6.00    0.00  290.00    7.00    0.00     100     100
  0.036  25.131   2.221   -0.77  302.32    1.97    0.25  294.29    1.36    0.11    1311    1311
  0.500  21.643   1.901   -1.23  296.91    0.78    0.15  291.88    1.35   -0.38    1311    1311
  1.000  17.043   2.018   -0.28  292.86    0.98    0.35  288.05    1.90   -0.64    1312    1312
  1.500  13.664   2.314   -0.74  289.61    1.24    0.51  284.54    2.87   -1.58    1312    1312
  2.000   9.406   3.406   -0.51  287.39    1.81    0.33  278.02    6.95   -1.63    1312    1312
  2.500   5.311   3.168    0.50  285.91    1.86   -0.26  268.67    9.36   -0.53    1311    1311
  3.000   3.339   2.384    1.03  283.89    1.78   -0.32  262.10    9.60   -0.15    1310    1310
  3.500   2.324   1.827    1.45  281.39    1.76   -0.07  257.38    9.50   -0.03    1309    1309
  4.000   1.688   1.383    1.70  278.67    1.65   -0.11  253.49    9.23    0.06    1309    1309
  4.500   1.263   1.059    1.92  275.78    1.62   -0.16  250.14    9.02    0.01    1308    1308
  5.000   0.970   0.798    1.88  272.76    1.65   -0.13  247.23    8.75   -0.05    1309    1309
  5.500   0.741   0.623    1.94  269.69    1.64   -0.25  244.24    8.57   -0.00    1308    1308
  6.000   0.595   0.529    2.01  266.50    1.66   -0.25  241.76    8.57    0.09    1305    1305
  6.500   0.468   0.414    1.85  263.13    1.67   -0.28  239.33    8.36    0.14    1298    1298
  7.000   0.371   0.344    1.90  259.67    1.67   -0.31  236.88    8.31    0.27    1288    1288
  7.500   0.288   0.263    1.76  256.08    1.71   -0.35  234.44    8.13    0.29    1283    1283
  8.000   0.206   0.203    1.70  252.40    1.73   -0.39  232.38    7.70    0.28    1156    1156
  8.500   0.152   0.150    1.70  248.64    1.75   -0.38  230.00    7.20    0.28    1126    1126
  9.000   0.111   0.107    1.53  244.79    1.77   -0.32  227.80    6.47    0.31    1083    1083
  9.500   0.081   0.075    1.42  240.89    1.78   -0.23  225.36    5.84    0.36    1068    1068
 10.000   0.052   0.054    1.16  236.96    1.80   -0.11  223.82    4.82    0.37     869     869
 10.500   0.031   0.036    1.18  232.99    1.82   -0.02  221.10    4.11    0.53     724     724
 11.000   0.012   0.022    1.97  229.07    1.84    0.09  219.30    3.67    0.43     353     353
 11.500 999.900 999.900  999.90  225.20    1.82    0.11  217.94    2.79    0.51     148     148
 12.000 999.900 999.900  999.90  221.42    1.80    0.15  217.14    1.86   -0.33      47      47
 12.500 999.900 999.900  999.90  217.81    1.80    0.13  999.90  999.90  999.90       0       0
 13.000 999.900 999.900  999.90  214.39    1.80    0.10  999.90  999.90  999.90       0       0
 13.500 999.900 999.900  999.90  211.24    1.84    0.04  999.90  999.90  999.90       0       0
 14.000 999.900 999.900  999.90  208.54    1.99    0.14  999.90  999.90  999.90       0       0
 14.500 999.900 999.900  999.90  206.26    2.26    0.24  999.90  999.90  999.90       0       0
 15.000 999.900 999.900  999.90  204.41    2.54    0.32  999.90  999.90  999.90       0       0
 15.500 999.900 999.900  999.90  202.99    2.75    0.27  999.90  999.90  999.90       0       0
 16.000 999.900 999.900  999.90  202.26    2.82    0.12  999.90  999.90  999.90       0       0
 16.500 999.900 999.900  999.90  202.01    2.67   -0.00  999.90  999.90  999.90       0       0
 17.000 999.900 999.900  999.90  202.38    2.46    0.00  999.90  999.90  999.90       0       0
 17.500 999.900 999.900  999.90  203.02    2.25    0.20  999.90  999.90  999.90       0       0
 18.000 999.900 999.900  999.90  204.02    2.08    0.19  999.90  999.90  999.90       0       0
 18.500 999.900 999.900  999.90  205.15    1.97    0.14  999.90  999.90  999.90       0       0
 19.000 999.900 999.900  999.90  206.37    1.87    0.24  999.90  999.90  999.90       0       0
 19.500 999.900 999.900  999.90  207.67    1.80    0.23  999.90  999.90  999.90       0       0
 20.000 999.900 999.900  999.90  208.92    1.79    0.31  999.90  999.90  999.90       0       0
 20.500 999.900 999.900  999.90  210.14    1.78    0.36  999.90  999.90  999.90       0       0
 21.000 999.900 999.900  999.90  211.30    1.82    0.39  999.90  999.90  999.90       0       0
 21.500 999.900 999.900  999.90  212.47    1.84    0.34  999.90  999.90  999.90       0       0
 22.000 999.900 999.900  999.90  213.62    1.87    0.32  999.90  999.90  999.90       0       0
 22.500 999.900 999.900  999.90  214.76    1.95    0.22  999.90  999.90  999.90       0       0
 23.000 999.900 999.900  999.90  215.82    1.96    0.22  999.90  999.90  999.90       0       0
 23.500 999.900 999.900  999.90  216.83    1.94    0.23  999.90  999.90  999.90       0       0
 24.000 999.900 999.900  999.90  217.78    1.96    0.24  999.90  999.90  999.90       0       0
 24.500 999.900 999.900  999.90  218.72    1.97    0.29  999.90  999.90  999.90       0       0
 25.000 999.900 999.900  999.90  219.66    2.04    0.34  999.90  999.90  999.90       0       0
 25.500 999.900 999.900  999.90  220.59    2.08    0.32  999.90  999.90  999.90       0       0
 26.000 999.900 999.900  999.90  221.48    2.11    0.26  999.90  999.90  999.90       0       0
 26.500 999.900 999.900  999.90  222.37    2.11    0.34  999.90  999.90  999.90       0       0
 27.000 999.900 999.900  999.90  223.26    2.13    0.47  999.90  999.90  999.90       0       0
 27.500 999.900 999.900  999.90  224.12    2.13    0.41  999.90  999.90  999.90       0       0
 28.000 999.900 999.900  999.90  224.92    2.18    0.41  999.90  999.90  999.90       0       0
 28.500 999.900 999.900  999.90  225.70    2.19    0.35  999.90  999.90  999.90       0       0
 29.000 999.900 999.900  999.90  226.47    2.21    0.30  999.90  999.90  999.90       0       0
 29.500 999.900 999.900  999.90  227.21    2.28    0.32  999.90  999.90  999.90       0       0
 30.000 999.900 999.900  999.90  227.96    2.33    0.35  999.90  999.90  999.90       0       0
  T A B L E  III -   9.  M O I S T U R E  R E L A T E D  S T A T I S T I C A L  P A R A M E T E R S
                                 September
 Station =   911650     Barking Sands, Hawaii (Lihue)
      Z VAPOR P   SD VP SKEW VP      TV      TV SKEW TV DEWPT T  SD DPT SKW DPT NOBS TP NOBS TV   
           MEAN                    MEAN      SD            MEAN                                   
     KM      MB      MB          KELVIN  KELVIN          KELVIN  KELVIN                           
  0.000  16.000   6.000    0.00  291.00    6.00    0.00  290.00    7.00    0.00     100     100
  0.036  24.846   2.365   -0.81  302.19    2.14    0.07  294.10    1.48   -0.15    1205    1205
  0.500  21.742   1.842    0.01  297.12    0.87    0.37  291.94    1.37   -0.22    1206    1206
  1.000  17.081   2.077   -0.22  293.06    1.02    0.41  288.08    1.94   -0.57    1206    1206
  1.500  13.661   2.234   -0.49  289.75    1.22    0.35  284.56    2.68   -1.24    1206    1206
  2.000   9.827   3.177   -0.63  287.20    1.59    0.25  278.92    6.08   -1.61    1206    1206
  2.500   5.964   3.339    0.23  285.48    1.83   -0.17  270.35    9.38   -0.69    1205    1205
  3.000   3.549   2.577    0.90  283.74    1.75   -0.28  262.65   10.12   -0.21    1202    1202
  3.500   2.472   1.972    1.25  281.41    1.75   -0.24  257.85   10.05   -0.06    1202    1202
  4.000   1.772   1.470    1.50  278.73    1.74   -0.02  253.90    9.64    0.02    1199    1199
  4.500   1.305   1.064    1.61  275.85    1.81   -0.10  250.53    9.07    0.02    1200    1200
  5.000   0.995   0.824    1.76  272.80    1.80   -0.19  247.51    8.72    0.08    1201    1201
  5.500   0.795   0.674    1.81  269.61    1.79   -0.31  244.87    8.87    0.01    1200    1200
  6.000   0.639   0.550    1.67  266.34    1.81   -0.52  242.33    9.09   -0.08    1197    1197
  6.500   0.493   0.434    1.71  262.97    1.79   -0.55  239.61    8.87    0.00    1195    1195
  7.000   0.387   0.349    1.77  259.47    1.80   -0.62  237.22    8.57    0.13    1188    1188
  7.500   0.300   0.267    1.62  255.86    1.81   -0.67  234.83    8.28    0.17    1176    1176
  8.000   0.224   0.208    1.49  252.17    1.77   -0.64  233.11    7.75    0.15    1082    1082
  8.500   0.169   0.155    1.39  248.40    1.78   -0.64  230.83    7.29    0.13    1056    1056
  9.000   0.127   0.115    1.30  244.54    1.80   -0.68  228.78    6.58    0.19    1023    1023
  9.500   0.091   0.079    1.20  240.65    1.79   -0.60  226.32    5.80    0.26     997     997
 10.000   0.059   0.055    0.91  236.74    1.75   -0.53  224.48    4.66    0.21     852     852
 10.500   0.034   0.036    0.93  232.81    1.73   -0.42  221.48    4.02    0.36     710     710
 11.000   0.013   0.023    1.63  228.95    1.71   -0.35  219.48    3.48    0.25     357     357
 11.500 999.900 999.900  999.90  225.13    1.68   -0.25  217.97    2.70    0.30     164     164
 12.000 999.900 999.900  999.90  221.41    1.64    0.02  217.03    1.55    0.41      50      50
 12.500 999.900 999.900  999.90  217.83    1.65    0.31  999.90  999.90  999.90       0       0
 13.000 999.900 999.900  999.90  214.48    1.73    0.44  999.90  999.90  999.90       0       0
 13.500 999.900 999.900  999.90  211.38    1.84    0.35  999.90  999.90  999.90       0       0
 14.000 999.900 999.900  999.90  208.61    2.01    0.29  999.90  999.90  999.90       0       0
 14.500 999.900 999.900  999.90  206.18    2.22    0.25  999.90  999.90  999.90       0       0
 15.000 999.900 999.900  999.90  204.10    2.35    0.13  999.90  999.90  999.90       0       0
 15.500 999.900 999.900  999.90  202.38    2.41    0.06  999.90  999.90  999.90       0       0
 16.000 999.900 999.900  999.90  201.19    2.50    0.08  999.90  999.90  999.90       0       0
 16.500 999.900 999.900  999.90  200.62    2.60    0.10  999.90  999.90  999.90       0       0
 17.000 999.900 999.900  999.90  200.72    2.61    0.14  999.90  999.90  999.90       0       0
 17.500 999.900 999.900  999.90  201.48    2.44    0.19  999.90  999.90  999.90       0       0
 18.000 999.900 999.900  999.90  202.70    2.31    0.08  999.90  999.90  999.90       0       0
 18.500 999.900 999.900  999.90  204.04    2.12    0.03  999.90  999.90  999.90       0       0
 19.000 999.900 999.900  999.90  205.48    1.96    0.21  999.90  999.90  999.90       0       0
 19.500 999.900 999.900  999.90  206.86    1.88    0.14  999.90  999.90  999.90       0       0
 20.000 999.900 999.900  999.90  208.16    1.86    0.07  999.90  999.90  999.90       0       0
 20.500 999.900 999.900  999.90  209.47    1.83    0.15  999.90  999.90  999.90       0       0
 21.000 999.900 999.900  999.90  210.73    1.81    0.30  999.90  999.90  999.90       0       0
 21.500 999.900 999.900  999.90  211.95    1.79    0.26  999.90  999.90  999.90       0       0
 22.000 999.900 999.900  999.90  213.12    1.79    0.35  999.90  999.90  999.90       0       0
 22.500 999.900 999.900  999.90  214.21    1.82    0.36  999.90  999.90  999.90       0       0
 23.000 999.900 999.900  999.90  215.36    1.83    0.38  999.90  999.90  999.90       0       0
 23.500 999.900 999.900  999.90  216.40    1.86    0.43  999.90  999.90  999.90       0       0
 24.000 999.900 999.900  999.90  217.41    1.88    0.28  999.90  999.90  999.90       0       0
 24.500 999.900 999.900  999.90  218.38    1.91    0.29  999.90  999.90  999.90       0       0
 25.000 999.900 999.900  999.90  219.35    1.98    0.21  999.90  999.90  999.90       0       0
 25.500 999.900 999.900  999.90  220.31    2.02    0.11  999.90  999.90  999.90       0       0
 26.000 999.900 999.900  999.90  221.22    2.04    0.14  999.90  999.90  999.90       0       0
 26.500 999.900 999.900  999.90  222.07    2.02    0.25  999.90  999.90  999.90       0       0
 27.000 999.900 999.900  999.90  222.92    2.07    0.22  999.90  999.90  999.90       0       0
 27.500 999.900 999.900  999.90  223.79    2.16    0.12  999.90  999.90  999.90       0       0
 28.000 999.900 999.900  999.90  224.65    2.21    0.10  999.90  999.90  999.90       0       0
 28.500 999.900 999.900  999.90  225.51    2.28    0.04  999.90  999.90  999.90       0       0
 29.000 999.900 999.900  999.90  226.38    2.30    0.12  999.90  999.90  999.90       0       0
 29.500 999.900 999.900  999.90  227.21    2.31    0.19  999.90  999.90  999.90       0       0
 30.000 999.900 999.900  999.90  227.95    2.37    0.20  999.90  999.90  999.90       0       0
  T A B L E  III -  10.  M O I S T U R E  R E L A T E D  S T A T I S T I C A L  P A R A M E T E R S
                                   October
 Station =   911650     Barking Sands, Hawaii (Lihue)
      Z VAPOR P   SD VP SKEW VP      TV      TV SKEW TV DEWPT T  SD DPT SKW DPT NOBS TP NOBS TV   
           MEAN                    MEAN      SD            MEAN                                   
     KM      MB      MB          KELVIN  KELVIN          KELVIN  KELVIN                           
  0.000  16.000   6.000    0.00  291.00    6.00    0.00  290.00    7.00    0.00     100     100
  0.036  24.457   2.403   -0.20  301.65    2.18   -0.31  293.82    1.63   -0.52    1273    1273
  0.500  21.313   2.025   -0.17  296.89    1.00    0.18  291.61    1.54   -0.47    1273    1273
  1.000  17.031   2.071   -0.47  292.86    1.18    0.24  288.03    1.98   -0.97    1273    1273
  1.500  13.579   2.397   -0.87  289.58    1.45    0.22  284.45    2.96   -1.58    1272    1272
  2.000   9.678   3.392   -0.65  287.18    1.73    0.15  278.52    6.80   -1.68    1271    1271
  2.500   5.700   3.462    0.25  285.47    1.74   -0.27  269.25   10.26   -0.62    1271    1271
  3.000   3.454   2.647    0.93  283.45    1.64   -0.55  261.91   10.60   -0.12    1271    1271
  3.500   2.417   1.990    1.26  280.93    1.57   -0.34  257.35   10.31   -0.02    1270    1270
  4.000   1.795   1.532    1.52  278.11    1.59   -0.47  253.88    9.86    0.04    1266    1266
  4.500   1.403   1.217    1.58  275.11    1.64   -0.31  250.93    9.76    0.01    1266    1266
  5.000   1.116   0.989    1.59  271.96    1.69   -0.29  248.24    9.71    0.03    1264    1264
  5.500   0.880   0.788    1.58  268.71    1.72   -0.38  245.51    9.72   -0.02    1263    1263
  6.000   0.725   0.665    1.56  265.42    1.78   -0.38  243.28    9.78   -0.00    1258    1258
  6.500   0.571   0.529    1.51  261.98    1.80   -0.42  240.76    9.63    0.04    1250    1250
  7.000   0.441   0.420    1.51  258.50    1.86   -0.47  238.11    9.41    0.14    1240    1240
  7.500   0.343   0.326    1.47  254.94    1.89   -0.36  235.57    9.33    0.13    1236    1236
  8.000   0.256   0.251    1.29  251.26    1.99   -0.29  234.16    8.64    0.05    1115    1115
  8.500   0.187   0.183    1.30  247.49    2.05   -0.22  231.70    7.98    0.07    1081    1081
  9.000   0.133   0.128    1.23  243.67    2.10   -0.15  229.36    7.09    0.07    1041    1041
  9.500   0.093   0.087    1.20  239.81    2.12   -0.13  226.71    6.27    0.10    1006    1006
 10.000   0.059   0.061    1.05  235.95    2.14   -0.13  224.98    5.11    0.10     832     832
 10.500   0.034   0.040    1.12  232.08    2.15   -0.14  222.14    4.42    0.25     686     686
 11.000   0.013   0.025    1.91  228.23    2.14   -0.10  220.46    3.64    0.15     323     323
 11.500 999.900 999.900  999.90  224.46    2.08   -0.02  218.40    2.74    0.31     168     168
 12.000 999.900 999.900  999.90  220.82    1.99    0.01  216.99    1.77   -0.04      62      62
 12.500 999.900 999.900  999.90  217.33    1.94   -0.01  999.90  999.90  999.90       0       0
 13.000 999.900 999.900  999.90  214.04    1.97   -0.06  999.90  999.90  999.90       0       0
 13.500 999.900 999.900  999.90  211.01    2.03   -0.09  999.90  999.90  999.90       0       0
 14.000 999.900 999.900  999.90  208.27    2.07   -0.01  999.90  999.90  999.90       0       0
 14.500 999.900 999.900  999.90  205.73    2.13    0.13  999.90  999.90  999.90       0       0
 15.000 999.900 999.900  999.90  203.49    2.18    0.04  999.90  999.90  999.90       0       0
 15.500 999.900 999.900  999.90  201.58    2.34   -0.05  999.90  999.90  999.90       0       0
 16.000 999.900 999.900  999.90  200.12    2.63   -0.01  999.90  999.90  999.90       0       0
 16.500 999.900 999.900  999.90  199.33    2.83    0.12  999.90  999.90  999.90       0       0
 17.000 999.900 999.900  999.90  199.08    2.95    0.13  999.90  999.90  999.90       0       0
 17.500 999.900 999.900  999.90  199.60    2.94   -0.01  999.90  999.90  999.90       0       0
 18.000 999.900 999.900  999.90  200.71    2.79   -0.04  999.90  999.90  999.90       0       0
 18.500 999.900 999.900  999.90  202.23    2.57   -0.00  999.90  999.90  999.90       0       0
 19.000 999.900 999.900  999.90  203.96    2.36    0.12  999.90  999.90  999.90       0       0
 19.500 999.900 999.900  999.90  205.51    2.28    0.13  999.90  999.90  999.90       0       0
 20.000 999.900 999.900  999.90  207.06    2.15    0.11  999.90  999.90  999.90       0       0
 20.500 999.900 999.900  999.90  208.54    2.12    0.13  999.90  999.90  999.90       0       0
 21.000 999.900 999.900  999.90  209.92    2.07    0.20  999.90  999.90  999.90       0       0
 21.500 999.900 999.900  999.90  211.24    2.08    0.21  999.90  999.90  999.90       0       0
 22.000 999.900 999.900  999.90  212.52    2.09    0.25  999.90  999.90  999.90       0       0
 22.500 999.900 999.900  999.90  213.74    2.12    0.25  999.90  999.90  999.90       0       0
 23.000 999.900 999.900  999.90  214.90    2.13    0.34  999.90  999.90  999.90       0       0
 23.500 999.900 999.900  999.90  216.00    2.16    0.34  999.90  999.90  999.90       0       0
 24.000 999.900 999.900  999.90  217.03    2.23    0.42  999.90  999.90  999.90       0       0
 24.500 999.900 999.900  999.90  217.99    2.24    0.36  999.90  999.90  999.90       0       0
 25.000 999.900 999.900  999.90  218.96    2.33    0.27  999.90  999.90  999.90       0       0
 25.500 999.900 999.900  999.90  219.92    2.43    0.23  999.90  999.90  999.90       0       0
 26.000 999.900 999.900  999.90  220.82    2.50    0.14  999.90  999.90  999.90       0       0
 26.500 999.900 999.900  999.90  221.70    2.54    0.13  999.90  999.90  999.90       0       0
 27.000 999.900 999.900  999.90  222.56    2.59    0.09  999.90  999.90  999.90       0       0
 27.500 999.900 999.900  999.90  223.43    2.62    0.09  999.90  999.90  999.90       0       0
 28.000 999.900 999.900  999.90  224.25    2.61    0.14  999.90  999.90  999.90       0       0
 28.500 999.900 999.900  999.90  225.01    2.69    0.12  999.90  999.90  999.90       0       0
 29.000 999.900 999.900  999.90  225.79    2.71    0.11  999.90  999.90  999.90       0       0
 29.500 999.900 999.900  999.90  226.62    2.68    0.11  999.90  999.90  999.90       0       0
 30.000 999.900 999.900  999.90  227.45    2.72    0.13  999.90  999.90  999.90       0       0
  T A B L E  III -  11.  M O I S T U R E  R E L A T E D  S T A T I S T I C A L  P A R A M E T E R S
                                  November
 Station =   911650     Barking Sands, Hawaii (Lihue)
      Z VAPOR P   SD VP SKEW VP      TV      TV SKEW TV DEWPT T  SD DPT SKW DPT NOBS TP NOBS TV   
           MEAN                    MEAN      SD            MEAN                                   
     KM      MB      MB          KELVIN  KELVIN          KELVIN  KELVIN                           
  0.000  16.000   6.000    0.00  291.00    6.00    0.00  290.00    7.00    0.00     100     100
  0.036  23.028   2.673   -0.13  300.25    2.32   -0.49  292.82    1.91   -0.44    1163    1163
  0.500  19.807   2.408   -0.58  295.85    1.18   -0.17  290.40    2.02   -0.93    1163    1163
  1.000  16.092   2.104   -0.42  291.77    1.38   -0.10  287.14    2.11   -0.83    1163    1163
  1.500  12.648   2.606   -1.06  288.55    1.79    0.15  283.23    3.82   -2.31    1163    1163
  2.000   8.064   3.798   -0.27  286.55    2.14    0.12  274.93    9.11   -1.22    1163    1163
  2.500   4.640   3.268    0.59  285.06    2.06   -0.06  265.76   11.26   -0.48    1160    1160
  3.000   3.066   2.444    1.10  282.82    1.99   -0.22  260.27   10.80   -0.20    1158    1158
  3.500   2.243   1.849    1.27  280.16    1.99   -0.29  256.35   10.60   -0.19    1157    1157
  4.000   1.669   1.432    1.47  277.25    2.01   -0.30  252.73   10.47   -0.18    1155    1155
  4.500   1.303   1.169    1.56  274.18    2.07   -0.30  249.69   10.46   -0.13    1153    1153
  5.000   1.032   0.972    1.70  271.00    2.10   -0.32  246.94   10.35   -0.04    1151    1151
  5.500   0.826   0.802    1.70  267.71    2.17   -0.29  244.36   10.31    0.02    1147    1147
  6.000   0.640   0.635    1.83  264.37    2.25   -0.29  241.76    9.99    0.05    1138    1138
  6.500   0.486   0.497    1.80  260.95    2.25   -0.32  238.87    9.74    0.20    1129    1129
  7.000   0.366   0.384    1.93  257.43    2.27   -0.38  236.11    9.41    0.27    1118    1118
  7.500   0.284   0.299    1.73  253.83    2.29   -0.32  233.64    9.41    0.25    1103    1103
  8.000   0.210   0.225    1.59  250.12    2.32   -0.28  232.29    8.56    0.22     993     993
  8.500   0.154   0.167    1.54  246.35    2.41   -0.19  230.22    7.93    0.23     940     940
  9.000   0.108   0.113    1.47  242.53    2.47   -0.15  227.90    6.97    0.21     894     894
  9.500   0.075   0.077    1.37  238.71    2.48   -0.15  225.25    6.22    0.27     871     871
 10.000   0.045   0.053    1.22  234.94    2.45   -0.22  223.91    5.00    0.20     648     648
 10.500   0.025   0.034    1.34  231.21    2.42   -0.25  221.34    4.15    0.35     503     503
 11.000 999.900 999.900  999.90  227.53    2.41   -0.24  219.78    3.34    0.08     222     222
 11.500 999.900 999.900  999.90  223.98    2.36   -0.28  217.80    2.42    0.29     106     106
 12.000 999.900 999.900  999.90  220.53    2.37   -0.30  216.51    1.49   -0.58      30      30
 12.500 999.900 999.900  999.90  217.26    2.35   -0.22  999.90  999.90  999.90       0       0
 13.000 999.900 999.900  999.90  214.03    2.34   -0.16  999.90  999.90  999.90       0       0
 13.500 999.900 999.900  999.90  211.05    2.31   -0.12  999.90  999.90  999.90       0       0
 14.000 999.900 999.900  999.90  208.28    2.31   -0.09  999.90  999.90  999.90       0       0
 14.500 999.900 999.900  999.90  205.74    2.29   -0.16  999.90  999.90  999.90       0       0
 15.000 999.900 999.900  999.90  203.33    2.25   -0.11  999.90  999.90  999.90       0       0
 15.500 999.900 999.900  999.90  201.17    2.34    0.06  999.90  999.90  999.90       0       0
 16.000 999.900 999.900  999.90  199.44    2.52    0.21  999.90  999.90  999.90       0       0
 16.500 999.900 999.900  999.90  198.24    2.76    0.27  999.90  999.90  999.90       0       0
 17.000 999.900 999.900  999.90  197.61    2.90    0.08  999.90  999.90  999.90       0       0
 17.500 999.900 999.900  999.90  197.65    3.11    0.04  999.90  999.90  999.90       0       0
 18.000 999.900 999.900  999.90  198.64    3.08   -0.09  999.90  999.90  999.90       0       0
 18.500 999.900 999.900  999.90  200.44    2.91   -0.22  999.90  999.90  999.90       0       0
 19.000 999.900 999.900  999.90  202.47    2.72   -0.27  999.90  999.90  999.90       0       0
 19.500 999.900 999.900  999.90  204.54    2.47   -0.33  999.90  999.90  999.90       0       0
 20.000 999.900 999.900  999.90  206.32    2.31   -0.11  999.90  999.90  999.90       0       0
 20.500 999.900 999.900  999.90  207.89    2.12    0.04  999.90  999.90  999.90       0       0
 21.000 999.900 999.900  999.90  209.32    2.12    0.07  999.90  999.90  999.90       0       0
 21.500 999.900 999.900  999.90  210.65    2.13    0.19  999.90  999.90  999.90       0       0
 22.000 999.900 999.900  999.90  211.90    2.13    0.21  999.90  999.90  999.90       0       0
 22.500 999.900 999.900  999.90  213.15    2.15    0.20  999.90  999.90  999.90       0       0
 23.000 999.900 999.900  999.90  214.36    2.20    0.23  999.90  999.90  999.90       0       0
 23.500 999.900 999.900  999.90  215.44    2.23    0.31  999.90  999.90  999.90       0       0
 24.000 999.900 999.900  999.90  216.47    2.30    0.15  999.90  999.90  999.90       0       0
 24.500 999.900 999.900  999.90  217.47    2.40   -0.07  999.90  999.90  999.90       0       0
 25.000 999.900 999.900  999.90  218.42    2.45   -0.08  999.90  999.90  999.90       0       0
 25.500 999.900 999.900  999.90  219.33    2.53   -0.07  999.90  999.90  999.90       0       0
 26.000 999.900 999.900  999.90  220.23    2.56   -0.04  999.90  999.90  999.90       0       0
 26.500 999.900 999.900  999.90  221.12    2.62   -0.03  999.90  999.90  999.90       0       0
 27.000 999.900 999.900  999.90  222.05    2.65   -0.06  999.90  999.90  999.90       0       0
 27.500 999.900 999.900  999.90  222.87    2.73   -0.06  999.90  999.90  999.90       0       0
 28.000 999.900 999.900  999.90  223.77    2.77    0.03  999.90  999.90  999.90       0       0
 28.500 999.900 999.900  999.90  224.60    2.78    0.06  999.90  999.90  999.90       0       0
 29.000 999.900 999.900  999.90  225.40    2.80    0.08  999.90  999.90  999.90       0       0
 29.500 999.900 999.900  999.90  226.22    2.82    0.14  999.90  999.90  999.90       0       0
 30.000 999.900 999.900  999.90  227.02    2.87    0.09  999.90  999.90  999.90       0       0
  T A B L E  III -  12.  M O I S T U R E  R E L A T E D  S T A T I S T I C A L  P A R A M E T E R S
                                  December
 Station =   911650     Barking Sands, Hawaii (Lihue)
      Z VAPOR P   SD VP SKEW VP      TV      TV SKEW TV DEWPT T  SD DPT SKW DPT NOBS TP NOBS TV   
           MEAN                    MEAN      SD            MEAN                                   
     KM      MB      MB          KELVIN  KELVIN          KELVIN  KELVIN                           
  0.000  16.000   6.000    0.00  291.00    6.00    0.00  290.00    7.00    0.00     100     100
  0.036  21.760   2.730   -0.24  298.91    2.55   -0.59  291.89    2.07   -0.64    1147    1147
  0.500  18.612   2.460   -0.48  294.82    1.26   -0.36  289.40    2.18   -0.92    1147    1147
  1.000  15.163   2.065   -0.36  290.82    1.46   -0.22  286.22    2.18   -0.79    1147    1147
  1.500  11.682   2.776   -1.00  287.73    1.84   -0.08  281.91    4.48   -2.14    1147    1147
  2.000   6.937   3.855   -0.09  286.10    2.24   -0.11  271.92   10.83   -1.00    1147    1147
  2.500   4.069   3.112    0.68  284.44    2.20   -0.30  263.55   11.87   -0.35    1140    1140
  3.000   2.713   2.313    1.10  282.23    2.20   -0.32  258.16   11.53   -0.12    1140    1140
  3.500   2.010   1.786    1.31  279.57    2.17   -0.40  254.48   11.23   -0.08    1138    1138
  4.000   1.515   1.362    1.47  276.67    2.27   -0.52  251.43   10.60   -0.02    1132    1132
  4.500   1.164   1.056    1.61  273.61    2.39   -0.52  248.57   10.21   -0.04    1127    1127
  5.000   0.914   0.846    1.61  270.45    2.51   -0.49  245.66   10.40   -0.11    1126    1126
  5.500   0.735   0.698    1.68  267.20    2.57   -0.52  243.27   10.16   -0.06    1126    1126
  6.000   0.585   0.557    1.67  263.85    2.64   -0.52  241.10    9.75    0.00    1113    1113
  6.500   0.441   0.427    1.74  260.43    2.69   -0.61  238.16    9.50    0.06    1110    1110
  7.000   0.338   0.332    1.72  256.85    2.74   -0.59  235.68    9.10    0.15    1098    1098
  7.500   0.262   0.256    1.64  253.18    2.79   -0.54  233.52    8.76    0.14    1077    1077
  8.000   0.185   0.187    1.62  249.54    2.86   -0.51  231.55    7.90    0.16     981     981
  8.500   0.132   0.136    1.54  245.88    2.94   -0.49  228.91    7.44    0.20     945     945
  9.000   0.092   0.095    1.55  242.19    2.98   -0.38  226.61    6.55    0.26     886     886
  9.500   0.063   0.063    1.30  238.47    3.02   -0.30  224.23    5.68    0.22     839     839
 10.000   0.035   0.044    1.27  234.88    3.06   -0.24  222.90    4.47    0.23     571     571
 10.500   0.019   0.028    1.40  231.35    3.11   -0.27  220.32    3.64    0.36     433     433
 11.000 999.900 999.900  999.90  227.85    3.14   -0.22  218.57    2.78    0.18     169     169
 11.500 999.900 999.900  999.90  224.47    3.11   -0.27  216.59    2.01    0.59      75      75
 12.000 999.900 999.900  999.90  221.27    3.02   -0.34  215.62    1.51    0.77      16      16
 12.500 999.900 999.900  999.90  218.19    2.91   -0.33  999.90  999.90  999.90       0       0
 13.000 999.900 999.900  999.90  215.19    2.76   -0.30  999.90  999.90  999.90       0       0
 13.500 999.900 999.900  999.90  212.32    2.59   -0.18  999.90  999.90  999.90       0       0
 14.000 999.900 999.900  999.90  209.56    2.48    0.10  999.90  999.90  999.90       0       0
 14.500 999.900 999.900  999.90  206.92    2.47    0.29  999.90  999.90  999.90       0       0
 15.000 999.900 999.900  999.90  204.32    2.54    0.47  999.90  999.90  999.90       0       0
 15.500 999.900 999.900  999.90  201.93    2.70    0.45  999.90  999.90  999.90       0       0
 16.000 999.900 999.900  999.90  199.72    2.84    0.38  999.90  999.90  999.90       0       0
 16.500 999.900 999.900  999.90  197.90    3.13    0.37  999.90  999.90  999.90       0       0
 17.000 999.900 999.900  999.90  196.68    3.33    0.34  999.90  999.90  999.90       0       0
 17.500 999.900 999.900  999.90  196.29    3.53    0.22  999.90  999.90  999.90       0       0
 18.000 999.900 999.900  999.90  196.72    3.68    0.20  999.90  999.90  999.90       0       0
 18.500 999.900 999.900  999.90  198.10    3.64    0.08  999.90  999.90  999.90       0       0
 19.000 999.900 999.900  999.90  200.08    3.51   -0.13  999.90  999.90  999.90       0       0
 19.500 999.900 999.900  999.90  202.32    3.26   -0.18  999.90  999.90  999.90       0       0
 20.000 999.900 999.900  999.90  204.45    2.95   -0.08  999.90  999.90  999.90       0       0
 20.500 999.900 999.900  999.90  206.36    2.67    0.07  999.90  999.90  999.90       0       0
 21.000 999.900 999.900  999.90  208.06    2.52    0.14  999.90  999.90  999.90       0       0
 21.500 999.900 999.900  999.90  209.58    2.50    0.09  999.90  999.90  999.90       0       0
 22.000 999.900 999.900  999.90  211.03    2.48    0.08  999.90  999.90  999.90       0       0
 22.500 999.900 999.900  999.90  212.34    2.48    0.05  999.90  999.90  999.90       0       0
 23.000 999.900 999.900  999.90  213.54    2.49   -0.03  999.90  999.90  999.90       0       0
 23.500 999.900 999.900  999.90  214.65    2.59    0.02  999.90  999.90  999.90       0       0
 24.000 999.900 999.900  999.90  215.61    2.62    0.14  999.90  999.90  999.90       0       0
 24.500 999.900 999.900  999.90  216.58    2.69    0.09  999.90  999.90  999.90       0       0
 25.000 999.900 999.900  999.90  217.47    2.76    0.03  999.90  999.90  999.90       0       0
 25.500 999.900 999.900  999.90  218.35    2.84   -0.01  999.90  999.90  999.90       0       0
 26.000 999.900 999.900  999.90  219.22    2.93    0.05  999.90  999.90  999.90       0       0
 26.500 999.900 999.900  999.90  220.02    2.95    0.10  999.90  999.90  999.90       0       0
 27.000 999.900 999.900  999.90  220.83    2.96    0.07  999.90  999.90  999.90       0       0
 27.500 999.900 999.900  999.90  221.60    2.98    0.01  999.90  999.90  999.90       0       0
 28.000 999.900 999.900  999.90  222.36    3.02   -0.04  999.90  999.90  999.90       0       0
 28.500 999.900 999.900  999.90  223.08    3.14   -0.05  999.90  999.90  999.90       0       0
 29.000 999.900 999.900  999.90  223.78    3.26   -0.03  999.90  999.90  999.90       0       0
 29.500 999.900 999.900  999.90  224.49    3.34    0.03  999.90  999.90  999.90       0       0
 30.000 999.900 999.900  999.90  225.27    3.44   -0.00  999.90  999.90  999.90       0       0
  T A B L E  III -  13.  M O I S T U R E  R E L A T E D  S T A T I S T I C A L  P A R A M E T E R S
                                    Annual
 Station =   911650     Barking Sands, Hawaii (Lihue)
      Z VAPOR P   SD VP SKEW VP      TV      TV SKEW TV DEWPT T  SD DPT SKW DPT NOBS TP NOBS TV   
           MEAN                    MEAN      SD            MEAN                                   
     KM      MB      MB          KELVIN  KELVIN          KELVIN  KELVIN                           
  0.000  16.000   6.000    0.00  291.00    6.00    0.00  290.00    7.00    0.00     100     100
  0.036  22.778   3.132   -0.54  300.15    2.91   -0.48  292.60    2.32   -0.95   14384   14384
  0.500  19.555   2.830   -0.69  295.36    1.75   -0.56  290.15    2.43   -1.10   14383   14383
  1.000  15.665   2.376   -0.39  291.34    1.88   -0.55  286.69    2.44   -0.87   14383   14383
  1.500  12.347   2.775   -0.96  288.13    2.08   -0.51  282.79    4.28   -2.58   14380   14380
  2.000   8.035   3.763   -0.31  286.09    2.34   -0.31  274.86    9.27   -1.32   14367   14367
  2.500   4.603   3.179    0.59  284.55    2.34   -0.38  265.89   10.83   -0.45   14340   14340
  3.000   2.953   2.329    1.12  282.47    2.34   -0.40  259.93   10.54   -0.16   14321   14321
  3.500   2.104   1.751    1.39  279.92    2.38   -0.39  255.72   10.23   -0.07   14304   14304
  4.000   1.559   1.347    1.58  277.10    2.43   -0.44  252.14    9.94   -0.01   14283   14283
  4.500   1.184   1.049    1.72  274.12    2.51   -0.47  248.96    9.70    0.01   14272   14272
  5.000   0.916   0.823    1.78  271.00    2.57   -0.52  246.08    9.53    0.01   14261   14261
  5.500   0.719   0.664    1.84  267.79    2.63   -0.55  243.35    9.45    0.04   14247   14247
  6.000   0.572   0.540    1.85  264.48    2.71   -0.58  240.89    9.35    0.09   14165   14165
  6.500   0.440   0.423    1.86  261.07    2.77   -0.59  238.25    9.06    0.18   14086   14086
  7.000   0.340   0.331    1.88  257.54    2.84   -0.60  235.72    8.80    0.25   13984   13984
  7.500   0.263   0.257    1.77  253.92    2.90   -0.60  233.34    8.67    0.23   13790   13790
  8.000   0.190   0.195    1.67  250.25    2.95   -0.59  231.67    7.99    0.21   12340   12340
  8.500   0.138   0.142    1.64  246.53    3.00   -0.56  229.33    7.40    0.23   11845   11845
  9.000   0.099   0.100    1.54  242.78    3.03   -0.51  227.13    6.59    0.26   11238   11238
  9.500   0.069   0.069    1.44  239.01    3.05   -0.46  224.62    5.89    0.28   10821   10821
 10.000   0.041   0.049    1.29  235.27    3.06   -0.43  223.47    4.72    0.26    7846    7846
 10.500   0.023   0.032    1.41  231.55    3.05   -0.40  220.79    3.96    0.48    6271    6271
 11.000 999.900 999.900  999.90  227.88    3.04   -0.33  219.22    3.35    0.38    2611    2611
 11.500 999.900 999.900  999.90  224.29    2.97   -0.28  217.64    2.59    0.46    1137    1137
 12.000 999.900 999.900  999.90  220.81    2.89   -0.22  216.68    1.74    0.26     338     338
 12.500 999.900 999.900  999.90  217.51    2.81   -0.14  215.04    1.20    0.63      24      24
 13.000 999.900 999.900  999.90  214.38    2.72   -0.04  999.90  999.90  999.90       0       0
 13.500 999.900 999.900  999.90  211.50    2.62    0.06  999.90  999.90  999.90       0       0
 14.000 999.900 999.900  999.90  208.90    2.55    0.17  999.90  999.90  999.90       0       0
 14.500 999.900 999.900  999.90  206.57    2.57    0.24  999.90  999.90  999.90       0       0
 15.000 999.900 999.900  999.90  204.47    2.68    0.30  999.90  999.90  999.90       0       0
 15.500 999.900 999.900  999.90  202.63    2.91    0.30  999.90  999.90  999.90       0       0
 16.000 999.900 999.900  999.90  201.13    3.20    0.22  999.90  999.90  999.90       0       0
 16.500 999.900 999.900  999.90  200.14    3.58    0.05  999.90  999.90  999.90       0       0
 17.000 999.900 999.900  999.90  199.64    3.95   -0.12  999.90  999.90  999.90       0       0
 17.500 999.900 999.900  999.90  199.70    4.24   -0.30  999.90  999.90  999.90       0       0
 18.000 999.900 999.900  999.90  200.42    4.35   -0.47  999.90  999.90  999.90       0       0
 18.500 999.900 999.900  999.90  201.69    4.19   -0.59  999.90  999.90  999.90       0       0
 19.000 999.900 999.900  999.90  203.28    3.86   -0.67  999.90  999.90  999.90       0       0
 19.500 999.900 999.900  999.90  205.01    3.44   -0.63  999.90  999.90  999.90       0       0
 20.000 999.900 999.900  999.90  206.69    3.09   -0.57  999.90  999.90  999.90       0       0
 20.500 999.900 999.900  999.90  208.23    2.83   -0.46  999.90  999.90  999.90       0       0
 21.000 999.900 999.900  999.90  209.66    2.68   -0.36  999.90  999.90  999.90       0       0
 21.500 999.900 999.900  999.90  210.99    2.62   -0.32  999.90  999.90  999.90       0       0
 22.000 999.900 999.900  999.90  212.27    2.61   -0.30  999.90  999.90  999.90       0       0
 22.500 999.900 999.900  999.90  213.48    2.63   -0.31  999.90  999.90  999.90       0       0
 23.000 999.900 999.900  999.90  214.67    2.65   -0.33  999.90  999.90  999.90       0       0
 23.500 999.900 999.900  999.90  215.80    2.68   -0.35  999.90  999.90  999.90       0       0
 24.000 999.900 999.900  999.90  216.87    2.72   -0.33  999.90  999.90  999.90       0       0
 24.500 999.900 999.900  999.90  217.91    2.77   -0.37  999.90  999.90  999.90       0       0
 25.000 999.900 999.900  999.90  218.93    2.83   -0.36  999.90  999.90  999.90       0       0
 25.500 999.900 999.900  999.90  219.96    2.88   -0.34  999.90  999.90  999.90       0       0
 26.000 999.900 999.900  999.90  220.95    2.91   -0.33  999.90  999.90  999.90       0       0
 26.500 999.900 999.900  999.90  221.90    2.95   -0.30  999.90  999.90  999.90       0       0
 27.000 999.900 999.900  999.90  222.85    2.98   -0.28  999.90  999.90  999.90       0       0
 27.500 999.900 999.900  999.90  223.77    3.05   -0.29  999.90  999.90  999.90       0       0
 28.000 999.900 999.900  999.90  224.67    3.11   -0.27  999.90  999.90  999.90       0       0
 28.500 999.900 999.900  999.90  225.54    3.16   -0.29  999.90  999.90  999.90       0       0
 29.000 999.900 999.900  999.90  226.39    3.20   -0.29  999.90  999.90  999.90       0       0
 29.500 999.900 999.900  999.90  227.21    3.25   -0.28  999.90  999.90  999.90       0       0
 30.000 999.900 999.900  999.90  228.04    3.31   -0.29  999.90  999.90  999.90       0       0
