 0 1 BKH911620   22.03N  159.78W   5 8631282   1 683   0  30                                        
  T A B L E  III - 13.  M O I S T U R E  R E L A T E D  S T A T I S T I C A L  P A R A M E T E R S  
                                              ANNUAL                                                
 STATION =   911620     BARKING SANDS, HAWAII                                                       
      Z VAPOR P   SD VP SKEW VP      TV      TV SKEW TV DEWPT T  SD DPT SKW DPT NOBS TP NOBS TV     
           MEAN                    MEAN      SD            MEAN                                     
     KM      MB      MB           DEG K   DEG K           DEG K   DEG K                             
  0.000  20.582   3.297   -0.12  299.26    3.04   -0.51  290.92    2.65   -0.59   4124.   4124.     
  0.005  20.444   3.328   -0.12  299.16    3.10   -0.54  290.81    2.69   -0.58   4336.   4336.     
  1.000  13.678   2.423   -0.08  291.50    2.05   -0.58  284.55    2.82   -0.78   4332.   4336.     
  2.000   7.137   3.575   -0.18  286.14    2.39   -0.38  272.76   10.35   -1.56   4124.   4334.     
  3.000   2.779   2.322    0.99  281.81    2.41   -0.22  257.77   13.23   -0.66   3680.   4334.     
  4.000   1.475   1.415    1.51  276.51    2.59   -0.29  249.78   12.79   -0.41   3513.   4330.     
  5.000   0.883   0.888    1.76  270.59    2.78   -0.44  243.93   12.36   -0.37   3473.   4329.     
  6.000   0.545   0.556    1.85  264.04    2.96   -0.46  238.92   11.78   -0.37   3472.   4328.     
  7.000   0.326   0.330    1.89  257.00    3.11   -0.48  233.95   11.15   -0.40   3461.   4326.     
  8.000   0.187   0.179    1.72  249.67    3.20   -0.49  229.03   10.28   -0.48   3356.   4318.     
  9.000   0.099   0.087    1.62  242.24    3.23   -0.35  223.93    9.02   -0.59   2858.   4308.     
 10.000   0.045   0.041    1.76  234.79    3.23   -0.16  217.57    8.02   -0.42    925.   4299.     
 11.000   0.016   0.009    1.00  227.42    3.01   -0.11  211.19    4.51   -0.07    475.   4291.     
 12.000   0.007   0.004    1.03  220.60    2.87   -0.11  205.35    3.63   -0.06    472.   4286.     
 13.000   0.004   0.002    6.47  214.37    2.73    0.04  200.99    3.32    0.04    122.   4276.     
 14.000  99.999  99.999  999.99  209.16    2.66    0.06  999.99   99.99  999.99     19.   4254.     
 15.000  99.999  99.999  999.99  205.12    2.76    0.08  999.99   99.99  999.99      0.   4241.     
 16.000  99.999  99.999  999.99  202.53    3.17    0.03  999.99   99.99  999.99      0.   4221.     
 17.000  99.999  99.999  999.99  201.69    3.83   -0.29  999.99   99.99  999.99      0.   4209.     
 18.000  99.999  99.999  999.99  202.97    4.23   -0.51  999.99   99.99  999.99      0.   4187.     
 19.000  99.999  99.999  999.99  206.08    3.62   -0.69  999.99   99.99  999.99      0.   4119.     
 20.000  99.999  99.999  999.99  209.47    2.85   -0.62  999.99   99.99  999.99      0.   4062.     
 21.000  99.999  99.999  999.99  212.38    2.51   -0.46  999.99   99.99  999.99      0.   3970.     
 22.000  99.999  99.999  999.99  214.97    2.40   -0.48  999.99   99.99  999.99      0.   3921.     
 23.000  99.999  99.999  999.99  217.30    2.38   -0.53  999.99   99.99  999.99      0.   3778.     
 24.000  99.999  99.999  999.99  219.55    2.55   -0.54  999.99   99.99  999.99      0.   3681.     
 25.000  99.999  99.999  999.99  221.62    2.62   -0.60  999.99   99.99  999.99      0.   3537.     
 26.000  99.999  99.999  999.99  223.62    2.61   -0.51  999.99   99.99  999.99      0.   3240.     
 27.000  99.999  99.999  999.99  225.53    2.67   -0.43  999.99   99.99  999.99      0.   2863.     
 28.000  99.999  99.999  999.99  227.40    2.70   -0.49  999.99   99.99  999.99      0.   2731.     
 29.000  99.999  99.999  999.99  229.12    2.83   -0.41  999.99   99.99  999.99      0.   2199.     
 30.000  99.999  99.999  999.99  230.71    2.91   -0.47  999.99   99.99  999.99      0.   1921.     
  T A B L E  III -  1.  M O I S T U R E  R E L A T E D  S T A T I S T I C A L  P A R A M E T E R S  
                                              JANUARY                                               
 STATION =   911620     BARKING SANDS, HAWAII                                                       
      Z VAPOR P   SD VP SKEW VP      TV      TV SKEW TV DEWPT T  SD DPT SKW DPT NOBS TP NOBS TV     
           MEAN                    MEAN      SD            MEAN                                     
     KM      MB      MB           DEG K   DEG K           DEG K   DEG K                             
  0.000  18.722   3.509    0.09  295.77    2.62    0.04  289.36    3.04   -0.48    313.    313.     
  0.005  18.516   3.544    0.15  295.69    2.68   -0.01  289.18    3.08   -0.38    344.    344.     
  1.000  12.761   2.680    0.00  289.67    2.05   -0.50  283.42    3.35   -0.83    342.    344.     
  2.000   6.248   3.709    0.06  284.62    2.56   -0.51  270.08   11.68   -1.17    313.    344.     
  3.000   2.562   2.433    1.15  280.44    2.65   -0.27  255.93   13.80   -0.38    291.    344.     
  4.000   1.422   1.518    1.57  274.97    2.71   -0.30  248.32   13.82   -0.26    287.    344.     
  5.000   0.862   0.972    1.73  268.96    2.94   -0.36  242.39   13.62   -0.19    291.    344.     
  6.000   0.530   0.612    1.78  262.45    3.30   -0.30  237.52   12.72   -0.13    291.    344.     
  7.000   0.303   0.326    1.65  255.53    3.59   -0.14  232.66   11.53   -0.21    286.    343.     
  8.000   0.172   0.188    2.20  248.55    3.89   -0.12  227.55   10.78   -0.24    276.    342.     
  9.000   0.073   0.073    2.39  241.92    4.08    0.03  220.91    9.25   -0.38    235.    342.     
 10.000   0.028   0.036    4.00  235.50    4.08   -0.06  213.00    8.55   -0.15     80.    340.     
 11.000   0.013   0.006    1.05  228.86    3.58   -0.27  210.43    3.03    0.02     27.    337.     
 12.000   0.006   0.002    0.97  222.54    3.24   -0.68  204.43    2.61    0.35     24.    336.     
 13.000   0.003   0.001    0.04  216.10    3.03   -0.73  200.27    2.80   -0.39      8.    335.     
 14.000  99.999  99.999  999.99  210.09    2.96   -0.40  999.99   99.99  999.99      1.    332.     
 15.000  99.999  99.999  999.99  204.48    2.81   -0.10  999.99   99.99  999.99      0.    331.     
 16.000  99.999  99.999  999.99  200.21    2.69    0.42  999.99   99.99  999.99      0.    326.     
 17.000  99.999  99.999  999.99  197.90    3.13    0.37  999.99   99.99  999.99      0.    324.     
 18.000  99.999  99.999  999.99  198.12    3.71    0.65  999.99   99.99  999.99      0.    322.     
 19.000  99.999  99.999  999.99  201.79    3.51    0.44  999.99   99.99  999.99      0.    317.     
 20.000  99.999  99.999  999.99  206.28    2.76    0.35  999.99   99.99  999.99      0.    313.     
 21.000  99.999  99.999  999.99  209.78    2.50    0.29  999.99   99.99  999.99      0.    304.     
 22.000  99.999  99.999  999.99  212.43    2.48   -0.12  999.99   99.99  999.99      0.    302.     
 23.000  99.999  99.999  999.99  214.61    2.40   -0.17  999.99   99.99  999.99      0.    294.     
 24.000  99.999  99.999  999.99  216.56    2.58   -0.25  999.99   99.99  999.99      0.    279.     
 25.000  99.999  99.999  999.99  218.41    2.74   -0.02  999.99   99.99  999.99      0.    273.     
 26.000  99.999  99.999  999.99  220.36    2.62    0.08  999.99   99.99  999.99      0.    246.     
 27.000  99.999  99.999  999.99  222.33    2.65    0.06  999.99   99.99  999.99      0.    218.     
 28.000  99.999  99.999  999.99  224.61    2.86    0.19  999.99   99.99  999.99      0.    206.     
 29.000  99.999  99.999  999.99  226.33    2.92    0.24  999.99   99.99  999.99      0.    168.     
 30.000  99.999  99.999  999.99  227.97    3.11    0.09  999.99   99.99  999.99      0.    148.     
  T A B L E  III -  2.  M O I S T U R E  R E L A T E D  S T A T I S T I C A L  P A R A M E T E R S  
                                              FEBRUARY                                              
 STATION =   911620     BARKING SANDS, HAWAII                                                       
      Z VAPOR P   SD VP SKEW VP      TV      TV SKEW TV DEWPT T  SD DPT SKW DPT NOBS TP NOBS TV     
           MEAN                    MEAN      SD            MEAN                                     
     KM      MB      MB           DEG K   DEG K           DEG K   DEG K                             
  0.000  18.214   3.130    0.26  295.86    2.49    0.29  288.98    2.72   -0.17    317.    317.     
  0.005  18.034   3.233    0.25  295.70    2.64    0.18  288.80    2.83   -0.17    341.    341.     
  1.000  12.224   2.286   -0.01  289.47    1.87   -0.40  282.84    2.92   -0.69    341.    341.     
  2.000   5.969   3.553   -0.06  284.29    2.43   -0.23  269.23   12.14   -1.17    317.    341.     
  3.000   2.205   2.326    1.24  280.05    2.38    0.19  252.94   14.80   -0.18    275.    341.     
  4.000   1.090   1.304    2.07  274.76    2.82    0.20  245.08   13.40   -0.06    269.    341.     
  5.000   0.686   0.815    2.03  268.86    3.18    0.11  240.15   12.90   -0.07    269.    341.     
  6.000   0.475   0.549    1.81  262.39    3.50    0.01  236.23   12.86   -0.13    266.    341.     
  7.000   0.274   0.316    2.10  255.54    4.00    0.09  231.40   11.70   -0.19    263.    341.     
  8.000   0.151   0.164    1.99  248.48    4.38    0.04  226.44   10.69   -0.29    252.    340.     
  9.000   0.074   0.071    1.95  241.63    4.68    0.00  221.08    9.17   -0.51    202.    339.     
 10.000   0.034   0.027    1.46  235.11    4.61   -0.03  215.38    7.98   -0.73     75.    338.     
 11.000   0.016   0.006    0.48  228.65    4.02   -0.38  212.11    2.82    0.04     27.    337.     
 12.000   0.007   0.002    0.72  222.36    3.46   -1.08  206.01    2.35    0.38     26.    335.     
 13.000   0.004   0.001    0.67  216.26    2.78   -0.73  201.16    2.59    0.35      9.    334.     
 14.000  99.999  99.999  999.99  210.25    2.50    0.10  999.99   99.99  999.99      0.    332.     
 15.000  99.999  99.999  999.99  204.78    2.81    0.31  999.99   99.99  999.99      0.    330.     
 16.000  99.999  99.999  999.99  200.66    3.24    0.35  999.99   99.99  999.99      0.    328.     
 17.000  99.999  99.999  999.99  198.29    3.71    0.29  999.99   99.99  999.99      0.    326.     
 18.000  99.999  99.999  999.99  198.58    4.05    0.02  999.99   99.99  999.99      0.    324.     
 19.000  99.999  99.999  999.99  202.17    3.44   -0.14  999.99   99.99  999.99      0.    317.     
 20.000  99.999  99.999  999.99  206.53    2.63   -0.17  999.99   99.99  999.99      0.    311.     
 21.000  99.999  99.999  999.99  209.81    2.24   -0.28  999.99   99.99  999.99      0.    297.     
 22.000  99.999  99.999  999.99  212.70    2.35   -0.18  999.99   99.99  999.99      0.    293.     
 23.000  99.999  99.999  999.99  214.98    2.28   -0.07  999.99   99.99  999.99      0.    283.     
 24.000  99.999  99.999  999.99  217.07    2.48   -0.14  999.99   99.99  999.99      0.    270.     
 25.000  99.999  99.999  999.99  219.16    2.59   -0.09  999.99   99.99  999.99      0.    266.     
 26.000  99.999  99.999  999.99  221.30    2.59    0.06  999.99   99.99  999.99      0.    244.     
 27.000  99.999  99.999  999.99  223.35    2.61    0.01  999.99   99.99  999.99      0.    217.     
 28.000  99.999  99.999  999.99  225.51    2.89   -0.06  999.99   99.99  999.99      0.    207.     
 29.000  99.999  99.999  999.99  227.41    2.95    0.30  999.99   99.99  999.99      0.    170.     
 30.000  99.999  99.999  999.99  229.34    2.64    0.30  999.99   99.99  999.99      0.    145.     
  T A B L E  III -  3.  M O I S T U R E  R E L A T E D  S T A T I S T I C A L  P A R A M E T E R S  
                                              MARCH                                                 
 STATION =   911620     BARKING SANDS, HAWAII                                                       
      Z VAPOR P   SD VP SKEW VP      TV      TV SKEW TV DEWPT T  SD DPT SKW DPT NOBS TP NOBS TV     
           MEAN                    MEAN      SD            MEAN                                     
     KM      MB      MB           DEG K   DEG K           DEG K   DEG K                             
  0.000  18.623   3.029    0.02  296.79    2.41    0.30  289.34    2.61   -0.32    359.    359.     
  0.005  18.468   3.012    0.06  296.69    2.43    0.34  289.21    2.61   -0.27    387.    387.     
  1.000  12.201   2.121   -0.34  289.61    1.55   -0.46  282.84    2.82   -1.28    386.    387.     
  2.000   5.834   3.527   -0.05  284.44    2.00   -0.48  268.67   12.71   -1.26    359.    387.     
  3.000   2.116   2.114    1.19  280.09    2.12    0.23  252.71   14.78   -0.32    318.    387.     
  4.000   1.192   1.381    1.72  274.59    2.41    0.13  245.91   13.72   -0.06    316.    387.     
  5.000   0.752   0.865    1.77  268.33    2.68    0.10  241.11   13.04   -0.07    315.    387.     
  6.000   0.429   0.499    2.14  261.57    2.75   -0.03  235.94   11.76   -0.08    313.    387.     
  7.000   0.284   0.314    1.88  254.29    2.94   -0.12  232.14   11.25   -0.17    327.    387.     
  8.000   0.149   0.156    1.55  246.92    3.20   -0.09  226.48   10.39   -0.24    328.    387.     
  9.000   0.074   0.072    1.54  239.71    3.44    0.11  221.01    9.16   -0.31    247.    385.     
 10.000   0.022   0.026    4.35  232.94    3.91    0.25  212.33    6.53    0.24     76.    385.     
 11.000   0.010   0.004    1.06  226.70    4.04   -0.05  208.21    3.10    0.17     33.    385.     
 12.000   0.005   0.002    0.90  221.10    3.70   -0.37  204.01    2.60    0.20     32.    385.     
 13.000   0.004   0.003    3.08  215.89    3.06   -0.42  201.54    3.14    1.14     21.    385.     
 14.000  99.999  99.999  999.99  210.79    2.91   -0.30  999.99   99.99  999.99      2.    383.     
 15.000  99.999  99.999  999.99  205.87    3.00   -0.02  999.99   99.99  999.99      0.    382.     
 16.000  99.999  99.999  999.99  202.04    3.12    0.03  999.99   99.99  999.99      0.    381.     
 17.000  99.999  99.999  999.99  199.98    3.38   -0.06  999.99   99.99  999.99      0.    378.     
 18.000  99.999  99.999  999.99  200.57    3.41   -0.08  999.99   99.99  999.99      0.    376.     
 19.000  99.999  99.999  999.99  203.84    3.24   -0.25  999.99   99.99  999.99      0.    367.     
 20.000  99.999  99.999  999.99  207.59    2.74   -0.31  999.99   99.99  999.99      0.    360.     
 21.000  99.999  99.999  999.99  210.82    2.33   -0.13  999.99   99.99  999.99      0.    352.     
 22.000  99.999  99.999  999.99  213.74    2.49    0.18  999.99   99.99  999.99      0.    344.     
 23.000  99.999  99.999  999.99  216.06    2.45    0.01  999.99   99.99  999.99      0.    325.     
 24.000  99.999  99.999  999.99  218.27    2.57   -0.07  999.99   99.99  999.99      0.    301.     
 25.000  99.999  99.999  999.99  220.41    2.42   -0.17  999.99   99.99  999.99      0.    289.     
 26.000  99.999  99.999  999.99  222.62    2.23    0.02  999.99   99.99  999.99      0.    274.     
 27.000  99.999  99.999  999.99  224.96    2.28    0.17  999.99   99.99  999.99      0.    243.     
 28.000  99.999  99.999  999.99  227.32    2.30    0.12  999.99   99.99  999.99      0.    230.     
 29.000  99.999  99.999  999.99  229.21    2.47    0.12  999.99   99.99  999.99      0.    177.     
 30.000  99.999  99.999  999.99  230.95    2.74   -0.16  999.99   99.99  999.99      0.    147.     
  T A B L E  III -  4.  M O I S T U R E  R E L A T E D  S T A T I S T I C A L  P A R A M E T E R S  
                                              APRIL                                                 
 STATION =   911620     BARKING SANDS, HAWAII                                                       
      Z VAPOR P   SD VP SKEW VP      TV      TV SKEW TV DEWPT T  SD DPT SKW DPT NOBS TP NOBS TV     
           MEAN                    MEAN      SD            MEAN                                     
     KM      MB      MB           DEG K   DEG K           DEG K   DEG K                             
  0.000  19.696   2.626   -0.17  298.83    2.00   -0.03  290.29    2.17   -0.58    374.    374.     
  0.005  19.582   2.651   -0.13  298.77    2.04   -0.08  290.19    2.20   -0.52    392.    392.     
  1.000  12.780   1.924   -0.04  290.24    1.37   -0.73  283.60    2.32   -0.43    392.    392.     
  2.000   6.555   3.129   -0.27  284.68    1.85   -0.11  271.79    9.90   -1.71    374.    392.     
  3.000   2.361   2.090    1.02  280.31    1.81   -0.05  255.11   13.93   -0.58    345.    392.     
  4.000   1.226   1.277    1.69  274.88    1.88    0.06  246.82   13.57   -0.31    332.    392.     
  5.000   0.711   0.837    2.12  268.92    2.06   -0.01  240.38   13.25   -0.13    334.    392.     
  6.000   0.426   0.498    2.05  262.14    2.14    0.10  235.20   12.71   -0.15    329.    391.     
  7.000   0.242   0.275    2.11  254.96    2.24    0.03  230.22   11.74   -0.24    318.    391.     
  8.000   0.141   0.156    1.93  247.48    2.40    0.05  225.54   10.99   -0.29    292.    391.     
  9.000   0.080   0.075    1.38  239.88    2.54    0.09  221.38    9.83   -0.52    208.    391.     
 10.000   0.033   0.029    1.72  232.12    2.72    0.19  215.25    7.43   -0.26     51.    391.     
 11.000   0.012   0.009    0.96  224.83    2.77    0.31  208.68    5.40    0.09     40.    389.     
 12.000   0.006   0.004    1.34  218.59    2.99    0.22  203.50    4.74   -0.03     40.    389.     
 13.000   0.003   0.002    1.10  213.49    2.97    0.16  198.37    4.73    0.08     17.    386.     
 14.000  99.999  99.999  999.99  209.51    2.78   -0.22  999.99   99.99  999.99      2.    383.     
 15.000  99.999  99.999  999.99  206.11    2.63   -0.37  999.99   99.99  999.99      0.    383.     
 16.000  99.999  99.999  999.99  203.34    2.63   -0.06  999.99   99.99  999.99      0.    381.     
 17.000  99.999  99.999  999.99  202.03    2.83   -0.13  999.99   99.99  999.99      0.    381.     
 18.000  99.999  99.999  999.99  202.99    2.94   -0.30  999.99   99.99  999.99      0.    380.     
 19.000  99.999  99.999  999.99  206.37    2.59   -0.40  999.99   99.99  999.99      0.    374.     
 20.000  99.999  99.999  999.99  209.90    2.30   -0.35  999.99   99.99  999.99      0.    369.     
 21.000  99.999  99.999  999.99  212.60    2.19   -0.14  999.99   99.99  999.99      0.    360.     
 22.000  99.999  99.999  999.99  215.06    2.12   -0.11  999.99   99.99  999.99      0.    355.     
 23.000  99.999  99.999  999.99  217.57    1.99   -0.09  999.99   99.99  999.99      0.    344.     
 24.000  99.999  99.999  999.99  220.12    2.08   -0.18  999.99   99.99  999.99      0.    339.     
 25.000  99.999  99.999  999.99  222.46    2.07   -0.24  999.99   99.99  999.99      0.    328.     
 26.000  99.999  99.999  999.99  224.70    1.97   -0.09  999.99   99.99  999.99      0.    308.     
 27.000  99.999  99.999  999.99  226.88    1.96   -0.23  999.99   99.99  999.99      0.    268.     
 28.000  99.999  99.999  999.99  229.07    2.03   -0.23  999.99   99.99  999.99      0.    249.     
 29.000  99.999  99.999  999.99  230.94    2.04   -0.11  999.99   99.99  999.99      0.    198.     
 30.000  99.999  99.999  999.99  232.77    2.05    0.10  999.99   99.99  999.99      0.    170.     
  T A B L E  III -  5.  M O I S T U R E  R E L A T E D  S T A T I S T I C A L  P A R A M E T E R S  
                                              MAY                                                   
 STATION =   911620     BARKING SANDS, HAWAII                                                       
      Z VAPOR P   SD VP SKEW VP      TV      TV SKEW TV DEWPT T  SD DPT SKW DPT NOBS TP NOBS TV     
           MEAN                    MEAN      SD            MEAN                                     
     KM      MB      MB           DEG K   DEG K           DEG K   DEG K                             
  0.000  20.664   2.699   -0.08  300.49    1.79    0.59  291.05    2.13   -0.55    356.    356.     
  0.005  20.570   2.728   -0.09  300.46    1.79    0.58  290.97    2.17   -0.55    369.    369.     
  1.000  13.537   2.127    0.12  291.29    1.15    0.61  284.45    2.43   -0.40    369.    369.     
  2.000   7.020   3.288   -0.26  285.64    1.82    0.26  272.91    9.45   -1.61    356.    368.     
  3.000   2.669   2.291    0.94  281.45    1.90    0.08  256.81   13.85   -0.63    311.    368.     
  4.000   1.361   1.365    1.67  276.51    2.06    0.38  248.72   12.72   -0.30    299.    368.     
  5.000   0.893   0.905    1.77  270.57    2.14    0.14  244.06   12.34   -0.36    297.    368.     
  6.000   0.535   0.575    1.88  264.01    2.25   -0.06  238.46   11.92   -0.26    296.    368.     
  7.000   0.304   0.325    1.80  257.03    2.34   -0.25  232.70   11.61   -0.27    298.    368.     
  8.000   0.173   0.167    1.57  249.65    2.26   -0.26  228.16   10.41   -0.45    282.    368.     
  9.000   0.092   0.081    1.43  241.92    2.34   -0.17  223.36    8.79   -0.47    234.    366.     
 10.000   0.046   0.035    1.27  234.12    2.35    0.09  218.85    6.12    0.20     70.    366.     
 11.000   0.015   0.008    0.81  226.37    2.22    0.00  211.08    4.19   -0.15     52.    366.     
 12.000   0.007   0.004    1.47  219.16    2.27    0.06  205.57    3.74    0.26     52.    366.     
 13.000   0.006   0.003    0.33  212.71    2.44    0.45  204.69    3.55    0.01     11.    365.     
 14.000  99.999  99.999  999.99  207.89    2.71    0.51  999.99   99.99  999.99      1.    364.     
 15.000  99.999  99.999  999.99  204.88    2.90   -0.07  999.99   99.99  999.99      0.    363.     
 16.000  99.999  99.999  999.99  203.36    2.60    0.21  999.99   99.99  999.99      0.    359.     
 17.000  99.999  99.999  999.99  203.34    2.63    0.04  999.99   99.99  999.99      0.    358.     
 18.000  99.999  99.999  999.99  205.08    2.71   -0.11  999.99   99.99  999.99      0.    356.     
 19.000  99.999  99.999  999.99  207.83    2.17   -0.20  999.99   99.99  999.99      0.    352.     
 20.000  99.999  99.999  999.99  210.74    1.83   -0.20  999.99   99.99  999.99      0.    347.     
 21.000  99.999  99.999  999.99  213.50    1.76   -0.03  999.99   99.99  999.99      0.    340.     
 22.000  99.999  99.999  999.99  216.06    1.83   -0.14  999.99   99.99  999.99      0.    333.     
 23.000  99.999  99.999  999.99  218.64    1.70   -0.10  999.99   99.99  999.99      0.    320.     
 24.000  99.999  99.999  999.99  221.05    1.85    0.09  999.99   99.99  999.99      0.    313.     
 25.000  99.999  99.999  999.99  223.35    1.71    0.07  999.99   99.99  999.99      0.    300.     
 26.000  99.999  99.999  999.99  225.61    1.60   -0.03  999.99   99.99  999.99      0.    270.     
 27.000  99.999  99.999  999.99  227.75    1.67    0.07  999.99   99.99  999.99      0.    242.     
 28.000  99.999  99.999  999.99  229.63    1.54    0.18  999.99   99.99  999.99      0.    231.     
 29.000  99.999  99.999  999.99  231.43    1.74    0.30  999.99   99.99  999.99      0.    184.     
 30.000  99.999  99.999  999.99  233.00    1.80    0.03  999.99   99.99  999.99      0.    160.     
  T A B L E  III -  6.  M O I S T U R E  R E L A T E D  S T A T I S T I C A L  P A R A M E T E R S  
                                              JUNE                                                  
 STATION =   911620     BARKING SANDS, HAWAII                                                       
      Z VAPOR P   SD VP SKEW VP      TV      TV SKEW TV DEWPT T  SD DPT SKW DPT NOBS TP NOBS TV     
           MEAN                    MEAN      SD            MEAN                                     
     KM      MB      MB           DEG K   DEG K           DEG K   DEG K                             
  0.000  21.600   2.861   -0.12  301.39    1.66    0.38  291.75    2.18   -0.55    343.    343.     
  0.005  21.453   2.831   -0.04  301.37    1.64    0.34  291.65    2.16   -0.46    370.    370.     
  1.000  14.162   1.945   -0.01  292.15    1.12   -0.05  285.17    2.14   -0.48    370.    370.     
  2.000   7.351   3.483   -0.22  287.12    2.03    0.25  273.60    9.22   -1.37    343.    370.     
  3.000   2.801   2.118    1.14  283.17    2.09    0.23  259.03   11.56   -0.81    310.    370.     
  4.000   1.539   1.201    1.43  277.88    2.08    0.20  251.77   11.18   -0.81    301.    370.     
  5.000   0.944   0.768    1.50  271.87    2.13   -0.11  245.95   11.22   -0.76    302.    370.     
  6.000   0.591   0.472    1.57  265.24    2.32   -0.26  241.15   10.59   -0.85    303.    370.     
  7.000   0.363   0.299    1.48  258.04    2.38   -0.27  235.99   10.41   -0.80    298.    370.     
  8.000   0.205   0.162    1.35  250.68    2.33    0.01  230.80    9.49   -0.85    287.    369.     
  9.000   0.114   0.091    1.58  243.08    2.34    0.15  225.86    8.23   -0.73    261.    369.     
 10.000   0.050   0.037    1.18  235.28    2.22   -0.05  219.37    6.56   -0.29    100.    368.     
 11.000   0.017   0.010    0.92  227.48    1.94    0.06  211.71    4.71   -0.05     64.    368.     
 12.000   0.007   0.004    0.74  220.00    1.80    0.09  205.42    3.80   -0.12     65.    368.     
 13.000   0.004   0.001    0.20  213.32    1.83    0.24  201.62    2.76   -0.40     17.    367.     
 14.000   0.002   0.001    0.52  208.38    2.36    0.32  197.27    2.23   -0.12     12.    366.     
 15.000  99.999  99.999  999.99  205.50    2.70    0.21  999.99   99.99  999.99      0.    365.     
 16.000  99.999  99.999  999.99  204.19    2.65    0.01  999.99   99.99  999.99      0.    364.     
 17.000  99.999  99.999  999.99  204.33    2.31   -0.18  999.99   99.99  999.99      0.    364.     
 18.000  99.999  99.999  999.99  205.93    2.18    0.11  999.99   99.99  999.99      0.    360.     
 19.000  99.999  99.999  999.99  208.55    1.78   -0.12  999.99   99.99  999.99      0.    352.     
 20.000  99.999  99.999  999.99  211.38    1.51   -0.16  999.99   99.99  999.99      0.    345.     
 21.000  99.999  99.999  999.99  214.12    1.54    0.03  999.99   99.99  999.99      0.    340.     
 22.000  99.999  99.999  999.99  216.70    1.44    0.09  999.99   99.99  999.99      0.    337.     
 23.000  99.999  99.999  999.99  219.14    1.43   -0.05  999.99   99.99  999.99      0.    321.     
 24.000  99.999  99.999  999.99  221.52    1.52    0.11  999.99   99.99  999.99      0.    319.     
 25.000  99.999  99.999  999.99  223.68    1.48   -0.09  999.99   99.99  999.99      0.    304.     
 26.000  99.999  99.999  999.99  225.80    1.42   -0.10  999.99   99.99  999.99      0.    281.     
 27.000  99.999  99.999  999.99  227.71    1.57   -0.10  999.99   99.99  999.99      0.    238.     
 28.000  99.999  99.999  999.99  229.38    1.55    0.08  999.99   99.99  999.99      0.    221.     
 29.000  99.999  99.999  999.99  230.99    1.56    0.34  999.99   99.99  999.99      0.    178.     
 30.000  99.999  99.999  999.99  232.38    1.71   -0.06  999.99   99.99  999.99      0.    153.     
  T A B L E  III -  7.  M O I S T U R E  R E L A T E D  S T A T I S T I C A L  P A R A M E T E R S  
                                              JULY                                                  
 STATION =   911620     BARKING SANDS, HAWAII                                                       
      Z VAPOR P   SD VP SKEW VP      TV      TV SKEW TV DEWPT T  SD DPT SKW DPT NOBS TP NOBS TV     
           MEAN                    MEAN      SD            MEAN                                     
     KM      MB      MB           DEG K   DEG K           DEG K   DEG K                             
  0.000  22.139   2.701    0.05  301.88    1.39    0.49  292.17    2.00   -0.48    329.    329.     
  0.005  22.080   2.694    0.05  301.85    1.39    0.49  292.13    2.00   -0.47    339.    339.     
  1.000  14.716   2.051    0.14  292.78    1.06    0.07  285.75    2.16   -0.33    339.    339.     
  2.000   7.580   3.490   -0.16  287.52    1.78    0.42  274.11    9.26   -1.80    329.    339.     
  3.000   2.857   2.107    0.95  282.75    1.75    0.17  259.07   12.11   -0.92    297.    339.     
  4.000   1.408   1.143    1.56  277.43    1.98   -0.41  250.67   11.04   -0.67    271.    337.     
  5.000   0.843   0.689    1.47  271.74    2.08   -0.48  244.92   10.61   -0.64    261.    337.     
  6.000   0.528   0.483    2.21  265.32    2.21   -0.37  239.77   10.37   -0.55    269.    337.     
  7.000   0.322   0.294    2.24  258.31    2.24   -0.20  234.78   10.10   -0.63    268.    337.     
  8.000   0.203   0.170    1.59  250.90    2.26   -0.17  230.61    9.42   -0.68    259.    336.     
  9.000   0.111   0.082    1.22  243.28    2.24    0.04  225.69    8.31   -0.91    236.    336.     
 10.000   0.053   0.029    1.04  235.45    2.23    0.08  220.70    4.99   -0.51     67.    335.     
 11.000   0.020   0.010    0.25  227.63    2.01   -0.03  212.70    4.92   -0.63     43.    335.     
 12.000   0.008   0.004    0.10  220.27    1.77   -0.20  206.70    3.76   -0.62     43.    335.     
 13.000   0.003   0.001   -0.34  213.85    1.74    0.02  200.74    3.10   -0.67     14.    332.     
 14.000  99.999  99.999  999.99  209.19    2.32    0.31  999.99   99.99  999.99      1.    331.     
 15.000  99.999  99.999  999.99  206.38    2.74    0.42  999.99   99.99  999.99      0.    330.     
 16.000  99.999  99.999  999.99  205.27    2.75    0.15  999.99   99.99  999.99      0.    329.     
 17.000  99.999  99.999  999.99  205.63    2.21   -0.23  999.99   99.99  999.99      0.    327.     
 18.000  99.999  99.999  999.99  207.05    1.73   -0.11  999.99   99.99  999.99      0.    324.     
 19.000  99.999  99.999  999.99  209.27    1.38   -0.12  999.99   99.99  999.99      0.    320.     
 20.000  99.999  99.999  999.99  211.79    1.35    0.27  999.99   99.99  999.99      0.    316.     
 21.000  99.999  99.999  999.99  214.48    1.38    0.03  999.99   99.99  999.99      0.    306.     
 22.000  99.999  99.999  999.99  216.74    1.29   -0.22  999.99   99.99  999.99      0.    303.     
 23.000  99.999  99.999  999.99  218.90    1.29   -0.10  999.99   99.99  999.99      0.    289.     
 24.000  99.999  99.999  999.99  221.07    1.50    0.40  999.99   99.99  999.99      0.    286.     
 25.000  99.999  99.999  999.99  223.11    1.57    0.14  999.99   99.99  999.99      0.    277.     
 26.000  99.999  99.999  999.99  224.91    1.58    0.33  999.99   99.99  999.99      0.    251.     
 27.000  99.999  99.999  999.99  226.64    1.70    0.14  999.99   99.99  999.99      0.    216.     
 28.000  99.999  99.999  999.99  228.38    1.65   -0.05  999.99   99.99  999.99      0.    205.     
 29.000  99.999  99.999  999.99  230.04    1.85    0.06  999.99   99.99  999.99      0.    169.     
 30.000  99.999  99.999  999.99  231.33    1.71    0.16  999.99   99.99  999.99      0.    150.     
  T A B L E  III -  8.  M O I S T U R E  R E L A T E D  S T A T I S T I C A L  P A R A M E T E R S  
                                              AUGUST                                                
 STATION =   911620     BARKING SANDS, HAWAII                                                       
      Z VAPOR P   SD VP SKEW VP      TV      TV SKEW TV DEWPT T  SD DPT SKW DPT NOBS TP NOBS TV     
           MEAN                    MEAN      SD            MEAN                                     
     KM      MB      MB           DEG K   DEG K           DEG K   DEG K                             
  0.000  22.650   2.670    0.05  301.95    1.29    0.34  292.54    1.92   -0.31    385.    385.     
  0.005  22.557   2.691    0.03  301.89    1.29    0.32  292.47    1.95   -0.33    393.    393.     
  1.000  14.920   2.213    0.19  293.26    1.08   -0.28  285.95    2.30   -0.37    393.    393.     
  2.000   8.048   3.341   -0.09  287.69    1.68    0.22  275.54    7.48   -1.31    385.    392.     
  3.000   3.299   2.368    0.97  283.04    1.65    0.01  261.39   11.18   -0.83    341.    392.     
  4.000   1.710   1.477    1.34  277.93    1.73    0.18  252.27   12.07   -0.55    309.    391.     
  5.000   0.979   0.880    1.62  272.33    1.86    0.05  245.94   11.48   -0.51    301.    391.     
  6.000   0.632   0.572    1.52  266.01    1.96    0.02  241.24   11.04   -0.46    298.    391.     
  7.000   0.374   0.336    1.59  259.13    2.00   -0.15  235.88   10.74   -0.55    297.    390.     
  8.000   0.215   0.190    1.62  251.77    2.04   -0.21  230.88    9.88   -0.65    297.    388.     
  9.000   0.118   0.093    1.32  244.18    2.03   -0.15  225.98    8.69   -0.85    279.    385.     
 10.000   0.056   0.044    1.30  236.47    2.11   -0.04  219.68    7.93   -0.74     95.    383.     
 11.000   0.016   0.010    0.96  228.50    1.98   -0.22  211.38    4.61    0.03     52.    382.     
 12.000   0.007   0.004    0.99  221.03    1.87   -0.17  205.29    3.60    0.03     52.    382.     
 13.000   0.002   0.001    0.61  214.22    1.77    0.06  197.81    2.95    0.30      7.    382.     
 14.000  99.999  99.999  999.99  208.81    2.03    0.37  999.99   99.99  999.99      0.    378.     
 15.000  99.999  99.999  999.99  205.65    2.45    0.21  999.99   99.99  999.99      0.    376.     
 16.000  99.999  99.999  999.99  204.60    2.43   -0.19  999.99   99.99  999.99      0.    376.     
 17.000  99.999  99.999  999.99  205.10    2.01   -0.45  999.99   99.99  999.99      0.    375.     
 18.000  99.999  99.999  999.99  206.91    1.65    0.29  999.99   99.99  999.99      0.    374.     
 19.000  99.999  99.999  999.99  209.16    1.46   -0.15  999.99   99.99  999.99      0.    369.     
 20.000  99.999  99.999  999.99  211.60    1.51   -0.17  999.99   99.99  999.99      0.    366.     
 21.000  99.999  99.999  999.99  214.07    1.47    0.16  999.99   99.99  999.99      0.    362.     
 22.000  99.999  99.999  999.99  216.29    1.44   -0.18  999.99   99.99  999.99      0.    359.     
 23.000  99.999  99.999  999.99  218.39    1.50   -0.21  999.99   99.99  999.99      0.    345.     
 24.000  99.999  99.999  999.99  220.44    1.65    0.05  999.99   99.99  999.99      0.    338.     
 25.000  99.999  99.999  999.99  222.55    1.54   -0.13  999.99   99.99  999.99      0.    315.     
 26.000  99.999  99.999  999.99  224.47    1.55   -0.07  999.99   99.99  999.99      0.    283.     
 27.000  99.999  99.999  999.99  226.15    1.62   -0.23  999.99   99.99  999.99      0.    249.     
 28.000  99.999  99.999  999.99  227.75    1.59   -0.09  999.99   99.99  999.99      0.    240.     
 29.000  99.999  99.999  999.99  229.31    1.83    0.08  999.99   99.99  999.99      0.    210.     
 30.000  99.999  99.999  999.99  230.81    1.90    0.26  999.99   99.99  999.99      0.    191.     
  T A B L E  III -  9.  M O I S T U R E  R E L A T E D  S T A T I S T I C A L  P A R A M E T E R S  
                                              SEPTEMBER                                             
 STATION =   911620     BARKING SANDS, HAWAII                                                       
      Z VAPOR P   SD VP SKEW VP      TV      TV SKEW TV DEWPT T  SD DPT SKW DPT NOBS TP NOBS TV     
           MEAN                    MEAN      SD            MEAN                                     
     KM      MB      MB           DEG K   DEG K           DEG K   DEG K                             
  0.000  22.290   2.599    0.60  301.48    1.34    0.10  292.29    1.86    0.06    352.    352.     
  0.005  22.223   2.587    0.61  301.43    1.34    0.11  292.24    1.85    0.07    361.    361.     
  1.000  14.749   2.150    0.00  293.45    1.04   -0.58  285.77    2.28   -0.48    361.    361.     
  2.000   8.409   3.253   -0.51  287.57    1.46    0.10  276.26    7.29   -1.36    352.    361.     
  3.000   3.467   2.355    0.68  283.40    1.74    0.11  262.20   11.01   -0.89    303.    361.     
  4.000   1.809   1.484    1.09  278.28    1.83   -0.13  253.18   11.81   -0.58    289.    361.     
  5.000   1.053   0.949    1.63  272.44    1.84   -0.04  246.79   11.46   -0.50    284.    361.     
  6.000   0.606   0.526    1.50  265.94    1.95   -0.11  241.13   10.60   -0.53    290.    361.     
  7.000   0.391   0.364    1.97  258.85    2.05   -0.06  236.62   10.17   -0.50    285.    361.     
  8.000   0.226   0.195    1.73  251.42    2.15    0.04  231.83    9.04   -0.56    280.    360.     
  9.000   0.119   0.094    1.50  243.76    2.27    0.02  226.39    7.81   -0.50    251.    360.     
 10.000   0.057   0.048    1.65  236.02    2.30    0.08  220.09    7.01   -0.17     83.    359.     
 11.000   0.017   0.009    1.00  228.13    2.09    0.00  211.87    4.08    0.16     49.    358.     
 12.000   0.007   0.003    0.93  220.89    1.99    0.23  205.51    3.08    0.28     50.    357.     
 13.000   0.003   0.001   -0.22  214.26    2.02    0.02  200.48    2.00   -0.44      9.    357.     
 14.000  99.999  99.999  999.99  208.87    1.95    0.20  999.99   99.99  999.99      0.    356.     
 15.000  99.999  99.999  999.99  205.31    2.24   -0.09  999.99   99.99  999.99      0.    355.     
 16.000  99.999  99.999  999.99  203.47    2.33   -0.14  999.99   99.99  999.99      0.    354.     
 17.000  99.999  99.999  999.99  203.61    2.27   -0.49  999.99   99.99  999.99      0.    354.     
 18.000  99.999  99.999  999.99  205.84    1.85   -0.18  999.99   99.99  999.99      0.    354.     
 19.000  99.999  99.999  999.99  208.35    1.64   -0.08  999.99   99.99  999.99      0.    349.     
 20.000  99.999  99.999  999.99  211.04    1.59    0.21  999.99   99.99  999.99      0.    347.     
 21.000  99.999  99.999  999.99  213.50    1.50    0.41  999.99   99.99  999.99      0.    341.     
 22.000  99.999  99.999  999.99  215.90    1.51    0.23  999.99   99.99  999.99      0.    338.     
 23.000  99.999  99.999  999.99  218.18    1.56    0.21  999.99   99.99  999.99      0.    330.     
 24.000  99.999  99.999  999.99  220.32    1.70   -0.08  999.99   99.99  999.99      0.    325.     
 25.000  99.999  99.999  999.99  222.32    1.69   -0.11  999.99   99.99  999.99      0.    306.     
 26.000  99.999  99.999  999.99  224.20    1.68    0.21  999.99   99.99  999.99      0.    281.     
 27.000  99.999  99.999  999.99  225.97    1.83    0.39  999.99   99.99  999.99      0.    249.     
 28.000  99.999  99.999  999.99  227.70    1.64    0.36  999.99   99.99  999.99      0.    238.     
 29.000  99.999  99.999  999.99  229.44    1.73    0.56  999.99   99.99  999.99      0.    186.     
 30.000  99.999  99.999  999.99  231.12    1.93    0.38  999.99   99.99  999.99      0.    162.     
  T A B L E  III - 10.  M O I S T U R E  R E L A T E D  S T A T I S T I C A L  P A R A M E T E R S  
                                              OCTOBER                                               
 STATION =   911620     BARKING SANDS, HAWAII                                                       
      Z VAPOR P   SD VP SKEW VP      TV      TV SKEW TV DEWPT T  SD DPT SKW DPT NOBS TP NOBS TV     
           MEAN                    MEAN      SD            MEAN                                     
     KM      MB      MB           DEG K   DEG K           DEG K   DEG K                             
  0.000  21.869   2.825   -0.01  300.66    1.83    0.13  291.96    2.10   -0.32    370.    370.     
  0.005  21.826   2.831    0.01  300.63    1.83    0.12  291.93    2.11   -0.29    377.    377.     
  1.000  14.517   2.320   -0.16  293.09    1.18    0.06  285.50    2.55   -0.72    377.    377.     
  2.000   8.199   3.508   -0.30  287.45    1.66    0.00  275.57    8.22   -1.44    370.    377.     
  3.000   3.341   2.388    0.81  283.15    1.81   -0.27  261.67   10.77   -0.62    331.    377.     
  4.000   1.884   1.591    1.28  277.77    1.98   -0.23  253.93   11.18   -0.42    314.    377.     
  5.000   1.084   0.979    1.54  271.73    2.10   -0.45  247.38   10.90   -0.39    312.    377.     
  6.000   0.679   0.627    1.71  265.24    2.20   -0.30  242.35   10.42   -0.42    309.    377.     
  7.000   0.389   0.359    1.74  258.21    2.32   -0.26  236.64   10.02   -0.45    311.    377.     
  8.000   0.212   0.181    1.73  250.82    2.38   -0.29  231.32    8.85   -0.57    301.    377.     
  9.000   0.111   0.091    1.71  243.28    2.36   -0.24  225.57    8.24   -0.68    272.    376.     
 10.000   0.059   0.053    1.23  235.57    2.39   -0.22  219.46    8.74   -0.52     83.    376.     
 11.000   0.018   0.011    0.92  227.88    2.45   -0.20  212.01    4.63    0.22     31.    376.     
 12.000   0.008   0.004    1.11  220.68    2.47   -0.26  205.91    3.92    0.11     31.    375.     
 13.000  99.999  99.999  999.99  214.08    2.48   -0.26  999.99   99.99  999.99      5.    375.     
 14.000  99.999  99.999  999.99  208.64    2.31   -0.21  999.99   99.99  999.99      0.    374.     
 15.000  99.999  99.999  999.99  204.30    2.24   -0.06  999.99   99.99  999.99      0.    372.     
 16.000  99.999  99.999  999.99  201.69    2.50    0.25  999.99   99.99  999.99      0.    371.     
 17.000  99.999  99.999  999.99  201.35    2.96    0.07  999.99   99.99  999.99      0.    370.     
 18.000  99.999  99.999  999.99  203.42    2.91   -0.21  999.99   99.99  999.99      0.    366.     
 19.000  99.999  99.999  999.99  206.81    2.45   -0.10  999.99   99.99  999.99      0.    359.     
 20.000  99.999  99.999  999.99  209.95    2.01    0.15  999.99   99.99  999.99      0.    354.     
 21.000  99.999  99.999  999.99  212.78    1.88    0.34  999.99   99.99  999.99      0.    345.     
 22.000  99.999  99.999  999.99  215.43    1.86    0.49  999.99   99.99  999.99      0.    341.     
 23.000  99.999  99.999  999.99  217.74    1.79    0.52  999.99   99.99  999.99      0.    331.     
 24.000  99.999  99.999  999.99  219.88    1.95    0.34  999.99   99.99  999.99      0.    324.     
 25.000  99.999  99.999  999.99  221.75    2.09    0.29  999.99   99.99  999.99      0.    306.     
 26.000  99.999  99.999  999.99  223.73    2.15    0.20  999.99   99.99  999.99      0.    274.     
 27.000  99.999  99.999  999.99  225.67    2.28    0.04  999.99   99.99  999.99      0.    244.     
 28.000  99.999  99.999  999.99  227.35    2.40   -0.04  999.99   99.99  999.99      0.    236.     
 29.000  99.999  99.999  999.99  229.29    2.74    0.11  999.99   99.99  999.99      0.    184.     
 30.000  99.999  99.999  999.99  231.16    2.79   -0.01  999.99   99.99  999.99      0.    168.     
  T A B L E  III - 11.  M O I S T U R E  R E L A T E D  S T A T I S T I C A L  P A R A M E T E R S  
                                              NOVEMBER                                              
 STATION =   911620     BARKING SANDS, HAWAII                                                       
      Z VAPOR P   SD VP SKEW VP      TV      TV SKEW TV DEWPT T  SD DPT SKW DPT NOBS TP NOBS TV     
           MEAN                    MEAN      SD            MEAN                                     
     KM      MB      MB           DEG K   DEG K           DEG K   DEG K                             
  0.000  20.744   3.076    0.04  298.54    2.00    0.38  291.08    2.41   -0.41    327.    327.     
  0.005  20.730   3.031    0.03  298.50    1.99    0.31  291.07    2.38   -0.41    346.    346.     
  1.000  14.237   2.279   -0.14  292.05    1.60   -0.67  285.20    2.53   -0.59    345.    346.     
  2.000   7.661   3.729   -0.30  286.72    2.19   -0.25  273.92    9.90   -1.42    327.    346.     
  3.000   3.030   2.504    0.97  282.57    2.23    0.11  259.35   12.22   -0.46    282.    346.     
  4.000   1.656   1.515    1.38  277.16    2.40   -0.18  251.98   11.49   -0.29    269.    345.     
  5.000   1.006   1.005    1.86  271.22    2.38   -0.18  246.01   11.37   -0.25    259.    344.     
  6.000   0.654   0.651    1.85  264.68    2.49   -0.09  241.19   11.46   -0.41    258.    344.     
  7.000   0.384   0.396    1.96  257.74    2.54   -0.21  235.77   10.89   -0.37    257.    344.     
  8.000   0.225   0.210    1.51  250.37    2.54   -0.16  231.01   10.09   -0.47    257.    344.     
  9.000   0.115   0.101    1.64  242.72    2.57   -0.10  225.48    8.80   -0.57    224.    344.     
 10.000   0.054   0.051    1.31  234.99    2.69   -0.04  218.53    9.00   -0.45     75.    343.     
 11.000   0.014   0.008    0.74  227.35    2.54    0.11  210.51    4.13    0.17     32.    343.     
 12.000   0.006   0.003    1.04  220.32    2.59   -0.01  204.70    3.06    0.43     32.    343.     
 13.000  99.999  99.999  999.99  213.89    2.71   -0.33  999.99   99.99  999.99      1.    343.     
 14.000  99.999  99.999  999.99  208.37    2.72   -0.45  999.99   99.99  999.99      0.    341.     
 15.000  99.999  99.999  999.99  203.58    2.49    0.02  999.99   99.99  999.99      0.    340.     
 16.000  99.999  99.999  999.99  200.33    2.53    0.45  999.99   99.99  999.99      0.    338.     
 17.000  99.999  99.999  999.99  199.12    2.72    0.32  999.99   99.99  999.99      0.    338.     
 18.000  99.999  99.999  999.99  200.66    2.97    0.38  999.99   99.99  999.99      0.    337.     
 19.000  99.999  99.999  999.99  204.67    2.55    0.26  999.99   99.99  999.99      0.    332.     
 20.000  99.999  99.999  999.99  208.62    2.05    0.04  999.99   99.99  999.99      0.    327.     
 21.000  99.999  99.999  999.99  211.63    1.88    0.03  999.99   99.99  999.99      0.    320.     
 22.000  99.999  99.999  999.99  214.31    1.92    0.07  999.99   99.99  999.99      0.    318.     
 23.000  99.999  99.999  999.99  216.77    1.93   -0.08  999.99   99.99  999.99      0.    309.     
 24.000  99.999  99.999  999.99  219.01    2.17   -0.09  999.99   99.99  999.99      0.    304.     
 25.000  99.999  99.999  999.99  220.92    2.20   -0.23  999.99   99.99  999.99      0.    294.     
 26.000  99.999  99.999  999.99  222.63    2.29    0.05  999.99   99.99  999.99      0.    278.     
 27.000  99.999  99.999  999.99  224.45    2.46    0.20  999.99   99.99  999.99      0.    255.     
 28.000  99.999  99.999  999.99  226.32    2.68    0.00  999.99   99.99  999.99      0.    250.     
 29.000  99.999  99.999  999.99  227.92    2.73    0.09  999.99   99.99  999.99      0.    197.     
 30.000  99.999  99.999  999.99  229.31    2.78    0.08  999.99   99.99  999.99      0.    166.     
  T A B L E  III - 12.  M O I S T U R E  R E L A T E D  S T A T I S T I C A L  P A R A M E T E R S  
                                              DECEMBER                                              
 STATION =   911620     BARKING SANDS, HAWAII                                                       
      Z VAPOR P   SD VP SKEW VP      TV      TV SKEW TV DEWPT T  SD DPT SKW DPT NOBS TP NOBS TV     
           MEAN                    MEAN      SD            MEAN                                     
     KM      MB      MB           DEG K   DEG K           DEG K   DEG K                             
  0.000  19.074   3.356    0.15  296.22    2.37    0.00  289.69    2.82   -0.25    299.    299.     
  0.005  18.934   3.334    0.20  296.11    2.41   -0.06  289.57    2.81   -0.19    317.    317.     
  1.000  13.258   2.527   -0.15  290.70    1.86   -0.28  284.04    3.07   -0.91    317.    317.     
  2.000   6.446   3.702   -0.01  285.85    2.34   -0.69  270.37   12.32   -1.41    299.    317.     
  3.000   2.560   2.271    1.11  281.27    2.17   -0.41  256.29   13.63   -0.53    276.    317.     
  4.000   1.386   1.385    1.56  275.91    2.40   -0.27  248.71   13.04   -0.30    257.    317.     
  5.000   0.777   0.808    1.74  270.00    2.67   -0.56  242.32   12.34   -0.21    248.    317.     
  6.000   0.458   0.497    2.23  263.51    2.89   -0.71  237.10   11.44   -0.23    250.    317.     
  7.000   0.290   0.299    1.94  256.32    2.95   -0.76  232.90   10.76   -0.28    253.    317.     
  8.000   0.170   0.175    1.74  249.02    2.97   -0.78  227.85   10.28   -0.23    245.    316.     
  9.000   0.089   0.083    1.73  241.61    3.01   -0.64  222.78    9.09   -0.45    209.    315.     
 10.000   0.041   0.037    1.67  234.19    3.03   -0.30  216.57    8.41   -0.52     70.    315.     
 11.000   0.020   0.009    1.39  227.02    2.93   -0.04  213.45    3.51   -0.12     25.    315.     
 12.000   0.008   0.003    0.54  220.61    2.82   -0.19  207.19    2.80   -0.10     25.    315.     
 13.000  99.999  99.999  999.99  214.64    2.69   -0.13  999.99   99.99  999.99      3.    315.     
 14.000  99.999  99.999  999.99  209.19    2.49    0.00  999.99   99.99  999.99      0.    314.     
 15.000  99.999  99.999  999.99  204.36    2.54    0.20  999.99   99.99  999.99      0.    314.     
 16.000  99.999  99.999  999.99  200.62    2.67    0.47  999.99   99.99  999.99      0.    314.     
 17.000  99.999  99.999  999.99  198.67    2.95    0.38  999.99   99.99  999.99      0.    314.     
 18.000  99.999  99.999  999.99  199.42    3.24    0.40  999.99   99.99  999.99      0.    314.     
 19.000  99.999  99.999  999.99  203.20    2.99    0.16  999.99   99.99  999.99      0.    311.     
 20.000  99.999  99.999  999.99  207.45    2.52    0.17  999.99   99.99  999.99      0.    307.     
 21.000  99.999  99.999  999.99  210.78    2.17    0.18  999.99   99.99  999.99      0.    303.     
 22.000  99.999  99.999  999.99  213.67    2.07    0.68  999.99   99.99  999.99      0.    298.     
 23.000  99.999  99.999  999.99  216.07    1.98    0.17  999.99   99.99  999.99      0.    287.     
 24.000  99.999  99.999  999.99  218.43    2.39    0.18  999.99   99.99  999.99      0.    283.     
 25.000  99.999  99.999  999.99  220.51    2.58    0.17  999.99   99.99  999.99      0.    279.     
 26.000  99.999  99.999  999.99  222.28    2.59    0.11  999.99   99.99  999.99      0.    250.     
 27.000  99.999  99.999  999.99  223.90    2.55    0.29  999.99   99.99  999.99      0.    224.     
 28.000  99.999  99.999  999.99  225.31    2.71    0.20  999.99   99.99  999.99      0.    218.     
 29.000  99.999  99.999  999.99  226.69    2.97   -0.16  999.99   99.99  999.99      0.    178.     
 30.000  99.999  99.999  999.99  228.08    3.36   -0.11  999.99   99.99  999.99      0.    161.     
