 0 1XMR 747940   28.47N   80.55W   3 1571279   1 880   0  30                                        
1 T A B L E  III - 13.  M O I S T U R E  R E L A T E D  S T A T I S T I C A L  P A R A M E T E R S  
                                              ANNUAL                                                
 STATION =   747940     CAPE CANAVERAL, FLORIDA                                                     
      Z VAPOR P   SD VP SKEW VP      TV      TV SKEW TV DEWPT T  SD DPT SKW DPT NOBS TP NOBS TV     
           MEAN                    MEAN      SD            MEAN                                     
     KM      MB      MB           DEG K   DEG K           DEG K   DEG K                             
  0.000  20.900   6.745   -0.48  296.28    6.88   -0.79  290.40    6.27   -1.30   9023.   9023.     
  0.003  20.396   6.841   -0.40  295.87    6.98   -0.73  289.95    6.44   -1.20   9855.   9863.     
  1.000  13.466   4.921   -0.54  290.67    5.20   -0.98  283.19    7.56   -1.75   9603.   9863.     
  2.000   8.027   3.844   -0.23  285.42    4.04   -0.94  274.83    9.12   -1.08   9030.   9865.     
  3.000   4.752   2.631    0.16  280.34    3.45   -0.92  267.35    9.10   -0.65   8446.   9851.     
  4.000   2.902   1.778    0.45  274.61    3.34   -0.85  260.77    9.06   -0.45   7917.   9813.     
  5.000   1.750   1.184    0.76  268.56    3.46   -0.73  254.35    9.05   -0.31   7623.   9790.     
  6.000   1.030   0.731    0.95  262.18    3.63   -0.60  248.15    8.83   -0.31   7340.   9780.     
  7.000   0.577   0.412    1.04  255.56    3.78   -0.60  241.91    8.46   -0.41   7355.   9759.     
  8.000   0.308   0.217    1.11  248.62    4.04   -0.52  235.66    7.89   -0.49   7279.   9729.     
  9.000   0.150   0.105    1.26  241.22    4.16   -0.35  228.98    7.19   -0.52   7029.   9693.     
 10.000   0.063   0.042    1.69  233.58    4.04   -0.22  221.75    5.70   -0.16   5249.   9675.     
 11.000   0.026   0.016    1.84  226.10    3.54   -0.15  214.78    4.68   -0.09   4699.   9632.     
 12.000   0.011   0.006    1.64  219.31    3.08   -0.18  208.37    3.81   -0.22   4720.   9620.     
 13.000   0.005   0.002    1.22  213.70    2.82    0.09  203.00    3.62   -0.38   3027.   9569.     
 14.000   0.003   0.001    0.96  209.33    2.94    0.30  198.43    3.75   -0.38   1368.   9534.     
 15.000   0.002   0.001    3.48  205.94    2.95    0.28  195.44    3.59   -0.24    103.   9473.     
 16.000  99.999  99.999  999.99  203.87    2.78    0.20  999.99   99.99  999.99      0.   9425.     
 17.000  99.999  99.999  999.99  203.34    2.95   -0.01  999.99   99.99  999.99      0.   9264.     
 18.000  99.999  99.999  999.99  204.49    3.49   -0.23  999.99   99.99  999.99      0.   9218.     
 19.000  99.999  99.999  999.99  207.36    3.49   -0.47  999.99   99.99  999.99      0.   9129.     
 20.000  99.999  99.999  999.99  210.54    3.24   -0.53  999.99   99.99  999.99      0.   9027.     
 21.000  99.999  99.999  999.99  213.44    2.99   -0.52  999.99   99.99  999.99      0.   8651.     
 22.000  99.999  99.999  999.99  215.92    2.84   -0.59  999.99   99.99  999.99      0.   8551.     
 23.000  99.999  99.999  999.99  217.99    2.79   -0.59  999.99   99.99  999.99      0.   8422.     
 24.000  99.999  99.999  999.99  219.97    2.93   -0.52  999.99   99.99  999.99      0.   8419.     
 25.000  99.999  99.999  999.99  221.81    3.05   -0.49  999.99   99.99  999.99      0.   8333.     
 26.000  99.999  99.999  999.99  223.58    3.12   -0.45  999.99   99.99  999.99      0.   8106.     
 27.000  99.999  99.999  999.99  225.36    3.24   -0.32  999.99   99.99  999.99      0.   7399.     
 28.000  99.999  99.999  999.99  227.07    3.27   -0.42  999.99   99.99  999.99      0.   7152.     
 29.000  99.999  99.999  999.99  228.74    3.29   -0.34  999.99   99.99  999.99      1.   5934.     
 30.000  99.999  99.999  999.99  230.48    3.29   -0.47  999.99   99.99  999.99      1.   5818.     
1 T A B L E  III -  1.  M O I S T U R E  R E L A T E D  S T A T I S T I C A L  P A R A M E T E R S  
                                              JANUARY                                               
 STATION =   747940     CAPE CANAVERAL, FLORIDA                                                     
      Z VAPOR P   SD VP SKEW VP      TV      TV SKEW TV DEWPT T  SD DPT SKW DPT NOBS TP NOBS TV     
           MEAN                    MEAN      SD            MEAN                                     
     KM      MB      MB           DEG K   DEG K           DEG K   DEG K                             
  0.000  14.414   5.176   -0.28  289.46    6.32   -0.68  284.46    6.61   -1.11    779.    779.     
  0.003  14.141   5.140   -0.19  289.19    6.30   -0.59  284.17    6.56   -1.01    894.    896.     
  1.000   9.835   4.379   -0.41  285.78    4.88   -0.84  277.84    9.22   -1.41    842.    896.     
  2.000   5.641   3.245    0.21  281.74    3.76   -0.84  269.44    9.62   -0.61    779.    896.     
  3.000   3.231   2.085    0.70  277.46    3.39   -0.73  262.11    8.93   -0.19    712.    895.     
  4.000   1.991   1.348    0.94  272.05    3.36   -0.79  256.11    8.56   -0.08    669.    893.     
  5.000   1.194   0.846    1.08  265.94    3.29   -0.67  250.05    8.37   -0.07    654.    893.     
  6.000   0.735   0.518    1.11  259.44    3.22   -0.70  244.70    8.12   -0.21    643.    892.     
  7.000   0.427   0.296    1.02  252.77    3.30   -0.85  239.01    7.92   -0.41    675.    889.     
  8.000   0.239   0.158    0.93  245.65    3.31   -0.63  233.43    7.42   -0.56    644.    886.     
  9.000   0.113   0.074    0.94  238.10    3.22   -0.49  226.65    6.79   -0.67    607.    883.     
 10.000   0.047   0.026    0.79  230.48    3.07   -0.32  219.72    4.97   -0.35    441.    881.     
 11.000   0.020   0.010    0.74  223.47    2.97    0.20  213.30    4.18   -0.43    369.    878.     
 12.000   0.009   0.004    1.18  217.52    3.35    0.39  207.43    3.50   -0.50    369.    877.     
 13.000   0.005   0.003    1.63  213.64    3.56   -0.01  203.51    3.59   -0.36    287.    872.     
 14.000   0.003   0.001    0.63  210.82    2.89   -0.22  200.28    3.13   -0.58    103.    869.     
 15.000   0.002   0.001    0.13  207.31    2.56    0.39  196.99    2.27   -0.13     13.    865.     
 16.000  99.999  99.999  999.99  204.15    2.69    0.74  999.99   99.99  999.99      0.    857.     
 17.000  99.999  99.999  999.99  202.34    3.11    0.73  999.99   99.99  999.99      0.    836.     
 18.000  99.999  99.999  999.99  202.24    3.55    0.57  999.99   99.99  999.99      0.    827.     
 19.000  99.999  99.999  999.99  204.46    3.52    0.38  999.99   99.99  999.99      0.    810.     
 20.000  99.999  99.999  999.99  207.54    3.30    0.29  999.99   99.99  999.99      0.    797.     
 21.000  99.999  99.999  999.99  210.60    3.14    0.17  999.99   99.99  999.99      0.    747.     
 22.000  99.999  99.999  999.99  213.36    3.09    0.09  999.99   99.99  999.99      0.    736.     
 23.000  99.999  99.999  999.99  215.45    2.94    0.20  999.99   99.99  999.99      0.    724.     
 24.000  99.999  99.999  999.99  217.49    3.11    0.10  999.99   99.99  999.99      0.    718.     
 25.000  99.999  99.999  999.99  219.27    3.19    0.17  999.99   99.99  999.99      0.    703.     
 26.000  99.999  99.999  999.99  220.91    3.14    0.14  999.99   99.99  999.99      0.    687.     
 27.000  99.999  99.999  999.99  222.71    3.25    0.11  999.99   99.99  999.99      0.    623.     
 28.000  99.999  99.999  999.99  224.57    3.55    0.01  999.99   99.99  999.99      0.    602.     
 29.000  99.999  99.999  999.99  226.25    3.57   -0.03  999.99   99.99  999.99      0.    480.     
 30.000  99.999  99.999  999.99  228.00    3.76   -0.10  999.99   99.99  999.99      0.    474.     
1 T A B L E  III -  2.  M O I S T U R E  R E L A T E D  S T A T I S T I C A L  P A R A M E T E R S  
                                              FEBRUARY                                              
 STATION =   747940     CAPE CANAVERAL, FLORIDA                                                     
      Z VAPOR P   SD VP SKEW VP      TV      TV SKEW TV DEWPT T  SD DPT SKW DPT NOBS TP NOBS TV     
           MEAN                    MEAN      SD            MEAN                                     
     KM      MB      MB           DEG K   DEG K           DEG K   DEG K                             
  0.000  14.000   5.311    0.02  289.20    6.49   -0.33  283.99    6.52   -0.72    717.    717.     
  0.003  13.770   5.316    0.10  288.96    6.53   -0.26  283.73    6.52   -0.63    798.    799.     
  1.000   9.072   4.414   -0.10  285.30    5.05   -0.57  276.59    9.09   -1.01    760.    800.     
  2.000   5.213   3.183    0.33  281.20    3.93   -0.82  268.17    9.84   -0.47    719.    800.     
  3.000   3.112   2.076    0.81  276.61    3.60   -0.48  261.52    9.07   -0.16    663.    800.     
  4.000   1.919   1.341    1.04  271.10    3.52   -0.07  255.55    8.72   -0.07    634.    799.     
  5.000   1.196   0.868    1.11  265.12    3.52   -0.04  249.91    8.63   -0.10    617.    792.     
  6.000   0.731   0.517    1.15  258.70    3.54   -0.17  244.62    8.21   -0.30    614.    792.     
  7.000   0.430   0.295    0.93  252.05    3.57   -0.47  238.96    8.29   -0.62    621.    792.     
  8.000   0.229   0.148    1.00  244.98    3.67   -0.47  233.10    7.29   -0.66    608.    786.     
  9.000   0.110   0.067    1.05  237.75    3.60   -0.36  226.65    6.28   -0.71    560.    786.     
 10.000   0.045   0.024    0.81  230.64    3.42   -0.08  219.49    4.79   -0.41    441.    785.     
 11.000   0.020   0.009    0.51  224.17    3.39    0.16  213.17    3.99   -0.48    386.    782.     
 12.000   0.010   0.005    0.71  218.98    3.77    0.11  207.89    3.78   -0.51    382.    780.     
 13.000   0.006   0.003    0.86  215.07    3.59   -0.14  203.72    3.91   -0.47    235.    776.     
 14.000   0.003   0.001    0.53  211.28    2.79    0.19  200.23    3.37   -0.67     76.    770.     
 15.000   0.002   0.001    0.22  207.22    2.61    0.36  197.39    2.43   -0.20     12.    766.     
 16.000  99.999  99.999  999.99  203.97    2.72    0.38  999.99   99.99  999.99      0.    759.     
 17.000  99.999  99.999  999.99  202.31    2.91    0.33  999.99   99.99  999.99      0.    751.     
 18.000  99.999  99.999  999.99  202.45    3.25    0.23  999.99   99.99  999.99      0.    746.     
 19.000  99.999  99.999  999.99  204.94    3.13    0.10  999.99   99.99  999.99      0.    739.     
 20.000  99.999  99.999  999.99  208.08    2.91    0.19  999.99   99.99  999.99      0.    727.     
 21.000  99.999  99.999  999.99  211.11    2.68    0.16  999.99   99.99  999.99      0.    692.     
 22.000  99.999  99.999  999.99  213.72    2.64   -0.07  999.99   99.99  999.99      0.    678.     
 23.000  99.999  99.999  999.99  215.56    2.51   -0.11  999.99   99.99  999.99      0.    670.     
 24.000  99.999  99.999  999.99  217.38    2.66   -0.17  999.99   99.99  999.99      0.    679.     
 25.000  99.999  99.999  999.99  218.97    2.66    0.06  999.99   99.99  999.99      0.    667.     
 26.000  99.999  99.999  999.99  220.67    2.58    0.12  999.99   99.99  999.99      0.    651.     
 27.000  99.999  99.999  999.99  222.47    2.62    0.24  999.99   99.99  999.99      0.    585.     
 28.000  99.999  99.999  999.99  224.27    2.82    0.20  999.99   99.99  999.99      0.    567.     
 29.000  99.999  99.999  999.99  226.25    2.93   -0.02  999.99   99.99  999.99      0.    447.     
 30.000  99.999  99.999  999.99  228.20    3.09   -0.12  999.99   99.99  999.99      0.    444.     
1 T A B L E  III -  3.  M O I S T U R E  R E L A T E D  S T A T I S T I C A L  P A R A M E T E R S  
                                              MARCH                                                 
 STATION =   747940     CAPE CANAVERAL, FLORIDA                                                     
      Z VAPOR P   SD VP SKEW VP      TV      TV SKEW TV DEWPT T  SD DPT SKW DPT NOBS TP NOBS TV     
           MEAN                    MEAN      SD            MEAN                                     
     KM      MB      MB           DEG K   DEG K           DEG K   DEG K                             
  0.000  16.256   5.189   -0.23  292.03    5.62   -0.40  286.58    5.64   -0.91    725.    725.     
  0.003  15.788   5.258   -0.17  291.78    5.73   -0.38  286.07    5.85   -0.86    872.    872.     
  1.000  10.523   4.368   -0.22  287.20    4.82   -0.89  279.34    7.74   -1.16    835.    872.     
  2.000   5.937   3.369    0.16  282.82    3.83   -0.85  270.20    9.50   -0.57    726.    874.     
  3.000   3.319   2.112    0.68  278.14    3.57   -0.44  262.55    8.74   -0.13    668.    874.     
  4.000   1.955   1.287    0.91  272.28    3.51   -0.39  256.03    8.32   -0.10    654.    873.     
  5.000   1.181   0.796    1.06  265.91    3.50   -0.20  250.14    8.03   -0.12    644.    873.     
  6.000   0.713   0.499    1.08  259.26    3.43   -0.17  244.38    8.10   -0.22    636.    872.     
  7.000   0.406   0.282    1.02  252.55    3.47   -0.28  238.46    7.98   -0.42    642.    871.     
  8.000   0.224   0.148    0.86  245.48    3.65   -0.37  232.75    7.44   -0.53    654.    869.     
  9.000   0.110   0.070    1.04  238.00    3.64   -0.24  226.55    6.46   -0.54    615.    861.     
 10.000   0.046   0.028    1.12  230.54    3.47   -0.09  219.38    5.29   -0.30    464.    857.     
 11.000   0.020   0.010    0.80  223.80    3.11    0.09  213.21    4.18   -0.36    420.    855.     
 12.000   0.009   0.004    0.47  218.37    3.26    0.22  207.76    3.48   -0.55    418.    854.     
 13.000   0.005   0.002    0.50  214.55    3.20    0.04  203.72    3.51   -0.72    278.    852.     
 14.000   0.003   0.002    0.85  211.27    2.90   -0.07  200.04    3.54   -0.60    106.    848.     
 15.000  99.999  99.999  999.99  207.75    2.75    0.29  999.99   99.99  999.99      3.    846.     
 16.000  99.999  99.999  999.99  204.84    2.79    0.22  999.99   99.99  999.99      0.    841.     
 17.000  99.999  99.999  999.99  203.18    3.03    0.15  999.99   99.99  999.99      0.    824.     
 18.000  99.999  99.999  999.99  203.09    3.52    0.08  999.99   99.99  999.99      0.    814.     
 19.000  99.999  99.999  999.99  205.49    3.45    0.02  999.99   99.99  999.99      0.    805.     
 20.000  99.999  99.999  999.99  208.68    3.11    0.01  999.99   99.99  999.99      0.    795.     
 21.000  99.999  99.999  999.99  211.86    2.94   -0.03  999.99   99.99  999.99      0.    759.     
 22.000  99.999  99.999  999.99  214.75    2.89   -0.06  999.99   99.99  999.99      0.    755.     
 23.000  99.999  99.999  999.99  216.81    2.74   -0.15  999.99   99.99  999.99      0.    741.     
 24.000  99.999  99.999  999.99  218.75    2.86   -0.06  999.99   99.99  999.99      0.    736.     
 25.000  99.999  99.999  999.99  220.54    3.02   -0.09  999.99   99.99  999.99      0.    733.     
 26.000  99.999  99.999  999.99  222.41    3.10   -0.08  999.99   99.99  999.99      0.    718.     
 27.000  99.999  99.999  999.99  224.34    3.19   -0.03  999.99   99.99  999.99      0.    649.     
 28.000  99.999  99.999  999.99  226.41    3.32   -0.06  999.99   99.99  999.99      0.    630.     
 29.000  99.999  99.999  999.99  228.34    3.32   -0.13  999.99   99.99  999.99      0.    510.     
 30.000  99.999  99.999  999.99  230.77    3.32   -0.40  999.99   99.99  999.99      0.    500.     
1 T A B L E  III -  4.  M O I S T U R E  R E L A T E D  S T A T I S T I C A L  P A R A M E T E R S  
                                              APRIL                                                 
 STATION =   747940     CAPE CANAVERAL, FLORIDA                                                     
      Z VAPOR P   SD VP SKEW VP      TV      TV SKEW TV DEWPT T  SD DPT SKW DPT NOBS TP NOBS TV     
           MEAN                    MEAN      SD            MEAN                                     
     KM      MB      MB           DEG K   DEG K           DEG K   DEG K                             
  0.000  18.557   4.534   -0.41  295.27    4.99   -0.65  289.00    4.27   -0.97    736.    736.     
  0.003  18.205   4.564   -0.32  295.14    4.92   -0.65  288.68    4.33   -0.88    871.    871.     
  1.000  11.505   3.860   -0.31  289.66    3.27   -0.52  281.23    6.05   -1.31    843.    871.     
  2.000   5.997   3.213    0.22  284.67    3.10   -0.45  270.70    8.75   -0.58    736.    871.     
  3.000   3.265   2.007    0.78  279.70    2.82   -0.29  262.54    8.39   -0.19    670.    869.     
  4.000   1.968   1.264    1.02  273.80    2.68   -0.09  256.21    8.19   -0.20    655.    868.     
  5.000   1.276   0.839    0.90  267.29    2.64   -0.21  250.93    8.41   -0.33    641.    867.     
  6.000   0.756   0.524    1.08  260.56    2.65   -0.23  244.91    8.44   -0.39    623.    867.     
  7.000   0.435   0.303    1.08  253.80    2.75   -0.54  239.08    8.19   -0.50    629.    866.     
  8.000   0.227   0.152    1.07  246.66    3.00   -0.63  232.92    7.44   -0.63    633.    864.     
  9.000   0.110   0.069    1.07  239.11    3.05   -0.46  226.54    6.42   -0.64    609.    861.     
 10.000   0.046   0.026    1.15  231.33    2.96   -0.05  219.55    4.86   -0.24    432.    858.     
 11.000   0.020   0.011    1.13  223.98    2.67    0.01  212.93    4.32   -0.28    375.    853.     
 12.000   0.008   0.004    0.93  217.73    2.62    0.22  206.95    3.53   -0.34    375.    853.     
 13.000   0.005   0.002    0.70  213.55    3.02    0.09  202.75    3.56   -0.44    240.    847.     
 14.000   0.003   0.002    0.54  210.63    3.03   -0.31  199.54    3.81   -0.33    109.    844.     
 15.000   0.002   0.002    1.24  207.67    2.68    0.03  195.72    5.18    0.92      6.    841.     
 16.000  99.999  99.999  999.99  205.05    2.54    0.29  999.99   99.99  999.99      0.    838.     
 17.000  99.999  99.999  999.99  203.49    2.70    0.22  999.99   99.99  999.99      0.    823.     
 18.000  99.999  99.999  999.99  203.52    3.04    0.29  999.99   99.99  999.99      0.    817.     
 19.000  99.999  99.999  999.99  206.23    2.93    0.34  999.99   99.99  999.99      0.    814.     
 20.000  99.999  99.999  999.99  209.82    2.67    0.21  999.99   99.99  999.99      0.    805.     
 21.000  99.999  99.999  999.99  213.18    2.48    0.12  999.99   99.99  999.99      0.    770.     
 22.000  99.999  99.999  999.99  215.92    2.42   -0.03  999.99   99.99  999.99      0.    766.     
 23.000  99.999  99.999  999.99  218.20    2.38   -0.11  999.99   99.99  999.99      0.    755.     
 24.000  99.999  99.999  999.99  220.44    2.40   -0.08  999.99   99.99  999.99      0.    752.     
 25.000  99.999  99.999  999.99  222.55    2.43   -0.10  999.99   99.99  999.99      0.    750.     
 26.000  99.999  99.999  999.99  224.74    2.53   -0.13  999.99   99.99  999.99      0.    729.     
 27.000  99.999  99.999  999.99  226.90    2.70   -0.06  999.99   99.99  999.99      0.    658.     
 28.000  99.999  99.999  999.99  229.02    2.64   -0.04  999.99   99.99  999.99      0.    635.     
 29.000  99.999  99.999  999.99  231.05    2.57   -0.08  999.99   99.99  999.99      0.    534.     
 30.000  99.999  99.999  999.99  233.05    2.49   -0.18  999.99   99.99  999.99      0.    525.     
1 T A B L E  III -  5.  M O I S T U R E  R E L A T E D  S T A T I S T I C A L  P A R A M E T E R S  
                                              MAY                                                   
 STATION =   747940     CAPE CANAVERAL, FLORIDA                                                     
      Z VAPOR P   SD VP SKEW VP      TV      TV SKEW TV DEWPT T  SD DPT SKW DPT NOBS TP NOBS TV     
           MEAN                    MEAN      SD            MEAN                                     
     KM      MB      MB           DEG K   DEG K           DEG K   DEG K                             
  0.000  22.569   3.582   -0.47  298.72    3.87   -0.28  292.39    2.71   -0.90    767.    767.     
  0.003  22.246   3.760   -0.50  298.53    3.95   -0.35  292.13    2.92   -0.99    828.    828.     
  1.000  13.742   3.374   -0.51  292.38    2.37   -0.39  284.36    4.30   -1.39    821.    828.     
  2.000   8.025   3.018   -0.30  286.34    2.00   -0.32  275.77    6.69   -1.23    767.    828.     
  3.000   4.418   2.144    0.30  280.62    1.96   -0.31  267.15    7.32   -0.56    715.    826.     
  4.000   2.593   1.433    0.64  274.66    2.02   -0.26  260.05    7.57   -0.38    648.    826.     
  5.000   1.503   0.940    0.92  268.55    2.14   -0.31  253.17    7.77   -0.22    602.    823.     
  6.000   0.881   0.592    1.08  262.06    2.25   -0.32  246.87    7.89   -0.23    578.    822.     
  7.000   0.486   0.320    0.98  255.35    2.33   -0.55  240.59    7.51   -0.35    588.    820.     
  8.000   0.271   0.171    0.85  248.32    2.51   -0.60  234.82    7.13   -0.59    582.    818.     
  9.000   0.129   0.080    0.93  240.70    2.59   -0.45  227.97    6.50   -0.62    591.    817.     
 10.000   0.051   0.027    0.82  232.82    2.57   -0.32  220.53    4.79   -0.36    426.    816.     
 11.000   0.020   0.010    0.75  225.16    2.30   -0.08  213.26    4.13   -0.59    398.    814.     
 12.000   0.008   0.003    0.53  218.14    2.24    0.24  206.79    3.37   -0.81    398.    813.     
 13.000   0.004   0.002    0.58  212.60    2.62    0.45  202.09    3.22   -0.73    230.    810.     
 14.000   0.003   0.001    0.38  209.61    3.11    0.02  199.61    3.25   -0.88    133.    808.     
 15.000   0.002   0.001   -0.40  207.67    2.83    0.02  196.62    2.82   -1.24     10.    806.     
 16.000  99.999  99.999  999.99  205.98    2.48   -0.15  999.99   99.99  999.99      0.    805.     
 17.000  99.999  99.999  999.99  205.15    2.29    0.02  999.99   99.99  999.99      0.    792.     
 18.000  99.999  99.999  999.99  205.69    2.50    0.11  999.99   99.99  999.99      0.    786.     
 19.000  99.999  99.999  999.99  208.60    2.42   -0.11  999.99   99.99  999.99      0.    779.     
 20.000  99.999  99.999  999.99  211.91    2.20   -0.29  999.99   99.99  999.99      0.    776.     
 21.000  99.999  99.999  999.99  215.02    1.95   -0.21  999.99   99.99  999.99      0.    748.     
 22.000  99.999  99.999  999.99  217.59    1.84   -0.19  999.99   99.99  999.99      0.    746.     
 23.000  99.999  99.999  999.99  219.81    1.72   -0.23  999.99   99.99  999.99      0.    738.     
 24.000  99.999  99.999  999.99  221.90    1.83   -0.26  999.99   99.99  999.99      0.    738.     
 25.000  99.999  99.999  999.99  223.88    1.81   -0.12  999.99   99.99  999.99      0.    726.     
 26.000  99.999  99.999  999.99  225.81    1.77    0.03  999.99   99.99  999.99      0.    695.     
 27.000  99.999  99.999  999.99  227.62    1.86    0.17  999.99   99.99  999.99      0.    617.     
 28.000  99.999  99.999  999.99  229.49    1.80    0.08  999.99   99.99  999.99      0.    605.     
 29.000  99.999  99.999  999.99  231.26    1.93    0.20  999.99   99.99  999.99      0.    500.     
 30.000  99.999  99.999  999.99  233.03    1.84    0.15  999.99   99.99  999.99      0.    496.     
1 T A B L E  III -  6.  M O I S T U R E  R E L A T E D  S T A T I S T I C A L  P A R A M E T E R S  
                                              JUNE                                                  
 STATION =   747940     CAPE CANAVERAL, FLORIDA                                                     
      Z VAPOR P   SD VP SKEW VP      TV      TV SKEW TV DEWPT T  SD DPT SKW DPT NOBS TP NOBS TV     
           MEAN                    MEAN      SD            MEAN                                     
     KM      MB      MB           DEG K   DEG K           DEG K   DEG K                             
  0.000  26.502   2.657   -0.50  301.20    3.07    0.31  295.12    1.71   -0.91    754.    754.     
  0.003  26.416   2.717   -0.54  301.11    3.09    0.30  295.06    1.76   -0.94    770.    771.     
  1.000  16.660   2.679   -0.62  294.75    1.59   -0.56  287.60    2.71   -1.24    767.    771.     
  2.000  10.291   2.644   -0.88  288.39    1.46   -0.37  279.96    4.79   -2.03    755.    771.     
  3.000   6.305   2.060   -0.56  282.39    1.45   -0.09  272.67    5.86   -1.67    740.    769.     
  4.000   3.982   1.577   -0.27  276.41    1.54   -0.05  266.16    6.61   -1.23    676.    761.     
  5.000   2.351   1.192    0.20  270.63    1.62    0.06  258.90    7.60   -0.76    642.    756.     
  6.000   1.405   0.765    0.38  264.59    1.71   -0.07  252.63    7.55   -0.66    592.    755.     
  7.000   0.765   0.447    0.58  258.19    1.82   -0.06  245.69    7.33   -0.50    584.    746.     
  8.000   0.411   0.235    0.62  251.50    2.05   -0.25  239.32    6.73   -0.57    565.    742.     
  9.000   0.195   0.115    0.72  244.25    2.28   -0.15  231.91    6.62   -0.76    564.    741.     
 10.000   0.079   0.043    0.98  236.49    2.35    0.03  224.12    5.16   -0.47    412.    739.     
 11.000   0.031   0.016    1.35  228.42    2.20    0.14  216.48    4.21   -0.29    372.    736.     
 12.000   0.012   0.005    0.97  220.67    2.15    0.31  209.31    3.47   -0.40    369.    735.     
 13.000   0.005   0.002    0.58  213.64    2.08    0.36  202.62    3.37   -0.76    231.    732.     
 14.000   0.002   0.001    0.87  208.14    2.39    0.20  196.96    3.32   -0.57    116.    732.     
 15.000   0.001   0.001    1.52  204.96    2.60    0.22  194.46    3.13    1.33      7.    725.     
 16.000  99.999  99.999  999.99  203.87    2.54    0.04  999.99   99.99  999.99      0.    724.     
 17.000  99.999  99.999  999.99  204.36    2.54   -0.13  999.99   99.99  999.99      0.    710.     
 18.000  99.999  99.999  999.99  206.37    2.54   -0.20  999.99   99.99  999.99      0.    707.     
 19.000  99.999  99.999  999.99  209.61    2.13   -0.17  999.99   99.99  999.99      0.    704.     
 20.000  99.999  99.999  999.99  212.79    1.82   -0.14  999.99   99.99  999.99      0.    699.     
 21.000  99.999  99.999  999.99  215.69    1.67   -0.04  999.99   99.99  999.99      0.    681.     
 22.000  99.999  99.999  999.99  218.05    1.54   -0.11  999.99   99.99  999.99      0.    674.     
 23.000  99.999  99.999  999.99  220.18    1.49   -0.03  999.99   99.99  999.99      0.    666.     
 24.000  99.999  99.999  999.99  222.16    1.66    0.10  999.99   99.99  999.99      0.    668.     
 25.000  99.999  99.999  999.99  223.93    1.57    0.12  999.99   99.99  999.99      0.    657.     
 26.000  99.999  99.999  999.99  225.61    1.59    0.08  999.99   99.99  999.99      0.    642.     
 27.000  99.999  99.999  999.99  227.32    1.86    0.24  999.99   99.99  999.99      0.    595.     
 28.000  99.999  99.999  999.99  229.03    1.67   -0.13  999.99   99.99  999.99      0.    571.     
 29.000  99.999  99.999  999.99  230.62    1.86   -0.11  999.99   99.99  999.99      0.    476.     
 30.000  99.999  99.999  999.99  232.26    1.79   -0.51  999.99   99.99  999.99      0.    468.     
1 T A B L E  III -  7.  M O I S T U R E  R E L A T E D  S T A T I S T I C A L  P A R A M E T E R S  
                                              JULY                                                  
 STATION =   747940     CAPE CANAVERAL, FLORIDA                                                     
      Z VAPOR P   SD VP SKEW VP      TV      TV SKEW TV DEWPT T  SD DPT SKW DPT NOBS TP NOBS TV     
           MEAN                    MEAN      SD            MEAN                                     
     KM      MB      MB           DEG K   DEG K           DEG K   DEG K                             
  0.000  27.789   2.486   -0.25  302.33    3.33    0.22  295.92    1.51   -0.68    789.    789.     
  0.003  27.768   2.483   -0.25  302.30    3.35    0.21  295.90    1.51   -0.68    792.    794.     
  1.000  17.705   2.372   -0.46  296.05    1.21    0.19  288.61    2.22   -1.14    793.    794.     
  2.000  10.911   2.249   -0.66  289.36    1.14    0.03  281.07    3.55   -1.88    791.    794.     
  3.000   6.630   1.831   -0.51  283.23    1.14   -0.26  273.69    4.63   -1.55    767.    793.     
  4.000   4.133   1.418   -0.20  277.22    1.26    0.02  267.02    5.47   -1.28    710.    784.     
  5.000   2.521   1.127    0.17  271.42    1.32    0.09  260.19    6.69   -0.93    681.    783.     
  6.000   1.519   0.730    0.35  265.50    1.42    0.08  253.96    6.72   -0.85    618.    782.     
  7.000   0.849   0.435    0.38  259.21    1.42    0.00  247.16    6.88   -0.87    574.    782.     
  8.000   0.436   0.229    0.44  252.63    1.62   -0.17  240.02    6.79   -1.00    557.    781.     
  9.000   0.216   0.118    0.52  245.44    1.88   -0.08  233.02    6.53   -0.95    545.    781.     
 10.000   0.089   0.048    0.83  237.64    1.93   -0.10  225.13    5.51   -0.83    424.    779.     
 11.000   0.035   0.018    0.87  229.44    1.85   -0.18  217.49    4.42   -0.30    364.    777.     
 12.000   0.013   0.006    0.75  221.44    1.72   -0.11  210.07    3.66   -0.37    384.    772.     
 13.000   0.005   0.002    0.75  213.97    1.71    0.12  203.33    3.38   -0.37    218.    765.     
 14.000   0.002   0.001    1.56  208.04    1.94    0.23  197.62    3.19   -0.39    113.    765.     
 15.000  99.999  99.999  999.99  204.76    2.15    0.17  999.99   99.99  999.99      2.    757.     
 16.000  99.999  99.999  999.99  204.29    2.20   -0.01  999.99   99.99  999.99      0.    754.     
 17.000  99.999  99.999  999.99  205.41    2.11   -0.32  999.99   99.99  999.99      0.    744.     
 18.000  99.999  99.999  999.99  207.63    2.03   -0.49  999.99   99.99  999.99      0.    745.     
 19.000  99.999  99.999  999.99  210.44    1.75   -0.33  999.99   99.99  999.99      0.    742.     
 20.000  99.999  99.999  999.99  213.35    1.63   -0.39  999.99   99.99  999.99      0.    734.     
 21.000  99.999  99.999  999.99  216.03    1.63   -0.23  999.99   99.99  999.99      0.    705.     
 22.000  99.999  99.999  999.99  218.18    1.46   -0.23  999.99   99.99  999.99      0.    689.     
 23.000  99.999  99.999  999.99  220.14    1.51   -0.32  999.99   99.99  999.99      0.    676.     
 24.000  99.999  99.999  999.99  222.03    1.68   -0.03  999.99   99.99  999.99      0.    673.     
 25.000  99.999  99.999  999.99  223.83    1.65   -0.11  999.99   99.99  999.99      0.    676.     
 26.000  99.999  99.999  999.99  225.52    1.69   -0.06  999.99   99.99  999.99      0.    652.     
 27.000  99.999  99.999  999.99  227.15    1.87   -0.07  999.99   99.99  999.99      0.    613.     
 28.000  99.999  99.999  999.99  228.66    1.66   -0.32  999.99   99.99  999.99      0.    585.     
 29.000  99.999  99.999  999.99  230.19    2.08   -0.06  999.99   99.99  999.99      1.    476.     
 30.000  99.999  99.999  999.99  231.71    1.86   -0.17  999.99   99.99  999.99      1.    446.     
1 T A B L E  III -  8.  M O I S T U R E  R E L A T E D  S T A T I S T I C A L  P A R A M E T E R S  
                                              AUGUST                                                
 STATION =   747940     CAPE CANAVERAL, FLORIDA                                                     
      Z VAPOR P   SD VP SKEW VP      TV      TV SKEW TV DEWPT T  SD DPT SKW DPT NOBS TP NOBS TV     
           MEAN                    MEAN      SD            MEAN                                     
     KM      MB      MB           DEG K   DEG K           DEG K   DEG K                             
  0.000  27.716   2.485   -0.32  301.97    3.38    0.26  295.87    1.51   -0.58    769.    769.     
  0.003  27.704   2.476   -0.33  301.95    3.38    0.25  295.87    1.51   -0.58    774.    775.     
  1.000  18.299   2.225   -0.32  296.13    1.07   -0.29  289.15    1.98   -0.77    767.    775.     
  2.000  11.545   2.022   -0.61  289.59    1.04   -0.31  282.01    2.89   -1.51    769.    775.     
  3.000   7.130   1.713   -0.51  283.56    1.12   -0.13  274.87    3.89   -1.40    760.    773.     
  4.000   4.473   1.426   -0.42  277.56    1.22    0.10  268.16    5.24   -1.51    713.    762.     
  5.000   2.728   1.096    0.06  271.74    1.32    0.15  261.45    5.99   -0.99    671.    758.     
  6.000   1.568   0.746    0.20  265.75    1.36    0.04  254.29    6.87   -0.92    616.    756.     
  7.000   0.866   0.439    0.36  259.45    1.37    0.11  247.43    6.77   -0.83    600.    755.     
  8.000   0.455   0.243    0.34  252.88    1.56    0.02  240.34    7.03   -0.96    565.    753.     
  9.000   0.215   0.115    0.58  245.74    1.85    0.22  233.06    6.36   -1.04    548.    751.     
 10.000   0.087   0.049    1.38  237.97    1.91    0.47  224.94    5.42   -0.77    419.    750.     
 11.000   0.034   0.017    1.40  229.83    1.84    0.29  217.52    4.08   -0.21    376.    747.     
 12.000   0.013   0.006    1.55  221.89    1.72    0.22  210.18    3.32   -0.07    382.    746.     
 13.000   0.005   0.003    1.57  214.40    1.70    0.23  203.35    3.35   -0.03    215.    740.     
 14.000   0.002   0.001    1.10  208.28    1.90    0.57  197.10    3.16   -0.28    106.    736.     
 15.000  99.999  99.999  999.99  204.65    2.25    0.22  999.99   99.99  999.99      1.    729.     
 16.000  99.999  99.999  999.99  203.83    2.15    0.04  999.99   99.99  999.99      0.    726.     
 17.000  99.999  99.999  999.99  204.90    1.98    0.04  999.99   99.99  999.99      0.    720.     
 18.000  99.999  99.999  999.99  207.37    1.88   -0.11  999.99   99.99  999.99      0.    719.     
 19.000  99.999  99.999  999.99  210.18    1.65   -0.03  999.99   99.99  999.99      0.    711.     
 20.000  99.999  99.999  999.99  213.06    1.60   -0.17  999.99   99.99  999.99      0.    694.     
 21.000  99.999  99.999  999.99  215.55    1.61   -0.09  999.99   99.99  999.99      0.    675.     
 22.000  99.999  99.999  999.99  217.70    1.41   -0.13  999.99   99.99  999.99      0.    659.     
 23.000  99.999  99.999  999.99  219.62    1.41   -0.29  999.99   99.99  999.99      0.    646.     
 24.000  99.999  99.999  999.99  221.40    1.57   -0.15  999.99   99.99  999.99      0.    645.     
 25.000  99.999  99.999  999.99  223.16    1.57   -0.17  999.99   99.99  999.99      0.    652.     
 26.000  99.999  99.999  999.99  224.84    1.62   -0.36  999.99   99.99  999.99      0.    629.     
 27.000  99.999  99.999  999.99  226.46    1.93    0.04  999.99   99.99  999.99      0.    576.     
 28.000  99.999  99.999  999.99  227.96    1.68    0.12  999.99   99.99  999.99      0.    545.     
 29.000  99.999  99.999  999.99  229.36    2.03    0.23  999.99   99.99  999.99      0.    443.     
 30.000  99.999  99.999  999.99  231.01    1.78    0.20  999.99   99.99  999.99      0.    428.     
1 T A B L E  III -  9.  M O I S T U R E  R E L A T E D  S T A T I S T I C A L  P A R A M E T E R S  
                                              SEPTEMBER                                             
 STATION =   747940     CAPE CANAVERAL, FLORIDA                                                     
      Z VAPOR P   SD VP SKEW VP      TV      TV SKEW TV DEWPT T  SD DPT SKW DPT NOBS TP NOBS TV     
           MEAN                    MEAN      SD            MEAN                                     
     KM      MB      MB           DEG K   DEG K           DEG K   DEG K                             
  0.000  27.083   2.733   -0.61  301.51    3.12   -0.08  295.47    1.73   -0.99    728.    728.     
  0.003  27.025   2.744   -0.58  301.46    3.13   -0.07  295.44    1.74   -0.96    741.    741.     
  1.000  18.014   2.580   -0.75  295.20    1.31   -0.24  288.85    2.44   -1.42    737.    741.     
  2.000  11.374   2.511   -0.82  289.00    1.24   -0.13  281.62    3.86   -1.65    728.    741.     
  3.000   6.907   2.188   -0.42  283.42    1.26    0.08  274.05    5.40   -1.37    706.    737.     
  4.000   4.270   1.694   -0.07  277.62    1.35    0.12  267.18    6.21   -0.90    655.    734.     
  5.000   2.584   1.241    0.22  271.88    1.39   -0.13  260.30    7.13   -0.78    625.    733.     
  6.000   1.496   0.832    0.56  265.81    1.50   -0.05  253.38    7.43   -0.51    572.    732.     
  7.000   0.837   0.491    0.68  259.37    1.54   -0.16  246.66    7.43   -0.53    566.    731.     
  8.000   0.446   0.272    0.89  252.66    1.73   -0.24  239.95    7.11   -0.51    550.    729.     
  9.000   0.216   0.138    1.06  245.44    1.99   -0.22  232.66    7.04   -0.64    525.    724.     
 10.000   0.094   0.059    1.34  237.68    2.03   -0.08  225.30    6.05   -0.65    420.    723.     
 11.000   0.039   0.023    1.71  229.59    1.99    0.21  218.32    4.63   -0.10    379.    720.     
 12.000   0.015   0.008    1.89  221.73    1.88    0.34  211.02    3.82   -0.13    382.    720.     
 13.000   0.006   0.003    1.57  214.33    1.85    0.49  204.40    3.68   -0.42    260.    718.     
 14.000   0.002   0.001    1.59  208.08    1.88    0.29  197.96    3.23   -0.27    127.    717.     
 15.000  99.999  99.999  999.99  203.78    1.99    0.21  999.99   99.99  999.99      3.    712.     
 16.000  99.999  99.999  999.99  202.30    2.38    0.05  999.99   99.99  999.99      0.    710.     
 17.000  99.999  99.999  999.99  203.28    2.63   -0.22  999.99   99.99  999.99      0.    699.     
 18.000  99.999  99.999  999.99  206.28    2.29   -0.13  999.99   99.99  999.99      0.    700.     
 19.000  99.999  99.999  999.99  209.57    1.78    0.01  999.99   99.99  999.99      0.    693.     
 20.000  99.999  99.999  999.99  212.65    1.56   -0.13  999.99   99.99  999.99      0.    686.     
 21.000  99.999  99.999  999.99  215.21    1.48   -0.04  999.99   99.99  999.99      0.    664.     
 22.000  99.999  99.999  999.99  217.27    1.45   -0.13  999.99   99.99  999.99      0.    659.     
 23.000  99.999  99.999  999.99  219.22    1.48   -0.10  999.99   99.99  999.99      0.    642.     
 24.000  99.999  99.999  999.99  221.01    1.67    0.02  999.99   99.99  999.99      0.    641.     
 25.000  99.999  99.999  999.99  222.74    1.64   -0.08  999.99   99.99  999.99      0.    633.     
 26.000  99.999  99.999  999.99  224.39    1.61   -0.02  999.99   99.99  999.99      0.    615.     
 27.000  99.999  99.999  999.99  225.99    1.82    0.31  999.99   99.99  999.99      0.    568.     
 28.000  99.999  99.999  999.99  227.44    1.74   -0.03  999.99   99.99  999.99      0.    550.     
 29.000  99.999  99.999  999.99  228.92    2.00    0.10  999.99   99.99  999.99      0.    475.     
 30.000  99.999  99.999  999.99  230.44    1.94    0.03  999.99   99.99  999.99      0.    466.     
1 T A B L E  III - 10.  M O I S T U R E  R E L A T E D  S T A T I S T I C A L  P A R A M E T E R S  
                                              OCTOBER                                               
 STATION =   747940     CAPE CANAVERAL, FLORIDA                                                     
      Z VAPOR P   SD VP SKEW VP      TV      TV SKEW TV DEWPT T  SD DPT SKW DPT NOBS TP NOBS TV     
           MEAN                    MEAN      SD            MEAN                                     
     KM      MB      MB           DEG K   DEG K           DEG K   DEG K                             
  0.000  22.307   4.728   -0.47  298.71    4.21   -0.76  292.03    3.77   -1.11    724.    724.     
  0.003  22.063   4.807   -0.43  298.45    4.39   -0.76  291.84    3.86   -1.04    775.    775.     
  1.000  14.817   3.956   -0.74  292.05    2.80   -0.66  285.35    5.05   -1.72    768.    775.     
  2.000   8.616   3.655   -0.30  286.47    2.42   -0.65  276.41    7.70   -1.03    724.    775.     
  3.000   4.935   2.686    0.25  281.60    2.21   -0.21  268.11    8.48   -0.46    658.    775.     
  4.000   3.011   1.851    0.52  276.13    2.16   -0.12  261.38    8.64   -0.23    592.    774.     
  5.000   1.817   1.283    0.82  270.20    2.24   -0.26  254.75    8.91   -0.03    563.    774.     
  6.000   1.075   0.802    0.95  263.67    2.50   -0.25  248.50    8.87   -0.04    562.    773.     
  7.000   0.613   0.451    0.95  256.93    2.71   -0.22  242.48    8.44   -0.18    559.    772.     
  8.000   0.327   0.236    1.01  250.01    3.00   -0.12  236.12    8.09   -0.43    579.    772.     
  9.000   0.167   0.115    1.00  242.68    3.15    0.03  229.97    7.33   -0.61    560.    765.     
 10.000   0.071   0.046    1.47  235.17    3.12    0.14  223.03    5.41   -0.07    428.    765.     
 11.000   0.029   0.017    1.45  227.59    2.74    0.22  215.85    4.52   -0.01    398.    759.     
 12.000   0.012   0.006    1.21  220.58    2.23   -0.21  209.33    3.63   -0.20    399.    759.     
 13.000   0.005   0.002    0.74  214.15    2.03    0.02  203.28    3.41   -0.49    272.    757.     
 14.000   0.002   0.001    1.09  208.54    2.19    0.10  197.88    3.66   -0.19    129.    755.     
 15.000   0.001   0.001    1.66  204.25    2.53    0.34  194.40    4.19   -0.29     12.    749.     
 16.000  99.999  99.999  999.99  202.06    2.68    0.28  999.99   99.99  999.99      0.    744.     
 17.000  99.999  99.999  999.99  202.37    2.83    0.06  999.99   99.99  999.99      0.    730.     
 18.000  99.999  99.999  999.99  204.97    2.74    0.31  999.99   99.99  999.99      0.    728.     
 19.000  99.999  99.999  999.99  208.63    2.26    0.02  999.99   99.99  999.99      0.    726.     
 20.000  99.999  99.999  999.99  211.81    2.02    0.06  999.99   99.99  999.99      0.    723.     
 21.000  99.999  99.999  999.99  214.20    1.88   -0.05  999.99   99.99  999.99      0.    695.     
 22.000  99.999  99.999  999.99  216.40    1.85   -0.13  999.99   99.99  999.99      0.    694.     
 23.000  99.999  99.999  999.99  218.41    1.64   -0.25  999.99   99.99  999.99      0.    685.     
 24.000  99.999  99.999  999.99  220.34    1.84   -0.31  999.99   99.99  999.99      0.    683.     
 25.000  99.999  99.999  999.99  222.11    1.98   -0.56  999.99   99.99  999.99      0.    673.     
 26.000  99.999  99.999  999.99  223.81    1.97   -0.44  999.99   99.99  999.99      0.    652.     
 27.000  99.999  99.999  999.99  225.39    2.19   -0.24  999.99   99.99  999.99      0.    601.     
 28.000  99.999  99.999  999.99  226.84    2.29   -0.44  999.99   99.99  999.99      0.    584.     
 29.000  99.999  99.999  999.99  228.22    2.43   -0.28  999.99   99.99  999.99      0.    512.     
 30.000  99.999  99.999  999.99  229.70    2.42   -0.29  999.99   99.99  999.99      0.    503.     
1 T A B L E  III - 11.  M O I S T U R E  R E L A T E D  S T A T I S T I C A L  P A R A M E T E R S  
                                              NOVEMBER                                              
 STATION =   747940     CAPE CANAVERAL, FLORIDA                                                     
      Z VAPOR P   SD VP SKEW VP      TV      TV SKEW TV DEWPT T  SD DPT SKW DPT NOBS TP NOBS TV     
           MEAN                    MEAN      SD            MEAN                                     
     KM      MB      MB           DEG K   DEG K           DEG K   DEG K                             
  0.000  18.165   5.027   -0.41  294.29    5.29   -0.70  288.50    5.02   -1.18    771.    771.     
  0.003  18.000   4.949   -0.36  294.17    5.25   -0.70  288.37    4.95   -1.17    865.    866.     
  1.000  12.352   4.029   -0.58  289.15    3.63   -1.24  282.21    6.57   -1.94    841.    866.     
  2.000   6.765   3.582    0.14  284.54    2.88   -0.59  272.31    8.99   -0.68    772.    866.     
  3.000   3.704   2.315    0.69  280.20    2.73   -0.47  264.01    8.74   -0.16    694.    866.     
  4.000   2.186   1.482    1.05  274.77    2.71   -0.30  257.36    8.32    0.06    657.    866.     
  5.000   1.307   0.933    1.29  268.66    2.73   -0.35  251.21    8.08    0.09    640.    865.     
  6.000   0.792   0.570    1.35  262.12    2.81   -0.33  245.57    7.97   -0.07    636.    864.     
  7.000   0.458   0.323    1.34  255.32    2.85   -0.37  239.88    7.51   -0.17    650.    863.     
  8.000   0.256   0.183    1.21  248.19    2.99   -0.38  233.91    7.56   -0.34    648.    860.     
  9.000   0.125   0.088    1.25  240.64    3.07   -0.24  227.32    7.18   -0.57    650.    857.     
 10.000   0.053   0.032    1.61  233.04    3.06   -0.13  220.65    5.02   -0.15    463.    857.     
 11.000   0.021   0.011    1.22  225.49    2.61   -0.38  213.51    4.10   -0.19    440.    851.     
 12.000   0.009   0.004    1.16  218.52    2.40   -0.13  207.25    3.44   -0.25    440.    851.     
 13.000   0.004   0.002    1.32  212.45    2.41    0.14  201.57    3.69   -0.09    288.    845.     
 14.000   0.002   0.001    1.14  207.73    2.59    0.22  196.48    4.07   -0.24    154.    836.     
 15.000   0.001   0.001    1.12  204.37    2.61    0.07  192.66    3.71    0.16     23.    828.     
 16.000  99.999  99.999  999.99  202.26    2.54    0.36  999.99   99.99  999.99      0.    823.     
 17.000  99.999  99.999  999.99  201.66    2.78    0.61  999.99   99.99  999.99      0.    804.     
 18.000  99.999  99.999  999.99  203.09    3.19    0.31  999.99   99.99  999.99      0.    801.     
 19.000  99.999  99.999  999.99  206.48    2.95   -0.08  999.99   99.99  999.99      0.    795.     
 20.000  99.999  99.999  999.99  209.72    2.56   -0.23  999.99   99.99  999.99      0.    786.     
 21.000  99.999  99.999  999.99  212.48    2.30   -0.12  999.99   99.99  999.99      0.    752.     
 22.000  99.999  99.999  999.99  214.93    2.36    0.17  999.99   99.99  999.99      0.    744.     
 23.000  99.999  99.999  999.99  217.08    2.42    0.10  999.99   99.99  999.99      0.    732.     
 24.000  99.999  99.999  999.99  219.11    2.80    0.09  999.99   99.99  999.99      0.    733.     
 25.000  99.999  99.999  999.99  220.95    2.96   -0.16  999.99   99.99  999.99      0.    726.     
 26.000  99.999  99.999  999.99  222.55    3.10   -0.24  999.99   99.99  999.99      0.    716.     
 27.000  99.999  99.999  999.99  224.19    3.26   -0.11  999.99   99.99  999.99      0.    661.     
 28.000  99.999  99.999  999.99  225.63    3.37   -0.02  999.99   99.99  999.99      0.    648.     
 29.000  99.999  99.999  999.99  227.10    3.35    0.13  999.99   99.99  999.99      0.    547.     
 30.000  99.999  99.999  999.99  228.61    3.45    0.16  999.99   99.99  999.99      0.    540.     
1 T A B L E  III - 12.  M O I S T U R E  R E L A T E D  S T A T I S T I C A L  P A R A M E T E R S  
                                              DECEMBER                                              
 STATION =   747940     CAPE CANAVERAL, FLORIDA                                                     
      Z VAPOR P   SD VP SKEW VP      TV      TV SKEW TV DEWPT T  SD DPT SKW DPT NOBS TP NOBS TV     
           MEAN                    MEAN      SD            MEAN                                     
     KM      MB      MB           DEG K   DEG K           DEG K   DEG K                             
  0.000  15.011   5.338   -0.13  290.35    6.33   -0.54  285.15    6.31   -0.91    764.    764.     
  0.003  14.691   5.352   -0.11  290.08    6.33   -0.51  284.76    6.50   -0.94    875.    875.     
  1.000  10.218   4.484   -0.25  286.60    4.48   -0.74  278.61    8.60   -1.27    829.    874.     
  2.000   5.817   3.410    0.31  282.60    3.57   -0.40  269.85    9.58   -0.53    764.    874.     
  3.000   3.377   2.165    0.74  278.45    3.05   -0.29  262.71    8.89   -0.22    693.    874.     
  4.000   2.065   1.387    0.98  273.02    2.92   -0.37  256.60    8.52   -0.15    654.    873.     
  5.000   1.257   0.919    1.18  266.87    2.96   -0.32  250.53    8.54   -0.04    643.    873.     
  6.000   0.774   0.581    1.33  260.27    2.98   -0.16  245.05    8.43   -0.14    650.    873.     
  7.000   0.452   0.329    1.28  253.52    3.07   -0.19  239.46    8.12   -0.34    667.    872.     
  8.000   0.243   0.168    1.16  246.34    3.27   -0.30  233.51    7.54   -0.49    694.    869.     
  9.000   0.119   0.076    1.09  238.81    3.25   -0.26  227.17    6.67   -0.68    655.    866.     
 10.000   0.050   0.031    1.66  231.17    3.08   -0.13  220.07    5.03    0.01    479.    865.     
 11.000   0.020   0.010    1.05  223.90    2.71    0.05  213.01    3.96   -0.11    422.    860.     
 12.000   0.008   0.004    0.79  217.36    2.74    0.25  206.84    3.35   -0.26    422.    860.     
 13.000   0.004   0.002    0.64  212.38    3.08    0.27  201.81    3.46   -0.35    273.    855.     
 14.000   0.003   0.002    0.56  208.95    3.16    0.21  199.02    4.04   -0.39     96.    854.     
 15.000   0.002   0.001    0.68  206.08    2.74    0.21  197.95    2.27   -0.36     11.    849.     
 16.000  99.999  99.999  999.99  203.46    2.55    0.41  999.99   99.99  999.99      0.    844.     
 17.000  99.999  99.999  999.99  202.03    2.83    0.25  999.99   99.99  999.99      0.    831.     
 18.000  99.999  99.999  999.99  202.26    3.36    0.08  999.99   99.99  999.99      0.    828.     
 19.000  99.999  99.999  999.99  204.87    3.46   -0.05  999.99   99.99  999.99      0.    811.     
 20.000  99.999  99.999  999.99  208.11    3.07   -0.05  999.99   99.99  999.99      0.    805.     
 21.000  99.999  99.999  999.99  211.12    2.72   -0.01  999.99   99.99  999.99      0.    763.     
 22.000  99.999  99.999  999.99  213.72    2.81    0.10  999.99   99.99  999.99      0.    751.     
 23.000  99.999  99.999  999.99  215.95    2.91    0.17  999.99   99.99  999.99      0.    747.     
 24.000  99.999  99.999  999.99  218.06    3.31    0.53  999.99   99.99  999.99      0.    753.     
 25.000  99.999  99.999  999.99  220.10    3.94    0.84  999.99   99.99  999.99      0.    737.     
 26.000  99.999  99.999  999.99  222.02    4.28    0.78  999.99   99.99  999.99      0.    720.     
 27.000  99.999  99.999  999.99  223.93    4.50    0.77  999.99   99.99  999.99      0.    653.     
 28.000  99.999  99.999  999.99  225.66    4.56    0.63  999.99   99.99  999.99      0.    630.     
 29.000  99.999  99.999  999.99  227.33    4.19    0.59  999.99   99.99  999.99      0.    534.     
 30.000  99.999  99.999  999.99  228.99    4.01    0.37  999.99   99.99  999.99      0.    528.     
