      74794      28.47N   80.57W
  T A B L E  III -   1.  M O I S T U R E  R E L A T E D  S T A T I S T I C A L  P A R A M E T E R S
                                   January
 Station =   74794      Cape Canaveral Air Force Station
      Z VAPOR P   SD VP SKEW VP      TV      TV SKEW TV DEWPT T  SD DPT SKW DPT NOBS TP NOBS TV   
           MEAN                    MEAN      SD            MEAN                                   
     KM      MB      MB          KELVIN  KELVIN          KELVIN  KELVIN                           
  0.000  16.000   6.000    0.00  291.00    6.00    0.00  290.00    7.00    0.00     100     100
  0.004  15.716   6.197    0.08  290.96    6.72   -0.34  285.67    6.79   -0.58    1108    1108
  0.500  13.605   5.808   -0.06  289.94    5.41   -0.65  283.13    7.81   -0.92    1108    1108
  1.000  10.803   5.207   -0.21  286.95    4.83   -0.58  278.95    9.73   -1.18    1108    1108
  1.500   8.059   4.667    0.02  284.67    4.34   -0.48  273.83   11.22   -0.93    1108    1108
  2.000   5.621   3.657    0.42  282.85    4.08   -0.24  268.76   10.64   -0.51    1108    1108
  2.500   4.190   2.916    0.73  280.90    3.82   -0.10  264.84   10.19   -0.30    1108    1108
  3.000   3.275   2.297    0.90  278.52    3.48   -0.11  261.89    9.49   -0.17    1108    1108
  3.500   2.574   1.831    1.05  275.76    3.22   -0.09  258.95    9.15   -0.16    1107    1107
  4.000   2.029   1.516    1.13  272.84    3.08    0.01  255.89    9.16   -0.08    1107    1107
  4.500   1.539   1.181    1.34  269.89    3.01   -0.02  252.61    8.88   -0.04    1108    1108
  5.000   1.175   0.903    1.47  266.85    3.03    0.08  249.58    8.55   -0.07    1108    1108
  5.500   0.922   0.708    1.43  263.65    3.13    0.17  246.86    8.40   -0.08    1108    1108
  6.000   0.710   0.525    1.40  260.34    3.29    0.31  244.19    7.93   -0.09    1108    1108
  6.500   0.559   0.408    1.29  256.94    3.38    0.47  241.65    7.81   -0.12    1108    1108
  7.000   0.445   0.320    1.12  253.47    3.46    0.54  239.19    7.90   -0.27    1108    1108
  7.500   0.339   0.234    1.06  249.91    3.48    0.57  236.59    7.50   -0.32    1108    1108
  8.000   0.254   0.171    0.97  246.27    3.51    0.56  233.79    7.25   -0.37    1108    1108
  8.500   0.180   0.115    0.84  242.59    3.55    0.58  230.59    6.96   -0.55    1108    1108
  9.000   0.123   0.076    0.77  238.86    3.47    0.65  227.25    6.57   -0.69    1108    1108
  9.500   0.082   0.048    0.73  235.09    3.41    0.64  223.83    6.01   -0.75    1108    1108
 10.000   0.054   0.030    0.80  231.35    3.39    0.59  220.46    5.33   -0.73    1108    1108
 10.500   0.036   0.019    1.15  227.74    3.38    0.64  217.07    4.79   -0.65    1107    1107
 11.000   0.023   0.012    1.07  224.31    3.41    0.67  213.81    4.45   -0.79    1105    1105
 11.500   0.016   0.008    1.05  221.25    3.44    0.64  210.78    4.09   -0.85    1100    1100
 12.000   0.010   0.006  999.90  218.60    3.60    0.41  208.22    4.14   -0.95     961     961
 12.500   0.006   0.005  999.90  216.36    3.75    0.08  206.04    4.80   -1.15     716     716
 13.000   0.003   0.004  999.90  214.35    3.52   -0.20  203.78    5.21   -1.06     592     592
 13.500   0.001   0.003  999.90  212.56    3.15   -0.34  201.92    5.72   -0.83     283     283
 14.000   0.001   0.002  999.90  210.76    2.86   -0.32  200.99    5.24   -0.81     142     142
 14.500   0.000   0.000  999.90  208.77    2.66   -0.23  198.64    4.67   -0.80      22      22
 15.000   0.000   0.000  999.90  206.63    2.71   -0.38  999.90  999.90  999.90       0       0
 15.500   0.000   0.000  999.90  204.67    2.90   -0.52  999.90  999.90  999.90       0       0
 16.000   0.000   0.000  999.90  202.88    3.03   -0.63  999.90  999.90  999.90       0       0
 16.500   0.000   0.000  999.90  201.39    3.21   -0.55  999.90  999.90  999.90       0       0
 17.000   0.000   0.000  999.90  200.40    3.45   -0.40  999.90  999.90  999.90       0       0
 17.500   0.000   0.000  999.90  200.00    3.47   -0.25  999.90  999.90  999.90       0       0
 18.000   0.000   0.000  999.90  200.20    3.52   -0.19  999.90  999.90  999.90       0       0
 18.500   0.000   0.000  999.90  200.94    3.38   -0.13  999.90  999.90  999.90       0       0
 19.000   0.000   0.000  999.90  201.98    3.32   -0.22  999.90  999.90  999.90       0       0
 19.500   0.000   0.000  999.90  203.34    3.20   -0.28  999.90  999.90  999.90       0       0
 20.000   0.000   0.000  999.90  204.83    3.11   -0.22  999.90  999.90  999.90       0       0
 20.500   0.000   0.000  999.90  206.28    3.00    0.01  999.90  999.90  999.90       0       0
 21.000   0.000   0.000  999.90  207.72    2.94    0.04  999.90  999.90  999.90       0       0
 21.500   0.000   0.000  999.90  208.96    2.85    0.09  999.90  999.90  999.90       0       0
 22.000   0.000   0.000  999.90  210.18    2.85    0.14  999.90  999.90  999.90       0       0
 22.500   0.000   0.000  999.90  211.37    2.87    0.16  999.90  999.90  999.90       0       0
 23.000   0.000   0.000  999.90  212.36    2.83    0.09  999.90  999.90  999.90       0       0
 23.500   0.000   0.000  999.90  213.27    2.88    0.09  999.90  999.90  999.90       0       0
 24.000   0.000   0.000  999.90  214.19    2.85    0.09  999.90  999.90  999.90       0       0
 24.500   0.000   0.000  999.90  215.11    2.87    0.13  999.90  999.90  999.90       0       0
 25.000   0.000   0.000  999.90  215.96    2.96    0.16  999.90  999.90  999.90       0       0
 25.500   0.000   0.000  999.90  217.00    3.12    0.21  999.90  999.90  999.90       0       0
 26.000   0.000   0.000  999.90  217.97    3.27    0.45  999.90  999.90  999.90       0       0
 26.500   0.000   0.000  999.90  218.98    3.50    0.48  999.90  999.90  999.90       0       0
 27.000   0.000   0.000  999.90  219.83    3.67    0.54  999.90  999.90  999.90       0       0
 27.500   0.000   0.000  999.90  220.56    3.70    0.47  999.90  999.90  999.90       0       0
 28.000   0.000   0.000  999.90  221.58    3.78    0.55  999.90  999.90  999.90       0       0
 28.500   0.000   0.000  999.90  222.53    3.89    0.50  999.90  999.90  999.90       0       0
 29.000   0.000   0.000  999.90  223.43    4.01    0.43  999.90  999.90  999.90       0       0
 29.500   0.000   0.000  999.90  224.46    4.03    0.40  999.90  999.90  999.90       0       0
 30.000   0.000   0.000  999.90  225.21    4.06    0.23  999.90  999.90  999.90       0       0
  T A B L E  III -   2.  M O I S T U R E  R E L A T E D  S T A T I S T I C A L  P A R A M E T E R S
                                  February
 Station =   74794      Cape Canaveral Air Force Station
      Z VAPOR P   SD VP SKEW VP      TV      TV SKEW TV DEWPT T  SD DPT SKW DPT NOBS TP NOBS TV   
           MEAN                    MEAN      SD            MEAN                                   
     KM      MB      MB          KELVIN  KELVIN          KELVIN  KELVIN                           
  0.000  16.000   6.000    0.00  291.00    6.00    0.00  290.00    7.00    0.00     100     100
  0.004  15.997   6.033    0.05  291.83    6.43   -0.32  286.04    6.57   -0.72    1248    1248
  0.500  13.659   5.731   -0.05  290.30    5.48   -0.70  283.23    7.74   -1.01    1248    1248
  1.000  10.861   5.097   -0.20  287.23    4.93   -0.62  279.09    9.76   -1.46    1248    1248
  1.500   8.041   4.633   -0.00  284.85    4.30   -0.46  273.75   11.40   -1.00    1248    1248
  2.000   5.704   3.628    0.34  282.81    4.00   -0.23  268.95   10.79   -0.63    1248    1248
  2.500   4.294   2.908    0.54  280.67    3.70   -0.06  265.00   10.75   -0.59    1248    1248
  3.000   3.297   2.282    0.73  278.24    3.41   -0.08  261.73   10.20   -0.52    1248    1248
  3.500   2.530   1.743    0.90  275.53    3.19   -0.01  258.62    9.60   -0.52    1248    1248
  4.000   1.980   1.380    0.98  272.57    3.09    0.00  255.69    9.26   -0.48    1248    1248
  4.500   1.570   1.127    1.10  269.50    3.10   -0.01  252.90    9.09   -0.42    1248    1248
  5.000   1.213   0.890    1.22  266.41    3.14    0.06  249.87    8.97   -0.43    1248    1248
  5.500   0.933   0.702    1.35  263.26    3.24    0.15  246.85    8.94   -0.51    1248    1248
  6.000   0.711   0.534    1.54  260.01    3.38    0.23  244.02    8.52   -0.52    1247    1247
  6.500   0.551   0.406    1.42  256.61    3.57    0.29  241.37    8.27   -0.53    1247    1247
  7.000   0.432   0.319    1.32  253.06    3.67    0.35  238.75    8.27   -0.57    1248    1248
  7.500   0.325   0.228    1.17  249.47    3.69    0.40  236.09    7.77   -0.58    1248    1248
  8.000   0.244   0.167    1.11  245.86    3.71    0.38  233.43    7.26   -0.47    1248    1248
  8.500   0.173   0.117    1.16  242.22    3.72    0.35  230.17    7.08   -0.58    1248    1248
  9.000   0.118   0.077    1.06  238.54    3.77    0.28  226.63    6.86   -0.68    1248    1248
  9.500   0.079   0.050    1.03  234.82    3.80    0.24  223.19    6.35   -0.66    1248    1248
 10.000   0.051   0.032    1.02  231.11    3.78    0.23  219.57    6.08   -0.75    1248    1248
 10.500   0.033   0.020    1.00  227.57    3.82    0.26  216.13    5.65   -0.89    1247    1247
 11.000   0.021   0.012    0.91  224.26    3.94    0.28  212.72    5.24   -0.88    1245    1245
 11.500   0.014   0.008    0.68  221.48    4.06    0.25  209.73    4.97   -0.99    1220    1220
 12.000   0.009   0.006  999.90  219.09    4.09    0.12  207.43    5.00   -1.12    1060    1060
 12.500   0.006   0.005  999.90  217.03    3.91   -0.08  205.21    5.39   -0.99     858     858
 13.000   0.004   0.004  999.90  215.18    3.44   -0.34  203.15    5.59   -0.98     752     752
 13.500   0.002   0.003  999.90  213.22    3.13   -0.42  201.40    5.73   -0.68     405     405
 14.000   0.001   0.002  999.90  211.05    2.93   -0.39  199.26    5.86   -0.39     195     195
 14.500   0.000   0.000  999.90  208.97    2.78   -0.31  197.43    4.83   -0.27      29      29
 15.000   0.000   0.000  999.90  206.88    2.87   -0.39  999.90  999.90  999.90       0       0
 15.500   0.000   0.000  999.90  204.84    3.01   -0.41  999.90  999.90  999.90       0       0
 16.000   0.000   0.000  999.90  203.04    3.20   -0.36  999.90  999.90  999.90       0       0
 16.500   0.000   0.000  999.90  201.54    3.39   -0.38  999.90  999.90  999.90       0       0
 17.000   0.000   0.000  999.90  200.55    3.52   -0.35  999.90  999.90  999.90       0       0
 17.500   0.000   0.000  999.90  200.08    3.60   -0.23  999.90  999.90  999.90       0       0
 18.000   0.000   0.000  999.90  200.17    3.74   -0.06  999.90  999.90  999.90       0       0
 18.500   0.000   0.000  999.90  200.72    3.66    0.05  999.90  999.90  999.90       0       0
 19.000   0.000   0.000  999.90  201.82    3.53    0.05  999.90  999.90  999.90       0       0
 19.500   0.000   0.000  999.90  203.24    3.40    0.15  999.90  999.90  999.90       0       0
 20.000   0.000   0.000  999.90  204.73    3.21    0.12  999.90  999.90  999.90       0       0
 20.500   0.000   0.000  999.90  206.23    3.04    0.12  999.90  999.90  999.90       0       0
 21.000   0.000   0.000  999.90  207.70    3.02    0.08  999.90  999.90  999.90       0       0
 21.500   0.000   0.000  999.90  209.09    2.93    0.14  999.90  999.90  999.90       0       0
 22.000   0.000   0.000  999.90  210.40    2.85    0.08  999.90  999.90  999.90       0       0
 22.500   0.000   0.000  999.90  211.60    2.85    0.14  999.90  999.90  999.90       0       0
 23.000   0.000   0.000  999.90  212.48    2.82    0.17  999.90  999.90  999.90       0       0
 23.500   0.000   0.000  999.90  213.38    2.81    0.17  999.90  999.90  999.90       0       0
 24.000   0.000   0.000  999.90  214.27    2.75    0.19  999.90  999.90  999.90       0       0
 24.500   0.000   0.000  999.90  215.14    2.82    0.31  999.90  999.90  999.90       0       0
 25.000   0.000   0.000  999.90  216.03    2.83    0.34  999.90  999.90  999.90       0       0
 25.500   0.000   0.000  999.90  216.98    2.88    0.58  999.90  999.90  999.90       0       0
 26.000   0.000   0.000  999.90  217.90    2.96    0.72  999.90  999.90  999.90       0       0
 26.500   0.000   0.000  999.90  218.89    3.08    0.83  999.90  999.90  999.90       0       0
 27.000   0.000   0.000  999.90  219.77    3.15    0.86  999.90  999.90  999.90       0       0
 27.500   0.000   0.000  999.90  220.75    3.31    0.83  999.90  999.90  999.90       0       0
 28.000   0.000   0.000  999.90  221.72    3.49    0.71  999.90  999.90  999.90       0       0
 28.500   0.000   0.000  999.90  222.57    3.74    0.66  999.90  999.90  999.90       0       0
 29.000   0.000   0.000  999.90  223.52    3.89    0.64  999.90  999.90  999.90       0       0
 29.500   0.000   0.000  999.90  224.55    3.89    0.48  999.90  999.90  999.90       0       0
 30.000   0.000   0.000  999.90  225.56    3.84    0.34  999.90  999.90  999.90       0       0
  T A B L E  III -   3.  M O I S T U R E  R E L A T E D  S T A T I S T I C A L  P A R A M E T E R S
                                     March
 Station =   74794      Cape Canaveral Air Force Station
      Z VAPOR P   SD VP SKEW VP      TV      TV SKEW TV DEWPT T  SD DPT SKW DPT NOBS TP NOBS TV   
           MEAN                    MEAN      SD            MEAN                                   
     KM      MB      MB          KELVIN  KELVIN          KELVIN  KELVIN                           
  0.000  16.000   6.000    0.00  291.00    6.00    0.00  290.00    7.00    0.00     100     100
  0.004  17.140   6.207    0.16  293.89    6.05   -0.35  287.21    6.26   -0.71    1424    1424
  0.500  14.541   5.753    0.18  291.67    4.98   -0.65  284.47    6.86   -0.76    1424    1424
  1.000  11.517   4.904    0.03  288.16    4.85   -0.56  280.62    7.90   -1.21    1424    1424
  1.500   8.611   4.548    0.10  285.33    4.55   -0.42  275.36   10.19   -1.10    1424    1424
  2.000   5.897   3.722    0.46  283.22    4.20   -0.21  269.56   10.48   -0.59    1424    1424
  2.500   4.272   2.891    0.62  280.94    3.84   -0.09  265.12   10.26   -0.40    1424    1424
  3.000   3.240   2.300    0.83  278.38    3.55    0.02  261.54    9.92   -0.27    1424    1424
  3.500   2.509   1.771    0.96  275.54    3.37    0.11  258.50    9.49   -0.32    1424    1424
  4.000   1.896   1.364    1.16  272.58    3.30    0.14  255.12    9.22   -0.35    1424    1424
  4.500   1.473   1.088    1.38  269.51    3.34    0.22  252.20    8.85   -0.27    1424    1424
  5.000   1.155   0.861    1.45  266.33    3.46    0.32  249.40    8.65   -0.25    1424    1424
  5.500   0.903   0.687    1.41  263.10    3.62    0.40  246.53    8.69   -0.26    1424    1424
  6.000   0.704   0.532    1.47  259.83    3.71    0.48  243.87    8.47   -0.32    1424    1424
  6.500   0.552   0.419    1.44  256.47    3.78    0.53  241.23    8.41   -0.35    1424    1424
  7.000   0.434   0.325    1.34  252.98    3.90    0.54  238.72    8.35   -0.43    1424    1424
  7.500   0.332   0.239    1.18  249.44    3.97    0.56  236.10    8.09   -0.51    1424    1424
  8.000   0.247   0.174    1.13  245.85    4.04    0.58  233.29    7.75   -0.51    1424    1424
  8.500   0.177   0.124    1.21  242.18    4.09    0.57  230.22    7.32   -0.44    1424    1424
  9.000   0.122   0.083    1.25  238.45    4.10    0.55  227.03    6.65   -0.35    1424    1424
  9.500   0.083   0.054    1.24  234.68    4.10    0.53  223.63    6.19   -0.32    1424    1424
 10.000   0.054   0.034    1.23  230.95    4.03    0.54  220.09    5.85   -0.48    1423    1423
 10.500   0.035   0.021    1.14  227.39    3.90    0.56  216.74    5.34   -0.55    1423    1423
 11.000   0.023   0.013    1.12  224.09    3.80    0.51  213.50    4.96   -0.64    1422    1422
 11.500   0.016   0.008    1.00  221.16    3.71    0.43  210.64    4.49   -0.84    1409    1409
 12.000   0.010   0.007    0.44  218.72    3.65    0.32  208.46    4.36   -1.12    1229    1229
 12.500   0.006   0.006  999.90  216.66    3.68    0.06  206.37    4.90   -1.21     949     949
 13.000   0.004   0.005  999.90  214.88    3.50   -0.17  204.62    5.05   -1.11     803     803
 13.500   0.002   0.004  999.90  213.13    3.29   -0.36  203.65    4.89   -0.96     490     490
 14.000   0.001   0.002  999.90  211.29    3.15   -0.40  202.77    4.59   -0.99     255     255
 14.500   0.000   0.001  999.90  209.34    3.12   -0.43  202.84    4.50   -0.89      55      55
 15.000   0.000   0.000  999.90  207.37    3.24   -0.60  999.90  999.90  999.90       0       0
 15.500   0.000   0.000  999.90  205.48    3.41   -0.75  999.90  999.90  999.90       0       0
 16.000   0.000   0.000  999.90  203.79    3.57   -0.86  999.90  999.90  999.90       0       0
 16.500   0.000   0.000  999.90  202.45    3.81   -0.75  999.90  999.90  999.90       0       0
 17.000   0.000   0.000  999.90  201.55    3.95   -0.62  999.90  999.90  999.90       0       0
 17.500   0.000   0.000  999.90  201.23    3.93   -0.55  999.90  999.90  999.90       0       0
 18.000   0.000   0.000  999.90  201.46    3.77   -0.33  999.90  999.90  999.90       0       0
 18.500   0.000   0.000  999.90  202.16    3.50   -0.20  999.90  999.90  999.90       0       0
 19.000   0.000   0.000  999.90  203.23    3.38   -0.05  999.90  999.90  999.90       0       0
 19.500   0.000   0.000  999.90  204.59    3.35   -0.02  999.90  999.90  999.90       0       0
 20.000   0.000   0.000  999.90  206.15    3.10   -0.06  999.90  999.90  999.90       0       0
 20.500   0.000   0.000  999.90  207.76    2.86   -0.13  999.90  999.90  999.90       0       0
 21.000   0.000   0.000  999.90  209.18    2.67   -0.22  999.90  999.90  999.90       0       0
 21.500   0.000   0.000  999.90  210.52    2.52   -0.22  999.90  999.90  999.90       0       0
 22.000   0.000   0.000  999.90  211.75    2.41   -0.23  999.90  999.90  999.90       0       0
 22.500   0.000   0.000  999.90  212.96    2.38   -0.10  999.90  999.90  999.90       0       0
 23.000   0.000   0.000  999.90  213.93    2.31    0.09  999.90  999.90  999.90       0       0
 23.500   0.000   0.000  999.90  214.92    2.28    0.23  999.90  999.90  999.90       0       0
 24.000   0.000   0.000  999.90  215.91    2.32    0.26  999.90  999.90  999.90       0       0
 24.500   0.000   0.000  999.90  216.89    2.39    0.28  999.90  999.90  999.90       0       0
 25.000   0.000   0.000  999.90  217.93    2.47    0.41  999.90  999.90  999.90       0       0
 25.500   0.000   0.000  999.90  219.02    2.55    0.44  999.90  999.90  999.90       0       0
 26.000   0.000   0.000  999.90  220.03    2.63    0.37  999.90  999.90  999.90       0       0
 26.500   0.000   0.000  999.90  221.09    2.75    0.30  999.90  999.90  999.90       0       0
 27.000   0.000   0.000  999.90  222.24    2.74    0.22  999.90  999.90  999.90       0       0
 27.500   0.000   0.000  999.90  223.33    2.82    0.21  999.90  999.90  999.90       0       0
 28.000   0.000   0.000  999.90  224.58    2.89    0.12  999.90  999.90  999.90       0       0
 28.500   0.000   0.000  999.90  225.72    2.91    0.16  999.90  999.90  999.90       0       0
 29.000   0.000   0.000  999.90  226.85    3.04    0.03  999.90  999.90  999.90       0       0
 29.500   0.000   0.000  999.90  228.07    3.09    0.09  999.90  999.90  999.90       0       0
 30.000   0.000   0.000  999.90  229.14    3.12    0.09  999.90  999.90  999.90       0       0
  T A B L E  III -   4.  M O I S T U R E  R E L A T E D  S T A T I S T I C A L  P A R A M E T E R S
                                     April
 Station =   74794      Cape Canaveral Air Force Station
      Z VAPOR P   SD VP SKEW VP      TV      TV SKEW TV DEWPT T  SD DPT SKW DPT NOBS TP NOBS TV   
           MEAN                    MEAN      SD            MEAN                                   
     KM      MB      MB          KELVIN  KELVIN          KELVIN  KELVIN                           
  0.000  16.000   6.000    0.00  291.00    6.00    0.00  290.00    7.00    0.00     100     100
  0.004  19.330   5.666   -0.14  296.92    5.01   -0.65  289.43    5.18   -0.91    1274    1274
  0.500  16.419   4.961   -0.12  293.96    3.68   -0.55  286.85    5.24   -0.87    1274    1274
  1.000  12.815   4.384   -0.16  290.41    3.81   -0.57  282.82    6.11   -1.17    1274    1274
  1.500   9.438   4.392   -0.10  287.45    3.66   -0.56  277.34    8.70   -1.04    1274    1274
  2.000   6.462   3.556    0.29  285.04    3.34   -0.39  271.62    8.94   -0.53    1274    1274
  2.500   4.676   2.823    0.60  282.61    3.18   -0.26  267.11    8.78   -0.26    1274    1274
  3.000   3.489   2.218    0.81  279.93    3.02   -0.26  263.25    8.53   -0.11    1274    1274
  3.500   2.617   1.695    1.02  277.06    2.84   -0.10  259.67    8.22   -0.09    1274    1274
  4.000   2.065   1.360    1.13  274.05    2.80   -0.03  256.71    8.17   -0.15    1274    1274
  4.500   1.602   1.063    1.27  270.89    2.85    0.05  253.73    7.92   -0.15    1274    1274
  5.000   1.223   0.822    1.37  267.64    2.94    0.12  250.58    7.81   -0.21    1274    1274
  5.500   0.947   0.673    1.37  264.36    3.06    0.30  247.44    8.08   -0.21    1274    1274
  6.000   0.747   0.534    1.41  261.00    3.13    0.40  244.82    7.94   -0.23    1274    1274
  6.500   0.574   0.415    1.43  257.59    3.22    0.46  241.98    7.76   -0.20    1274    1274
  7.000   0.447   0.325    1.39  254.13    3.33    0.50  239.34    7.64   -0.18    1274    1274
  7.500   0.334   0.240    1.39  250.59    3.42    0.63  236.52    7.24   -0.14    1274    1274
  8.000   0.248   0.170    1.19  246.97    3.54    0.67  233.64    6.99   -0.23    1274    1274
  8.500   0.180   0.122    1.17  243.26    3.60    0.67  230.65    6.73   -0.26    1274    1274
  9.000   0.125   0.082    1.15  239.52    3.63    0.68  227.38    6.34   -0.28    1274    1274
  9.500   0.085   0.057    1.45  235.72    3.62    0.74  223.95    6.02   -0.18    1274    1274
 10.000   0.056   0.036    1.49  231.89    3.58    0.76  220.48    5.50   -0.10    1274    1274
 10.500   0.037   0.023    1.73  228.15    3.50    0.77  217.19    5.01   -0.10    1274    1274
 11.000   0.024   0.014    1.68  224.50    3.44    0.72  213.88    4.47   -0.07    1274    1274
 11.500   0.016   0.008    1.59  221.09    3.33    0.66  210.82    3.96   -0.14    1270    1270
 12.000   0.010   0.006  999.90  218.08    3.28    0.51  208.37    3.69   -0.35    1104    1104
 12.500   0.005   0.005  999.90  215.60    3.36    0.32  206.72    3.69   -0.78     719     719
 13.000   0.003   0.004  999.90  213.69    3.36    0.09  205.00    3.97   -1.02     548     548
 13.500   0.001   0.003  999.90  212.14    3.34   -0.03  204.13    4.20   -1.14     289     289
 14.000   0.001   0.002  999.90  210.75    3.22   -0.06  203.16    3.96   -1.00     199     199
 14.500   0.000   0.001  999.90  209.24    3.16   -0.15  202.95    3.48   -0.52      66      66
 15.000   0.000   0.000  999.90  207.57    3.34   -0.34  199.37    2.88   -0.02      11      11
 15.500   0.000   0.000  999.90  205.96    3.52   -0.58  999.90  999.90  999.90       0       0
 16.000   0.000   0.000  999.90  204.48    3.75   -0.76  999.90  999.90  999.90       0       0
 16.500   0.000   0.000  999.90  203.19    3.99   -0.77  999.90  999.90  999.90       0       0
 17.000   0.000   0.000  999.90  202.36    4.01   -0.75  999.90  999.90  999.90       0       0
 17.500   0.000   0.000  999.90  202.08    3.97   -0.56  999.90  999.90  999.90       0       0
 18.000   0.000   0.000  999.90  202.22    3.88   -0.23  999.90  999.90  999.90       0       0
 18.500   0.000   0.000  999.90  202.95    3.79   -0.07  999.90  999.90  999.90       0       0
 19.000   0.000   0.000  999.90  204.08    3.66    0.00  999.90  999.90  999.90       0       0
 19.500   0.000   0.000  999.90  205.56    3.50   -0.09  999.90  999.90  999.90       0       0
 20.000   0.000   0.000  999.90  207.08    3.19   -0.25  999.90  999.90  999.90       0       0
 20.500   0.000   0.000  999.90  208.58    2.99   -0.21  999.90  999.90  999.90       0       0
 21.000   0.000   0.000  999.90  210.20    2.85   -0.12  999.90  999.90  999.90       0       0
 21.500   0.000   0.000  999.90  211.77    2.62   -0.25  999.90  999.90  999.90       0       0
 22.000   0.000   0.000  999.90  213.16    2.52   -0.20  999.90  999.90  999.90       0       0
 22.500   0.000   0.000  999.90  214.57    2.38   -0.09  999.90  999.90  999.90       0       0
 23.000   0.000   0.000  999.90  215.81    2.27   -0.03  999.90  999.90  999.90       0       0
 23.500   0.000   0.000  999.90  216.99    2.31   -0.00  999.90  999.90  999.90       0       0
 24.000   0.000   0.000  999.90  218.22    2.27   -0.06  999.90  999.90  999.90       0       0
 24.500   0.000   0.000  999.90  219.36    2.23    0.06  999.90  999.90  999.90       0       0
 25.000   0.000   0.000  999.90  220.48    2.27    0.01  999.90  999.90  999.90       0       0
 25.500   0.000   0.000  999.90  221.64    2.25    0.01  999.90  999.90  999.90       0       0
 26.000   0.000   0.000  999.90  222.70    2.27   -0.03  999.90  999.90  999.90       0       0
 26.500   0.000   0.000  999.90  223.88    2.38   -0.06  999.90  999.90  999.90       0       0
 27.000   0.000   0.000  999.90  224.96    2.40   -0.09  999.90  999.90  999.90       0       0
 27.500   0.000   0.000  999.90  225.97    2.39   -0.14  999.90  999.90  999.90       0       0
 28.000   0.000   0.000  999.90  227.11    2.41   -0.06  999.90  999.90  999.90       0       0
 28.500   0.000   0.000  999.90  228.11    2.44    0.07  999.90  999.90  999.90       0       0
 29.000   0.000   0.000  999.90  229.15    2.47    0.13  999.90  999.90  999.90       0       0
 29.500   0.000   0.000  999.90  230.27    2.64    0.11  999.90  999.90  999.90       0       0
 30.000   0.000   0.000  999.90  231.34    2.82    0.06  999.90  999.90  999.90       0       0
  T A B L E  III -   5.  M O I S T U R E  R E L A T E D  S T A T I S T I C A L  P A R A M E T E R S
                                       May
 Station =   74794      Cape Canaveral Air Force Station
      Z VAPOR P   SD VP SKEW VP      TV      TV SKEW TV DEWPT T  SD DPT SKW DPT NOBS TP NOBS TV   
           MEAN                    MEAN      SD            MEAN                                   
     KM      MB      MB          KELVIN  KELVIN          KELVIN  KELVIN                           
  0.000  16.000   6.000    0.00  291.00    6.00    0.00  290.00    7.00    0.00     100     100
  0.004  22.788   4.121   -0.17  300.35    3.76   -0.81  292.50    3.06   -0.67    1517    1517
  0.500  19.438   3.755   -0.45  296.90    2.30   -0.09  289.92    3.34   -1.13    1517    1517
  1.000  15.107   3.398   -0.34  293.30    2.54   -0.30  285.90    3.81   -1.08    1517    1517
  1.500  11.598   3.714   -0.43  290.04    2.43   -0.47  281.42    5.89   -1.48    1517    1517
  2.000   8.325   3.298   -0.14  287.10    2.33   -0.27  276.21    6.80   -0.96    1517    1517
  2.500   5.870   2.794    0.19  284.37    2.33   -0.13  270.89    7.67   -0.71    1517    1517
  3.000   4.295   2.294    0.52  281.62    2.22    0.03  266.43    8.06   -0.68    1517    1517
  3.500   3.224   1.807    0.83  278.76    2.16    0.08  262.68    7.90   -0.66    1517    1517
  4.000   2.503   1.466    0.93  275.76    2.24    0.09  259.33    8.16   -0.80    1517    1517
  4.500   1.946   1.200    1.13  272.66    2.23    0.21  256.17    8.07   -0.64    1517    1517
  5.000   1.496   0.971    1.36  269.54    2.31    0.23  253.01    7.83   -0.44    1517    1517
  5.500   1.157   0.816    1.52  266.39    2.44    0.38  249.78    8.08   -0.33    1517    1517
  6.000   0.873   0.616    1.72  263.13    2.53    0.32  246.73    7.72   -0.35    1517    1517
  6.500   0.678   0.479    1.76  259.79    2.63    0.29  243.96    7.56   -0.37    1517    1517
  7.000   0.524   0.375    1.73  256.35    2.77    0.24  241.15    7.58   -0.43    1517    1517
  7.500   0.388   0.280    1.70  252.82    2.90    0.27  238.07    7.33   -0.36    1517    1517
  8.000   0.288   0.209    1.70  249.20    2.99    0.30  235.11    7.05   -0.23    1517    1517
  8.500   0.210   0.151    1.65  245.52    3.07    0.30  232.11    6.74   -0.17    1517    1517
  9.000   0.152   0.106    1.52  241.73    3.10    0.32  229.13    6.41   -0.16    1517    1517
  9.500   0.106   0.073    1.33  237.92    3.11    0.37  225.86    6.28   -0.18    1517    1517
 10.000   0.070   0.047    1.39  234.07    3.09    0.38  222.30    5.77   -0.14    1516    1516
 10.500   0.045   0.028    1.35  230.22    3.00    0.41  218.79    5.16   -0.12    1516    1516
 11.000   0.030   0.017    1.25  226.41    2.93    0.45  215.50    4.77   -0.25    1516    1516
 11.500   0.019   0.010    1.18  222.72    2.83    0.45  212.30    4.15   -0.32    1516    1516
 12.000   0.012   0.006    0.85  219.26    2.74    0.51  209.10    3.90   -0.66    1460    1460
 12.500   0.005   0.005  999.90  216.07    2.74    0.55  206.50    3.98   -0.84     914     914
 13.000   0.002   0.004  999.90  213.37    2.71    0.53  204.15    3.90   -0.78     541     541
 13.500   0.001   0.002  999.90  211.14    2.88    0.44  202.05    4.61   -0.77     204     204
 14.000   0.000   0.001  999.90  209.43    3.18    0.32  200.71    4.68   -0.93     132     132
 14.500   0.000   0.001  999.90  207.95    3.23    0.18  198.92    3.50   -0.01      39      39
 15.000   0.000   0.000  999.90  206.63    3.29   -0.06  999.90  999.90  999.90       0       0
 15.500   0.000   0.000  999.90  205.38    3.31   -0.24  999.90  999.90  999.90       0       0
 16.000   0.000   0.000  999.90  204.24    3.42   -0.49  999.90  999.90  999.90       0       0
 16.500   0.000   0.000  999.90  203.32    3.57   -0.70  999.90  999.90  999.90       0       0
 17.000   0.000   0.000  999.90  202.70    3.67   -0.75  999.90  999.90  999.90       0       0
 17.500   0.000   0.000  999.90  202.52    3.53   -0.64  999.90  999.90  999.90       0       0
 18.000   0.000   0.000  999.90  202.95    3.37   -0.49  999.90  999.90  999.90       0       0
 18.500   0.000   0.000  999.90  204.03    3.19   -0.37  999.90  999.90  999.90       0       0
 19.000   0.000   0.000  999.90  205.51    3.02   -0.36  999.90  999.90  999.90       0       0
 19.500   0.000   0.000  999.90  207.34    2.82   -0.50  999.90  999.90  999.90       0       0
 20.000   0.000   0.000  999.90  209.06    2.62   -0.52  999.90  999.90  999.90       0       0
 20.500   0.000   0.000  999.90  210.73    2.43   -0.43  999.90  999.90  999.90       0       0
 21.000   0.000   0.000  999.90  212.26    2.28   -0.41  999.90  999.90  999.90       0       0
 21.500   0.000   0.000  999.90  213.54    2.13   -0.36  999.90  999.90  999.90       0       0
 22.000   0.000   0.000  999.90  214.85    2.07   -0.22  999.90  999.90  999.90       0       0
 22.500   0.000   0.000  999.90  216.15    2.01   -0.16  999.90  999.90  999.90       0       0
 23.000   0.000   0.000  999.90  217.26    1.95    0.03  999.90  999.90  999.90       0       0
 23.500   0.000   0.000  999.90  218.36    1.95    0.03  999.90  999.90  999.90       0       0
 24.000   0.000   0.000  999.90  219.57    1.92    0.04  999.90  999.90  999.90       0       0
 24.500   0.000   0.000  999.90  220.65    1.87    0.09  999.90  999.90  999.90       0       0
 25.000   0.000   0.000  999.90  221.68    1.86    0.08  999.90  999.90  999.90       0       0
 25.500   0.000   0.000  999.90  222.83    1.84    0.15  999.90  999.90  999.90       0       0
 26.000   0.000   0.000  999.90  223.85    1.86    0.02  999.90  999.90  999.90       0       0
 26.500   0.000   0.000  999.90  224.96    1.99    0.04  999.90  999.90  999.90       0       0
 27.000   0.000   0.000  999.90  225.98    1.96   -0.01  999.90  999.90  999.90       0       0
 27.500   0.000   0.000  999.90  226.97    2.03    0.06  999.90  999.90  999.90       0       0
 28.000   0.000   0.000  999.90  227.99    2.13   -0.01  999.90  999.90  999.90       0       0
 28.500   0.000   0.000  999.90  229.00    2.09   -0.03  999.90  999.90  999.90       0       0
 29.000   0.000   0.000  999.90  229.91    2.05    0.01  999.90  999.90  999.90       0       0
 29.500   0.000   0.000  999.90  230.78    2.07   -0.00  999.90  999.90  999.90       0       0
 30.000   0.000   0.000  999.90  231.60    2.04   -0.03  999.90  999.90  999.90       0       0
  T A B L E  III -   6.  M O I S T U R E  R E L A T E D  S T A T I S T I C A L  P A R A M E T E R S
                                      June
 Station =   74794      Cape Canaveral Air Force Station
      Z VAPOR P   SD VP SKEW VP      TV      TV SKEW TV DEWPT T  SD DPT SKW DPT NOBS TP NOBS TV   
           MEAN                    MEAN      SD            MEAN                                   
     KM      MB      MB          KELVIN  KELVIN          KELVIN  KELVIN                           
  0.000  16.000   6.000    0.00  291.00    6.00    0.00  290.00    7.00    0.00     100     100
  0.004  27.192   3.268   -0.18  302.54    3.11   -0.20  295.51    2.03   -0.53    1614    1614
  0.500  23.515   2.876   -0.66  299.31    1.65    0.21  293.14    2.09   -1.06    1614    1614
  1.000  18.314   2.745   -0.57  295.77    1.83   -0.21  289.10    2.52   -1.16    1614    1614
  1.500  14.544   2.802   -0.64  292.37    1.77   -0.67  285.42    3.32   -1.54    1614    1614
  2.000  11.299   2.692   -0.55  289.19    1.61   -0.63  281.47    4.08   -1.42    1614    1614
  2.500   8.654   2.555   -0.40  286.21    1.55   -0.22  277.35    4.99   -1.21    1614    1614
  3.000   6.741   2.271   -0.32  283.19    1.50    0.08  273.60    5.68   -1.24    1614    1614
  3.500   5.305   1.984   -0.21  280.13    1.48    0.15  270.13    6.16   -1.13    1614    1614
  4.000   4.196   1.812   -0.07  277.08    1.47    0.34  266.64    7.01   -1.05    1614    1614
  4.500   3.309   1.586    0.12  274.10    1.50    0.42  263.34    7.32   -0.79    1614    1614
  5.000   2.569   1.356    0.30  271.24    1.53    0.27  259.87    7.71   -0.64    1614    1614
  5.500   1.994   1.146    0.37  268.37    1.59    0.05  256.41    8.28   -0.63    1614    1614
  6.000   1.539   0.911    0.51  265.37    1.63   -0.02  253.32    8.05   -0.53    1614    1614
  6.500   1.187   0.733    0.60  262.33    1.70   -0.15  250.19    8.10   -0.50    1614    1614
  7.000   0.895   0.567    0.67  259.15    1.82   -0.16  246.96    7.97   -0.44    1614    1614
  7.500   0.668   0.421    0.70  255.84    1.92   -0.23  243.83    7.64   -0.42    1614    1614
  8.000   0.496   0.313    0.69  252.41    1.99   -0.25  240.68    7.51   -0.46    1614    1614
  8.500   0.356   0.225    0.75  248.87    2.00   -0.27  237.35    7.15   -0.43    1614    1614
  9.000   0.250   0.151    0.77  245.19    2.00   -0.20  234.00    6.69   -0.52    1614    1614
  9.500   0.170   0.101    0.80  241.37    2.02   -0.17  230.41    6.25   -0.50    1614    1614
 10.000   0.112   0.065    0.87  237.45    2.02   -0.16  226.66    5.81   -0.54    1614    1614
 10.500   0.070   0.039    0.99  233.44    2.00   -0.14  222.66    5.28   -0.65    1613    1613
 11.000   0.044   0.023    1.03  229.41    1.97   -0.08  218.94    4.68   -0.67    1613    1613
 11.500   0.028   0.013    0.96  225.38    1.95   -0.01  215.25    4.24   -0.87    1612    1612
 12.000   0.017   0.008    0.89  221.39    1.91    0.14  211.66    3.74   -0.93    1612    1612
 12.500   0.009   0.006  999.90  217.53    1.91    0.29  208.46    3.42   -1.14    1319    1319
 13.000   0.003   0.004  999.90  213.91    1.88    0.43  205.64    3.20   -1.12     655     655
 13.500   0.000   0.001  999.90  210.62    1.94    0.38  200.15    2.98   -0.14      31      31
 14.000   0.000   0.000  999.90  207.82    2.17    0.25  197.24    2.46   -0.63      17      17
 14.500   0.000   0.000  999.90  205.75    2.39    0.28  999.90  999.90  999.90       0       0
 15.000   0.000   0.000  999.90  204.25    2.55    0.20  999.90  999.90  999.90       0       0
 15.500   0.000   0.000  999.90  203.17    2.70   -0.01  999.90  999.90  999.90       0       0
 16.000   0.000   0.000  999.90  202.56    2.87   -0.34  999.90  999.90  999.90       0       0
 16.500   0.000   0.000  999.90  202.31    3.01   -0.52  999.90  999.90  999.90       0       0
 17.000   0.000   0.000  999.90  202.53    3.15   -0.55  999.90  999.90  999.90       0       0
 17.500   0.000   0.000  999.90  203.20    3.19   -0.58  999.90  999.90  999.90       0       0
 18.000   0.000   0.000  999.90  204.14    3.16   -0.62  999.90  999.90  999.90       0       0
 18.500   0.000   0.000  999.90  205.35    3.01   -0.71  999.90  999.90  999.90       0       0
 19.000   0.000   0.000  999.90  206.81    2.86   -0.77  999.90  999.90  999.90       0       0
 19.500   0.000   0.000  999.90  208.36    2.66   -0.78  999.90  999.90  999.90       0       0
 20.000   0.000   0.000  999.90  209.86    2.38   -0.76  999.90  999.90  999.90       0       0
 20.500   0.000   0.000  999.90  211.37    2.19   -0.54  999.90  999.90  999.90       0       0
 21.000   0.000   0.000  999.90  212.80    2.08   -0.36  999.90  999.90  999.90       0       0
 21.500   0.000   0.000  999.90  214.11    1.96   -0.24  999.90  999.90  999.90       0       0
 22.000   0.000   0.000  999.90  215.32    1.95   -0.22  999.90  999.90  999.90       0       0
 22.500   0.000   0.000  999.90  216.54    1.96   -0.25  999.90  999.90  999.90       0       0
 23.000   0.000   0.000  999.90  217.65    1.95   -0.36  999.90  999.90  999.90       0       0
 23.500   0.000   0.000  999.90  218.68    1.96   -0.23  999.90  999.90  999.90       0       0
 24.000   0.000   0.000  999.90  219.77    1.96   -0.08  999.90  999.90  999.90       0       0
 24.500   0.000   0.000  999.90  220.82    1.88   -0.11  999.90  999.90  999.90       0       0
 25.000   0.000   0.000  999.90  221.83    1.91   -0.08  999.90  999.90  999.90       0       0
 25.500   0.000   0.000  999.90  222.79    1.89   -0.07  999.90  999.90  999.90       0       0
 26.000   0.000   0.000  999.90  223.73    1.87   -0.06  999.90  999.90  999.90       0       0
 26.500   0.000   0.000  999.90  224.73    1.98   -0.04  999.90  999.90  999.90       0       0
 27.000   0.000   0.000  999.90  225.63    2.00   -0.10  999.90  999.90  999.90       0       0
 27.500   0.000   0.000  999.90  226.59    2.08   -0.03  999.90  999.90  999.90       0       0
 28.000   0.000   0.000  999.90  227.61    2.18    0.13  999.90  999.90  999.90       0       0
 28.500   0.000   0.000  999.90  228.44    2.14   -0.04  999.90  999.90  999.90       0       0
 29.000   0.000   0.000  999.90  229.36    2.18   -0.18  999.90  999.90  999.90       0       0
 29.500   0.000   0.000  999.90  230.26    2.28   -0.28  999.90  999.90  999.90       0       0
 30.000   0.000   0.000  999.90  231.08    2.19   -0.14  999.90  999.90  999.90       0       0
  T A B L E  III -   7.  M O I S T U R E  R E L A T E D  S T A T I S T I C A L  P A R A M E T E R S
                                      July
 Station =   74794      Cape Canaveral Air Force Station
      Z VAPOR P   SD VP SKEW VP      TV      TV SKEW TV DEWPT T  SD DPT SKW DPT NOBS TP NOBS TV   
           MEAN                    MEAN      SD            MEAN                                   
     KM      MB      MB          KELVIN  KELVIN          KELVIN  KELVIN                           
  0.000  16.000   6.000    0.00  291.00    6.00    0.00  290.00    7.00    0.00     100     100
  0.004  28.832   3.047   -0.00  303.38    3.10   -0.19  296.50    1.77   -0.35    1522    1522
  0.500  24.678   2.699   -0.50  300.36    1.52   -0.51  293.94    1.85   -0.81    1522    1522
  1.000  19.363   2.548   -0.45  296.82    1.58   -0.96  290.02    2.18   -0.94    1522    1522
  1.500  15.551   2.639   -0.68  293.32    1.50   -1.36  286.51    2.91   -1.56    1522    1522
  2.000  12.121   2.635   -0.85  290.06    1.30   -1.32  282.57    3.86   -1.78    1522    1522
  2.500   9.329   2.560   -0.64  286.99    1.10   -0.46  278.49    4.83   -1.53    1522    1522
  3.000   7.294   2.292   -0.38  283.92    1.13   -0.39  274.83    5.27   -1.20    1522    1522
  3.500   5.782   1.938   -0.31  280.89    1.12   -0.05  271.52    5.49   -1.15    1522    1522
  4.000   4.631   1.764   -0.20  277.87    1.20   -0.05  268.28    6.13   -1.02    1522    1522
  4.500   3.713   1.594   -0.05  274.92    1.26    0.03  265.12    6.66   -0.82    1522    1522
  5.000   2.925   1.347    0.11  272.04    1.29   -0.07  261.94    6.78   -0.62    1522    1522
  5.500   2.302   1.122    0.20  269.14    1.29   -0.12  258.82    6.94   -0.56    1522    1522
  6.000   1.771   0.908    0.32  266.20    1.29   -0.04  255.56    6.91   -0.41    1522    1522
  6.500   1.363   0.714    0.42  263.18    1.34   -0.10  252.44    6.81   -0.41    1522    1522
  7.000   1.032   0.563    0.47  260.06    1.41   -0.10  249.12    6.96   -0.44    1522    1522
  7.500   0.761   0.416    0.55  256.81    1.43    0.03  245.79    6.68   -0.43    1522    1522
  8.000   0.556   0.311    0.61  253.43    1.49   -0.01  242.38    6.57   -0.40    1522    1522
  8.500   0.393   0.220    0.72  249.92    1.57   -0.07  238.85    6.16   -0.30    1522    1522
  9.000   0.272   0.146    0.77  246.26    1.64   -0.05  235.31    5.64   -0.30    1522    1522
  9.500   0.185   0.098    0.85  242.46    1.71    0.01  231.62    5.39   -0.38    1522    1522
 10.000   0.124   0.062    0.85  238.52    1.72   -0.02  228.01    4.90   -0.40    1522    1522
 10.500   0.079   0.039    0.89  234.49    1.74   -0.05  224.07    4.53   -0.35    1522    1522
 11.000   0.051   0.024    0.95  230.45    1.76   -0.03  220.31    4.12   -0.34    1522    1522
 11.500   0.032   0.014    0.93  226.37    1.75   -0.00  216.66    3.78   -0.44    1522    1522
 12.000   0.020   0.008    0.78  222.36    1.72    0.06  213.00    3.30   -0.49    1522    1522
 12.500   0.012   0.005   -0.05  218.43    1.70    0.05  209.52    3.01   -0.79    1418    1418
 13.000   0.005   0.005  999.90  214.67    1.66   -0.09  206.53    2.77   -0.96     920     920
 13.500   0.000   0.000  999.90  211.18    1.67   -0.13  200.62    3.65    0.56      17      17
 14.000   0.000   0.000  999.90  208.12    1.81   -0.03  999.90  999.90  999.90       0       0
 14.500   0.000   0.000  999.90  205.68    2.14    0.31  999.90  999.90  999.90       0       0
 15.000   0.000   0.000  999.90  203.85    2.59    0.31  999.90  999.90  999.90       0       0
 15.500   0.000   0.000  999.90  202.74    2.97    0.06  999.90  999.90  999.90       0       0
 16.000   0.000   0.000  999.90  202.28    3.08   -0.19  999.90  999.90  999.90       0       0
 16.500   0.000   0.000  999.90  202.47    3.11   -0.45  999.90  999.90  999.90       0       0
 17.000   0.000   0.000  999.90  203.16    2.92   -0.63  999.90  999.90  999.90       0       0
 17.500   0.000   0.000  999.90  204.01    2.66   -0.61  999.90  999.90  999.90       0       0
 18.000   0.000   0.000  999.90  205.02    2.42   -0.57  999.90  999.90  999.90       0       0
 18.500   0.000   0.000  999.90  206.19    2.20   -0.49  999.90  999.90  999.90       0       0
 19.000   0.000   0.000  999.90  207.51    2.07   -0.37  999.90  999.90  999.90       0       0
 19.500   0.000   0.000  999.90  208.93    2.12   -0.23  999.90  999.90  999.90       0       0
 20.000   0.000   0.000  999.90  210.38    2.01   -0.16  999.90  999.90  999.90       0       0
 20.500   0.000   0.000  999.90  211.81    1.99   -0.09  999.90  999.90  999.90       0       0
 21.000   0.000   0.000  999.90  213.13    1.98   -0.01  999.90  999.90  999.90       0       0
 21.500   0.000   0.000  999.90  214.31    1.89   -0.06  999.90  999.90  999.90       0       0
 22.000   0.000   0.000  999.90  215.43    1.92   -0.19  999.90  999.90  999.90       0       0
 22.500   0.000   0.000  999.90  216.55    1.89   -0.16  999.90  999.90  999.90       0       0
 23.000   0.000   0.000  999.90  217.58    1.91   -0.08  999.90  999.90  999.90       0       0
 23.500   0.000   0.000  999.90  218.59    2.04   -0.06  999.90  999.90  999.90       0       0
 24.000   0.000   0.000  999.90  219.63    2.04    0.02  999.90  999.90  999.90       0       0
 24.500   0.000   0.000  999.90  220.66    2.01    0.04  999.90  999.90  999.90       0       0
 25.000   0.000   0.000  999.90  221.62    2.07    0.12  999.90  999.90  999.90       0       0
 25.500   0.000   0.000  999.90  222.62    2.04   -0.04  999.90  999.90  999.90       0       0
 26.000   0.000   0.000  999.90  223.50    2.04    0.07  999.90  999.90  999.90       0       0
 26.500   0.000   0.000  999.90  224.45    2.07    0.09  999.90  999.90  999.90       0       0
 27.000   0.000   0.000  999.90  225.32    2.05    0.17  999.90  999.90  999.90       0       0
 27.500   0.000   0.000  999.90  226.17    2.08    0.18  999.90  999.90  999.90       0       0
 28.000   0.000   0.000  999.90  227.03    2.23    0.16  999.90  999.90  999.90       0       0
 28.500   0.000   0.000  999.90  227.82    2.25   -0.03  999.90  999.90  999.90       0       0
 29.000   0.000   0.000  999.90  228.63    2.34    0.06  999.90  999.90  999.90       0       0
 29.500   0.000   0.000  999.90  229.46    2.39    0.19  999.90  999.90  999.90       0       0
 30.000   0.000   0.000  999.90  230.17    2.36    0.08  999.90  999.90  999.90       0       0
  T A B L E  III -   8.  M O I S T U R E  R E L A T E D  S T A T I S T I C A L  P A R A M E T E R S
                                    August
 Station =   74794      Cape Canaveral Air Force Station
      Z VAPOR P   SD VP SKEW VP      TV      TV SKEW TV DEWPT T  SD DPT SKW DPT NOBS TP NOBS TV   
           MEAN                    MEAN      SD            MEAN                                   
     KM      MB      MB          KELVIN  KELVIN          KELVIN  KELVIN                           
  0.000  16.000   6.000    0.00  291.00    6.00    0.00  290.00    7.00    0.00     100     100
  0.004  28.977   3.157   -0.26  303.61    3.17   -0.37  296.58    1.85   -0.59    1601    1601
  0.500  25.132   2.815   -0.72  300.57    1.50   -1.15  294.23    1.92   -1.11    1601    1601
  1.000  19.821   2.564   -0.56  296.96    1.57   -1.46  290.39    2.17   -1.08    1601    1601
  1.500  15.804   2.696   -0.96  293.50    1.50   -1.79  286.75    3.02   -1.93    1601    1601
  2.000  12.336   2.724   -1.01  290.33    1.25   -1.08  282.81    4.03   -1.93    1601    1601
  2.500   9.683   2.596   -0.78  287.27    1.18   -0.40  279.04    4.81   -1.63    1601    1601
  3.000   7.596   2.281   -0.51  284.25    1.21   -0.23  275.45    5.13   -1.32    1601    1601
  3.500   6.026   1.903   -0.43  281.27    1.24   -0.09  272.17    5.24   -1.25    1601    1601
  4.000   4.860   1.719   -0.40  278.26    1.31   -0.05  269.03    5.90   -1.24    1601    1601
  4.500   3.862   1.568   -0.20  275.31    1.30    0.02  265.72    6.52   -1.01    1601    1601
  5.000   2.982   1.325    0.05  272.47    1.33    0.08  262.25    6.68   -0.78    1601    1601
  5.500   2.270   1.136    0.25  269.63    1.36    0.09  258.56    7.11   -0.54    1601    1601
  6.000   1.708   0.901    0.45  266.71    1.33    0.13  255.07    6.96   -0.34    1601    1601
  6.500   1.282   0.718    0.63  263.67    1.37    0.07  251.62    6.93   -0.22    1600    1600
  7.000   0.955   0.569    0.74  260.55    1.40   -0.01  248.10    7.09   -0.17    1600    1600
  7.500   0.720   0.424    0.75  257.28    1.43   -0.12  245.02    6.95   -0.32    1600    1600
  8.000   0.525   0.319    0.82  253.89    1.50   -0.16  241.55    6.94   -0.34    1600    1600
  8.500   0.385   0.236    0.84  250.37    1.56   -0.12  238.32    6.88   -0.44    1600    1600
  9.000   0.273   0.164    0.91  246.73    1.63   -0.08  234.98    6.45   -0.40    1600    1600
  9.500   0.190   0.113    0.97  242.98    1.69   -0.03  231.56    6.06   -0.40    1600    1600
 10.000   0.129   0.074    0.96  239.10    1.70    0.00  228.05    5.61   -0.36    1600    1600
 10.500   0.082   0.046    1.09  235.10    1.73    0.13  224.19    5.08   -0.29    1600    1600
 11.000   0.053   0.029    1.24  231.09    1.78    0.20  220.41    4.71   -0.30    1600    1600
 11.500   0.033   0.017    1.31  227.03    1.82    0.36  216.77    4.27   -0.35    1599    1599
 12.000   0.021   0.010    1.23  222.99    1.85    0.51  213.13    3.85   -0.40    1599    1599
 12.500   0.012   0.006    0.74  219.04    1.85    0.56  209.63    3.49   -0.50    1524    1524
 13.000   0.006   0.005  999.90  215.18    1.84    0.63  206.50    3.35   -0.85    1065    1065
 13.500   0.000   0.001  999.90  211.59    1.83    0.61  203.27    3.31   -0.05      80      80
 14.000   0.000   0.000  999.90  208.41    1.86    0.44  199.08    2.12   -0.29      11      11
 14.500   0.000   0.000  999.90  205.78    1.93    0.35  999.90  999.90  999.90       0       0
 15.000   0.000   0.000  999.90  203.82    2.20    0.34  999.90  999.90  999.90       0       0
 15.500   0.000   0.000  999.90  202.63    2.52    0.11  999.90  999.90  999.90       0       0
 16.000   0.000   0.000  999.90  202.07    2.73   -0.16  999.90  999.90  999.90       0       0
 16.500   0.000   0.000  999.90  202.19    2.88   -0.44  999.90  999.90  999.90       0       0
 17.000   0.000   0.000  999.90  202.91    2.67   -0.48  999.90  999.90  999.90       0       0
 17.500   0.000   0.000  999.90  203.87    2.46   -0.46  999.90  999.90  999.90       0       0
 18.000   0.000   0.000  999.90  205.02    2.37   -0.37  999.90  999.90  999.90       0       0
 18.500   0.000   0.000  999.90  206.32    2.26   -0.28  999.90  999.90  999.90       0       0
 19.000   0.000   0.000  999.90  207.71    2.18   -0.13  999.90  999.90  999.90       0       0
 19.500   0.000   0.000  999.90  209.10    2.16   -0.12  999.90  999.90  999.90       0       0
 20.000   0.000   0.000  999.90  210.43    2.03   -0.12  999.90  999.90  999.90       0       0
 20.500   0.000   0.000  999.90  211.71    1.92   -0.07  999.90  999.90  999.90       0       0
 21.000   0.000   0.000  999.90  212.90    1.89   -0.06  999.90  999.90  999.90       0       0
 21.500   0.000   0.000  999.90  214.03    1.81   -0.06  999.90  999.90  999.90       0       0
 22.000   0.000   0.000  999.90  215.12    1.87   -0.10  999.90  999.90  999.90       0       0
 22.500   0.000   0.000  999.90  216.19    1.90    0.04  999.90  999.90  999.90       0       0
 23.000   0.000   0.000  999.90  217.21    1.85    0.12  999.90  999.90  999.90       0       0
 23.500   0.000   0.000  999.90  218.16    1.87    0.03  999.90  999.90  999.90       0       0
 24.000   0.000   0.000  999.90  219.17    1.84    0.06  999.90  999.90  999.90       0       0
 24.500   0.000   0.000  999.90  220.13    1.87    0.05  999.90  999.90  999.90       0       0
 25.000   0.000   0.000  999.90  221.07    1.92    0.12  999.90  999.90  999.90       0       0
 25.500   0.000   0.000  999.90  222.03    1.92    0.16  999.90  999.90  999.90       0       0
 26.000   0.000   0.000  999.90  222.89    1.91    0.23  999.90  999.90  999.90       0       0
 26.500   0.000   0.000  999.90  223.76    1.99    0.02  999.90  999.90  999.90       0       0
 27.000   0.000   0.000  999.90  224.58    1.96    0.03  999.90  999.90  999.90       0       0
 27.500   0.000   0.000  999.90  225.35    2.04    0.06  999.90  999.90  999.90       0       0
 28.000   0.000   0.000  999.90  226.18    2.15    0.07  999.90  999.90  999.90       0       0
 28.500   0.000   0.000  999.90  227.01    2.15    0.12  999.90  999.90  999.90       0       0
 29.000   0.000   0.000  999.90  227.83    2.17    0.16  999.90  999.90  999.90       0       0
 29.500   0.000   0.000  999.90  228.62    2.25    0.12  999.90  999.90  999.90       0       0
 30.000   0.000   0.000  999.90  229.29    2.27   -0.07  999.90  999.90  999.90       0       0
  T A B L E  III -   9.  M O I S T U R E  R E L A T E D  S T A T I S T I C A L  P A R A M E T E R S
                                 September
 Station =   74794      Cape Canaveral Air Force Station
      Z VAPOR P   SD VP SKEW VP      TV      TV SKEW TV DEWPT T  SD DPT SKW DPT NOBS TP NOBS TV   
           MEAN                    MEAN      SD            MEAN                                   
     KM      MB      MB          KELVIN  KELVIN          KELVIN  KELVIN                           
  0.000  16.000   6.000    0.00  291.00    6.00    0.00  290.00    7.00    0.00     100     100
  0.004  27.468   3.698   -0.16  302.50    2.92   -0.44  295.65    2.28   -0.56    1502    1502
  0.500  23.968   3.246   -0.66  299.24    1.76   -0.94  293.42    2.33   -1.04    1502    1502
  1.000  19.026   2.676   -0.52  295.48    1.90   -1.05  289.73    2.35   -0.97    1502    1502
  1.500  15.008   3.027   -1.09  292.18    1.85   -1.31  285.83    3.77   -2.21    1502    1502
  2.000  11.415   3.382   -0.89  289.47    1.42   -0.82  281.26    5.67   -1.67    1502    1502
  2.500   8.893   3.032   -0.64  286.71    1.44   -0.30  277.38    6.34   -1.48    1502    1502
  3.000   6.918   2.636   -0.43  283.85    1.42   -0.42  273.63    6.75   -1.17    1502    1502
  3.500   5.316   2.333   -0.21  280.97    1.40   -0.38  269.68    7.41   -0.92    1502    1502
  4.000   4.144   2.073   -0.05  278.06    1.45   -0.25  265.97    8.08   -0.68    1502    1502
  4.500   3.271   1.764    0.15  275.18    1.46   -0.25  262.72    8.27   -0.56    1502    1502
  5.000   2.504   1.470    0.38  272.35    1.49   -0.40  259.14    8.41   -0.41    1502    1502
  5.500   1.937   1.207    0.51  269.44    1.52   -0.38  255.82    8.55   -0.34    1502    1502
  6.000   1.493   0.963    0.65  266.45    1.51   -0.34  252.72    8.31   -0.22    1502    1502
  6.500   1.156   0.753    0.72  263.35    1.57   -0.33  249.78    8.11   -0.23    1502    1502
  7.000   0.886   0.585    0.73  260.17    1.67   -0.26  246.73    8.05   -0.23    1502    1502
  7.500   0.662   0.433    0.83  256.86    1.76   -0.27  243.73    7.51   -0.18    1502    1502
  8.000   0.503   0.326    0.80  253.44    1.85   -0.31  240.85    7.33   -0.22    1502    1502
  8.500   0.370   0.234    0.83  249.88    1.92   -0.28  237.80    6.99   -0.31    1502    1502
  9.000   0.260   0.162    0.93  246.22    1.97   -0.28  234.41    6.53   -0.29    1502    1502
  9.500   0.182   0.111    0.92  242.46    2.05   -0.20  231.07    6.21   -0.31    1502    1502
 10.000   0.123   0.073    0.99  238.57    2.11   -0.09  227.53    5.70   -0.28    1502    1502
 10.500   0.079   0.045    1.08  234.64    2.10    0.01  223.71    5.18   -0.24    1502    1502
 11.000   0.050   0.027    1.08  230.66    2.10    0.10  219.93    4.69   -0.32    1502    1502
 11.500   0.032   0.016    1.08  226.64    2.07    0.26  216.25    4.30   -0.36    1502    1502
 12.000   0.019   0.010    1.15  222.68    2.05    0.43  212.49    4.01   -0.53    1502    1502
 12.500   0.011   0.006    0.73  218.85    2.07    0.52  208.91    3.72   -0.59    1401    1401
 13.000   0.005   0.005  999.90  215.22    2.12    0.67  205.76    3.73   -0.70     967     967
 13.500   0.001   0.002  999.90  211.83    2.13    0.76  203.05    4.80   -0.68     134     134
 14.000   0.000   0.001  999.90  208.68    2.15    0.69  202.04    4.82   -0.16      30      30
 14.500   0.000   0.000  999.90  205.95    2.18    0.50  999.90  999.90  999.90       0       0
 15.000   0.000   0.000  999.90  203.62    2.29    0.32  999.90  999.90  999.90       0       0
 15.500   0.000   0.000  999.90  201.74    2.42    0.23  999.90  999.90  999.90       0       0
 16.000   0.000   0.000  999.90  200.53    2.63    0.10  999.90  999.90  999.90       0       0
 16.500   0.000   0.000  999.90  200.19    2.90   -0.14  999.90  999.90  999.90       0       0
 17.000   0.000   0.000  999.90  200.71    3.07   -0.30  999.90  999.90  999.90       0       0
 17.500   0.000   0.000  999.90  201.80    3.03   -0.28  999.90  999.90  999.90       0       0
 18.000   0.000   0.000  999.90  203.34    2.92   -0.36  999.90  999.90  999.90       0       0
 18.500   0.000   0.000  999.90  205.11    2.65   -0.44  999.90  999.90  999.90       0       0
 19.000   0.000   0.000  999.90  206.76    2.40   -0.37  999.90  999.90  999.90       0       0
 19.500   0.000   0.000  999.90  208.28    2.24   -0.25  999.90  999.90  999.90       0       0
 20.000   0.000   0.000  999.90  209.65    2.04   -0.30  999.90  999.90  999.90       0       0
 20.500   0.000   0.000  999.90  210.97    1.90   -0.28  999.90  999.90  999.90       0       0
 21.000   0.000   0.000  999.90  212.19    1.90   -0.03  999.90  999.90  999.90       0       0
 21.500   0.000   0.000  999.90  213.34    1.89   -0.03  999.90  999.90  999.90       0       0
 22.000   0.000   0.000  999.90  214.42    1.94   -0.09  999.90  999.90  999.90       0       0
 22.500   0.000   0.000  999.90  215.57    1.97    0.07  999.90  999.90  999.90       0       0
 23.000   0.000   0.000  999.90  216.58    1.96    0.16  999.90  999.90  999.90       0       0
 23.500   0.000   0.000  999.90  217.60    1.99    0.14  999.90  999.90  999.90       0       0
 24.000   0.000   0.000  999.90  218.56    1.96    0.22  999.90  999.90  999.90       0       0
 24.500   0.000   0.000  999.90  219.44    1.94    0.17  999.90  999.90  999.90       0       0
 25.000   0.000   0.000  999.90  220.35    1.97    0.13  999.90  999.90  999.90       0       0
 25.500   0.000   0.000  999.90  221.27    1.96    0.11  999.90  999.90  999.90       0       0
 26.000   0.000   0.000  999.90  222.10    1.98    0.16  999.90  999.90  999.90       0       0
 26.500   0.000   0.000  999.90  222.95    2.07    0.16  999.90  999.90  999.90       0       0
 27.000   0.000   0.000  999.90  223.75    2.08    0.20  999.90  999.90  999.90       0       0
 27.500   0.000   0.000  999.90  224.47    2.14    0.16  999.90  999.90  999.90       0       0
 28.000   0.000   0.000  999.90  225.31    2.23    0.06  999.90  999.90  999.90       0       0
 28.500   0.000   0.000  999.90  226.11    2.22   -0.05  999.90  999.90  999.90       0       0
 29.000   0.000   0.000  999.90  226.89    2.28    0.00  999.90  999.90  999.90       0       0
 29.500   0.000   0.000  999.90  227.66    2.38    0.02  999.90  999.90  999.90       0       0
 30.000   0.000   0.000  999.90  228.37    2.44    0.03  999.90  999.90  999.90       0       0
  T A B L E  III -  10.  M O I S T U R E  R E L A T E D  S T A T I S T I C A L  P A R A M E T E R S
                                   October
 Station =   74794      Cape Canaveral Air Force Station
      Z VAPOR P   SD VP SKEW VP      TV      TV SKEW TV DEWPT T  SD DPT SKW DPT NOBS TP NOBS TV   
           MEAN                    MEAN      SD            MEAN                                   
     KM      MB      MB          KELVIN  KELVIN          KELVIN  KELVIN                           
  0.000  16.000   6.000    0.00  291.00    6.00    0.00  290.00    7.00    0.00     100     100
  0.004  23.496   5.378   -0.41  299.67    3.92   -1.41  292.81    4.13   -1.14    1356    1356
  0.500  20.456   4.803   -0.49  296.65    2.88   -1.25  290.56    4.22   -1.20    1356    1356
  1.000  16.606   4.044   -0.70  292.74    2.98   -0.93  287.22    4.60   -1.92    1356    1356
  1.500  12.582   4.432   -0.68  289.73    2.90   -0.75  282.23    7.41   -1.90    1356    1356
  2.000   9.141   4.209   -0.07  287.43    2.74   -0.65  277.02    8.25   -0.95    1356    1356
  2.500   6.754   3.733    0.23  285.21    2.39   -0.46  272.17    9.16   -0.61    1356    1356
  3.000   5.195   3.092    0.41  282.72    2.04   -0.37  268.42    9.12   -0.36    1356    1356
  3.500   4.069   2.587    0.55  279.99    1.90   -0.45  265.01    9.16   -0.21    1356    1356
  4.000   3.106   2.112    0.75  277.15    1.91   -0.37  261.37    9.17   -0.11    1356    1356
  4.500   2.401   1.723    0.93  274.23    1.87   -0.20  258.05    9.06    0.00    1356    1356
  5.000   1.860   1.416    1.11  271.25    1.97   -0.23  254.80    9.04    0.10    1356    1356
  5.500   1.465   1.169    1.19  268.22    2.11   -0.29  251.75    9.22    0.07    1356    1356
  6.000   1.137   0.910    1.28  265.03    2.23   -0.33  248.92    8.91    0.07    1356    1356
  6.500   0.894   0.716    1.30  261.76    2.42   -0.33  246.24    8.76    0.03    1356    1356
  7.000   0.697   0.564    1.28  258.42    2.61   -0.35  243.48    8.65    0.05    1356    1356
  7.500   0.529   0.419    1.25  254.96    2.74   -0.31  240.68    8.27    0.04    1356    1356
  8.000   0.402   0.311    1.15  251.43    2.86   -0.29  237.91    8.05   -0.02    1356    1356
  8.500   0.297   0.227    1.11  247.85    2.96   -0.28  234.95    7.78   -0.04    1356    1356
  9.000   0.209   0.153    1.22  244.17    3.01   -0.28  231.80    7.13   -0.06    1356    1356
  9.500   0.143   0.102    1.27  240.45    2.99   -0.31  228.37    6.72   -0.12    1356    1356
 10.000   0.094   0.066    1.36  236.69    2.91   -0.30  224.69    6.26   -0.13    1356    1356
 10.500   0.060   0.040    1.46  232.92    2.77   -0.22  221.05    5.58   -0.11    1356    1356
 11.000   0.038   0.023    1.39  229.10    2.61   -0.17  217.53    5.04   -0.28    1356    1356
 11.500   0.024   0.013    1.34  225.28    2.43   -0.16  214.10    4.42   -0.31    1356    1356
 12.000   0.015   0.008    1.16  221.49    2.30   -0.11  210.72    3.94   -0.47    1351    1351
 12.500   0.008   0.006  999.90  217.81    2.19   -0.09  207.65    3.62   -0.66    1128    1128
 13.000   0.004   0.004  999.90  214.35    2.02    0.05  204.67    3.47   -0.74     717     717
 13.500   0.000   0.001  999.90  211.02    1.95    0.08  200.31    5.20    0.09      31      31
 14.000   0.000   0.000  999.90  207.95    1.95    0.29  199.16    5.82   -0.13      10      10
 14.500   0.000   0.000  999.90  205.29    2.03    0.51  999.90  999.90  999.90       0       0
 15.000   0.000   0.000  999.90  202.94    2.28    0.48  999.90  999.90  999.90       0       0
 15.500   0.000   0.000  999.90  201.04    2.58    0.25  999.90  999.90  999.90       0       0
 16.000   0.000   0.000  999.90  199.69    2.87    0.13  999.90  999.90  999.90       0       0
 16.500   0.000   0.000  999.90  199.04    3.16    0.04  999.90  999.90  999.90       0       0
 17.000   0.000   0.000  999.90  199.15    3.38   -0.05  999.90  999.90  999.90       0       0
 17.500   0.000   0.000  999.90  200.05    3.43    0.05  999.90  999.90  999.90       0       0
 18.000   0.000   0.000  999.90  201.58    3.33    0.00  999.90  999.90  999.90       0       0
 18.500   0.000   0.000  999.90  203.50    3.13   -0.03  999.90  999.90  999.90       0       0
 19.000   0.000   0.000  999.90  205.37    2.99   -0.01  999.90  999.90  999.90       0       0
 19.500   0.000   0.000  999.90  207.14    2.80   -0.06  999.90  999.90  999.90       0       0
 20.000   0.000   0.000  999.90  208.74    2.44   -0.20  999.90  999.90  999.90       0       0
 20.500   0.000   0.000  999.90  210.11    2.22   -0.12  999.90  999.90  999.90       0       0
 21.000   0.000   0.000  999.90  211.35    2.16   -0.11  999.90  999.90  999.90       0       0
 21.500   0.000   0.000  999.90  212.41    2.05   -0.05  999.90  999.90  999.90       0       0
 22.000   0.000   0.000  999.90  213.50    2.04    0.08  999.90  999.90  999.90       0       0
 22.500   0.000   0.000  999.90  214.60    2.01    0.07  999.90  999.90  999.90       0       0
 23.000   0.000   0.000  999.90  215.62    1.96    0.02  999.90  999.90  999.90       0       0
 23.500   0.000   0.000  999.90  216.57    2.00    0.00  999.90  999.90  999.90       0       0
 24.000   0.000   0.000  999.90  217.54    2.00   -0.05  999.90  999.90  999.90       0       0
 24.500   0.000   0.000  999.90  218.49    2.09   -0.06  999.90  999.90  999.90       0       0
 25.000   0.000   0.000  999.90  219.34    2.24    0.01  999.90  999.90  999.90       0       0
 25.500   0.000   0.000  999.90  220.26    2.20    0.12  999.90  999.90  999.90       0       0
 26.000   0.000   0.000  999.90  221.03    2.23    0.16  999.90  999.90  999.90       0       0
 26.500   0.000   0.000  999.90  221.83    2.37    0.20  999.90  999.90  999.90       0       0
 27.000   0.000   0.000  999.90  222.68    2.37    0.21  999.90  999.90  999.90       0       0
 27.500   0.000   0.000  999.90  223.52    2.45    0.15  999.90  999.90  999.90       0       0
 28.000   0.000   0.000  999.90  224.35    2.48    0.11  999.90  999.90  999.90       0       0
 28.500   0.000   0.000  999.90  225.07    2.51    0.05  999.90  999.90  999.90       0       0
 29.000   0.000   0.000  999.90  225.88    2.59    0.13  999.90  999.90  999.90       0       0
 29.500   0.000   0.000  999.90  226.57    2.64    0.23  999.90  999.90  999.90       0       0
 30.000   0.000   0.000  999.90  227.22    2.68    0.17  999.90  999.90  999.90       0       0
  T A B L E  III -  11.  M O I S T U R E  R E L A T E D  S T A T I S T I C A L  P A R A M E T E R S
                                  November
 Station =   74794      Cape Canaveral Air Force Station
      Z VAPOR P   SD VP SKEW VP      TV      TV SKEW TV DEWPT T  SD DPT SKW DPT NOBS TP NOBS TV   
           MEAN                    MEAN      SD            MEAN                                   
     KM      MB      MB          KELVIN  KELVIN          KELVIN  KELVIN                           
  0.000  16.000   6.000    0.00  291.00    6.00    0.00  290.00    7.00    0.00     100     100
  0.004  19.797   5.548   -0.35  295.83    5.00   -0.89  289.85    5.05   -1.04    1284    1284
  0.500  17.234   4.796   -0.43  293.70    3.71   -1.14  287.67    5.05   -1.25    1284    1284
  1.000  13.926   4.387   -0.84  290.09    3.44   -0.79  284.02    6.66   -2.08    1284    1284
  1.500  10.465   4.376   -0.52  287.39    3.13   -0.42  278.95    8.82   -1.64    1284    1284
  2.000   7.296   3.850    0.15  285.52    3.01   -0.19  273.38    8.98   -0.71    1284    1284
  2.500   5.338   3.198    0.44  283.53    2.78   -0.23  268.65    9.56   -0.61    1284    1284
  3.000   3.907   2.542    0.75  281.18    2.66   -0.38  264.38    9.44   -0.44    1284    1284
  3.500   2.816   1.884    1.11  278.64    2.58   -0.47  260.37    8.77   -0.30    1284    1284
  4.000   2.139   1.502    1.34  275.94    2.54   -0.38  256.91    8.65   -0.29    1284    1284
  4.500   1.656   1.176    1.61  273.06    2.55   -0.32  253.95    8.26   -0.27    1284    1284
  5.000   1.265   0.879    1.77  270.01    2.60   -0.21  250.97    7.83   -0.33    1284    1284
  5.500   0.984   0.718    1.79  266.83    2.68   -0.17  247.92    8.00   -0.31    1284    1284
  6.000   0.751   0.540    1.99  263.55    2.77   -0.16  245.13    7.48   -0.25    1284    1284
  6.500   0.585   0.424    2.06  260.15    2.87   -0.14  242.46    7.26   -0.21    1284    1284
  7.000   0.460   0.346    1.96  256.63    2.92   -0.10  239.78    7.41   -0.22    1284    1284
  7.500   0.352   0.264    1.97  253.03    2.97   -0.05  237.07    7.18   -0.20    1284    1284
  8.000   0.271   0.203    1.80  249.42    2.98   -0.02  234.40    7.12   -0.18    1284    1284
  8.500   0.203   0.150    1.61  245.78    2.96   -0.04  231.60    7.07   -0.25    1284    1284
  9.000   0.146   0.102    1.57  242.06    2.97   -0.08  228.65    6.64   -0.32    1284    1284
  9.500   0.100   0.068    1.56  238.32    2.95   -0.12  225.35    6.23   -0.34    1284    1284
 10.000   0.067   0.042    1.57  234.55    2.94   -0.17  221.99    5.70   -0.44    1284    1284
 10.500   0.043   0.025    1.42  230.74    2.89   -0.13  218.60    5.06   -0.41    1283    1283
 11.000   0.028   0.016    1.25  226.97    2.81   -0.09  215.27    4.71   -0.56    1283    1283
 11.500   0.019   0.010    1.12  223.26    2.70   -0.05  211.99    4.31   -0.62    1283    1283
 12.000   0.012   0.006    0.71  219.72    2.54    0.02  208.94    3.87   -0.77    1239    1239
 12.500   0.005   0.005  999.90  216.32    2.47   -0.01  205.97    3.94   -0.88     794     794
 13.000   0.002   0.003  999.90  213.17    2.35    0.19  203.04    4.25   -0.74     406     406
 13.500   0.000   0.001  999.90  210.29    2.32    0.34  200.04    5.46    0.04      48      48
 14.000   0.000   0.001  999.90  207.73    2.45    0.34  198.12    7.48    0.20      12      12
 14.500   0.000   0.000  999.90  205.60    2.49    0.33  999.90  999.90  999.90       0       0
 15.000   0.000   0.000  999.90  203.78    2.59    0.21  999.90  999.90  999.90       0       0
 15.500   0.000   0.000  999.90  202.17    2.69    0.08  999.90  999.90  999.90       0       0
 16.000   0.000   0.000  999.90  200.87    2.79   -0.03  999.90  999.90  999.90       0       0
 16.500   0.000   0.000  999.90  199.89    2.91   -0.04  999.90  999.90  999.90       0       0
 17.000   0.000   0.000  999.90  199.40    3.13   -0.05  999.90  999.90  999.90       0       0
 17.500   0.000   0.000  999.90  199.49    3.35   -0.11  999.90  999.90  999.90       0       0
 18.000   0.000   0.000  999.90  200.28    3.51    0.06  999.90  999.90  999.90       0       0
 18.500   0.000   0.000  999.90  201.68    3.42    0.08  999.90  999.90  999.90       0       0
 19.000   0.000   0.000  999.90  203.40    3.28    0.11  999.90  999.90  999.90       0       0
 19.500   0.000   0.000  999.90  205.29    3.20    0.24  999.90  999.90  999.90       0       0
 20.000   0.000   0.000  999.90  207.01    2.96    0.12  999.90  999.90  999.90       0       0
 20.500   0.000   0.000  999.90  208.51    2.78    0.09  999.90  999.90  999.90       0       0
 21.000   0.000   0.000  999.90  210.04    2.67   -0.07  999.90  999.90  999.90       0       0
 21.500   0.000   0.000  999.90  211.34    2.62   -0.04  999.90  999.90  999.90       0       0
 22.000   0.000   0.000  999.90  212.46    2.52   -0.12  999.90  999.90  999.90       0       0
 22.500   0.000   0.000  999.90  213.55    2.47   -0.10  999.90  999.90  999.90       0       0
 23.000   0.000   0.000  999.90  214.54    2.45   -0.06  999.90  999.90  999.90       0       0
 23.500   0.000   0.000  999.90  215.48    2.49   -0.02  999.90  999.90  999.90       0       0
 24.000   0.000   0.000  999.90  216.48    2.55    0.05  999.90  999.90  999.90       0       0
 24.500   0.000   0.000  999.90  217.37    2.65    0.08  999.90  999.90  999.90       0       0
 25.000   0.000   0.000  999.90  218.27    2.81    0.04  999.90  999.90  999.90       0       0
 25.500   0.000   0.000  999.90  219.17    2.92   -0.00  999.90  999.90  999.90       0       0
 26.000   0.000   0.000  999.90  219.97    3.00    0.04  999.90  999.90  999.90       0       0
 26.500   0.000   0.000  999.90  220.88    3.17    0.06  999.90  999.90  999.90       0       0
 27.000   0.000   0.000  999.90  221.79    3.25    0.07  999.90  999.90  999.90       0       0
 27.500   0.000   0.000  999.90  222.73    3.26    0.10  999.90  999.90  999.90       0       0
 28.000   0.000   0.000  999.90  223.57    3.33    0.16  999.90  999.90  999.90       0       0
 28.500   0.000   0.000  999.90  224.30    3.38    0.19  999.90  999.90  999.90       0       0
 29.000   0.000   0.000  999.90  224.93    3.59    0.20  999.90  999.90  999.90       0       0
 29.500   0.000   0.000  999.90  225.65    3.75    0.20  999.90  999.90  999.90       0       0
 30.000   0.000   0.000  999.90  226.37    3.77    0.18  999.90  999.90  999.90       0       0
  T A B L E  III -  12.  M O I S T U R E  R E L A T E D  S T A T I S T I C A L  P A R A M E T E R S
                                  December
 Station =   74794      Cape Canaveral Air Force Station
      Z VAPOR P   SD VP SKEW VP      TV      TV SKEW TV DEWPT T  SD DPT SKW DPT NOBS TP NOBS TV   
           MEAN                    MEAN      SD            MEAN                                   
     KM      MB      MB          KELVIN  KELVIN          KELVIN  KELVIN                           
  0.000  16.000   6.000    0.00  291.00    6.00    0.00  290.00    7.00    0.00     100     100
  0.004  16.991   5.627   -0.06  292.64    5.92   -0.48  287.23    5.76   -0.76    1363    1363
  0.500  14.857   5.128   -0.31  291.22    4.57   -0.91  285.00    6.41   -1.23    1363    1363
  1.000  11.832   4.752   -0.52  288.00    4.03   -0.76  280.94    8.36   -1.57    1363    1363
  1.500   8.944   4.529   -0.24  285.64    3.69   -0.59  275.98   10.06   -1.09    1363    1363
  2.000   6.253   3.699    0.30  283.95    3.46   -0.25  270.74    9.82   -0.60    1363    1363
  2.500   4.529   2.928    0.67  282.15    3.22   -0.15  266.33    9.43   -0.27    1363    1363
  3.000   3.421   2.362    0.93  279.93    3.05   -0.25  262.60    9.23   -0.14    1363    1363
  3.500   2.614   1.794    1.14  277.33    2.92   -0.25  259.42    8.64   -0.14    1363    1363
  4.000   2.047   1.456    1.34  274.50    2.90   -0.22  256.42    8.40   -0.06    1363    1363
  4.500   1.569   1.104    1.51  271.54    2.87   -0.24  253.42    7.89   -0.00    1363    1363
  5.000   1.217   0.825    1.60  268.46    2.91   -0.24  250.66    7.43   -0.07    1363    1363
  5.500   0.985   0.681    1.54  265.30    3.02   -0.14  248.16    7.52   -0.16    1363    1363
  6.000   0.782   0.529    1.45  261.96    3.13   -0.11  245.66    7.33   -0.20    1363    1363
  6.500   0.615   0.416    1.40  258.60    3.22   -0.13  243.05    7.22   -0.23    1363    1363
  7.000   0.476   0.327    1.48  255.11    3.29   -0.16  240.35    7.08   -0.23    1363    1363
  7.500   0.363   0.241    1.38  251.53    3.27   -0.13  237.67    6.78   -0.23    1363    1363
  8.000   0.272   0.174    1.24  247.87    3.26   -0.11  234.86    6.47   -0.25    1363    1363
  8.500   0.199   0.123    1.17  244.13    3.25   -0.10  231.92    6.18   -0.31    1363    1363
  9.000   0.138   0.082    1.14  240.35    3.21   -0.09  228.63    5.81   -0.40    1363    1363
  9.500   0.092   0.053    1.12  236.52    3.18   -0.05  225.06    5.43   -0.40    1363    1363
 10.000   0.060   0.032    0.97  232.67    3.15    0.03  221.45    4.98   -0.52    1363    1363
 10.500   0.039   0.020    0.94  228.94    3.07    0.13  218.01    4.47   -0.52    1363    1363
 11.000   0.026   0.012    0.95  225.34    3.00    0.22  214.72    4.16   -0.67    1363    1363
 11.500   0.017   0.008    0.84  221.89    2.96    0.33  211.50    3.74   -0.74    1359    1359
 12.000   0.011   0.006    0.33  218.66    3.00    0.37  208.74    3.48   -0.82    1237    1237
 12.500   0.005   0.005  999.90  215.74    3.13    0.38  206.57    3.81   -1.05     736     736
 13.000   0.003   0.004  999.90  213.23    3.16    0.29  204.69    4.12   -1.20     519     519
 13.500   0.001   0.002  999.90  211.10    3.17    0.08  203.08    4.84   -1.12     210     210
 14.000   0.000   0.001  999.90  209.17    3.08   -0.14  201.97    4.57   -1.21      88      88
 14.500   0.000   0.000  999.90  207.28    2.84   -0.20  999.90  999.90  999.90       0       0
 15.000   0.000   0.000  999.90  205.56    2.71   -0.23  999.90  999.90  999.90       0       0
 15.500   0.000   0.000  999.90  203.91    2.67   -0.16  999.90  999.90  999.90       0       0
 16.000   0.000   0.000  999.90  202.32    2.71   -0.29  999.90  999.90  999.90       0       0
 16.500   0.000   0.000  999.90  200.98    2.95   -0.33  999.90  999.90  999.90       0       0
 17.000   0.000   0.000  999.90  200.00    3.16   -0.30  999.90  999.90  999.90       0       0
 17.500   0.000   0.000  999.90  199.57    3.31   -0.22  999.90  999.90  999.90       0       0
 18.000   0.000   0.000  999.90  199.78    3.48   -0.07  999.90  999.90  999.90       0       0
 18.500   0.000   0.000  999.90  200.55    3.48   -0.00  999.90  999.90  999.90       0       0
 19.000   0.000   0.000  999.90  201.83    3.55   -0.00  999.90  999.90  999.90       0       0
 19.500   0.000   0.000  999.90  203.37    3.57    0.08  999.90  999.90  999.90       0       0
 20.000   0.000   0.000  999.90  205.10    3.26    0.10  999.90  999.90  999.90       0       0
 20.500   0.000   0.000  999.90  206.58    3.05    0.14  999.90  999.90  999.90       0       0
 21.000   0.000   0.000  999.90  208.08    2.96    0.21  999.90  999.90  999.90       0       0
 21.500   0.000   0.000  999.90  209.38    2.81    0.28  999.90  999.90  999.90       0       0
 22.000   0.000   0.000  999.90  210.62    2.76    0.39  999.90  999.90  999.90       0       0
 22.500   0.000   0.000  999.90  211.77    2.77    0.47  999.90  999.90  999.90       0       0
 23.000   0.000   0.000  999.90  212.73    2.78    0.41  999.90  999.90  999.90       0       0
 23.500   0.000   0.000  999.90  213.69    2.86    0.40  999.90  999.90  999.90       0       0
 24.000   0.000   0.000  999.90  214.60    2.96    0.45  999.90  999.90  999.90       0       0
 24.500   0.000   0.000  999.90  215.45    2.99    0.41  999.90  999.90  999.90       0       0
 25.000   0.000   0.000  999.90  216.41    3.03    0.31  999.90  999.90  999.90       0       0
 25.500   0.000   0.000  999.90  217.33    3.07    0.27  999.90  999.90  999.90       0       0
 26.000   0.000   0.000  999.90  218.20    3.15    0.26  999.90  999.90  999.90       0       0
 26.500   0.000   0.000  999.90  219.07    3.32    0.20  999.90  999.90  999.90       0       0
 27.000   0.000   0.000  999.90  219.88    3.33    0.23  999.90  999.90  999.90       0       0
 27.500   0.000   0.000  999.90  220.73    3.46    0.22  999.90  999.90  999.90       0       0
 28.000   0.000   0.000  999.90  221.60    3.60    0.09  999.90  999.90  999.90       0       0
 28.500   0.000   0.000  999.90  222.43    3.65    0.08  999.90  999.90  999.90       0       0
 29.000   0.000   0.000  999.90  223.16    3.76    0.17  999.90  999.90  999.90       0       0
 29.500   0.000   0.000  999.90  224.16    4.01    0.31  999.90  999.90  999.90       0       0
 30.000   0.000   0.000  999.90  225.07    4.14    0.42  999.90  999.90  999.90       0       0
  T A B L E  III -  13.  M O I S T U R E  R E L A T E D  S T A T I S T I C A L  P A R A M E T E R S
                                    Annual
 Station =   74794      Cape Canaveral Air Force Station
      Z VAPOR P   SD VP SKEW VP      TV      TV SKEW TV DEWPT T  SD DPT SKW DPT NOBS TP NOBS TV   
           MEAN                    MEAN      SD            MEAN                                   
     KM      MB      MB          KELVIN  KELVIN          KELVIN  KELVIN                           
  0.000  16.000   6.000    0.00  291.00    6.00    0.00  290.00    7.00    0.00     100     100
  0.004  22.413   6.938   -0.50  298.26    6.49   -0.92  291.60    6.00   -1.27   16813   16813
  0.500  19.336   6.171   -0.59  295.66    5.18   -1.14  289.16    6.36   -1.55   16813   16813
  1.000  15.288   5.170   -0.70  292.15    4.95   -0.96  285.27    7.27   -2.06   16813   16813
  1.500  11.808   4.861   -0.57  289.16    4.49   -0.90  280.71    9.02   -1.74   16813   16813
  2.000   8.712   4.279   -0.20  286.65    3.97   -0.91  275.83    9.54   -1.14   16813   16813
  2.500   6.552   3.601    0.06  284.17    3.58   -0.89  271.51    9.84   -0.87   16813   16813
  3.000   5.030   2.959    0.26  281.49    3.30   -0.89  267.77    9.77   -0.69   16813   16813
  3.500   3.896   2.403    0.43  278.65    3.15   -0.84  264.34    9.59   -0.57   16812   16812
  4.000   3.058   2.008    0.58  275.72    3.13   -0.78  261.05    9.65   -0.47   16812   16812
  4.500   2.401   1.665    0.76  272.73    3.16   -0.75  257.92    9.54   -0.34   16813   16813
  5.000   1.857   1.343    0.94  269.72    3.28   -0.70  254.75    9.36   -0.27   16813   16813
  5.500   1.445   1.090    1.04  266.66    3.44   -0.65  251.63    9.41   -0.24   16813   16813
  6.000   1.111   0.848    1.17  263.50    3.60   -0.62  248.70    9.05   -0.21   16812   16812
  6.500   0.858   0.661    1.24  260.25    3.76   -0.58  245.85    8.83   -0.21   16811   16811
  7.000   0.659   0.511    1.27  256.90    3.93   -0.55  242.96    8.67   -0.23   16812   16812
  7.500   0.495   0.378    1.30  253.45    4.06   -0.50  240.06    8.29   -0.23   16812   16812
  8.000   0.369   0.280    1.31  249.91    4.16   -0.47  237.10    8.00   -0.21   16812   16812
  8.500   0.267   0.202    1.34  246.29    4.24   -0.44  233.98    7.70   -0.24   16812   16812
  9.000   0.187   0.138    1.39  242.59    4.27   -0.43  230.70    7.27   -0.27   16812   16812
  9.500   0.128   0.094    1.43  238.81    4.28   -0.41  227.26    6.92   -0.25   16812   16812
 10.000   0.085   0.061    1.47  234.98    4.22   -0.40  223.70    6.49   -0.25   16810   16810
 10.500   0.055   0.038    1.53  231.17    4.08   -0.38  220.09    5.92   -0.26   16806   16806
 11.000   0.035   0.023    1.53  227.42    3.89   -0.36  216.60    5.44   -0.32   16801   16801
 11.500   0.023   0.014    1.49  223.80    3.60   -0.33  213.28    4.92   -0.40   16748   16748
 12.000   0.014   0.009    1.06  220.38    3.27   -0.29  210.29    4.40   -0.64   15876   15876
 12.500   0.008   0.006  999.90  217.19    3.01   -0.21  207.67    4.20   -1.04   12476   12476
 13.000   0.004   0.004  999.90  214.28    2.77    0.01  205.01    4.23   -1.19    8485    8485
 13.500   0.001   0.002  999.90  211.61    2.74    0.26  202.63    5.11   -0.86    2222    2222
 14.000   0.000   0.001  999.90  209.19    2.89    0.38  201.45    5.07   -0.82    1092    1092
 14.500   0.000   0.001  999.90  207.04    3.02    0.38  201.01    4.67   -0.59     223     223
 15.000   0.000   0.000  999.90  205.16    3.17    0.25  198.18    3.38    0.52      30      30
 15.500   0.000   0.000  999.90  203.59    3.29    0.06  999.90  999.90  999.90       0       0
 16.000   0.000   0.000  999.90  202.38    3.37   -0.14  999.90  999.90  999.90       0       0
 16.500   0.000   0.000  999.90  201.62    3.49   -0.31  999.90  999.90  999.90       0       0
 17.000   0.000   0.000  999.90  201.37    3.61   -0.41  999.90  999.90  999.90       0       0
 17.500   0.000   0.000  999.90  201.63    3.70   -0.42  999.90  999.90  999.90       0       0
 18.000   0.000   0.000  999.90  202.34    3.77   -0.40  999.90  999.90  999.90       0       0
 18.500   0.000   0.000  999.90  203.47    3.74   -0.41  999.90  999.90  999.90       0       0
 19.000   0.000   0.000  999.90  204.86    3.70   -0.44  999.90  999.90  999.90       0       0
 19.500   0.000   0.000  999.90  206.41    3.63   -0.47  999.90  999.90  999.90       0       0
 20.000   0.000   0.000  999.90  207.96    3.40   -0.52  999.90  999.90  999.90       0       0
 20.500   0.000   0.000  999.90  209.43    3.25   -0.51  999.90  999.90  999.90       0       0
 21.000   0.000   0.000  999.90  210.84    3.14   -0.50  999.90  999.90  999.90       0       0
 21.500   0.000   0.000  999.90  212.10    3.02   -0.50  999.90  999.90  999.90       0       0
 22.000   0.000   0.000  999.90  213.29    2.97   -0.46  999.90  999.90  999.90       0       0
 22.500   0.000   0.000  999.90  214.47    2.95   -0.44  999.90  999.90  999.90       0       0
 23.000   0.000   0.000  999.90  215.50    2.96   -0.44  999.90  999.90  999.90       0       0
 23.500   0.000   0.000  999.90  216.50    3.01   -0.43  999.90  999.90  999.90       0       0
 24.000   0.000   0.000  999.90  217.52    3.06   -0.43  999.90  999.90  999.90       0       0
 24.500   0.000   0.000  999.90  218.49    3.10   -0.45  999.90  999.90  999.90       0       0
 25.000   0.000   0.000  999.90  219.46    3.17   -0.45  999.90  999.90  999.90       0       0
 25.500   0.000   0.000  999.90  220.46    3.20   -0.47  999.90  999.90  999.90       0       0
 26.000   0.000   0.000  999.90  221.37    3.25   -0.46  999.90  999.90  999.90       0       0
 26.500   0.000   0.000  999.90  222.34    3.35   -0.45  999.90  999.90  999.90       0       0
 27.000   0.000   0.000  999.90  223.27    3.38   -0.47  999.90  999.90  999.90       0       0
 27.500   0.000   0.000  999.90  224.17    3.44   -0.47  999.90  999.90  999.90       0       0
 28.000   0.000   0.000  999.90  225.13    3.52   -0.45  999.90  999.90  999.90       0       0
 28.500   0.000   0.000  999.90  226.02    3.56   -0.48  999.90  999.90  999.90       0       0
 29.000   0.000   0.000  999.90  226.88    3.65   -0.49  999.90  999.90  999.90       0       0
 29.500   0.000   0.000  999.90  227.79    3.71   -0.45  999.90  999.90  999.90       0       0
 30.000   0.000   0.000  999.90  228.62    3.74   -0.45  999.90  999.90  999.90       0       0
