      72572      40.77N  111.97W
  T A B L E  III -   1.  M O I S T U R E  R E L A T E D  S T A T I S T I C A L  P A R A M E T E R S
                                   January
 STATION =   725720     DUGWAY PROVING GROUNDS
      Z VAPOR P   SD VP SKEW VP      TV      TV SKEW TV DEWPT T  SD DPT SKW DPT NOBS TP NOBS TV   
           MEAN                    MEAN      SD            MEAN                                   
     KM      MB      MB          KELVIN  KELVIN          KELVIN  KELVIN                           
  0.000  16.000   6.000    0.00  291.00    6.00    0.00  290.00    7.00    0.00     100     100
  1.289   4.424   1.416    0.34  272.97    5.42   -0.04  268.13    4.47   -0.40    1150    1150
  1.500   3.917   1.344    0.50  272.99    5.28   -0.05  266.48    4.63   -0.29    1149    1149
  2.000   3.278   1.303    0.57  272.01    5.27   -0.23  263.92    5.37   -0.44    1149    1149
  2.500   2.734   1.236    0.49  269.69    5.54   -0.32  261.24    6.48   -0.93    1148    1148
  3.000   2.204   1.159    0.44  267.04    5.62   -0.36  257.91    8.10   -1.20    1148    1148
  3.500   1.751   1.012    0.51  264.46    5.59   -0.40  254.72    8.80   -1.07    1148    1148
  4.000   1.352   0.865    0.65  261.77    5.57   -0.49  251.29    9.25   -0.84    1147    1147
  4.500   1.055   0.704    0.75  258.82    5.55   -0.53  248.25    9.43   -0.83    1147    1147
  5.000   0.795   0.548    0.87  255.65    5.57   -0.54  245.00    9.39   -0.85    1148    1148
  5.500   0.595   0.428    0.86  252.36    5.58   -0.56  241.59    9.74   -0.90    1148    1148
  6.000   0.422   0.309    0.95  248.90    5.62   -0.52  238.06    9.33   -0.81    1148    1148
  6.500   0.299   0.223    1.03  245.36    5.57   -0.46  234.54    9.15   -0.79    1149    1149
  7.000   0.208   0.158    1.09  241.75    5.46   -0.39  230.98    9.06   -0.84    1144    1144
  7.500   0.137   0.107    1.22  238.11    5.30   -0.26  227.21    8.72   -0.83    1134    1134
  8.000   0.087   0.070    1.48  234.39    5.07   -0.16  223.49    8.14   -0.79    1110    1110
  8.500   0.054   0.046    1.63  230.74    4.72   -0.06  219.70    7.58   -0.69    1077    1077
  9.000   0.035   0.029    1.75  227.23    4.28    0.05  216.29    6.94   -0.64    1071    1071
  9.500   0.022   0.019    1.80  223.96    3.84    0.17  213.12    6.35   -0.65    1045    1045
 10.000   0.015   0.012    1.78  221.07    3.60    0.39  210.37    5.62   -0.72    1040    1040
 10.500 999.900 999.900  999.90  218.73    4.03    0.65  208.11    5.30   -0.86     836     836
 11.000 999.900 999.900  999.90  217.23    4.91    0.66  206.30    5.56   -0.86     597     597
 11.500 999.900 999.900  999.90  216.50    5.99    0.38  205.54    6.07   -0.78     577     577
 12.000 999.900 999.900  999.90  216.40    6.60    0.02  205.04    6.21   -0.63     638     638
 12.500 999.900 999.900  999.90  216.79    6.45   -0.36  204.35    6.32   -0.63     703     703
 13.000 999.900 999.900  999.90  217.12    5.89   -0.62  203.63    6.33   -0.55     757     757
 13.500 999.900 999.900  999.90  217.04    5.04   -0.74  202.61    6.36   -0.50     789     789
 14.000 999.900 999.900  999.90  216.59    4.52   -0.66  201.96    6.46   -0.46     740     740
 14.500 999.900 999.900  999.90  215.84    4.21   -0.34  201.19    6.70   -0.41     668     668
 15.000 999.900 999.900  999.90  214.93    4.12   -0.16  200.56    6.85   -0.37     568     568
 15.500 999.900 999.900  999.90  213.98    4.05   -0.03  199.93    7.01   -0.39     519     519
 16.000 999.900 999.900  999.90  213.24    4.09    0.04  199.73    6.82   -0.35     468     468
 16.500 999.900 999.900  999.90  212.60    4.20   -0.13  199.59    6.70   -0.50     379     379
 17.000 999.900 999.900  999.90  212.18    4.30   -0.27  199.66    6.50   -0.62     335     335
 17.500 999.900 999.900  999.90  211.83    4.12   -0.40  199.29    6.63   -0.60     321     321
 18.000 999.900 999.900  999.90  211.60    4.01   -0.31  199.27    6.64   -0.62     311     311
 18.500 999.900 999.900  999.90  211.49    3.91   -0.39  199.07    6.31   -0.66     284     284
 19.000 999.900 999.900  999.90  211.42    3.86   -0.32  198.99    6.28   -0.72     265     265
 19.500 999.900 999.900  999.90  211.53    3.81   -0.29  199.11    6.13   -0.82     278     278
 20.000 999.900 999.900  999.90  211.71    3.81   -0.31  199.12    6.33   -0.74     303     303
 20.500 999.900 999.900  999.90  211.90    3.78   -0.26  199.03    6.43   -0.72     325     325
 21.000 999.900 999.900  999.90  212.16    3.82   -0.28  199.41    6.39   -0.76     313     313
 21.500 999.900 999.900  999.90  212.49    3.92   -0.40  199.41    6.51   -0.73     334     334
 22.000 999.900 999.900  999.90  212.75    4.03   -0.44  199.58    6.54   -0.71     372     372
 22.500 999.900 999.900  999.90  212.99    4.06   -0.43  199.13    6.90   -0.58     396     396
 23.000 999.900 999.900  999.90  213.24    4.13   -0.46  199.11    6.91   -0.48     425     425
 23.500 999.900 999.900  999.90  213.46    4.30   -0.54  199.07    6.99   -0.44     460     460
 24.000 999.900 999.900  999.90  213.64    4.36   -0.48  198.98    7.14   -0.42     488     488
 24.500 999.900 999.900  999.90  213.89    4.37   -0.50  198.80    7.14   -0.37     490     490
 25.000 999.900 999.900  999.90  214.19    4.48   -0.46  198.64    7.21   -0.31     507     507
 25.500 999.900 999.900  999.90  214.43    4.62   -0.43  198.43    7.32   -0.22     519     519
 26.000 999.900 999.900  999.90  214.75    4.69   -0.39  198.39    7.45   -0.15     526     526
 26.500 999.900 999.900  999.90  215.10    4.80   -0.37  198.18    7.53   -0.04     556     556
 27.000 999.900 999.900  999.90  215.56    4.91   -0.40  198.20    7.54    0.02     556     556
 27.500 999.900 999.900  999.90  216.08    4.91   -0.38  197.94    7.74    0.08     573     573
 28.000 999.900 999.900  999.90  216.54    4.95   -0.38  197.79    7.73    0.16     578     578
 28.500 999.900 999.900  999.90  217.17    5.06   -0.40  197.56    7.85    0.26     598     598
 29.000 999.900 999.900  999.90  217.92    5.04   -0.31  197.65    7.98    0.32     602     602
 29.500 999.900 999.900  999.90  218.72    5.22   -0.37  197.94    8.05    0.40     583     583
 30.000 999.900 999.900  999.90  219.82    5.39   -0.23  198.32    8.33    0.40     536     536
  T A B L E  III -   2.  M O I S T U R E  R E L A T E D  S T A T I S T I C A L  P A R A M E T E R S
                                  February
 STATION =   725720     DUGWAY PROVING GROUNDS
      Z VAPOR P   SD VP SKEW VP      TV      TV SKEW TV DEWPT T  SD DPT SKW DPT NOBS TP NOBS TV   
           MEAN                    MEAN      SD            MEAN                                   
     KM      MB      MB          KELVIN  KELVIN          KELVIN  KELVIN                           
  0.000  16.000   6.000    0.00  291.00    6.00    0.00  290.00    7.00    0.00     100     100
  1.289   4.739   1.428    0.18  275.40    5.48   -0.00  269.10    4.32   -0.60    1082    1082
  1.500   4.111   1.356    0.27  275.14    4.84    0.07  267.12    4.61   -0.47    1082    1082
  2.000   3.346   1.238    0.36  272.74    4.84    0.03  264.28    5.07   -0.44    1082    1082
  2.500   2.756   1.150    0.23  269.57    4.88   -0.03  261.42    6.35   -1.27    1082    1082
  3.000   2.199   1.047    0.19  266.41    4.88   -0.11  258.10    7.74   -1.51    1082    1082
  3.500   1.692   0.921    0.30  263.52    4.86   -0.19  254.40    8.85   -1.42    1079    1079
  4.000   1.277   0.763    0.40  260.56    4.86   -0.24  250.79    9.21   -1.13    1077    1077
  4.500   0.942   0.615    0.57  257.50    4.91   -0.31  246.98    9.57   -0.97    1076    1076
  5.000   0.684   0.470    0.73  254.24    4.98   -0.34  243.31    9.56   -0.91    1077    1077
  5.500   0.506   0.355    0.82  250.91    5.05   -0.36  240.05    9.35   -0.86    1079    1079
  6.000   0.364   0.259    0.91  247.40    5.09   -0.31  236.75    8.94   -0.83    1078    1078
  6.500   0.254   0.189    1.06  243.81    5.09   -0.22  233.13    8.73   -0.74    1078    1078
  7.000   0.171   0.130    1.14  240.15    5.03   -0.13  229.44    8.42   -0.73    1070    1070
  7.500   0.115   0.092    1.23  236.42    4.97   -0.05  225.88    8.18   -0.68    1053    1053
  8.000   0.075   0.062    1.30  232.68    4.79    0.02  222.34    7.66   -0.56    1038    1038
  8.500   0.048   0.040    1.42  229.03    4.47    0.12  218.77    7.08   -0.50    1028    1028
  9.000   0.031   0.025    1.46  225.60    3.99    0.21  215.45    6.42   -0.56    1013    1013
  9.500   0.019   0.016    1.37  222.47    3.64    0.11  212.45    5.92   -0.61     962     962
 10.000   0.013   0.010    1.14  219.87    3.57    0.16  209.83    5.33   -0.83     944     944
 10.500 999.900 999.900  999.90  218.03    4.03    0.43  207.84    5.28   -1.08     712     712
 11.000 999.900 999.900  999.90  216.95    4.99    0.52  206.44    5.41   -0.79     588     588
 11.500 999.900 999.900  999.90  216.85    5.75    0.19  205.84    5.80   -0.75     613     613
 12.000 999.900 999.900  999.90  217.45    5.97   -0.24  205.42    5.92   -0.64     725     725
 12.500 999.900 999.900  999.90  218.15    5.59   -0.60  204.75    6.21   -0.56     788     788
 13.000 999.900 999.900  999.90  218.41    4.97   -0.92  203.86    6.37   -0.52     834     834
 13.500 999.900 999.900  999.90  218.27    4.30   -0.91  202.85    6.51   -0.47     864     864
 14.000 999.900 999.900  999.90  217.79    3.74   -0.54  201.85    6.63   -0.40     829     829
 14.500 999.900 999.900  999.90  217.01    3.58   -0.29  201.04    6.72   -0.32     769     769
 15.000 999.900 999.900  999.90  216.12    3.57   -0.28  200.20    6.70   -0.18     687     687
 15.500 999.900 999.900  999.90  215.27    3.63   -0.12  199.75    6.72   -0.16     639     639
 16.000 999.900 999.900  999.90  214.57    3.70   -0.06  199.33    6.83   -0.10     592     592
 16.500 999.900 999.900  999.90  214.11    3.72   -0.06  199.29    6.92   -0.09     488     488
 17.000 999.900 999.900  999.90  213.64    3.73   -0.20  198.88    6.98   -0.13     447     447
 17.500 999.900 999.900  999.90  213.29    3.75   -0.25  198.56    6.97   -0.13     402     402
 18.000 999.900 999.900  999.90  212.95    3.58   -0.25  198.32    6.87   -0.15     395     395
 18.500 999.900 999.900  999.90  212.85    3.43   -0.34  198.41    6.79   -0.13     334     334
 19.000 999.900 999.900  999.90  212.74    3.31   -0.32  198.13    6.86   -0.12     315     315
 19.500 999.900 999.900  999.90  212.80    3.30   -0.41  197.79    6.80   -0.09     320     320
 20.000 999.900 999.900  999.90  212.91    3.26   -0.41  197.49    6.95   -0.09     340     340
 20.500 999.900 999.900  999.90  212.97    3.23   -0.44  197.33    6.85   -0.08     394     394
 21.000 999.900 999.900  999.90  212.98    3.36   -0.53  197.12    6.68    0.06     388     388
 21.500 999.900 999.900  999.90  213.06    3.38   -0.60  197.20    6.85    0.05     376     376
 22.000 999.900 999.900  999.90  213.22    3.47   -0.63  197.41    6.89   -0.01     388     388
 22.500 999.900 999.900  999.90  213.41    3.54   -0.56  197.17    6.83    0.04     415     415
 23.000 999.900 999.900  999.90  213.64    3.61   -0.53  196.97    6.96    0.13     445     445
 23.500 999.900 999.900  999.90  213.85    3.70   -0.60  196.99    6.93    0.08     486     486
 24.000 999.900 999.900  999.90  214.18    3.78   -0.63  197.06    6.99    0.14     524     524
 24.500 999.900 999.900  999.90  214.50    3.80   -0.62  197.14    7.05    0.14     538     538
 25.000 999.900 999.900  999.90  214.88    3.84   -0.62  197.20    7.22    0.13     560     560
 25.500 999.900 999.900  999.90  215.34    3.94   -0.56  197.27    7.32    0.15     586     586
 26.000 999.900 999.900  999.90  215.82    3.88   -0.41  197.22    7.37    0.18     620     620
 26.500 999.900 999.900  999.90  216.25    3.93   -0.25  196.75    7.40    0.26     658     658
 27.000 999.900 999.900  999.90  216.77    3.94   -0.03  196.69    7.52    0.26     665     665
 27.500 999.900 999.900  999.90  217.43    4.03    0.08  196.91    7.58    0.31     668     668
 28.000 999.900 999.900  999.90  217.97    4.17    0.06  196.97    7.54    0.33     676     676
 28.500 999.900 999.900  999.90  218.58    4.29    0.09  197.02    7.52    0.38     679     679
 29.000 999.900 999.900  999.90  219.43    4.34    0.31  197.18    7.39    0.37     679     679
 29.500 999.900 999.900  999.90  220.27    4.47    0.31  197.51    7.42    0.36     643     643
 30.000 999.900 999.900  999.90  221.12    4.70    0.34  197.79    7.41    0.35     600     600
  T A B L E  III -   3.  M O I S T U R E  R E L A T E D  S T A T I S T I C A L  P A R A M E T E R S
                                     March
 STATION =   725720     DUGWAY PROVING GROUNDS
      Z VAPOR P   SD VP SKEW VP      TV      TV SKEW TV DEWPT T  SD DPT SKW DPT NOBS TP NOBS TV   
           MEAN                    MEAN      SD            MEAN                                   
     KM      MB      MB          KELVIN  KELVIN          KELVIN  KELVIN                           
  0.000  16.000   6.000    0.00  291.00    6.00    0.00  290.00    7.00    0.00     100     100
  1.289   5.218   1.568    0.53  280.46    6.27    0.43  270.44    4.14   -0.20    1120    1120
  1.500   4.270   1.494    0.40  279.89    5.62    0.24  267.54    4.87   -0.38    1120    1120
  2.000   3.517   1.284    0.42  276.53    5.64    0.10  264.95    4.99   -0.42    1120    1120
  2.500   2.923   1.126    0.40  272.77    5.62    0.01  262.44    5.45   -0.89    1120    1120
  3.000   2.381   1.035    0.23  269.11    5.51   -0.11  259.45    6.82   -1.56    1119    1119
  3.500   1.857   0.950    0.23  265.77    5.31   -0.27  255.76    8.50   -1.56    1116    1116
  4.000   1.409   0.822    0.43  262.56    5.20   -0.44  251.98    9.33   -1.37    1115    1115
  4.500   1.046   0.664    0.58  259.32    5.18   -0.56  248.21    9.62   -1.16    1117    1117
  5.000   0.768   0.510    0.70  256.03    5.22   -0.65  244.70    9.42   -1.00    1117    1117
  5.500   0.566   0.389    0.81  252.66    5.23   -0.68  241.35    9.26   -0.93    1117    1117
  6.000   0.403   0.289    1.00  249.15    5.22   -0.70  237.72    9.07   -0.83    1119    1119
  6.500   0.286   0.209    1.06  245.56    5.21   -0.73  234.18    9.00   -0.83    1119    1119
  7.000   0.198   0.150    1.23  241.85    5.20   -0.70  230.65    8.77   -0.82    1117    1117
  7.500   0.134   0.105    1.43  238.15    5.13   -0.67  226.96    8.38   -0.69    1118    1118
  8.000   0.089   0.071    1.53  234.45    4.87   -0.48  223.38    7.99   -0.65    1112    1112
  8.500   0.056   0.045    1.60  230.79    4.45   -0.17  219.88    7.30   -0.61    1088    1088
  9.000   0.037   0.029    1.65  227.25    3.94    0.08  216.62    6.62   -0.63    1080    1080
  9.500   0.024   0.018    1.75  223.92    3.53    0.17  213.54    5.98   -0.64    1064    1064
 10.000   0.016   0.011    1.65  220.94    3.34    0.33  210.73    5.30   -0.80    1053    1053
 10.500 999.900 999.900  999.90  218.40    3.67    0.70  208.43    5.07   -0.79     786     786
 11.000 999.900 999.900  999.90  216.45    4.46    0.88  206.45    5.29   -0.72     558     558
 11.500 999.900 999.900  999.90  215.50    5.45    0.59  205.83    5.80   -0.64     526     526
 12.000 999.900 999.900  999.90  215.43    6.09    0.17  205.43    5.90   -0.74     594     594
 12.500 999.900 999.900  999.90  216.00    6.17   -0.28  204.99    5.97   -0.76     677     677
 13.000 999.900 999.900  999.90  216.73    5.38   -0.59  204.26    6.04   -0.73     761     761
 13.500 999.900 999.900  999.90  216.94    4.40   -0.52  203.19    6.08   -0.63     827     827
 14.000 999.900 999.900  999.90  216.66    3.87   -0.27  202.35    6.28   -0.60     787     787
 14.500 999.900 999.900  999.90  216.08    3.66   -0.13  201.63    6.45   -0.54     718     718
 15.000 999.900 999.900  999.90  215.45    3.63   -0.02  200.96    6.61   -0.49     660     660
 15.500 999.900 999.900  999.90  214.78    3.69    0.01  200.54    6.55   -0.43     605     605
 16.000 999.900 999.900  999.90  214.20    3.72   -0.06  200.08    6.47   -0.38     580     580
 16.500 999.900 999.900  999.90  213.70    3.69   -0.15  199.74    6.39   -0.38     468     468
 17.000 999.900 999.900  999.90  213.29    3.59   -0.22  199.39    6.49   -0.32     411     411
 17.500 999.900 999.900  999.90  213.03    3.44   -0.21  198.72    6.64   -0.21     392     392
 18.000 999.900 999.900  999.90  212.79    3.37   -0.20  198.60    6.68   -0.30     395     395
 18.500 999.900 999.900  999.90  212.69    3.21   -0.21  198.96    6.82   -0.47     345     345
 19.000 999.900 999.900  999.90  212.63    3.01   -0.20  198.63    6.85   -0.43     312     312
 19.500 999.900 999.900  999.90  212.64    2.90   -0.20  198.78    6.72   -0.42     293     293
 20.000 999.900 999.900  999.90  212.76    2.85   -0.19  198.37    6.79   -0.38     328     328
 20.500 999.900 999.900  999.90  212.88    2.80   -0.07  198.42    6.77   -0.44     390     390
 21.000 999.900 999.900  999.90  213.00    2.81   -0.18  198.60    6.63   -0.40     358     358
 21.500 999.900 999.900  999.90  213.27    2.82   -0.08  198.64    6.81   -0.44     368     368
 22.000 999.900 999.900  999.90  213.57    2.83   -0.02  198.61    6.84   -0.37     403     403
 22.500 999.900 999.900  999.90  213.78    2.80    0.04  198.32    6.97   -0.30     449     449
 23.000 999.900 999.900  999.90  214.07    2.74    0.03  198.25    7.15   -0.28     499     499
 23.500 999.900 999.900  999.90  214.39    2.81    0.04  198.09    7.25   -0.25     559     559
 24.000 999.900 999.900  999.90  214.70    2.74   -0.02  198.10    7.18   -0.23     627     627
 24.500 999.900 999.900  999.90  215.05    2.78    0.04  197.90    7.34   -0.16     639     639
 25.000 999.900 999.900  999.90  215.44    2.83    0.12  197.69    7.47   -0.10     676     676
 25.500 999.900 999.900  999.90  215.95    2.89    0.18  197.57    7.57   -0.04     736     736
 26.000 999.900 999.900  999.90  216.45    3.01    0.29  197.57    7.72    0.00     774     774
 26.500 999.900 999.900  999.90  216.92    3.14    0.24  197.51    7.72    0.09     814     814
 27.000 999.900 999.900  999.90  217.46    3.15    0.15  197.31    7.80    0.16     817     817
 27.500 999.900 999.900  999.90  218.06    3.30    0.14  197.50    7.84    0.21     815     815
 28.000 999.900 999.900  999.90  218.73    3.43    0.08  197.44    7.91    0.24     819     819
 28.500 999.900 999.900  999.90  219.50    3.64    0.07  197.52    7.98    0.31     812     812
 29.000 999.900 999.900  999.90  220.32    3.77    0.07  197.71    8.14    0.35     795     795
 29.500 999.900 999.900  999.90  221.20    3.99    0.13  197.97    8.26    0.38     749     749
 30.000 999.900 999.900  999.90  222.29    4.19    0.30  198.28    8.25    0.44     691     691
  T A B L E  III -   4.  M O I S T U R E  R E L A T E D  S T A T I S T I C A L  P A R A M E T E R S
                                     April
 STATION =   725720     DUGWAY PROVING GROUNDS
      Z VAPOR P   SD VP SKEW VP      TV      TV SKEW TV DEWPT T  SD DPT SKW DPT NOBS TP NOBS TV   
           MEAN                    MEAN      SD            MEAN                                   
     KM      MB      MB          KELVIN  KELVIN          KELVIN  KELVIN                           
  0.000  16.000   6.000    0.00  291.00    6.00    0.00  290.00    7.00    0.00     100     100
  1.289   5.968   1.675    0.22  283.82    6.51    0.55  272.31    4.06   -0.46    1051    1051
  1.500   4.875   1.637    0.31  283.03    5.89    0.35  269.33    4.88   -0.67    1051    1051
  2.000   4.014   1.389    0.28  279.41    5.88    0.23  266.70    5.02   -0.82    1051    1051
  2.500   3.392   1.173    0.27  275.45    5.80    0.16  264.53    4.89   -0.73    1051    1051
  3.000   2.823   1.032    0.15  271.53    5.60    0.08  262.02    5.52   -1.37    1051    1051
  3.500   2.219   0.959    0.05  267.80    5.31   -0.04  258.45    7.26   -1.78    1051    1051
  4.000   1.654   0.839    0.14  264.31    5.06   -0.19  254.33    8.45   -1.54    1050    1050
  4.500   1.229   0.706    0.39  260.88    4.89   -0.34  250.50    8.87   -1.24    1049    1049
  5.000   0.902   0.568    0.59  257.49    4.84   -0.46  246.66    9.27   -1.15    1049    1049
  5.500   0.646   0.428    0.79  254.02    4.91   -0.56  242.89    9.30   -1.15    1048    1048
  6.000   0.459   0.312    0.93  250.47    4.94   -0.54  239.30    8.98   -1.08    1048    1048
  6.500   0.313   0.219    0.99  246.86    4.93   -0.47  235.37    8.74   -0.98    1047    1047
  7.000   0.213   0.154    1.11  243.17    4.93   -0.43  231.54    8.55   -0.93    1047    1047
  7.500   0.143   0.106    1.24  239.47    4.82   -0.40  227.80    8.36   -0.97    1044    1044
  8.000   0.094   0.071    1.29  235.73    4.68   -0.37  224.07    8.08   -0.99    1035    1035
  8.500   0.060   0.046    1.29  232.01    4.43   -0.32  220.42    7.61   -0.96    1025    1025
  9.000   0.038   0.029    1.40  228.50    4.04   -0.30  216.87    7.12   -0.96    1012    1012
  9.500   0.025   0.018    1.52  225.26    3.62   -0.19  213.67    6.48   -1.00    1003    1003
 10.000   0.016   0.011    1.26  222.40    3.23    0.22  210.77    5.76   -1.08     998     998
 10.500   0.010   0.008    0.93  220.02    3.43    0.77  208.17    5.38   -1.17     888     888
 11.000 999.900 999.900  999.90  218.15    4.28    0.79  205.95    5.66   -0.91     677     677
 11.500 999.900 999.900  999.90  216.89    5.27    0.52  204.73    6.22   -0.66     594     594
 12.000 999.900 999.900  999.90  216.38    5.93    0.18  203.99    6.73   -0.57     598     598
 12.500 999.900 999.900  999.90  216.54    6.16   -0.20  203.46    7.07   -0.57     639     639
 13.000 999.900 999.900  999.90  216.92    5.63   -0.49  202.68    7.11   -0.55     686     686
 13.500 999.900 999.900  999.90  217.22    4.79   -0.56  201.97    7.04   -0.50     754     754
 14.000 999.900 999.900  999.90  217.01    4.19   -0.34  201.09    7.12   -0.41     739     739
 14.500 999.900 999.900  999.90  216.61    3.80   -0.12  200.33    7.22   -0.36     714     714
 15.000 999.900 999.900  999.90  216.05    3.65   -0.14  199.74    7.34   -0.33     673     673
 15.500 999.900 999.900  999.90  215.44    3.55   -0.17  199.17    7.42   -0.30     630     630
 16.000 999.900 999.900  999.90  214.96    3.46   -0.20  198.71    7.45   -0.29     615     615
 16.500 999.900 999.900  999.90  214.48    3.42   -0.20  198.58    7.16   -0.19     516     516
 17.000 999.900 999.900  999.90  214.07    3.36   -0.14  198.44    7.26   -0.24     438     438
 17.500 999.900 999.900  999.90  213.69    3.15   -0.10  198.62    7.08   -0.41     391     391
 18.000 999.900 999.900  999.90  213.45    2.94   -0.16  198.35    7.07   -0.41     386     386
 18.500 999.900 999.900  999.90  213.19    2.78   -0.20  197.81    7.34   -0.45     380     380
 19.000 999.900 999.900  999.90  213.13    2.65   -0.10  198.42    7.16   -0.55     303     303
 19.500 999.900 999.900  999.90  213.02    2.59   -0.22  198.36    7.26   -0.55     289     289
 20.000 999.900 999.900  999.90  213.15    2.56   -0.18  198.38    7.37   -0.54     336     336
 20.500 999.900 999.900  999.90  213.40    2.43   -0.12  198.07    7.45   -0.50     408     408
 21.000 999.900 999.900  999.90  213.63    2.44   -0.08  198.30    7.29   -0.55     408     408
 21.500 999.900 999.900  999.90  213.97    2.38   -0.05  198.20    7.37   -0.49     448     448
 22.000 999.900 999.900  999.90  214.35    2.38   -0.19  197.50    7.61   -0.38     502     502
 22.500 999.900 999.900  999.90  214.80    2.40   -0.11  197.45    7.65   -0.32     556     556
 23.000 999.900 999.900  999.90  215.25    2.39    0.03  197.25    7.58   -0.23     617     617
 23.500 999.900 999.900  999.90  215.78    2.43    0.13  197.21    7.41   -0.16     688     688
 24.000 999.900 999.900  999.90  216.30    2.55    0.16  197.10    7.24   -0.01     797     797
 24.500 999.900 999.900  999.90  216.93    2.75    0.44  197.32    7.27    0.05     806     806
 25.000 999.900 999.900  999.90  217.55    2.84    0.48  197.27    7.36    0.10     829     829
 25.500 999.900 999.900  999.90  218.25    2.95    0.35  197.39    7.43    0.16     850     850
 26.000 999.900 999.900  999.90  218.96    3.09    0.55  197.48    7.50    0.26     864     864
 26.500 999.900 999.900  999.90  219.69    3.23    0.55  197.58    7.56    0.31     885     885
 27.000 999.900 999.900  999.90  220.41    3.29    0.48  197.77    7.50    0.35     871     871
 27.500 999.900 999.900  999.90  221.31    3.40    0.30  198.00    7.48    0.43     854     854
 28.000 999.900 999.900  999.90  222.27    3.67    0.42  198.36    7.55    0.47     847     847
 28.500 999.900 999.900  999.90  223.17    3.59    0.53  198.52    7.58    0.50     829     829
 29.000 999.900 999.900  999.90  224.20    3.66    0.56  198.91    7.68    0.58     802     802
 29.500 999.900 999.900  999.90  225.28    3.79    0.66  199.32    7.68    0.65     773     773
 30.000 999.900 999.900  999.90  226.36    3.88    0.65  199.68    7.59    0.72     715     715
  T A B L E  III -   5.  M O I S T U R E  R E L A T E D  S T A T I S T I C A L  P A R A M E T E R S
                                       May
 STATION =   725720     DUGWAY PROVING GROUNDS
      Z VAPOR P   SD VP SKEW VP      TV      TV SKEW TV DEWPT T  SD DPT SKW DPT NOBS TP NOBS TV   
           MEAN                    MEAN      SD            MEAN                                   
     KM      MB      MB          KELVIN  KELVIN          KELVIN  KELVIN                           
  0.000  16.000   6.000    0.00  291.00    6.00    0.00  290.00    7.00    0.00     100     100
  1.289   7.489   2.294    0.34  289.35    7.10    0.42  275.36    4.53   -0.43    1122    1122
  1.500   6.040   2.203    0.18  288.65    6.18    0.14  272.10    5.58   -0.83    1119    1119
  2.000   4.914   1.846    0.01  285.09    6.09   -0.06  269.18    5.97   -1.18    1119    1119
  2.500   4.171   1.556   -0.01  281.12    6.04   -0.13  266.96    6.12   -1.65    1120    1120
  3.000   3.570   1.339   -0.03  277.07    5.83   -0.17  264.88    6.30   -1.92    1120    1120
  3.500   2.954   1.204    0.01  273.14    5.51   -0.23  262.12    7.31   -2.17    1121    1121
  4.000   2.364   1.092    0.09  269.31    5.13   -0.30  258.93    8.27   -1.95    1119    1119
  4.500   1.826   0.957    0.14  265.63    4.78   -0.37  255.25    9.30   -1.65    1118    1118
  5.000   1.370   0.808    0.37  262.10    4.56   -0.47  251.50    9.60   -1.32    1118    1118
  5.500   0.976   0.642    0.62  258.64    4.47   -0.52  247.24    9.88   -1.06    1118    1118
  6.000   0.679   0.486    0.84  255.20    4.49   -0.56  242.98    9.90   -0.88    1119    1119
  6.500   0.469   0.344    1.01  251.67    4.59   -0.57  239.07    9.63   -0.89    1119    1119
  7.000   0.324   0.242    1.12  248.07    4.67   -0.60  235.33    9.33   -0.90    1119    1119
  7.500   0.222   0.164    1.17  244.36    4.73   -0.58  231.76    8.86   -0.92    1118    1118
  8.000   0.150   0.112    1.25  240.58    4.68   -0.53  228.18    8.43   -0.88    1115    1115
  8.500   0.101   0.077    1.26  236.78    4.54   -0.45  224.67    8.07   -0.82    1113    1113
  9.000   0.066   0.050    1.31  233.00    4.27   -0.35  221.10    7.50   -0.82    1107    1107
  9.500   0.042   0.031    1.38  229.37    3.82   -0.16  217.67    6.79   -0.81    1086    1086
 10.000   0.027   0.019    1.45  225.92    3.39    0.04  214.52    5.96   -0.78    1076    1076
 10.500   0.018   0.012    1.71  222.80    3.23    0.21  211.55    5.34   -0.78    1055    1055
 11.000 999.900 999.900  999.90  220.04    3.47    0.68  208.74    5.19   -0.84     852     852
 11.500 999.900 999.900  999.90  217.81    4.16    0.87  206.60    5.27   -0.73     725     725
 12.000 999.900 999.900  999.90  216.35    4.96    0.72  205.13    5.64   -0.73     647     647
 12.500 999.900 999.900  999.90  215.59    5.60    0.39  203.91    6.19   -0.57     574     574
 13.000 999.900 999.900  999.90  215.52    5.68    0.06  203.12    6.54   -0.59     619     619
 13.500 999.900 999.900  999.90  215.85    5.26   -0.27  202.33    6.66   -0.59     699     699
 14.000 999.900 999.900  999.90  215.86    4.72   -0.53  201.59    6.72   -0.57     725     725
 14.500 999.900 999.900  999.90  215.53    4.12   -0.50  200.66    6.99   -0.51     696     696
 15.000 999.900 999.900  999.90  214.99    3.81   -0.33  199.75    7.14   -0.42     645     645
 15.500 999.900 999.900  999.90  214.34    3.62   -0.30  199.24    7.44   -0.47     589     589
 16.000 999.900 999.900  999.90  213.79    3.63   -0.33  198.92    7.44   -0.42     550     550
 16.500 999.900 999.900  999.90  213.41    3.57   -0.42  198.76    7.66   -0.37     453     453
 17.000 999.900 999.900  999.90  213.03    3.43   -0.22  198.62    7.53   -0.40     390     390
 17.500 999.900 999.900  999.90  212.80    3.29   -0.24  198.45    7.56   -0.45     352     352
 18.000 999.900 999.900  999.90  212.62    3.09   -0.17  198.30    7.43   -0.43     323     323
 18.500 999.900 999.900  999.90  212.60    2.87   -0.13  197.94    7.30   -0.36     351     351
 19.000 999.900 999.900  999.90  212.76    2.59   -0.02  198.02    7.26   -0.34     308     308
 19.500 999.900 999.900  999.90  213.09    2.46    0.03  198.08    7.32   -0.34     332     332
 20.000 999.900 999.900  999.90  213.49    2.33    0.03  197.80    7.52   -0.30     402     402
 20.500 999.900 999.900  999.90  214.00    2.20    0.04  197.65    7.44   -0.27     516     516
 21.000 999.900 999.900  999.90  214.61    2.13    0.11  197.35    7.57   -0.15     647     647
 21.500 999.900 999.900  999.90  215.25    2.06    0.14  197.27    7.57   -0.08     718     718
 22.000 999.900 999.900  999.90  215.86    2.04    0.16  197.18    7.55   -0.02     806     806
 22.500 999.900 999.900  999.90  216.50    2.02    0.11  197.35    7.57   -0.00     874     874
 23.000 999.900 999.900  999.90  217.20    1.99    0.03  197.51    7.62    0.06     934     934
 23.500 999.900 999.900  999.90  217.96    1.98   -0.02  197.67    7.71    0.12     967     967
 24.000 999.900 999.900  999.90  218.75    2.02   -0.05  197.86    7.83    0.18    1000    1000
 24.500 999.900 999.900  999.90  219.48    2.14    0.08  197.88    7.86    0.32    1008    1008
 25.000 999.900 999.900  999.90  220.25    2.16    0.01  197.95    7.96    0.40    1005    1005
 25.500 999.900 999.900  999.90  221.09    2.18   -0.05  198.10    8.09    0.45     999     999
 26.000 999.900 999.900  999.90  221.96    2.22   -0.03  198.34    8.22    0.51     993     993
 26.500 999.900 999.900  999.90  222.91    2.26   -0.16  198.66    8.32    0.57     987     987
 27.000 999.900 999.900  999.90  223.77    2.32   -0.10  198.99    8.40    0.62     979     979
 27.500 999.900 999.900  999.90  224.65    2.37   -0.07  199.33    8.39    0.65     964     964
 28.000 999.900 999.900  999.90  225.59    2.40   -0.11  199.80    8.44    0.69     954     954
 28.500 999.900 999.900  999.90  226.59    2.46   -0.07  200.25    8.45    0.73     927     927
 29.000 999.900 999.900  999.90  227.50    2.51   -0.10  200.69    8.40    0.76     895     895
 29.500 999.900 999.900  999.90  228.41    2.58   -0.14  201.10    8.26    0.82     858     858
 30.000 999.900 999.900  999.90  229.40    2.62   -0.19  201.59    8.14    0.86     792     792
  T A B L E  III -   6.  M O I S T U R E  R E L A T E D  S T A T I S T I C A L  P A R A M E T E R S
                                      June
 STATION =   725720     DUGWAY PROVING GROUNDS
      Z VAPOR P   SD VP SKEW VP      TV      TV SKEW TV DEWPT T  SD DPT SKW DPT NOBS TP NOBS TV   
           MEAN                    MEAN      SD            MEAN                                   
     KM      MB      MB          KELVIN  KELVIN          KELVIN  KELVIN                           
  0.000  16.000   6.000    0.00  291.00    6.00    0.00  290.00    7.00    0.00     100     100
  1.289   8.501   2.570    0.25  294.97    7.49    0.24  277.17    4.54   -0.38    1063    1063
  1.500   6.824   2.505    0.17  294.42    6.12   -0.14  273.76    5.79   -1.00    1060    1060
  2.000   5.499   2.154    0.12  290.96    5.78   -0.41  270.59    6.38   -1.25    1060    1060
  2.500   4.656   1.811    0.07  287.06    5.68   -0.52  268.32    6.32   -1.27    1062    1062
  3.000   4.043   1.581    0.06  282.98    5.46   -0.56  266.45    6.29   -1.34    1062    1062
  3.500   3.357   1.391    0.05  278.97    5.11   -0.61  263.81    6.97   -1.62    1062    1062
  4.000   2.719   1.253    0.09  275.04    4.66   -0.66  260.80    7.82   -1.57    1060    1060
  4.500   2.206   1.098    0.10  271.16    4.22   -0.73  257.82    8.69   -1.60    1060    1060
  5.000   1.726   0.924    0.18  267.36    3.87   -0.79  254.57    9.10   -1.45    1060    1060
  5.500   1.279   0.755    0.33  263.68    3.68   -0.82  250.74    9.36   -1.19    1060    1060
  6.000   0.888   0.596    0.61  260.15    3.65   -0.80  246.13    9.75   -0.90    1061    1061
  6.500   0.601   0.424    0.78  256.70    3.63   -0.81  241.79    9.62   -0.84    1059    1059
  7.000   0.417   0.301    0.98  253.14    3.67   -0.84  238.05    9.24   -0.83    1058    1058
  7.500   0.286   0.208    1.18  249.51    3.72   -0.84  234.43    8.71   -0.83    1057    1057
  8.000   0.197   0.139    1.21  245.72    3.72   -0.72  230.95    8.23   -0.89    1057    1057
  8.500   0.133   0.092    1.17  241.85    3.66   -0.64  227.47    7.78   -0.95    1053    1053
  9.000   0.089   0.061    1.19  237.94    3.51   -0.47  223.98    7.36   -1.01    1051    1051
  9.500   0.058   0.040    1.10  234.03    3.39   -0.40  220.58    6.86   -1.04    1037    1037
 10.000   0.038   0.026    1.18  230.19    3.25   -0.30  217.29    6.13   -0.95    1022    1022
 10.500   0.025   0.016    1.13  226.54    3.09   -0.11  214.14    5.41   -0.94    1015    1015
 11.000   0.015   0.011    0.92  223.22    2.98    0.19  211.15    4.86   -0.99     942     942
 11.500   0.010   0.007    0.80  220.34    3.20    0.44  208.49    4.46   -1.00     904     904
 12.000 999.900 999.900  999.90  218.09    3.72    0.64  206.26    4.25   -0.89     866     866
 12.500 999.900 999.900  999.90  216.58    4.25    0.48  204.36    4.95   -0.76     639     639
 13.000 999.900 999.900  999.90  215.73    4.50    0.25  203.00    5.42   -0.69     588     588
 13.500 999.900 999.900  999.90  215.33    4.53   -0.06  202.01    5.89   -0.72     579     579
 14.000 999.900 999.900  999.90  214.86    4.32   -0.17  200.85    6.34   -0.61     575     575
 14.500 999.900 999.900  999.90  214.18    4.03   -0.09  199.90    6.74   -0.55     464     464
 15.000 999.900 999.900  999.90  213.36    3.91    0.05  198.88    6.82   -0.44     373     373
 15.500 999.900 999.900  999.90  212.53    3.84    0.05  198.01    6.97   -0.43     325     325
 16.000 999.900 999.900  999.90  211.82    3.77   -0.07  197.74    6.89   -0.37     269     269
 16.500 999.900 999.900  999.90  211.40    3.58   -0.09  196.89    6.97   -0.31     234     234
 17.000 999.900 999.900  999.90  211.12    3.34    0.06  196.24    6.56   -0.13     148     148
 17.500 999.900 999.900  999.90  211.04    2.96    0.12  195.87    6.54   -0.10     119     119
 18.000 999.900 999.900  999.90  211.33    2.63   -0.00  195.55    6.43   -0.02     112     112
 18.500 999.900 999.900  999.90  212.01    2.26   -0.17  196.39    6.42   -0.09     168     168
 19.000 999.900 999.900  999.90  212.66    1.97   -0.09  196.14    6.49   -0.09     202     202
 19.500 999.900 999.900  999.90  213.40    1.89   -0.04  196.93    6.71   -0.25     316     316
 20.000 999.900 999.900  999.90  214.15    1.79    0.08  197.40    6.86   -0.37     455     455
 20.500 999.900 999.900  999.90  214.90    1.70    0.08  197.65    6.95   -0.38     629     629
 21.000 999.900 999.900  999.90  215.67    1.62    0.10  197.43    6.88   -0.23     868     868
 21.500 999.900 999.900  999.90  216.42    1.66    0.02  197.49    7.05   -0.16     893     893
 22.000 999.900 999.900  999.90  217.22    1.67    0.06  197.62    7.13   -0.07     917     917
 22.500 999.900 999.900  999.90  217.95    1.66    0.12  197.72    7.18    0.00     939     939
 23.000 999.900 999.900  999.90  218.75    1.68    0.01  197.88    7.25    0.11     945     945
 23.500 999.900 999.900  999.90  219.57    1.65    0.04  198.05    7.30    0.20     944     944
 24.000 999.900 999.900  999.90  220.39    1.62   -0.01  198.15    7.36    0.29     943     943
 24.500 999.900 999.900  999.90  221.25    1.72    0.19  198.24    7.45    0.39     948     948
 25.000 999.900 999.900  999.90  222.14    1.78    0.12  198.38    7.56    0.47     943     943
 25.500 999.900 999.900  999.90  223.05    1.84    0.09  198.60    7.62    0.53     936     936
 26.000 999.900 999.900  999.90  223.94    1.80    0.03  198.87    7.68    0.59     931     931
 26.500 999.900 999.900  999.90  224.87    1.78    0.11  199.20    7.69    0.65     921     921
 27.000 999.900 999.900  999.90  225.84    1.81    0.13  199.59    7.67    0.70     913     913
 27.500 999.900 999.900  999.90  226.72    1.85    0.10  200.05    7.72    0.73     902     902
 28.000 999.900 999.900  999.90  227.61    1.85   -0.02  200.52    7.74    0.77     895     895
 28.500 999.900 999.900  999.90  228.57    1.92   -0.00  200.94    7.73    0.82     874     874
 29.000 999.900 999.900  999.90  229.50    1.98    0.21  201.49    7.72    0.86     857     857
 29.500 999.900 999.900  999.90  230.41    2.01    0.26  202.04    7.69    0.88     822     822
 30.000 999.900 999.900  999.90  231.33    1.97    0.29  202.58    7.64    0.88     761     761
  T A B L E  III -   7.  M O I S T U R E  R E L A T E D  S T A T I S T I C A L  P A R A M E T E R S
                                      July
 STATION =   725720     DUGWAY PROVING GROUNDS
      Z VAPOR P   SD VP SKEW VP      TV      TV SKEW TV DEWPT T  SD DPT SKW DPT NOBS TP NOBS TV   
           MEAN                    MEAN      SD            MEAN                                   
     KM      MB      MB          KELVIN  KELVIN          KELVIN  KELVIN                           
  0.000  16.000   6.000    0.00  291.00    6.00    0.00  290.00    7.00    0.00     100     100
  1.289  10.453   3.261    0.49  300.85    6.75    0.05  280.13    4.67   -0.22    1127    1127
  1.500   8.529   3.451    0.46  300.32    4.54   -0.23  276.71    6.41   -0.83    1124    1124
  2.000   6.941   2.991    0.48  296.96    3.67   -0.66  273.63    6.85   -0.94    1124    1124
  2.500   5.983   2.554    0.45  293.03    3.40   -0.81  271.55    6.81   -1.06    1126    1126
  3.000   5.196   2.215    0.43  288.82    3.21   -0.84  269.68    6.61   -1.03    1125    1125
  3.500   4.463   1.922    0.35  284.54    2.98   -0.87  267.64    6.63   -1.05    1124    1124
  4.000   3.828   1.651    0.23  280.26    2.74   -0.81  265.53    6.83   -1.23    1125    1125
  4.500   3.249   1.439    0.15  276.01    2.53   -0.68  263.23    7.29   -1.41    1126    1126
  5.000   2.651   1.247    0.04  271.85    2.39   -0.59  260.33    8.12   -1.53    1126    1126
  5.500   2.020   1.106    0.02  267.94    2.33   -0.60  256.28    9.43   -1.21    1124    1124
  6.000   1.428   0.963    0.23  264.40    2.31   -0.53  250.88   11.35   -0.93    1123    1123
  6.500   0.957   0.755    0.58  261.05    2.37   -0.55  245.66   11.68   -0.62    1122    1122
  7.000   0.631   0.552    0.88  257.70    2.42   -0.65  240.80   11.52   -0.44    1122    1122
  7.500   0.437   0.396    1.05  254.28    2.50   -0.55  236.99   11.11   -0.41    1123    1123
  8.000   0.309   0.282    1.11  250.71    2.61   -0.48  233.61   10.64   -0.40    1123    1123
  8.500   0.216   0.197    1.14  247.03    2.73   -0.45  230.16   10.35   -0.40    1124    1124
  9.000   0.146   0.131    1.20  243.29    2.79   -0.45  226.68    9.94   -0.48    1124    1124
  9.500   0.098   0.087    1.22  239.52    2.82   -0.47  223.23    9.54   -0.53    1121    1121
 10.000   0.064   0.056    1.22  235.73    2.82   -0.49  219.91    8.96   -0.60    1098    1098
 10.500   0.041   0.035    1.15  232.01    2.78   -0.52  216.57    8.30   -0.67    1086    1086
 11.000   0.026   0.022    1.15  228.44    2.75   -0.53  213.43    7.61   -0.72    1081    1081
 11.500   0.017   0.013    1.10  224.99    2.69   -0.51  210.53    6.64   -0.81    1080    1080
 12.000   0.011   0.008    1.02  221.83    2.56   -0.36  207.78    5.78   -0.86    1078    1078
 12.500 999.900 999.900  999.90  219.02    2.49   -0.04  205.14    5.34   -0.97     837     837
 13.000 999.900 999.900  999.90  216.51    2.51    0.31  203.02    5.18   -0.87     631     631
 13.500 999.900 999.900  999.90  214.19    2.69    0.55  201.31    5.49   -0.65     361     361
 14.000 999.900 999.900  999.90  212.07    2.88    0.66  200.39    5.59   -0.43     224     224
 14.500 999.900 999.900  999.90  210.22    3.10    0.74  201.37    5.50   -0.47      92      92
 15.000 999.900 999.900  999.90  208.77    3.28    0.72  200.63    6.06   -0.29      56      56
 15.500 999.900 999.900  999.90  207.81    3.27    0.73  200.36    6.60   -0.42      41      41
 16.000 999.900 999.900  999.90  207.36    3.14    0.70  200.26    7.16   -0.85      25      25
 16.500 999.900 999.900  999.90  207.39    3.05    0.52  199.51    6.47   -0.44      28      28
 17.000 999.900 999.900  999.90  207.79    2.76    0.38  204.64    2.27   -0.65      14      14
 17.500 999.900 999.900  999.90  208.48    2.49    0.22  203.25    5.83   -1.22      13      13
 18.000 999.900 999.900  999.90  209.52    2.28    0.35  200.27    6.68   -0.66      35      35
 18.500 999.900 999.900  999.90  210.67    2.13    0.12  199.02    6.89   -0.38      56      56
 19.000 999.900 999.900  999.90  211.78    2.01    0.31  197.49    7.01   -0.19     150     150
 19.500 999.900 999.900  999.90  212.77    1.93    0.28  198.08    6.71   -0.26     205     205
 20.000 999.900 999.900  999.90  213.81    1.84    0.25  197.78    6.73   -0.20     391     391
 20.500 999.900 999.900  999.90  214.75    1.70    0.42  197.80    6.96   -0.25     611     611
 21.000 999.900 999.900  999.90  215.68    1.63    0.43  197.54    6.87   -0.08     863     863
 21.500 999.900 999.900  999.90  216.64    1.60    0.36  197.71    6.91    0.04     998     998
 22.000 999.900 999.900  999.90  217.53    1.58    0.26  197.93    7.00    0.08    1013    1013
 22.500 999.900 999.900  999.90  218.38    1.59    0.25  198.08    7.10    0.14    1016    1016
 23.000 999.900 999.900  999.90  219.18    1.56    0.43  198.17    7.14    0.19    1013    1013
 23.500 999.900 999.900  999.90  220.01    1.60    0.49  198.37    7.26    0.25    1012    1012
 24.000 999.900 999.900  999.90  220.87    1.55    0.31  198.52    7.38    0.31    1005    1005
 24.500 999.900 999.900  999.90  221.73    1.56    0.20  198.65    7.43    0.39     996     996
 25.000 999.900 999.900  999.90  222.59    1.59    0.18  198.75    7.47    0.47     986     986
 25.500 999.900 999.900  999.90  223.44    1.62    0.24  198.88    7.53    0.56     976     976
 26.000 999.900 999.900  999.90  224.32    1.65    0.23  199.17    7.63    0.62     968     968
 26.500 999.900 999.900  999.90  225.26    1.62    0.13  199.56    7.67    0.65     961     961
 27.000 999.900 999.900  999.90  226.13    1.62    0.07  199.94    7.70    0.70     952     952
 27.500 999.900 999.900  999.90  226.99    1.71    0.10  200.35    7.74    0.73     940     940
 28.000 999.900 999.900  999.90  227.79    1.75    0.00  200.85    7.77    0.74     927     927
 28.500 999.900 999.900  999.90  228.60    1.80    0.07  201.32    7.76    0.76     903     903
 29.000 999.900 999.900  999.90  229.44    1.84   -0.21  201.85    7.73    0.74     878     878
 29.500 999.900 999.900  999.90  230.35    1.91   -0.18  202.41    7.63    0.77     862     862
 30.000 999.900 999.900  999.90  231.18    1.94    0.03  202.79    7.54    0.79     824     824
  T A B L E  III -   8.  M O I S T U R E  R E L A T E D  S T A T I S T I C A L  P A R A M E T E R S
                                    August
 STATION =   725720     DUGWAY PROVING GROUNDS
      Z VAPOR P   SD VP SKEW VP      TV      TV SKEW TV DEWPT T  SD DPT SKW DPT NOBS TP NOBS TV   
           MEAN                    MEAN      SD            MEAN                                   
     KM      MB      MB          KELVIN  KELVIN          KELVIN  KELVIN                           
  0.000  16.000   6.000    0.00  291.00    6.00    0.00  290.00    7.00    0.00     100     100
  1.289  10.328   3.159    0.54  299.72    6.43    0.04  279.99    4.53   -0.14    1129    1129
  1.500   8.519   2.977    0.52  299.24    4.26   -0.21  277.01    5.28   -0.57    1128    1128
  2.000   6.998   2.508    0.40  295.95    3.45   -0.71  274.17    5.43   -0.70    1128    1128
  2.500   6.054   2.199    0.34  291.98    3.18   -0.92  272.13    5.50   -0.80    1128    1128
  3.000   5.272   1.974    0.29  287.79    2.97   -0.94  270.15    5.82   -1.15    1128    1128
  3.500   4.530   1.762    0.30  283.52    2.75   -0.97  268.02    6.05   -1.19    1129    1129
  4.000   3.847   1.552    0.14  279.28    2.49   -0.95  265.73    6.43   -1.30    1129    1129
  4.500   3.238   1.364   -0.00  275.07    2.30   -0.96  263.27    7.10   -1.54    1129    1129
  5.000   2.597   1.201   -0.03  270.99    2.20   -0.86  260.17    7.78   -1.38    1128    1128
  5.500   1.917   1.046    0.05  267.21    2.20   -0.71  255.72    9.19   -1.18    1127    1127
  6.000   1.319   0.871    0.38  263.80    2.29   -0.76  250.51   10.17   -0.83    1126    1126
  6.500   0.859   0.671    0.78  260.56    2.30   -0.68  245.00   10.52   -0.47    1127    1127
  7.000   0.577   0.488    1.04  257.21    2.33   -0.64  240.49   10.34   -0.33    1128    1128
  7.500   0.393   0.340    1.23  253.71    2.39   -0.58  236.59    9.90   -0.31    1128    1128
  8.000   0.272   0.241    1.34  250.07    2.52   -0.55  233.00    9.49   -0.26    1126    1126
  8.500   0.195   0.173    1.25  246.35    2.60   -0.51  229.75    9.42   -0.31    1126    1126
  9.000   0.137   0.121    1.21  242.60    2.68   -0.35  226.50    9.20   -0.37    1125    1125
  9.500   0.094   0.082    1.22  238.82    2.73   -0.27  223.14    9.04   -0.48    1123    1123
 10.000   0.061   0.052    1.21  235.07    2.75   -0.21  219.80    8.47   -0.52    1105    1105
 10.500   0.039   0.033    1.25  231.42    2.80   -0.19  216.42    7.69   -0.51    1090    1090
 11.000   0.025   0.020    1.20  227.93    2.86   -0.17  213.26    6.90   -0.60    1086    1086
 11.500   0.016   0.012    1.05  224.67    2.81   -0.12  210.41    5.98   -0.61    1085    1085
 12.000   0.011   0.007    0.92  221.78    2.77   -0.05  207.68    5.34   -0.66    1083    1083
 12.500 999.900 999.900  999.90  219.21    2.62   -0.08  205.09    5.04   -0.69     868     868
 13.000 999.900 999.900  999.90  216.92    2.57    0.17  202.97    4.94   -0.55     697     697
 13.500 999.900 999.900  999.90  214.80    2.61    0.51  201.22    5.26   -0.50     493     493
 14.000 999.900 999.900  999.90  212.83    2.84    0.70  199.92    5.57   -0.38     315     315
 14.500 999.900 999.900  999.90  211.02    3.07    0.65  199.07    6.47   -0.50     134     134
 15.000 999.900 999.900  999.90  209.50    3.30    0.49  198.50    7.19   -0.50      79      79
 15.500 999.900 999.900  999.90  208.38    3.30    0.43  199.86    6.84   -0.75      47      47
 16.000 999.900 999.900  999.90  207.80    3.16    0.43  200.01    6.85   -0.97      31      31
 16.500 999.900 999.900  999.90  207.71    2.97    0.38  199.64    6.74   -0.78      24      24
 17.000 999.900 999.900  999.90  207.94    2.66    0.42  201.17    6.71   -1.19      13      13
 17.500 999.900 999.900  999.90  208.71    2.39    0.30  200.54    7.37   -1.17      16      16
 18.000 999.900 999.900  999.90  209.88    2.16    0.28  199.82    7.05   -0.88      31      31
 18.500 999.900 999.900  999.90  210.90    2.09    0.13  198.22    6.87   -0.43      73      73
 19.000 999.900 999.900  999.90  212.04    1.94    0.23  197.63    6.33   -0.35     184     184
 19.500 999.900 999.900  999.90  213.05    1.91    0.09  197.97    6.41   -0.41     292     292
 20.000 999.900 999.900  999.90  213.99    1.78    0.05  198.02    6.26   -0.32     477     477
 20.500 999.900 999.900  999.90  214.90    1.59    0.00  198.04    6.38   -0.28     664     664
 21.000 999.900 999.900  999.90  215.79    1.59   -0.10  198.04    6.48   -0.15     909     909
 21.500 999.900 999.900  999.90  216.60    1.60   -0.09  198.17    6.53   -0.07    1007    1007
 22.000 999.900 999.900  999.90  217.39    1.51   -0.17  198.26    6.68   -0.00    1029    1029
 22.500 999.900 999.900  999.90  218.18    1.51    0.07  198.46    6.73    0.06    1034    1034
 23.000 999.900 999.900  999.90  218.98    1.57    0.09  198.65    6.89    0.13    1033    1033
 23.500 999.900 999.900  999.90  219.73    1.56    0.10  198.85    7.00    0.17    1031    1031
 24.000 999.900 999.900  999.90  220.54    1.51    0.14  199.09    7.09    0.23    1029    1029
 24.500 999.900 999.900  999.90  221.34    1.54    0.13  199.31    7.18    0.31    1029    1029
 25.000 999.900 999.900  999.90  222.13    1.56    0.13  199.47    7.22    0.39    1015    1015
 25.500 999.900 999.900  999.90  222.86    1.60    0.09  199.66    7.33    0.44    1006    1006
 26.000 999.900 999.900  999.90  223.73    1.68    0.05  199.94    7.45    0.50    1000    1000
 26.500 999.900 999.900  999.90  224.53    1.70    0.01  200.16    7.50    0.54     992     992
 27.000 999.900 999.900  999.90  225.27    1.80    0.09  200.38    7.61    0.57     977     977
 27.500 999.900 999.900  999.90  226.05    1.88    0.07  200.73    7.58    0.61     967     967
 28.000 999.900 999.900  999.90  226.75    1.99   -0.01  201.04    7.59    0.63     949     949
 28.500 999.900 999.900  999.90  227.44    2.04    0.00  201.37    7.63    0.66     937     937
 29.000 999.900 999.900  999.90  228.16    2.06   -0.02  201.69    7.54    0.70     908     908
 29.500 999.900 999.900  999.90  228.87    2.07   -0.15  202.06    7.56    0.69     876     876
 30.000 999.900 999.900  999.90  229.60    2.12   -0.14  202.51    7.59    0.70     839     839
  T A B L E  III -   9.  M O I S T U R E  R E L A T E D  S T A T I S T I C A L  P A R A M E T E R S
                                 September
 STATION =   725720     DUGWAY PROVING GROUNDS
      Z VAPOR P   SD VP SKEW VP      TV      TV SKEW TV DEWPT T  SD DPT SKW DPT NOBS TP NOBS TV   
           MEAN                    MEAN      SD            MEAN                                   
     KM      MB      MB          KELVIN  KELVIN          KELVIN  KELVIN                           
  0.000  16.000   6.000    0.00  291.00    6.00    0.00  290.00    7.00    0.00     100     100
  1.289   8.804   3.104    1.68  293.64    7.25    0.08  277.57    4.78    0.22    1082    1082
  1.500   7.192   2.723    0.73  293.69    5.51   -0.40  274.55    5.37   -0.27    1080    1080
  2.000   5.925   2.409    0.67  290.54    5.15   -0.76  271.68    5.95   -0.71    1080    1080
  2.500   4.999   2.100    0.51  286.69    5.02   -0.87  269.26    6.25   -0.80    1080    1080
  3.000   4.291   1.875    0.51  282.67    4.77   -0.95  267.06    6.70   -1.09    1081    1081
  3.500   3.591   1.679    0.40  278.68    4.38   -1.01  264.47    7.47   -1.27    1079    1079
  4.000   2.925   1.509    0.35  274.84    3.94   -1.08  261.39    8.50   -1.29    1079    1079
  4.500   2.304   1.332    0.35  271.12    3.62   -1.06  257.81    9.53   -1.09    1079    1079
  5.000   1.740   1.133    0.50  267.58    3.51   -1.04  253.92   10.12   -0.83    1077    1077
  5.500   1.246   0.911    0.75  264.19    3.51   -0.98  249.59   10.29   -0.56    1078    1078
  6.000   0.863   0.680    1.09  260.92    3.54   -1.03  245.35   10.02   -0.45    1080    1080
  6.500   0.595   0.496    1.40  257.51    3.58   -1.04  241.39    9.42   -0.25    1079    1079
  7.000   0.416   0.353    1.64  254.01    3.60   -1.08  237.79    8.95   -0.24    1080    1080
  7.500   0.291   0.249    1.78  250.41    3.58   -0.99  234.23    8.78   -0.37    1078    1078
  8.000   0.201   0.178    1.89  246.68    3.54   -0.75  230.61    8.68   -0.41    1076    1076
  8.500   0.137   0.119    2.00  242.86    3.47   -0.51  227.14    8.30   -0.50    1078    1078
  9.000   0.095   0.081    2.03  239.01    3.34   -0.27  223.99    7.86   -0.56    1075    1075
  9.500   0.063   0.054    2.15  235.22    3.19   -0.02  220.67    7.33   -0.49    1066    1066
 10.000   0.041   0.035    2.02  231.50    3.14    0.15  217.49    6.61   -0.42    1048    1048
 10.500   0.027   0.021    2.02  228.02    3.11    0.30  214.42    5.86   -0.41    1042    1042
 11.000   0.018   0.013    1.90  224.91    3.21    0.38  211.55    5.21   -0.35    1029    1029
 11.500   0.012   0.009    1.75  222.38    3.38    0.39  208.96    4.75   -0.30    1023    1023
 12.000 999.900 999.900  999.90  220.36    3.50    0.15  206.69    4.66   -0.48    1004    1004
 12.500 999.900 999.900  999.90  218.67    3.52   -0.08  204.84    5.00   -0.52     828     828
 13.000 999.900 999.900  999.90  217.02    3.37   -0.19  203.09    5.22   -0.47     751     751
 13.500 999.900 999.900  999.90  215.48    3.19   -0.01  201.63    5.69   -0.43     617     617
 14.000 999.900 999.900  999.90  213.89    3.05    0.30  200.44    5.88   -0.46     506     506
 14.500 999.900 999.900  999.90  212.39    3.18    0.38  200.26    6.20   -0.35     238     238
 15.000 999.900 999.900  999.90  211.07    3.31    0.37  199.52    6.39   -0.28     156     156
 15.500 999.900 999.900  999.90  210.03    3.42    0.39  198.57    6.91   -0.13     117     117
 16.000 999.900 999.900  999.90  209.38    3.52    0.33  198.39    6.92   -0.08      96      96
 16.500 999.900 999.900  999.90  209.08    3.53    0.28  198.40    6.67   -0.02      94      94
 17.000 999.900 999.900  999.90  209.13    3.40    0.16  199.36    6.54   -0.44      65      65
 17.500 999.900 999.900  999.90  209.38    3.08    0.19  200.08    6.20   -0.81      60      60
 18.000 999.900 999.900  999.90  209.84    2.84    0.17  198.69    6.32   -0.26      66      66
 18.500 999.900 999.900  999.90  210.43    2.58    0.04  198.06    6.25   -0.28      93      93
 19.000 999.900 999.900  999.90  211.28    2.44    0.06  198.70    6.55   -0.30     114     114
 19.500 999.900 999.900  999.90  212.14    2.39    0.02  198.74    6.32   -0.43     197     197
 20.000 999.900 999.900  999.90  212.90    2.26    0.00  198.76    6.33   -0.49     306     306
 20.500 999.900 999.900  999.90  213.66    2.15   -0.07  198.77    6.44   -0.49     438     438
 21.000 999.900 999.900  999.90  214.42    2.03    0.07  198.43    6.53   -0.33     672     672
 21.500 999.900 999.900  999.90  215.07    1.97   -0.02  198.55    6.68   -0.30     719     719
 22.000 999.900 999.900  999.90  215.85    1.90   -0.17  198.59    6.77   -0.23     809     809
 22.500 999.900 999.900  999.90  216.61    1.87    0.01  198.66    6.88   -0.17     878     878
 23.000 999.900 999.900  999.90  217.39    1.84   -0.14  198.76    6.93   -0.10     931     931
 23.500 999.900 999.900  999.90  218.17    1.86   -0.11  198.90    7.03   -0.01     952     952
 24.000 999.900 999.900  999.90  218.93    1.83   -0.09  199.14    7.16    0.03     958     958
 24.500 999.900 999.900  999.90  219.70    1.87    0.00  199.27    7.30    0.13     977     977
 25.000 999.900 999.900  999.90  220.49    1.95    0.05  199.45    7.42    0.19     975     975
 25.500 999.900 999.900  999.90  221.17    2.00   -0.07  199.59    7.49    0.25     971     971
 26.000 999.900 999.900  999.90  221.87    2.00    0.17  199.79    7.55    0.29     968     968
 26.500 999.900 999.900  999.90  222.54    2.06    0.01  199.94    7.60    0.35     962     962
 27.000 999.900 999.900  999.90  223.16    2.13   -0.05  200.02    7.63    0.41     951     951
 27.500 999.900 999.900  999.90  223.81    2.14   -0.11  200.18    7.61    0.46     947     947
 28.000 999.900 999.900  999.90  224.42    2.18   -0.20  200.31    7.57    0.51     937     937
 28.500 999.900 999.900  999.90  225.04    2.29   -0.20  200.48    7.60    0.56     924     924
 29.000 999.900 999.900  999.90  225.63    2.36   -0.17  200.67    7.52    0.59     902     902
 29.500 999.900 999.900  999.90  226.27    2.43   -0.08  200.79    7.44    0.64     878     878
 30.000 999.900 999.900  999.90  226.83    2.46   -0.15  201.00    7.53    0.66     845     845
  T A B L E  III -  10.  M O I S T U R E  R E L A T E D  S T A T I S T I C A L  P A R A M E T E R S
                                   October
 STATION =   725720     DUGWAY PROVING GROUNDS
      Z VAPOR P   SD VP SKEW VP      TV      TV SKEW TV DEWPT T  SD DPT SKW DPT NOBS TP NOBS TV   
           MEAN                    MEAN      SD            MEAN                                   
     KM      MB      MB          KELVIN  KELVIN          KELVIN  KELVIN                           
  0.000  16.000   6.000    0.00  291.00    6.00    0.00  290.00    7.00    0.00     100     100
  1.289   6.900   1.997    0.45  285.70    6.73    0.41  274.30    4.17   -0.34    1138    1138
  1.500   5.759   1.874    0.47  286.09    5.68    0.09  271.66    4.66   -0.42    1138    1138
  2.000   4.662   1.707    0.44  283.30    5.78   -0.14  268.60    5.30   -0.64    1138    1138
  2.500   3.917   1.527    0.33  279.74    5.78   -0.25  266.14    5.78   -0.85    1138    1138
  3.000   3.251   1.418    0.15  276.11    5.55   -0.37  263.26    7.29   -1.51    1137    1137
  3.500   2.602   1.276    0.18  272.71    5.22   -0.50  259.99    8.39   -1.50    1136    1136
  4.000   2.034   1.105    0.27  269.46    4.96   -0.66  256.55    9.09   -1.32    1135    1135
  4.500   1.550   0.928    0.50  266.33    4.81   -0.79  253.08    9.12   -1.02    1135    1135
  5.000   1.154   0.744    0.70  263.20    4.77   -0.89  249.47    9.08   -0.79    1136    1136
  5.500   0.849   0.563    0.79  259.94    4.80   -0.97  246.02    8.79   -0.67    1136    1136
  6.000   0.616   0.412    0.98  256.57    4.85   -1.03  242.63    8.36   -0.66    1138    1138
  6.500   0.432   0.292    1.06  253.07    4.89   -1.05  239.00    7.96   -0.60    1137    1137
  7.000   0.307   0.206    1.04  249.47    4.80   -0.94  235.57    7.70   -0.61    1137    1137
  7.500   0.221   0.150    1.04  245.80    4.67   -0.86  232.34    7.72   -0.81    1135    1135
  8.000   0.151   0.103    1.07  242.01    4.47   -0.67  228.71    7.56   -0.90    1134    1134
  8.500   0.102   0.069    1.13  238.19    4.26   -0.58  225.18    7.25   -0.90    1132    1132
  9.000   0.068   0.047    1.14  234.35    4.03   -0.50  221.64    7.00   -0.86    1132    1132
  9.500   0.045   0.030    1.15  230.67    3.70   -0.35  218.24    6.58   -0.86    1132    1132
 10.000   0.029   0.019    1.26  227.20    3.39   -0.08  214.92    6.08   -0.91    1128    1128
 10.500   0.019   0.012    1.13  224.06    3.26    0.24  211.90    5.56   -0.99    1117    1117
 11.000   0.012   0.008    0.86  221.31    3.43    0.44  209.04    5.19   -1.06    1008    1008
 11.500 999.900 999.900  999.90  219.13    3.86    0.49  206.76    5.12   -0.94     926     926
 12.000 999.900 999.900  999.90  217.53    4.27    0.38  205.06    5.24   -0.86     880     880
 12.500 999.900 999.900  999.90  216.43    4.52    0.14  203.77    5.78   -0.80     720     720
 13.000 999.900 999.900  999.90  215.44    4.39   -0.06  202.31    6.22   -0.66     641     641
 13.500 999.900 999.900  999.90  214.47    4.20   -0.07  201.16    6.49   -0.57     565     565
 14.000 999.900 999.900  999.90  213.44    3.96    0.08  200.38    6.88   -0.60     419     419
 14.500 999.900 999.900  999.90  212.37    3.97    0.29  199.40    7.25   -0.44     321     321
 15.000 999.900 999.900  999.90  211.38    4.07    0.40  198.34    7.38   -0.28     270     270
 15.500 999.900 999.900  999.90  210.54    4.13    0.39  197.80    7.53   -0.27     224     224
 16.000 999.900 999.900  999.90  209.90    4.25    0.30  197.40    7.55   -0.16     195     195
 16.500 999.900 999.900  999.90  209.69    4.22    0.12  197.02    7.50   -0.13     176     176
 17.000 999.900 999.900  999.90  209.64    4.00    0.01  196.92    7.56   -0.21     137     137
 17.500 999.900 999.900  999.90  209.67    3.76   -0.08  197.38    7.30   -0.40     128     128
 18.000 999.900 999.900  999.90  209.80    3.45   -0.04  197.90    7.27   -0.48     111     111
 18.500 999.900 999.900  999.90  210.17    3.16    0.03  198.01    7.32   -0.57     122     122
 19.000 999.900 999.900  999.90  210.59    2.80    0.05  198.02    7.75   -0.50     109     109
 19.500 999.900 999.900  999.90  211.05    2.72    0.21  197.65    7.58   -0.37     125     125
 20.000 999.900 999.900  999.90  211.53    2.49    0.07  198.16    7.38   -0.34     156     156
 20.500 999.900 999.900  999.90  212.02    2.33    0.08  198.06    7.29   -0.46     224     224
 21.000 999.900 999.900  999.90  212.51    2.33    0.11  197.97    7.39   -0.34     285     285
 21.500 999.900 999.900  999.90  213.14    2.37    0.20  198.12    7.29   -0.27     329     329
 22.000 999.900 999.900  999.90  213.72    2.35    0.04  198.11    7.27   -0.22     419     419
 22.500 999.900 999.900  999.90  214.30    2.40    0.09  198.58    7.21   -0.26     524     524
 23.000 999.900 999.900  999.90  214.98    2.52    0.06  198.85    7.15   -0.30     626     626
 23.500 999.900 999.900  999.90  215.70    2.52   -0.03  198.89    7.14   -0.28     719     719
 24.000 999.900 999.900  999.90  216.39    2.61   -0.22  198.63    7.22   -0.19     888     888
 24.500 999.900 999.900  999.90  217.03    2.71   -0.21  198.75    7.32   -0.13     910     910
 25.000 999.900 999.900  999.90  217.65    2.74   -0.15  198.74    7.43   -0.11     933     933
 25.500 999.900 999.900  999.90  218.15    2.78   -0.25  198.73    7.52   -0.05     952     952
 26.000 999.900 999.900  999.90  218.71    2.85   -0.22  198.82    7.58   -0.00     961     961
 26.500 999.900 999.900  999.90  219.24    2.96   -0.10  198.86    7.66    0.01     986     986
 27.000 999.900 999.900  999.90  219.72    3.09   -0.12  198.91    7.63    0.05     967     967
 27.500 999.900 999.900  999.90  220.20    3.18   -0.14  198.91    7.63    0.08     951     951
 28.000 999.900 999.900  999.90  220.75    3.23   -0.12  199.04    7.67    0.11     943     943
 28.500 999.900 999.900  999.90  221.19    3.27   -0.07  199.02    7.72    0.16     929     929
 29.000 999.900 999.900  999.90  221.56    3.35   -0.16  199.03    7.70    0.19     908     908
 29.500 999.900 999.900  999.90  222.08    3.28   -0.25  199.02    7.68    0.20     871     871
 30.000 999.900 999.900  999.90  222.59    3.29   -0.33  199.16    7.67    0.24     819     819
  T A B L E  III -  11.  M O I S T U R E  R E L A T E D  S T A T I S T I C A L  P A R A M E T E R S
                                  November
 STATION =   725720     DUGWAY PROVING GROUNDS
      Z VAPOR P   SD VP SKEW VP      TV      TV SKEW TV DEWPT T  SD DPT SKW DPT NOBS TP NOBS TV   
           MEAN                    MEAN      SD            MEAN                                   
     KM      MB      MB          KELVIN  KELVIN          KELVIN  KELVIN                           
  0.000  16.000   6.000    0.00  291.00    6.00    0.00  290.00    7.00    0.00     100     100
  1.289   5.436   1.704    0.45  278.87    6.27    0.16  270.93    4.38   -0.27    1095    1095
  1.500   4.615   1.622    0.50  279.17    5.84    0.02  268.60    4.80   -0.22    1094    1094
  2.000   3.633   1.454    0.54  276.93    6.27   -0.14  265.23    5.45   -0.37    1094    1094
  2.500   2.978   1.353    0.44  273.81    6.44   -0.28  262.27    6.65   -0.94    1094    1094
  3.000   2.427   1.316    0.48  270.67    6.32   -0.39  258.88    8.68   -1.26    1094    1094
  3.500   1.941   1.210    0.56  267.79    6.15   -0.50  255.42    9.83   -0.99    1095    1095
  4.000   1.504   1.035    0.73  264.92    6.02   -0.61  251.96   10.28   -0.82    1095    1095
  4.500   1.159   0.840    0.80  261.97    5.96   -0.70  248.70   10.45   -0.75    1095    1095
  5.000   0.881   0.663    0.91  258.88    5.94   -0.75  245.60   10.15   -0.62    1094    1094
  5.500   0.669   0.505    0.96  255.66    5.98   -0.80  242.71    9.76   -0.62    1094    1094
  6.000   0.490   0.376    1.07  252.31    6.00   -0.83  239.44    9.47   -0.57    1094    1094
  6.500   0.358   0.276    1.12  248.82    5.99   -0.82  236.23    9.23   -0.58    1095    1095
  7.000   0.259   0.203    1.07  245.28    5.90   -0.77  232.90    9.29   -0.62    1095    1095
  7.500   0.183   0.145    1.10  241.74    5.70   -0.70  229.53    9.04   -0.58    1093    1093
  8.000   0.124   0.097    1.11  238.11    5.45   -0.61  226.04    8.66   -0.63    1093    1093
  8.500   0.083   0.065    1.30  234.53    5.02   -0.40  222.69    8.07   -0.65    1092    1092
  9.000   0.055   0.042    1.27  230.99    4.52   -0.13  219.38    7.43   -0.65    1091    1091
  9.500   0.036   0.026    1.24  227.58    4.09    0.09  216.22    6.71   -0.64    1087    1087
 10.000   0.024   0.016    1.22  224.35    3.80    0.21  213.21    5.88   -0.58    1083    1083
 10.500   0.015   0.011    0.96  221.40    3.72    0.39  210.57    5.27   -0.65    1033    1033
 11.000 999.900 999.900  999.90  219.01    3.95    0.61  208.14    5.01   -0.81     808     808
 11.500 999.900 999.900  999.90  217.16    4.51    0.56  206.32    5.28   -0.78     684     684
 12.000 999.900 999.900  999.90  215.83    5.02    0.33  205.19    5.51   -0.68     645     645
 12.500 999.900 999.900  999.90  214.92    5.42    0.08  204.27    5.99   -0.59     580     580
 13.000 999.900 999.900  999.90  214.37    5.26   -0.13  203.31    6.27   -0.57     566     566
 13.500 999.900 999.900  999.90  213.86    4.91   -0.20  202.37    6.43   -0.54     527     527
 14.000 999.900 999.900  999.90  213.15    4.56   -0.09  201.80    6.51   -0.59     431     431
 14.500 999.900 999.900  999.90  212.35    4.32    0.16  200.90    6.64   -0.49     362     362
 15.000 999.900 999.900  999.90  211.62    4.30    0.20  200.27    6.79   -0.47     318     318
 15.500 999.900 999.900  999.90  211.05    4.39    0.17  200.23    6.80   -0.47     274     274
 16.000 999.900 999.900  999.90  210.59    4.40    0.02  200.07    6.59   -0.40     272     272
 16.500 999.900 999.900  999.90  210.39    4.39   -0.04  199.89    6.41   -0.28     220     220
 17.000 999.900 999.900  999.90  210.29    4.26   -0.18  199.50    6.26   -0.30     190     190
 17.500 999.900 999.900  999.90  210.33    3.98   -0.28  198.87    6.30   -0.25     172     172
 18.000 999.900 999.900  999.90  210.37    3.69   -0.26  198.37    6.56   -0.20     170     170
 18.500 999.900 999.900  999.90  210.50    3.28   -0.25  198.20    6.50   -0.36     144     144
 19.000 999.900 999.900  999.90  210.63    3.07   -0.20  198.20    6.74   -0.14     122     122
 19.500 999.900 999.900  999.90  210.93    2.86   -0.23  198.35    6.62   -0.13     108     108
 20.000 999.900 999.900  999.90  211.14    2.67   -0.25  198.47    6.48   -0.20     120     120
 20.500 999.900 999.900  999.90  211.39    2.57   -0.31  198.88    6.54   -0.45     167     167
 21.000 999.900 999.900  999.90  211.70    2.59   -0.34  198.57    6.78   -0.38     162     162
 21.500 999.900 999.900  999.90  212.11    2.54   -0.58  199.34    6.67   -0.55     201     201
 22.000 999.900 999.900  999.90  212.59    2.58   -0.50  199.54    6.68   -0.64     259     259
 22.500 999.900 999.900  999.90  212.95    2.65   -0.59  199.92    6.57   -0.64     312     312
 23.000 999.900 999.900  999.90  213.23    2.64   -0.68  199.46    6.77   -0.57     385     385
 23.500 999.900 999.900  999.90  213.62    2.73   -0.68  199.31    6.95   -0.48     465     465
 24.000 999.900 999.900  999.90  214.08    2.80   -0.76  199.23    6.91   -0.34     568     568
 24.500 999.900 999.900  999.90  214.56    2.90   -0.70  199.09    7.08   -0.25     590     590
 25.000 999.900 999.900  999.90  214.99    3.00   -0.74  198.98    7.16   -0.22     647     647
 25.500 999.900 999.900  999.90  215.44    3.04   -0.64  199.04    7.20   -0.16     702     702
 26.000 999.900 999.900  999.90  215.86    3.03   -0.49  198.99    7.26   -0.13     737     737
 26.500 999.900 999.900  999.90  216.30    3.17   -0.48  199.12    7.30   -0.10     799     799
 27.000 999.900 999.900  999.90  216.64    3.24   -0.39  199.19    7.31   -0.05     779     779
 27.500 999.900 999.900  999.90  217.09    3.30   -0.18  199.19    7.28    0.01     770     770
 28.000 999.900 999.900  999.90  217.60    3.36   -0.03  199.23    7.27    0.06     770     770
 28.500 999.900 999.900  999.90  218.10    3.46    0.03  199.23    7.36    0.10     760     760
 29.000 999.900 999.900  999.90  218.51    3.49   -0.03  199.17    7.47    0.13     740     740
 29.500 999.900 999.900  999.90  218.99    3.50    0.03  199.24    7.55    0.13     695     695
 30.000 999.900 999.900  999.90  219.53    3.54   -0.04  199.30    7.68    0.14     645     645
  T A B L E  III -  12.  M O I S T U R E  R E L A T E D  S T A T I S T I C A L  P A R A M E T E R S
                                  December
 STATION =   725720     DUGWAY PROVING GROUNDS
      Z VAPOR P   SD VP SKEW VP      TV      TV SKEW TV DEWPT T  SD DPT SKW DPT NOBS TP NOBS TV   
           MEAN                    MEAN      SD            MEAN                                   
     KM      MB      MB          KELVIN  KELVIN          KELVIN  KELVIN                           
  0.000  16.000   6.000    0.00  291.00    6.00    0.00  290.00    7.00    0.00     100     100
  1.289   4.539   1.382    0.47  273.76    5.35    0.31  268.55    4.17   -0.27    1018    1018
  1.500   3.995   1.321    0.51  273.92    5.15    0.30  266.77    4.49   -0.31    1018    1018
  2.000   3.257   1.219    0.48  272.31    5.47    0.05  263.92    5.09   -0.44    1018    1018
  2.500   2.702   1.185    0.32  269.92    5.59   -0.13  261.04    6.73   -1.35    1018    1018
  3.000   2.245   1.137    0.35  267.26    5.59   -0.26  258.23    7.97   -1.40    1017    1017
  3.500   1.779   1.032    0.53  264.65    5.56   -0.38  254.88    8.86   -1.11    1017    1017
  4.000   1.396   0.868    0.66  261.98    5.50   -0.47  251.79    8.98   -0.90    1018    1018
  4.500   1.077   0.703    0.78  259.14    5.49   -0.57  248.70    9.05   -0.87    1016    1016
  5.000   0.818   0.567    1.00  256.11    5.52   -0.60  245.41    9.22   -0.84    1016    1016
  5.500   0.617   0.449    1.16  252.98    5.56   -0.60  242.11    9.47   -0.87    1017    1017
  6.000   0.452   0.339    1.27  249.65    5.57   -0.58  238.83    9.24   -0.80    1016    1016
  6.500   0.321   0.245    1.35  246.16    5.57   -0.50  235.30    9.13   -0.83    1015    1015
  7.000   0.227   0.176    1.48  242.56    5.51   -0.44  231.92    8.84   -0.82    1015    1015
  7.500   0.153   0.120    1.62  238.94    5.41   -0.37  228.22    8.53   -0.81    1015    1015
  8.000   0.101   0.080    1.82  235.28    5.17   -0.28  224.47    8.14   -0.75    1013    1013
  8.500   0.066   0.053    2.09  231.61    4.84   -0.20  220.87    7.68   -0.70    1013    1013
  9.000   0.043   0.035    2.40  228.08    4.37   -0.12  217.61    7.05   -0.65    1005    1005
  9.500   0.028   0.022    2.78  224.76    3.90   -0.04  214.52    6.28   -0.58     989     989
 10.000   0.018   0.014    2.97  221.69    3.63    0.05  211.60    5.51   -0.55     982     982
 10.500   0.011   0.010    1.99  219.13    3.76    0.44  209.16    5.11   -0.60     834     834
 11.000 999.900 999.900  999.90  217.14    4.31    0.69  207.10    5.09   -0.51     612     612
 11.500 999.900 999.900  999.90  215.87    5.06    0.57  205.86    5.45   -0.45     548     548
 12.000 999.900 999.900  999.90  215.30    5.70    0.25  205.13    5.69   -0.39     564     564
 12.500 999.900 999.900  999.90  215.15    5.87   -0.11  204.29    5.83   -0.45     581     581
 13.000 999.900 999.900  999.90  215.27    5.58   -0.44  203.46    5.97   -0.43     626     626
 13.500 999.900 999.900  999.90  215.18    5.04   -0.56  202.60    6.08   -0.46     654     654
 14.000 999.900 999.900  999.90  214.90    4.48   -0.38  201.75    6.33   -0.43     579     579
 14.500 999.900 999.900  999.90  214.40    4.18   -0.20  201.30    6.29   -0.49     516     516
 15.000 999.900 999.900  999.90  213.83    4.07   -0.06  200.90    6.16   -0.39     467     467
 15.500 999.900 999.900  999.90  213.32    4.13   -0.08  200.36    6.26   -0.30     425     425
 16.000 999.900 999.900  999.90  212.83    4.24   -0.14  200.11    6.24   -0.29     412     412
 16.500 999.900 999.900  999.90  212.48    4.24   -0.17  199.74    6.36   -0.26     338     338
 17.000 999.900 999.900  999.90  212.18    4.14   -0.27  199.55    6.33   -0.19     309     309
 17.500 999.900 999.900  999.90  212.10    3.90   -0.36  199.40    6.20   -0.22     281     281
 18.000 999.900 999.900  999.90  212.06    3.78   -0.26  199.05    6.37   -0.14     299     299
 18.500 999.900 999.900  999.90  212.08    3.64   -0.32  198.41    6.65   -0.09     273     273
 19.000 999.900 999.900  999.90  212.15    3.56   -0.28  199.14    6.50   -0.22     258     258
 19.500 999.900 999.900  999.90  212.30    3.64   -0.23  199.08    6.43   -0.20     279     279
 20.000 999.900 999.900  999.90  212.48    3.62   -0.20  198.76    6.59   -0.13     320     320
 20.500 999.900 999.900  999.90  212.86    3.70   -0.22  198.83    6.72   -0.09     372     372
 21.000 999.900 999.900  999.90  213.09    3.79   -0.30  198.78    6.89    0.01     353     353
 21.500 999.900 999.900  999.90  213.33    3.79   -0.33  198.68    6.95    0.04     362     362
 22.000 999.900 999.900  999.90  213.60    3.91   -0.43  198.85    6.99    0.07     390     390
 22.500 999.900 999.900  999.90  213.94    3.90   -0.38  198.67    7.04    0.10     423     423
 23.000 999.900 999.900  999.90  214.29    3.88   -0.23  198.54    7.16    0.13     461     461
 23.500 999.900 999.900  999.90  214.54    3.84   -0.14  198.49    7.12    0.13     498     498
 24.000 999.900 999.900  999.90  214.68    3.89   -0.22  198.47    7.12    0.17     524     524
 24.500 999.900 999.900  999.90  214.90    3.95   -0.20  198.47    7.13    0.19     529     529
 25.000 999.900 999.900  999.90  215.12    4.00   -0.29  198.56    7.10    0.18     538     538
 25.500 999.900 999.900  999.90  215.24    4.16   -0.34  198.56    7.13    0.18     548     548
 26.000 999.900 999.900  999.90  215.44    4.23   -0.19  198.50    7.15    0.20     566     566
 26.500 999.900 999.900  999.90  215.74    4.16   -0.12  198.55    7.28    0.20     572     572
 27.000 999.900 999.900  999.90  215.91    4.30   -0.06  198.51    7.32    0.23     558     558
 27.500 999.900 999.900  999.90  216.21    4.40    0.00  198.50    7.49    0.28     556     556
 28.000 999.900 999.900  999.90  216.51    4.49    0.07  198.55    7.53    0.34     550     550
 28.500 999.900 999.900  999.90  216.79    4.57   -0.01  198.52    7.62    0.41     531     531
 29.000 999.900 999.900  999.90  217.20    4.77   -0.00  198.52    7.74    0.43     518     518
 29.500 999.900 999.900  999.90  217.63    4.92    0.06  198.66    7.72    0.46     478     478
 30.000 999.900 999.900  999.90  218.19    4.91    0.12  198.81    7.74    0.47     446     446
  T A B L E  III -  13.  M O I S T U R E  R E L A T E D  S T A T I S T I C A L  P A R A M E T E R S
                                    Annual
 STATION =   725720     DUGWAY PROVING GROUNDS
      Z VAPOR P   SD VP SKEW VP      TV      TV SKEW TV DEWPT T  SD DPT SKW DPT NOBS TP NOBS TV   
           MEAN                    MEAN      SD            MEAN                                   
     KM      MB      MB          KELVIN  KELVIN          KELVIN  KELVIN                           
  0.000  16.000   6.000    0.00  291.00    6.00    0.00  290.00    7.00    0.00     100     100
  1.289   6.918   3.082    1.12  285.87   11.48    0.27  273.70    6.08    0.03   13177   13177
  1.500   5.735   2.714    1.14  285.62   10.80    0.10  271.00    6.35   -0.04   13163   13163
  2.000   4.678   2.313    1.09  282.80   10.26    0.06  268.10    6.68   -0.23   13163   13163
  2.500   3.950   2.038    0.99  279.30    9.89    0.03  265.64    7.26   -0.63   13167   13167
  3.000   3.335   1.847    0.91  275.69    9.43   -0.00  263.04    8.31   -1.02   13164   13164
  3.500   2.737   1.660    0.89  272.19    8.87   -0.05  260.01    9.37   -1.07   13157   13157
  4.000   2.201   1.470    0.92  268.75    8.33   -0.12  256.80   10.13   -0.93   13149   13149
  4.500   1.748   1.277    1.01  265.30    7.89   -0.22  253.54   10.68   -0.79   13147   13147
  5.000   1.347   1.068    1.14  261.84    7.61   -0.31  250.11   10.91   -0.64   13146   13146
  5.500   0.995   0.849    1.32  258.40    7.47   -0.37  246.41   10.92   -0.53   13146   13146
  6.000   0.702   0.644    1.63  254.96    7.49   -0.38  242.42   10.68   -0.40   13150   13150
  6.500   0.481   0.464    1.96  251.48    7.56   -0.35  238.42   10.30   -0.35   13146   13146
  7.000   0.330   0.327    2.20  247.92    7.63   -0.30  234.66    9.97   -0.36   13132   13132
  7.500   0.227   0.230    2.37  244.29    7.64   -0.25  231.04    9.66   -0.36   13096   13096
  8.000   0.155   0.162    2.53  240.59    7.57   -0.17  227.47    9.34   -0.31   13032   13032
  8.500   0.105   0.113    2.62  236.87    7.41   -0.07  223.98    9.00   -0.24   12949   12949
  9.000   0.070   0.077    2.68  233.21    7.14    0.05  220.61    8.56   -0.18   12886   12886
  9.500   0.046   0.051    2.76  229.69    6.77    0.15  217.38    8.04   -0.12   12715   12715
 10.000   0.030   0.033    2.78  226.38    6.34    0.22  214.31    7.34   -0.07   12577   12577
 10.500   0.019   0.021    2.60  223.43    5.94    0.20  211.79    6.73   -0.16   11494   11494
 11.000   0.012   0.014    2.31  220.94    5.66    0.10  209.55    6.32   -0.33    9838    9838
 11.500 999.900 999.900  999.90  219.05    5.52   -0.07  207.62    5.92   -0.57    9285    9285
 12.000 999.900 999.900  999.90  217.76    5.42   -0.23  205.96    5.65   -0.70    9322    9322
 12.500 999.900 999.900  999.90  216.94    5.25   -0.37  204.49    5.82   -0.69    8434    8434
 13.000 999.900 999.900  999.90  216.34    4.88   -0.39  203.26    6.02   -0.59    8157    8157
 13.500 999.900 999.900  999.90  215.71    4.52   -0.25  202.22    6.28   -0.52    7729    7729
 14.000 999.900 999.900  999.90  214.90    4.36   -0.05  201.38    6.50   -0.48    6869    6869
 14.500 999.900 999.900  999.90  213.97    4.38    0.06  200.75    6.75   -0.45    5692    5692
 15.000 999.900 999.900  999.90  213.05    4.49    0.05  200.05    6.88   -0.39    4952    4952
 15.500 999.900 999.900  999.90  212.25    4.55    0.04  199.57    7.00   -0.38    4435    4435
 16.000 999.900 999.900  999.90  211.66    4.55    0.03  199.25    6.97   -0.34    4105    4105
 16.500 999.900 999.900  999.90  211.33    4.44    0.01  198.99    6.95   -0.31    3418    3418
 17.000 999.900 999.900  999.90  211.16    4.19    0.02  198.88    6.91   -0.33    2897    2897
 17.500 999.900 999.900  999.90  211.16    3.84    0.01  198.67    6.88   -0.36    2647    2647
 18.000 999.900 999.900  999.90  211.33    3.47   -0.00  198.48    6.86   -0.34    2634    2634
 18.500 999.900 999.900  999.90  211.61    3.17   -0.12  198.24    6.87   -0.37    2623    2623
 19.000 999.900 999.900  999.90  211.97    2.94   -0.22  198.19    6.85   -0.35    2642    2642
 19.500 999.900 999.900  999.90  212.39    2.87   -0.34  198.24    6.77   -0.37    3034    3034
 20.000 999.900 999.900  999.90  212.83    2.84   -0.45  198.14    6.82   -0.35    3934    3934
 20.500 999.900 999.900  999.90  213.31    2.84   -0.54  198.11    6.88   -0.36    5138    5138
 21.000 999.900 999.900  999.90  213.78    2.95   -0.63  197.97    6.88   -0.24    6226    6226
 21.500 999.900 999.900  999.90  214.30    3.06   -0.69  198.05    6.96   -0.19    6753    6753
 22.000 999.900 999.900  999.90  214.82    3.19   -0.75  198.11    7.05   -0.15    7307    7307
 22.500 999.900 999.900  999.90  215.34    3.33   -0.72  198.18    7.11   -0.11    7816    7816
 23.000 999.900 999.900  999.90  215.88    3.47   -0.69  198.24    7.18   -0.06    8314    8314
 23.500 999.900 999.900  999.90  216.43    3.65   -0.71  198.32    7.24   -0.01    8781    8781
 24.000 999.900 999.900  999.90  216.99    3.83   -0.72  198.38    7.29    0.05    9351    9351
 24.500 999.900 999.900  999.90  217.58    4.02   -0.66  198.45    7.36    0.13    9460    9460
 25.000 999.900 999.900  999.90  218.17    4.21   -0.64  198.48    7.45    0.18    9614    9614
 25.500 999.900 999.900  999.90  218.76    4.41   -0.63  198.55    7.53    0.23    9781    9781
 26.000 999.900 999.900  999.90  219.40    4.60   -0.57  198.68    7.62    0.28    9908    9908
 26.500 999.900 999.900  999.90  220.05    4.80   -0.55  198.77    7.69    0.32   10093   10093
 27.000 999.900 999.900  999.90  220.68    4.98   -0.52  198.91    7.74    0.37    9985    9985
 27.500 999.900 999.900  999.90  221.37    5.14   -0.50  199.10    7.78    0.41    9907    9907
 28.000 999.900 999.900  999.90  222.06    5.30   -0.50  199.31    7.82    0.44    9845    9845
 28.500 999.900 999.900  999.90  222.78    5.44   -0.50  199.48    7.88    0.48    9703    9703
 29.000 999.900 999.900  999.90  223.55    5.55   -0.49  199.72    7.91    0.49    9484    9484
 29.500 999.900 999.900  999.90  224.41    5.66   -0.50  200.04    7.92    0.51    9088    9088
 30.000 999.900 999.900  999.90  225.32    5.71   -0.51  200.37    7.94    0.52    8513    8513
