 0 1EDW 723810   34.92N  117.90W 705 1601279   11080   0  30                                        
  T A B L E  III - 13.  M O I S T U R E  R E L A T E D  S T A T I S T I C A L  P A R A M E T E R S  
                                              ANNUAL                                                
 STATION =   723810     EDWARDS AIR FORCE BASE                                                      
      Z VAPOR P   SD VP SKEW VP      TV      TV SKEW TV DEWPT T  SD DPT SKW DPT NOBS TP NOBS TV     
           MEAN                    MEAN      SD            MEAN                                     
     KM      MB      MB           DEG K   DEG K           DEG K   DEG K                             
  0.000   7.402   4.217    0.97  287.23   10.75    0.07  273.55    8.98   -0.64   3674.   3674.     
  0.705   6.659   3.338    0.91  286.27    8.99    0.16  272.66    7.60   -0.60   3900.   3908.     
  1.000   5.987   2.864    1.02  288.50    8.21    0.09  271.47    6.78   -0.33   3973.   4052.     
  2.000   3.784   2.182    1.38  283.98    8.08   -0.14  264.95    7.33   -0.06   3941.   4158.     
  3.000   2.508   1.757    1.53  277.96    7.31   -0.37  259.07    8.32    0.03   3825.   4157.     
  4.000   1.561   1.232    1.77  271.51    6.74   -0.51  253.00    8.52    0.15   3719.   4156.     
  5.000   0.924   0.792    2.20  264.69    6.50   -0.52  246.87    8.42    0.15   3682.   4153.     
  6.000   0.522   0.459    2.40  257.69    6.38   -0.49  240.67    8.27   -0.01   3583.   4141.     
  7.000   0.295   0.256    2.52  250.44    6.44   -0.39  234.97    8.03   -0.29   3356.   4130.     
  8.000   0.163   0.135    2.34  242.97    6.48   -0.19  229.48    7.48   -0.34   2850.   4109.     
  9.000   0.090   0.073    2.08  235.43    6.33    0.03  224.17    7.03   -0.22   1776.   4105.     
 10.000   0.041   0.036    2.31  228.36    5.98    0.16  217.45    6.66    0.12   1028.   4076.     
 11.000   0.017   0.012    2.12  222.30    5.44    0.11  211.49    4.97    0.09    696.   4055.     
 12.000   0.009   0.006    1.47  217.67    5.20   -0.26  206.83    4.99   -0.46    684.   4033.     
 13.000   0.006   0.004    1.70  214.86    4.39   -0.37  204.42    4.27   -0.29    643.   4003.     
 14.000   0.005   0.003    2.12  212.56    3.91    0.19  202.46    4.24   -0.11    535.   3966.     
 15.000   0.003   0.002    1.79  210.19    4.21    0.20  200.23    4.35   -0.05    420.   3923.     
 16.000  99.999  99.999  999.99  208.65    4.28    0.14  999.99   99.99  999.99      0.   3901.     
 17.000  99.999  99.999  999.99  208.38    4.01    0.07  999.99   99.99  999.99      0.   3713.     
 18.000  99.999  99.999  999.99  209.16    3.55   -0.13  999.99   99.99  999.99      0.   3685.     
 19.000  99.999  99.999  999.99  210.78    3.10   -0.38  999.99   99.99  999.99      0.   3599.     
 20.000  99.999  99.999  999.99  212.47    3.00   -0.47  999.99   99.99  999.99      0.   3536.     
 21.000  99.999  99.999  999.99  214.47    3.02   -0.46  999.99   99.99  999.99      0.   2869.     
 22.000  99.999  99.999  999.99  216.04    3.13   -0.51  999.99   99.99  999.99      0.   2790.     
 23.000  99.999  99.999  999.99  217.56    3.20   -0.52  999.99   99.99  999.99      0.   2753.     
 24.000  99.999  99.999  999.99  218.75    3.55   -0.52  999.99   99.99  999.99      0.   2980.     
 25.000  99.999  99.999  999.99  220.28    3.68   -0.53  999.99   99.99  999.99      0.   3068.     
 26.000  99.999  99.999  999.99  221.74    3.90   -0.48  999.99   99.99  999.99      0.   3017.     
 27.000  99.999  99.999  999.99  223.62    4.01   -0.42  999.99   99.99  999.99      0.   2492.     
 28.000  99.999  99.999  999.99  225.22    4.18   -0.46  999.99   99.99  999.99      0.   2394.     
 29.000  99.999  99.999  999.99  226.91    4.29   -0.32  999.99   99.99  999.99      0.   1994.     
 30.000  99.999  99.999  999.99  228.37    4.42   -0.39  999.99   99.99  999.99      0.   1961.     
  T A B L E  III -  1.  M O I S T U R E  R E L A T E D  S T A T I S T I C A L  P A R A M E T E R S  
                                              JANUARY                                               
 STATION =   723810     EDWARDS AIR FORCE BASE                                                      
      Z VAPOR P   SD VP SKEW VP      TV      TV SKEW TV DEWPT T  SD DPT SKW DPT NOBS TP NOBS TV     
           MEAN                    MEAN      SD            MEAN                                     
     KM      MB      MB           DEG K   DEG K           DEG K   DEG K                             
  0.000   4.302   2.798    1.12  275.63    7.47   -0.07  265.77    9.39   -0.58    318.    318.     
  0.705   4.122   2.125    0.73  276.06    4.86    0.02  266.13    7.57   -0.71    331.    333.     
  1.000   4.090   1.879    0.94  279.90    4.45    0.00  266.51    6.27   -0.39    346.    350.     
  2.000   2.715   1.368    1.02  276.85    5.27   -0.38  261.10    6.44   -0.21    345.    358.     
  3.000   1.807   1.059    1.29  272.33    5.27   -0.80  255.79    6.91   -0.09    340.    358.     
  4.000   1.126   0.706    1.33  266.48    5.15   -0.85  250.08    7.09   -0.10    335.    358.     
  5.000   0.674   0.465    1.51  259.88    4.88   -0.76  244.09    7.48   -0.18    332.    356.     
  6.000   0.397   0.273    1.10  252.93    4.61   -0.70  238.39    7.65   -0.39    325.    353.     
  7.000   0.223   0.150    1.31  245.42    4.52   -0.54  232.76    7.39   -0.70    284.    349.     
  8.000   0.124   0.085    1.33  237.68    4.30   -0.37  227.24    7.33   -0.92    208.    342.     
  9.000   0.066   0.040    1.25  229.99    3.84   -0.08  222.44    5.22   -0.03     92.    343.     
 10.000   0.023   0.012    1.03  222.96    3.41    0.19  214.25    3.87    0.26     72.    343.     
 11.000   0.010   0.005    1.22  217.85    3.90    0.67  207.83    3.43    0.34     56.    341.     
 12.000   0.005   0.004    0.65  214.75    5.59    0.32  202.84    5.35   -0.41     56.    339.     
 13.000   0.005   0.003    0.20  214.13    5.32   -0.22  202.32    4.68   -0.74     54.    338.     
 14.000   0.004   0.002    0.39  213.24    4.10   -0.24  200.14    5.18   -0.55     37.    332.     
 15.000   0.002   0.001    1.41  211.23    3.71    0.05  195.81    4.61    0.37     29.    331.     
 16.000  99.999  99.999  999.99  209.31    3.96   -0.05  999.99   99.99  999.99      0.    330.     
 17.000  99.999  99.999  999.99  208.50    4.33   -0.09  999.99   99.99  999.99      0.    321.     
 18.000  99.999  99.999  999.99  208.50    4.18   -0.17  999.99   99.99  999.99      0.    317.     
 19.000  99.999  99.999  999.99  209.46    3.73   -0.43  999.99   99.99  999.99      0.    309.     
 20.000  99.999  99.999  999.99  210.74    3.44   -0.68  999.99   99.99  999.99      0.    302.     
 21.000  99.999  99.999  999.99  212.48    2.95   -0.28  999.99   99.99  999.99      0.    245.     
 22.000  99.999  99.999  999.99  213.81    2.81   -0.50  999.99   99.99  999.99      0.    238.     
 23.000  99.999  99.999  999.99  215.13    2.94   -0.58  999.99   99.99  999.99      0.    236.     
 24.000  99.999  99.999  999.99  215.88    3.72   -0.68  999.99   99.99  999.99      0.    273.     
 25.000  99.999  99.999  999.99  216.84    3.77   -0.74  999.99   99.99  999.99      0.    263.     
 26.000  99.999  99.999  999.99  217.96    3.77   -0.57  999.99   99.99  999.99      0.    256.     
 27.000  99.999  99.999  999.99  219.61    3.67    0.13  999.99   99.99  999.99      0.    205.     
 28.000  99.999  99.999  999.99  220.93    4.14    0.42  999.99   99.99  999.99      0.    195.     
 29.000  99.999  99.999  999.99  221.99    4.04    0.09  999.99   99.99  999.99      0.    139.     
 30.000  99.999  99.999  999.99  223.43    4.40   -0.19  999.99   99.99  999.99      0.    142.     
  T A B L E  III -  2.  M O I S T U R E  R E L A T E D  S T A T I S T I C A L  P A R A M E T E R S  
                                              FEBRUARY                                              
 STATION =   723810     EDWARDS AIR FORCE BASE                                                      
      Z VAPOR P   SD VP SKEW VP      TV      TV SKEW TV DEWPT T  SD DPT SKW DPT NOBS TP NOBS TV     
           MEAN                    MEAN      SD            MEAN                                     
     KM      MB      MB           DEG K   DEG K           DEG K   DEG K                             
  0.000   5.019   3.055    0.93  279.26    6.80    0.10  268.19    8.59   -0.24    290.    290.     
  0.705   4.625   2.239    0.50  278.80    4.71    0.19  267.82    7.19   -0.55    303.    304.     
  1.000   4.473   2.050    0.39  282.08    4.06    0.11  267.57    6.64   -0.41    314.    319.     
  2.000   2.784   1.502    0.77  277.65    4.86   -0.12  261.14    7.07   -0.18    313.    325.     
  3.000   1.703   1.123    1.24  272.49    4.63   -0.47  254.58    7.85   -0.05    299.    324.     
  4.000   1.026   0.685    1.20  266.52    4.36   -0.73  248.68    7.77   -0.21    291.    323.     
  5.000   0.634   0.444    1.37  259.68    4.24   -0.85  243.17    8.06   -0.41    294.    324.     
  6.000   0.396   0.290    1.54  252.50    4.26   -1.03  238.02    8.32   -0.56    287.    323.     
  7.000   0.229   0.169    1.50  244.97    4.33   -0.89  232.61    8.16   -0.69    257.    322.     
  8.000   0.125   0.085    1.37  237.21    4.16   -0.59  227.40    7.15   -0.87    196.    321.     
  9.000   0.059   0.040    1.06  229.66    3.78   -0.01  221.15    6.05   -0.24     74.    321.     
 10.000   0.022   0.014    1.04  222.76    3.61    0.44  213.60    4.78    0.11     57.    320.     
 11.000   0.011   0.006    1.27  217.81    4.16    0.83  208.42    4.17    0.08     51.    320.     
 12.000   0.009   0.007    1.02  215.11    5.81    0.29  205.90    5.77   -0.17     49.    314.     
 13.000   0.008   0.005    0.77  215.02    5.10   -0.52  206.15    5.23   -1.17     51.    314.     
 14.000   0.006   0.003    0.81  213.89    3.72   -0.39  203.96    4.32   -0.66     44.    313.     
 15.000   0.003   0.002    0.27  211.60    3.51   -0.02  199.84    4.73   -0.36     35.    312.     
 16.000  99.999  99.999  999.99  209.54    3.74   -0.13  999.99   99.99  999.99      0.    311.     
 17.000  99.999  99.999  999.99  208.46    3.67   -0.29  999.99   99.99  999.99      0.    296.     
 18.000  99.999  99.999  999.99  208.29    3.53   -0.05  999.99   99.99  999.99      0.    295.     
 19.000  99.999  99.999  999.99  209.25    3.23   -0.07  999.99   99.99  999.99      0.    288.     
 20.000  99.999  99.999  999.99  210.32    3.12   -0.16  999.99   99.99  999.99      0.    282.     
 21.000  99.999  99.999  999.99  211.77    3.20   -0.30  999.99   99.99  999.99      0.    217.     
 22.000  99.999  99.999  999.99  213.22    3.12   -0.29  999.99   99.99  999.99      0.    204.     
 23.000  99.999  99.999  999.99  214.60    3.09   -0.37  999.99   99.99  999.99      0.    201.     
 24.000  99.999  99.999  999.99  215.65    3.18   -0.14  999.99   99.99  999.99      0.    239.     
 25.000  99.999  99.999  999.99  217.11    3.11   -0.27  999.99   99.99  999.99      0.    231.     
 26.000  99.999  99.999  999.99  218.62    3.18   -0.17  999.99   99.99  999.99      0.    229.     
 27.000  99.999  99.999  999.99  220.47    3.14   -0.27  999.99   99.99  999.99      0.    178.     
 28.000  99.999  99.999  999.99  222.23    3.36   -0.19  999.99   99.99  999.99      0.    170.     
 29.000  99.999  99.999  999.99  223.94    3.35    0.13  999.99   99.99  999.99      0.    131.     
 30.000  99.999  99.999  999.99  225.75    3.51    0.26  999.99   99.99  999.99      0.    131.     
  T A B L E  III -  3.  M O I S T U R E  R E L A T E D  S T A T I S T I C A L  P A R A M E T E R S  
                                              MARCH                                                 
 STATION =   723810     EDWARDS AIR FORCE BASE                                                      
      Z VAPOR P   SD VP SKEW VP      TV      TV SKEW TV DEWPT T  SD DPT SKW DPT NOBS TP NOBS TV     
           MEAN                    MEAN      SD            MEAN                                     
     KM      MB      MB           DEG K   DEG K           DEG K   DEG K                             
  0.000   6.553   3.230    0.51  283.83    6.71    0.25  272.39    7.74   -0.60    392.    392.     
  0.705   5.626   2.416    0.34  281.83    5.00    0.36  270.70    6.74   -0.79    415.    415.     
  1.000   4.958   2.031    0.45  282.96    4.81    0.20  269.19    6.12   -0.68    418.    426.     
  2.000   2.901   1.489    1.16  277.89    5.52   -0.14  261.87    6.60   -0.23    418.    442.     
  3.000   1.739   1.070    1.37  272.17    5.32   -0.53  255.09    7.42   -0.19    403.    442.     
  4.000   1.060   0.714    1.71  266.11    5.00   -0.65  249.15    7.57   -0.25    393.    442.     
  5.000   0.668   0.472    1.68  259.35    4.79   -0.61  243.93    7.56   -0.21    386.    441.     
  6.000   0.382   0.282    1.60  252.33    4.61   -0.64  237.89    7.76   -0.39    377.    439.     
  7.000   0.214   0.168    1.71  244.85    4.54   -0.53  231.97    7.86   -0.46    336.    439.     
  8.000   0.117   0.083    1.57  237.15    4.26   -0.44  226.84    6.79   -0.50    249.    437.     
  9.000   0.054   0.039    1.49  229.51    3.69   -0.10  220.32    5.92    0.09    115.    437.     
 10.000   0.018   0.010    0.98  222.83    3.25    0.24  212.24    4.36    0.00     90.    434.     
 11.000   0.009   0.005    0.89  217.89    3.75    0.79  207.21    4.01   -0.19     77.    428.     
 12.000   0.007   0.006    2.40  215.00    5.36    0.24  204.05    5.57    0.18     77.    426.     
 13.000   0.007   0.005    1.32  214.65    5.20   -0.50  204.47    4.99   -0.19     71.    422.     
 14.000   0.005   0.003    1.20  214.02    3.80   -0.42  203.56    3.50    0.16     65.    417.     
 15.000   0.004   0.002    1.45  212.36    3.50   -0.21  202.35    3.02    0.53     45.    413.     
 16.000  99.999  99.999  999.99  210.77    3.34   -0.12  999.99   99.99  999.99      0.    413.     
 17.000  99.999  99.999  999.99  210.35    3.32   -0.34  999.99   99.99  999.99      0.    391.     
 18.000  99.999  99.999  999.99  210.38    3.26   -0.32  999.99   99.99  999.99      0.    388.     
 19.000  99.999  99.999  999.99  211.03    3.07   -0.32  999.99   99.99  999.99      0.    375.     
 20.000  99.999  99.999  999.99  211.99    2.77   -0.30  999.99   99.99  999.99      0.    365.     
 21.000  99.999  99.999  999.99  213.62    2.32   -0.04  999.99   99.99  999.99      0.    295.     
 22.000  99.999  99.999  999.99  214.78    2.62   -0.20  999.99   99.99  999.99      0.    288.     
 23.000  99.999  99.999  999.99  216.11    2.65   -0.03  999.99   99.99  999.99      0.    285.     
 24.000  99.999  99.999  999.99  217.06    3.04    0.46  999.99   99.99  999.99      0.    321.     
 25.000  99.999  99.999  999.99  218.41    3.42    1.02  999.99   99.99  999.99      0.    316.     
 26.000  99.999  99.999  999.99  219.80    3.65    1.14  999.99   99.99  999.99      0.    313.     
 27.000  99.999  99.999  999.99  221.73    3.75    1.13  999.99   99.99  999.99      0.    254.     
 28.000  99.999  99.999  999.99  223.49    3.82    0.82  999.99   99.99  999.99      0.    243.     
 29.000  99.999  99.999  999.99  225.27    3.68    0.52  999.99   99.99  999.99      0.    199.     
 30.000  99.999  99.999  999.99  227.24    3.88    0.38  999.99   99.99  999.99      0.    204.     
  T A B L E  III -  4.  M O I S T U R E  R E L A T E D  S T A T I S T I C A L  P A R A M E T E R S  
                                              APRIL                                                 
 STATION =   723810     EDWARDS AIR FORCE BASE                                                      
      Z VAPOR P   SD VP SKEW VP      TV      TV SKEW TV DEWPT T  SD DPT SKW DPT NOBS TP NOBS TV     
           MEAN                    MEAN      SD            MEAN                                     
     KM      MB      MB           DEG K   DEG K           DEG K   DEG K                             
  0.000   7.007   2.637    0.24  286.27    6.37    0.33  274.08    5.75   -0.62    314.    314.     
  0.705   5.972   2.105    0.16  284.03    5.22    0.60  272.01    5.26   -0.55    340.    341.     
  1.000   5.263   1.693    0.24  284.66    5.29    0.20  270.46    4.61   -0.45    350.    362.     
  2.000   2.998   1.312    0.52  279.32    5.70   -0.04  262.59    5.96   -0.40    354.    380.     
  3.000   1.735   0.947    0.79  273.04    5.41   -0.39  255.31    7.06   -0.39    340.    380.     
  4.000   1.027   0.657    1.73  266.94    5.21   -0.67  249.07    6.98   -0.10    327.    380.     
  5.000   0.602   0.394    1.16  260.29    4.96   -0.87  242.96    7.33   -0.27    328.    379.     
  6.000   0.354   0.260    1.66  253.27    4.85   -1.12  237.14    7.68   -0.31    320.    378.     
  7.000   0.202   0.159    1.99  245.87    4.63   -0.94  231.34    8.08   -0.59    293.    377.     
  8.000   0.110   0.083    1.56  238.36    3.95   -0.34  225.96    7.37   -0.56    242.    377.     
  9.000   0.054   0.040    2.18  230.91    3.36   -0.02  220.51    5.53    0.03    109.    375.     
 10.000   0.020   0.009    1.06  224.14    2.87    0.51  213.32    3.60   -0.16     86.    369.     
 11.000   0.011   0.006    1.98  218.77    3.73    0.94  208.74    3.61    0.07     71.    368.     
 12.000   0.008   0.005    1.55  215.21    5.29    0.58  205.35    5.09   -0.09     69.    364.     
 13.000   0.008   0.004    0.93  214.76    5.32   -0.08  206.00    3.86   -0.37     67.    360.     
 14.000   0.006   0.002    0.36  214.67    4.14   -0.32  205.25    2.82   -0.35     73.    354.     
 15.000   0.005   0.002    0.29  213.29    3.44   -0.09  203.72    2.66   -0.33     62.    347.     
 16.000  99.999  99.999  999.99  212.01    3.57    0.01  999.99   99.99  999.99      0.    347.     
 17.000  99.999  99.999  999.99  211.42    3.62   -0.18  999.99   99.99  999.99      0.    334.     
 18.000  99.999  99.999  999.99  211.25    3.52   -0.29  999.99   99.99  999.99      0.    330.     
 19.000  99.999  99.999  999.99  212.09    3.01   -0.21  999.99   99.99  999.99      0.    321.     
 20.000  99.999  99.999  999.99  213.12    2.72   -0.10  999.99   99.99  999.99      0.    314.     
 21.000  99.999  99.999  999.99  214.78    2.59   -0.19  999.99   99.99  999.99      0.    245.     
 22.000  99.999  99.999  999.99  216.33    2.58   -0.20  999.99   99.99  999.99      0.    241.     
 23.000  99.999  99.999  999.99  217.76    2.58   -0.01  999.99   99.99  999.99      0.    236.     
 24.000  99.999  99.999  999.99  218.93    2.79    0.22  999.99   99.99  999.99      0.    277.     
 25.000  99.999  99.999  999.99  220.41    2.98    0.08  999.99   99.99  999.99      0.    271.     
 26.000  99.999  99.999  999.99  222.04    3.08   -0.05  999.99   99.99  999.99      0.    269.     
 27.000  99.999  99.999  999.99  224.13    3.09   -0.07  999.99   99.99  999.99      0.    215.     
 28.000  99.999  99.999  999.99  226.03    3.26   -0.06  999.99   99.99  999.99      0.    208.     
 29.000  99.999  99.999  999.99  227.82    3.41    0.23  999.99   99.99  999.99      0.    165.     
 30.000  99.999  99.999  999.99  229.72    3.67    0.16  999.99   99.99  999.99      0.    165.     
  T A B L E  III -  5.  M O I S T U R E  R E L A T E D  S T A T I S T I C A L  P A R A M E T E R S  
                                              MAY                                                   
 STATION =   723810     EDWARDS AIR FORCE BASE                                                      
      Z VAPOR P   SD VP SKEW VP      TV      TV SKEW TV DEWPT T  SD DPT SKW DPT NOBS TP NOBS TV     
           MEAN                    MEAN      SD            MEAN                                     
     KM      MB      MB           DEG K   DEG K           DEG K   DEG K                             
  0.000   8.705   2.956    0.45  291.25    6.97    0.89  277.35    5.16   -0.51    265.    265.     
  0.705   7.460   2.223   -0.02  288.87    5.28    0.54  275.31    4.62   -0.76    298.    298.     
  1.000   6.547   2.014    0.14  289.58    5.17   -0.17  273.48    4.58   -0.55    313.    316.     
  2.000   3.830   1.522    0.45  284.53    5.42   -0.53  265.92    5.55   -0.45    294.    327.     
  3.000   2.336   1.057    0.67  277.97    4.91   -0.85  259.48    5.79   -0.22    273.    327.     
  4.000   1.425   0.745    1.07  271.18    4.72   -1.00  253.34    6.05   -0.04    271.    327.     
  5.000   0.801   0.449    1.29  264.19    4.60   -1.10  246.74    5.96    0.08    270.    327.     
  6.000   0.458   0.288    1.53  257.15    4.34   -1.00  240.42    6.64   -0.35    260.    327.     
  7.000   0.253   0.159    1.43  249.81    4.03   -0.90  234.41    6.69   -0.75    242.    327.     
  8.000   0.136   0.096    2.11  242.19    3.88   -0.64  228.37    6.55   -0.57    212.    327.     
  9.000   0.066   0.040    1.79  234.53    3.47   -0.44  222.42    5.72   -0.97    128.    326.     
 10.000   0.029   0.016    2.32  227.14    2.95   -0.31  216.17    3.79    0.21     76.    326.     
 11.000   0.013   0.006    1.07  220.92    2.85    0.48  210.39    3.12   -0.13     70.    326.     
 12.000   0.007   0.004    1.44  216.04    3.72    0.97  205.48    3.74    0.04     70.    325.     
 13.000   0.006   0.004    1.50  214.14    4.49    0.32  203.47    4.57    0.11     64.    321.     
 14.000   0.006   0.003    1.03  214.21    3.93   -0.19  204.12    3.56   -0.07     53.    319.     
 15.000   0.005   0.002    1.08  213.35    3.43   -0.13  202.80    2.91    0.39     45.    317.     
 16.000  99.999  99.999  999.99  212.36    3.03   -0.18  999.99   99.99  999.99      0.    316.     
 17.000  99.999  99.999  999.99  211.72    2.85   -0.34  999.99   99.99  999.99      0.    309.     
 18.000  99.999  99.999  999.99  211.74    2.71   -0.27  999.99   99.99  999.99      0.    308.     
 19.000  99.999  99.999  999.99  212.53    2.40   -0.36  999.99   99.99  999.99      0.    305.     
 20.000  99.999  99.999  999.99  213.93    2.13   -0.37  999.99   99.99  999.99      0.    297.     
 21.000  99.999  99.999  999.99  215.90    2.05   -0.34  999.99   99.99  999.99      0.    244.     
 22.000  99.999  99.999  999.99  217.47    2.07   -0.18  999.99   99.99  999.99      0.    242.     
 23.000  99.999  99.999  999.99  219.15    1.96    0.07  999.99   99.99  999.99      0.    239.     
 24.000  99.999  99.999  999.99  220.50    2.19    0.28  999.99   99.99  999.99      0.    265.     
 25.000  99.999  99.999  999.99  222.09    2.27    0.49  999.99   99.99  999.99      0.    277.     
 26.000  99.999  99.999  999.99  223.84    2.39    0.35  999.99   99.99  999.99      0.    272.     
 27.000  99.999  99.999  999.99  225.88    2.47    0.41  999.99   99.99  999.99      0.    238.     
 28.000  99.999  99.999  999.99  227.69    2.61    0.24  999.99   99.99  999.99      0.    232.     
 29.000  99.999  99.999  999.99  229.30    2.84    0.14  999.99   99.99  999.99      0.    195.     
 30.000  99.999  99.999  999.99  231.10    2.94    0.15  999.99   99.99  999.99      0.    192.     
  T A B L E  III -  6.  M O I S T U R E  R E L A T E D  S T A T I S T I C A L  P A R A M E T E R S  
                                              JUNE                                                  
 STATION =   723810     EDWARDS AIR FORCE BASE                                                      
      Z VAPOR P   SD VP SKEW VP      TV      TV SKEW TV DEWPT T  SD DPT SKW DPT NOBS TP NOBS TV     
           MEAN                    MEAN      SD            MEAN                                     
     KM      MB      MB           DEG K   DEG K           DEG K   DEG K                             
  0.000   9.579   3.300    0.68  295.62    7.09    0.74  278.72    5.19   -0.45    317.    317.     
  0.705   8.437   2.679    0.52  293.73    5.62    0.44  277.02    4.72   -0.44    349.    349.     
  1.000   7.382   2.501    0.53  294.90    5.58   -0.35  275.05    4.92   -0.30    351.    363.     
  2.000   4.407   1.867    0.74  289.93    5.27   -0.55  267.69    5.71   -0.14    337.    369.     
  3.000   2.882   1.546    1.09  283.21    4.63   -0.72  261.73    6.61    0.09    330.    369.     
  4.000   1.794   1.083    1.10  276.05    4.35   -0.82  255.61    6.99    0.18    309.    369.     
  5.000   1.041   0.696    1.46  269.07    4.31   -0.87  249.14    6.93    0.30    302.    369.     
  6.000   0.562   0.397    2.08  261.88    4.09   -0.87  242.44    6.61    0.30    291.    368.     
  7.000   0.322   0.224    2.06  254.56    4.10   -1.00  236.75    6.40    0.07    286.    368.     
  8.000   0.172   0.124    2.19  247.00    4.10   -1.01  230.60    6.35   -0.11    263.    368.     
  9.000   0.088   0.064    1.88  239.35    3.72   -0.63  224.36    6.45   -0.35    193.    368.     
 10.000   0.039   0.022    0.85  231.98    3.29   -0.17  217.81    5.74   -0.78     90.    363.     
 11.000   0.018   0.007    0.96  225.24    3.03    0.00  212.90    2.87   -0.39     62.    363.     
 12.000   0.009   0.003    0.12  219.66    3.39    0.15  207.99    2.55   -0.75     62.    361.     
 13.000   0.006   0.003    0.75  215.62    3.77    0.32  204.16    3.25   -0.09     60.    358.     
 14.000   0.004   0.002    0.53  213.01    3.87    0.42  202.40    3.42   -0.30     50.    358.     
 15.000   0.003   0.001    0.60  210.73    3.97    0.21  200.81    2.59    0.07     45.    353.     
 16.000  99.999  99.999  999.99  209.19    4.14   -0.11  999.99   99.99  999.99      0.    350.     
 17.000  99.999  99.999  999.99  209.05    3.88   -0.10  999.99   99.99  999.99      0.    324.     
 18.000  99.999  99.999  999.99  210.12    3.22   -0.06  999.99   99.99  999.99      0.    322.     
 19.000  99.999  99.999  999.99  212.18    2.44    0.05  999.99   99.99  999.99      0.    319.     
 20.000  99.999  99.999  999.99  214.36    2.12    0.03  999.99   99.99  999.99      0.    316.     
 21.000  99.999  99.999  999.99  216.71    1.69   -0.11  999.99   99.99  999.99      0.    262.     
 22.000  99.999  99.999  999.99  218.48    1.58   -0.19  999.99   99.99  999.99      0.    257.     
 23.000  99.999  99.999  999.99  220.16    1.56   -0.38  999.99   99.99  999.99      0.    255.     
 24.000  99.999  99.999  999.99  221.93    1.52   -0.18  999.99   99.99  999.99      0.    254.     
 25.000  99.999  99.999  999.99  223.49    1.67   -0.11  999.99   99.99  999.99      0.    280.     
 26.000  99.999  99.999  999.99  225.28    1.81   -0.08  999.99   99.99  999.99      0.    277.     
 27.000  99.999  99.999  999.99  227.28    1.89    0.23  999.99   99.99  999.99      0.    230.     
 28.000  99.999  99.999  999.99  229.10    1.94    0.22  999.99   99.99  999.99      0.    223.     
 29.000  99.999  99.999  999.99  230.95    2.55    0.93  999.99   99.99  999.99      0.    189.     
 30.000  99.999  99.999  999.99  232.48    2.55    0.45  999.99   99.99  999.99      0.    184.     
  T A B L E  III -  7.  M O I S T U R E  R E L A T E D  S T A T I S T I C A L  P A R A M E T E R S  
                                              JULY                                                  
 STATION =   723810     EDWARDS AIR FORCE BASE                                                      
      Z VAPOR P   SD VP SKEW VP      TV      TV SKEW TV DEWPT T  SD DPT SKW DPT NOBS TP NOBS TV     
           MEAN                    MEAN      SD            MEAN                                     
     KM      MB      MB           DEG K   DEG K           DEG K   DEG K                             
  0.000   9.949   4.210    1.57  298.96    6.32    0.59  279.01    5.89   -0.03    308.    308.     
  0.705   8.836   3.521    1.69  297.36    4.34    0.36  277.42    5.50   -0.08    329.    329.     
  1.000   7.680   3.127    1.08  298.96    3.07   -0.27  275.37    5.60    0.04    327.    337.     
  2.000   5.075   2.397    1.04  294.17    2.83   -0.43  269.40    6.08    0.24    325.    345.     
  3.000   3.769   2.158    0.85  287.10    2.36   -0.31  264.86    7.35    0.18    318.    345.     
  4.000   2.515   1.644    0.90  279.58    1.98   -0.31  259.23    8.07    0.20    309.    345.     
  5.000   1.554   1.162    1.09  272.22    2.00   -0.01  252.98    8.44    0.33    306.    345.     
  6.000   0.862   0.708    1.30  265.04    2.07    0.16  246.03    8.39    0.43    303.    344.     
  7.000   0.451   0.389    1.71  258.13    2.08    0.04  239.21    7.86    0.43    296.    343.     
  8.000   0.236   0.196    1.60  251.13    2.33   -0.23  232.81    7.72    0.09    287.    341.     
  9.000   0.117   0.093    1.39  243.91    2.55   -0.17  226.18    7.80   -0.28    240.    341.     
 10.000   0.061   0.050    1.44  236.61    2.50   -0.17  220.14    8.24   -0.42    149.    340.     
 11.000   0.034   0.019    1.79  229.33    2.33   -0.33  217.27    4.12    0.18     50.    337.     
 12.000   0.014   0.007    1.91  222.56    2.18   -0.25  210.64    3.37    0.25     47.    336.     
 13.000   0.006   0.003    0.92  216.25    2.15    0.04  204.11    3.16    0.19     43.    336.     
 14.000   0.003   0.001    0.95  210.55    2.41    0.25  199.90    2.96   -0.05     33.    336.     
 15.000   0.002   0.001    0.71  206.42    2.68    0.41  197.06    2.84    0.15     28.    331.     
 16.000  99.999  99.999  999.99  205.16    2.68    0.19  999.99   99.99  999.99      0.    328.     
 17.000  99.999  99.999  999.99  206.11    2.52   -0.09  999.99   99.99  999.99      0.    316.     
 18.000  99.999  99.999  999.99  208.66    2.40   -0.19  999.99   99.99  999.99      0.    313.     
 19.000  99.999  99.999  999.99  211.61    2.13   -0.36  999.99   99.99  999.99      0.    306.     
 20.000  99.999  99.999  999.99  214.20    2.00   -0.23  999.99   99.99  999.99      0.    304.     
 21.000  99.999  99.999  999.99  216.91    1.74   -0.20  999.99   99.99  999.99      0.    250.     
 22.000  99.999  99.999  999.99  218.87    1.45   -0.72  999.99   99.99  999.99      0.    236.     
 23.000  99.999  99.999  999.99  220.56    1.45   -0.39  999.99   99.99  999.99      0.    236.     
 24.000  99.999  99.999  999.99  222.13    1.56   -0.21  999.99   99.99  999.99      0.    235.     
 25.000  99.999  99.999  999.99  223.43    1.74   -0.14  999.99   99.99  999.99      0.    273.     
 26.000  99.999  99.999  999.99  225.04    1.86   -0.21  999.99   99.99  999.99      0.    269.     
 27.000  99.999  99.999  999.99  226.86    2.13   -0.28  999.99   99.99  999.99      0.    224.     
 28.000  99.999  99.999  999.99  228.62    2.15   -0.22  999.99   99.99  999.99      0.    207.     
 29.000  99.999  99.999  999.99  230.35    2.43   -0.10  999.99   99.99  999.99      0.    186.     
 30.000  99.999  99.999  999.99  231.79    2.46   -0.12  999.99   99.99  999.99      0.    172.     
  T A B L E  III -  8.  M O I S T U R E  R E L A T E D  S T A T I S T I C A L  P A R A M E T E R S  
                                              AUGUST                                                
 STATION =   723810     EDWARDS AIR FORCE BASE                                                      
      Z VAPOR P   SD VP SKEW VP      TV      TV SKEW TV DEWPT T  SD DPT SKW DPT NOBS TP NOBS TV     
           MEAN                    MEAN      SD            MEAN                                     
     KM      MB      MB           DEG K   DEG K           DEG K   DEG K                             
  0.000  11.315   5.094    1.01  299.50    6.64    0.76  280.67    6.56   -0.01    343.    343.     
  0.705   9.868   3.874    0.76  297.65    4.64    0.50  278.94    5.80   -0.18    362.    362.     
  1.000   8.583   3.471    0.57  299.15    3.32   -0.32  276.86    5.95   -0.15    363.    371.     
  2.000   5.956   2.859    0.76  293.93    3.02   -0.35  271.39    6.73   -0.08    364.    383.     
  3.000   4.416   2.361    0.52  286.61    2.50   -0.39  266.91    7.70   -0.24    360.    383.     
  4.000   2.922   1.763    0.47  279.08    2.17   -0.52  261.09    8.45   -0.19    353.    383.     
  5.000   1.775   1.252    0.85  271.86    2.03   -0.14  254.50    8.85    0.01    344.    383.     
  6.000   0.950   0.737    1.19  264.94    2.05   -0.10  247.14    8.63    0.11    327.    383.     
  7.000   0.490   0.382    1.67  258.01    2.08   -0.45  240.32    7.83    0.02    321.    382.     
  8.000   0.246   0.182    1.86  251.08    2.25   -0.64  233.66    7.26   -0.25    302.    378.     
  9.000   0.129   0.097    1.65  243.74    2.53   -0.65  227.39    7.46   -0.52    273.    378.     
 10.000   0.071   0.046    1.49  236.38    2.59   -0.67  222.55    6.74   -1.01    153.    376.     
 11.000   0.034   0.014    0.79  229.11    2.47   -0.38  217.70    3.49   -0.79     62.    376.     
 12.000   0.016   0.005    1.06  222.45    2.05   -0.52  211.79    2.54    0.24     59.    376.     
 13.000   0.007   0.002    0.89  216.22    1.81    0.08  205.76    2.51    0.05     55.    373.     
 14.000   0.003   0.001    0.50  210.76    2.38    0.73  200.01    2.85   -0.07     45.    373.     
 15.000   0.002   0.000    0.84  206.81    3.17    0.80  196.73    1.74   -0.11     30.    371.     
 16.000  99.999  99.999  999.99  205.34    3.20    0.73  999.99   99.99  999.99      0.    369.     
 17.000  99.999  99.999  999.99  206.12    2.52    0.41  999.99   99.99  999.99      0.    350.     
 18.000  99.999  99.999  999.99  208.65    2.34    0.09  999.99   99.99  999.99      0.    348.     
 19.000  99.999  99.999  999.99  211.66    2.23   -0.20  999.99   99.99  999.99      0.    342.     
 20.000  99.999  99.999  999.99  214.34    2.05   -0.25  999.99   99.99  999.99      0.    338.     
 21.000  99.999  99.999  999.99  216.79    1.72   -0.08  999.99   99.99  999.99      0.    281.     
 22.000  99.999  99.999  999.99  218.52    1.55   -0.13  999.99   99.99  999.99      0.    263.     
 23.000  99.999  99.999  999.99  220.09    1.63   -0.25  999.99   99.99  999.99      0.    255.     
 24.000  99.999  99.999  999.99  221.65    1.61   -0.25  999.99   99.99  999.99      0.    252.     
 25.000  99.999  99.999  999.99  222.86    1.78   -0.16  999.99   99.99  999.99      0.    287.     
 26.000  99.999  99.999  999.99  224.36    1.94   -0.22  999.99   99.99  999.99      0.    279.     
 27.000  99.999  99.999  999.99  226.21    2.02    0.08  999.99   99.99  999.99      0.    240.     
 28.000  99.999  99.999  999.99  227.77    2.10    0.23  999.99   99.99  999.99      0.    231.     
 29.000  99.999  99.999  999.99  229.36    2.54    0.03  999.99   99.99  999.99      0.    212.     
 30.000  99.999  99.999  999.99  230.69    2.49    0.01  999.99   99.99  999.99      0.    198.     
  T A B L E  III -  9.  M O I S T U R E  R E L A T E D  S T A T I S T I C A L  P A R A M E T E R S  
                                              SEPTEMBER                                             
 STATION =   723810     EDWARDS AIR FORCE BASE                                                      
      Z VAPOR P   SD VP SKEW VP      TV      TV SKEW TV DEWPT T  SD DPT SKW DPT NOBS TP NOBS TV     
           MEAN                    MEAN      SD            MEAN                                     
     KM      MB      MB           DEG K   DEG K           DEG K   DEG K                             
  0.000   9.314   4.261    0.39  292.92    6.44    0.55  277.57    7.39   -0.58    246.    246.     
  0.705   8.523   3.467    0.18  291.99    4.59    0.45  276.61    6.52   -0.62    267.    269.     
  1.000   7.406   3.357    1.06  295.04    4.13   -0.13  274.55    6.50   -0.19    257.    267.     
  2.000   4.980   2.746    1.02  290.02    3.87   -0.53  268.67    7.20    0.16    258.    272.     
  3.000   3.479   2.103    0.79  283.10    3.19   -0.41  263.54    7.94    0.06    245.    272.     
  4.000   2.093   1.404    1.17  276.62    2.97   -0.27  257.08    7.69    0.35    228.    272.     
  5.000   1.090   0.806    1.81  270.10    2.87   -0.37  249.51    7.00    0.70    226.    272.     
  6.000   0.571   0.466    2.27  263.34    2.70   -0.28  242.31    6.85    0.75    211.    271.     
  7.000   0.327   0.278    2.55  256.32    2.51   -0.41  236.50    6.81    0.56    209.    271.     
  8.000   0.182   0.151    2.36  248.87    2.58   -0.58  230.84    6.69    0.32    204.    270.     
  9.000   0.100   0.075    1.91  241.14    2.65   -0.38  225.40    6.64   -0.24    154.    270.     
 10.000   0.051   0.037    1.45  233.82    2.73   -0.13  219.43    7.02   -0.59     75.    270.     
 11.000   0.025   0.008    0.54  227.07    2.92    0.21  215.51    2.72   -0.22     39.    268.     
 12.000   0.013   0.004    0.58  221.19    2.73   -0.33  210.49    2.64   -0.29     39.    268.     
 13.000   0.007   0.003    0.57  216.04    2.54   -0.16  205.66    3.39   -0.31     38.    267.     
 14.000   0.004   0.003    1.19  211.58    2.80    0.59  201.92    4.39   -0.13     30.    267.     
 15.000   0.003   0.002    0.37  208.25    3.10    0.53  199.23    3.99   -0.19     22.    266.     
 16.000  99.999  99.999  999.99  206.58    3.34    0.40  999.99   99.99  999.99      0.    263.     
 17.000  99.999  99.999  999.99  206.62    3.15    0.34  999.99   99.99  999.99      0.    251.     
 18.000  99.999  99.999  999.99  208.40    2.87    0.29  999.99   99.99  999.99      0.    250.     
 19.000  99.999  99.999  999.99  210.91    2.44    0.33  999.99   99.99  999.99      0.    247.     
 20.000  99.999  99.999  999.99  213.38    2.38    0.21  999.99   99.99  999.99      0.    246.     
 21.000  99.999  99.999  999.99  215.89    2.28   -0.22  999.99   99.99  999.99      0.    206.     
 22.000  99.999  99.999  999.99  217.64    2.29   -0.14  999.99   99.99  999.99      0.    206.     
 23.000  99.999  99.999  999.99  219.30    2.15    0.02  999.99   99.99  999.99      0.    202.     
 24.000  99.999  99.999  999.99  220.98    1.96    0.18  999.99   99.99  999.99      0.    202.     
 25.000  99.999  99.999  999.99  222.37    1.93    0.52  999.99   99.99  999.99      0.    226.     
 26.000  99.999  99.999  999.99  223.92    1.94    0.72  999.99   99.99  999.99      0.    219.     
 27.000  99.999  99.999  999.99  225.56    2.03    0.54  999.99   99.99  999.99      0.    188.     
 28.000  99.999  99.999  999.99  226.72    2.02    0.02  999.99   99.99  999.99      0.    186.     
 29.000  99.999  99.999  999.99  227.90    2.28   -0.01  999.99   99.99  999.99      0.    160.     
 30.000  99.999  99.999  999.99  229.19    2.20    0.22  999.99   99.99  999.99      0.    158.     
  T A B L E  III - 10.  M O I S T U R E  R E L A T E D  S T A T I S T I C A L  P A R A M E T E R S  
                                              OCTOBER                                               
 STATION =   723810     EDWARDS AIR FORCE BASE                                                      
      Z VAPOR P   SD VP SKEW VP      TV      TV SKEW TV DEWPT T  SD DPT SKW DPT NOBS TP NOBS TV     
           MEAN                    MEAN      SD            MEAN                                     
     KM      MB      MB           DEG K   DEG K           DEG K   DEG K                             
  0.000   7.014   3.917    0.56  287.60    7.34    0.51  272.85    8.76   -0.44    273.    273.     
  0.705   6.536   3.044    0.39  287.30    5.25    0.47  272.55    7.28   -0.57    283.    283.     
  1.000   6.306   2.611    0.46  291.04    4.48   -0.30  272.46    6.10   -0.38    284.    288.     
  2.000   3.989   1.928    1.07  286.46    4.90   -0.82  266.16    6.18    0.05    283.    293.     
  3.000   2.564   1.433    1.22  280.01    4.72   -1.09  260.15    6.87   -0.11    274.    293.     
  4.000   1.569   0.926    1.16  273.73    4.60   -1.24  254.06    6.99   -0.14    271.    293.     
  5.000   0.889   0.522    1.16  266.92    4.49   -1.24  247.59    6.78   -0.31    261.    293.     
  6.000   0.488   0.283    0.95  259.94    4.37   -1.58  241.20    6.42   -0.31    254.    293.     
  7.000   0.293   0.187    1.87  252.88    4.05   -1.38  235.89    6.58   -0.70    248.    292.     
  8.000   0.169   0.110    1.54  245.44    3.92   -1.05  230.49    6.63   -0.69    220.    292.     
  9.000   0.094   0.057    1.11  237.85    3.44   -0.41  225.18    6.39   -0.95    140.    292.     
 10.000   0.048   0.028    2.80  230.67    3.09   -0.01  220.15    4.24    0.07     56.    290.     
 11.000   0.019   0.006    0.79  224.19    3.25    0.39  213.31    2.50   -0.05     46.    290.     
 12.000   0.008   0.003    0.88  218.88    3.56    0.47  207.13    2.79   -0.20     46.    290.     
 13.000   0.004   0.002    0.77  214.55    3.47    0.48  202.41    2.86    0.10     37.    290.     
 14.000   0.003   0.001    0.80  211.20    3.26    0.49  199.52    3.18    0.01     27.    290.     
 15.000   0.002   0.001   -0.46  208.43    3.22    0.67  198.23    2.22   -1.17     21.    287.     
 16.000  99.999  99.999  999.99  206.70    3.39    0.60  999.99   99.99  999.99      0.    285.     
 17.000  99.999  99.999  999.99  206.34    3.39    0.41  999.99   99.99  999.99      0.    270.     
 18.000  99.999  99.999  999.99  207.39    3.03    0.17  999.99   99.99  999.99      0.    267.     
 19.000  99.999  99.999  999.99  209.63    2.42    0.22  999.99   99.99  999.99      0.    263.     
 20.000  99.999  99.999  999.99  211.72    2.21    0.12  999.99   99.99  999.99      0.    261.     
 21.000  99.999  99.999  999.99  213.79    2.13    0.12  999.99   99.99  999.99      0.    223.     
 22.000  99.999  99.999  999.99  215.75    2.13   -0.23  999.99   99.99  999.99      0.    222.     
 23.000  99.999  99.999  999.99  217.43    1.91   -0.16  999.99   99.99  999.99      0.    221.     
 24.000  99.999  99.999  999.99  218.87    2.03   -0.08  999.99   99.99  999.99      0.    232.     
 25.000  99.999  99.999  999.99  220.27    2.16   -0.32  999.99   99.99  999.99      0.    229.     
 26.000  99.999  99.999  999.99  221.74    2.22   -0.28  999.99   99.99  999.99      0.    226.     
 27.000  99.999  99.999  999.99  223.34    2.22    0.03  999.99   99.99  999.99      0.    199.     
 28.000  99.999  99.999  999.99  224.46    2.28   -0.06  999.99   99.99  999.99      0.    195.     
 29.000  99.999  99.999  999.99  225.68    2.43    0.10  999.99   99.99  999.99      0.    174.     
 30.000  99.999  99.999  999.99  226.83    2.47   -0.01  999.99   99.99  999.99      0.    173.     
  T A B L E  III - 11.  M O I S T U R E  R E L A T E D  S T A T I S T I C A L  P A R A M E T E R S  
                                              NOVEMBER                                              
 STATION =   723810     EDWARDS AIR FORCE BASE                                                      
      Z VAPOR P   SD VP SKEW VP      TV      TV SKEW TV DEWPT T  SD DPT SKW DPT NOBS TP NOBS TV     
           MEAN                    MEAN      SD            MEAN                                     
     KM      MB      MB           DEG K   DEG K           DEG K   DEG K                             
  0.000   5.723   3.479    0.99  280.76    7.54    0.30  270.01    8.50   -0.12    326.    326.     
  0.705   5.434   2.527    0.65  280.90    5.31    0.38  270.18    6.69   -0.36    332.    332.     
  1.000   5.216   2.184    0.74  284.74    4.71   -0.12  269.94    5.83   -0.31    340.    340.     
  2.000   3.391   1.647    1.12  281.13    5.29   -0.39  264.05    6.14   -0.04    341.    347.     
  3.000   2.106   1.238    1.35  276.12    5.32   -0.87  257.61    7.01   -0.04    337.    347.     
  4.000   1.226   0.835    2.17  270.31    5.13   -0.99  250.97    7.19    0.02    331.    347.     
  5.000   0.757   0.512    1.62  263.84    4.89   -0.99  245.44    7.36   -0.21    332.    347.     
  6.000   0.464   0.326    1.45  257.00    4.65   -0.90  239.96    7.76   -0.39    330.    346.     
  7.000   0.290   0.212    1.43  249.87    4.48   -0.85  235.07    7.84   -0.50    314.    345.     
  8.000   0.162   0.112    1.20  242.28    4.24   -0.56  229.54    7.63   -0.73    262.    343.     
  9.000   0.085   0.055    0.82  234.78    3.78   -0.30  223.84    7.42   -1.03    152.    343.     
 10.000   0.042   0.024    1.11  227.62    3.39    0.13  218.82    4.71   -0.11     54.    339.     
 11.000   0.020   0.009    1.08  221.17    3.35    0.55  213.37    3.43   -0.07     50.    335.     
 12.000   0.010   0.005    2.21  215.99    4.07    0.48  208.52    3.12    0.14     49.    334.     
 13.000   0.006   0.003    1.60  212.56    4.35    0.06  204.65    3.65   -0.03     44.    328.     
 14.000   0.004   0.004    3.53  210.47    3.93    0.21  201.30    4.82    0.71     32.    320.     
 15.000   0.003   0.003    2.90  208.45    3.87    0.46  198.46    4.83    0.66     26.    315.     
 16.000  99.999  99.999  999.99  207.11    3.88    0.24  999.99   99.99  999.99      0.    310.     
 17.000  99.999  99.999  999.99  206.83    3.85    0.03  999.99   99.99  999.99      0.    291.     
 18.000  99.999  99.999  999.99  207.29    3.63   -0.12  999.99   99.99  999.99      0.    290.     
 19.000  99.999  99.999  999.99  208.82    2.84    0.02  999.99   99.99  999.99      0.    279.     
 20.000  99.999  99.999  999.99  210.20    2.25   -0.16  999.99   99.99  999.99      0.    275.     
 21.000  99.999  99.999  999.99  211.79    1.99   -0.31  999.99   99.99  999.99      0.    210.     
 22.000  99.999  99.999  999.99  213.07    2.08   -0.22  999.99   99.99  999.99      0.    206.     
 23.000  99.999  99.999  999.99  214.64    2.02   -0.10  999.99   99.99  999.99      0.    202.     
 24.000  99.999  99.999  999.99  216.02    2.29   -0.01  999.99   99.99  999.99      0.    221.     
 25.000  99.999  99.999  999.99  217.47    2.59   -0.01  999.99   99.99  999.99      0.    216.     
 26.000  99.999  99.999  999.99  218.66    2.78    0.01  999.99   99.99  999.99      0.    211.     
 27.000  99.999  99.999  999.99  220.12    3.08    0.08  999.99   99.99  999.99      0.    167.     
 28.000  99.999  99.999  999.99  221.46    3.23    0.19  999.99   99.99  999.99      0.    159.     
 29.000  99.999  99.999  999.99  222.73    3.30    0.22  999.99   99.99  999.99      0.    137.     
 30.000  99.999  99.999  999.99  223.96    3.34    0.11  999.99   99.99  999.99      0.    136.     
  T A B L E  III - 12.  M O I S T U R E  R E L A T E D  S T A T I S T I C A L  P A R A M E T E R S  
                                              DECEMBER                                              
 STATION =   723810     EDWARDS AIR FORCE BASE                                                      
      Z VAPOR P   SD VP SKEW VP      TV      TV SKEW TV DEWPT T  SD DPT SKW DPT NOBS TP NOBS TV     
           MEAN                    MEAN      SD            MEAN                                     
     KM      MB      MB           DEG K   DEG K           DEG K   DEG K                             
  0.000   4.406   2.990    1.42  275.48    7.63    0.12  266.14    9.08   -0.28    282.    282.     
  0.705   4.335   2.265    1.08  276.33    5.05    0.28  266.87    7.31   -0.56    291.    293.     
  1.000   4.245   2.112    1.21  280.44    4.47   -0.42  266.85    6.60   -0.26    310.    313.     
  2.000   2.693   1.621    1.59  277.64    5.87   -0.71  260.61    7.13    0.04    309.    317.     
  3.000   1.757   1.146    1.57  273.05    6.29   -0.99  255.14    7.44    0.02    306.    317.     
  4.000   1.060   0.756    1.68  267.26    6.14   -1.10  249.08    7.47    0.19    301.    317.     
  5.000   0.634   0.453    1.83  260.62    5.82   -1.14  243.45    7.32   -0.02    301.    317.     
  6.000   0.396   0.308    1.82  253.73    5.45   -1.06  238.17    7.74   -0.13    298.    316.     
  7.000   0.230   0.181    1.98  246.47    5.13   -0.77  232.73    7.83   -0.56    270.    315.     
  8.000   0.127   0.095    1.90  239.05    4.66   -0.45  227.53    6.94   -0.56    205.    313.     
  9.000   0.064   0.046    1.91  231.60    4.04   -0.04  222.03    5.44    0.21    106.    311.     
 10.000   0.023   0.014    2.32  224.95    3.70    0.36  214.32    4.02    0.41     70.    306.     
 11.000   0.012   0.008    2.57  219.53    4.07    0.65  209.34    3.73    0.66     62.    303.     
 12.000   0.007   0.006    2.67  215.94    5.15    0.27  205.17    4.71    0.30     61.    300.     
 13.000   0.006   0.005    2.97  214.31    5.14   -0.23  203.58    4.74    0.42     59.    296.     
 14.000   0.005   0.005    2.72  212.56    4.26    0.08  202.17    4.79    0.81     46.    287.     
 15.000   0.004   0.004    1.95  210.61    4.16    0.36  199.94    5.48    0.88     32.    280.     
 16.000  99.999  99.999  999.99  208.76    4.40    0.23  999.99   99.99  999.99      0.    279.     
 17.000  99.999  99.999  999.99  207.83    4.40    0.05  999.99   99.99  999.99      0.    260.     
 18.000  99.999  99.999  999.99  208.17    4.08   -0.07  999.99   99.99  999.99      0.    257.     
 19.000  99.999  99.999  999.99  209.18    3.54   -0.14  999.99   99.99  999.99      0.    245.     
 20.000  99.999  99.999  999.99  210.45    2.81   -0.02  999.99   99.99  999.99      0.    236.     
 21.000  99.999  99.999  999.99  211.75    2.54    0.13  999.99   99.99  999.99      0.    191.     
 22.000  99.999  99.999  999.99  213.10    2.63    0.37  999.99   99.99  999.99      0.    187.     
 23.000  99.999  99.999  999.99  214.41    2.79    0.23  999.99   99.99  999.99      0.    185.     
 24.000  99.999  99.999  999.99  215.66    3.01    0.19  999.99   99.99  999.99      0.    209.     
 25.000  99.999  99.999  999.99  216.84    3.32    0.33  999.99   99.99  999.99      0.    199.     
 26.000  99.999  99.999  999.99  217.74    3.50    0.28  999.99   99.99  999.99      0.    197.     
 27.000  99.999  99.999  999.99  219.09    3.76    0.45  999.99   99.99  999.99      0.    154.     
 28.000  99.999  99.999  999.99  220.60    4.18    0.40  999.99   99.99  999.99      0.    145.     
 29.000  99.999  99.999  999.99  222.17    4.01    0.69  999.99   99.99  999.99      0.    107.     
 30.000  99.999  99.999  999.99  223.25    4.08    0.54  999.99   99.99  999.99      0.    106.     
