      72381      34.91N  117.88W
  T A B L E  III -   1.  M O I S T U R E  R E L A T E D  S T A T I S T I C A L  P A R A M E T E R S
                                   January
 Station =   72381      Edwards AFB, CA
      Z VAPOR P   SD VP SKEW VP      TV      TV SKEW TV DEWPT T  SD DPT SKW DPT NOBS TP NOBS TV   
           MEAN                    MEAN      SD            MEAN                                   
     KM      MB      MB          KELVIN  KELVIN          KELVIN  KELVIN                           
  0.000  16.000   6.000    0.00  291.00    6.00    0.00  290.00    7.00    0.00     100     100
  0.723   5.649   2.258    1.07  280.35    6.45    0.39  271.10    5.57   -0.32     626     626
  1.000   5.050   2.103    0.61  282.37    4.06   -0.06  269.43    6.03   -0.56     626     626
  1.500   4.072   1.963    0.89  280.48    4.47   -0.13  266.28    6.59   -0.35     626     626
  2.000   3.274   1.803    0.98  278.26    4.68   -0.23  263.07    7.34   -0.32     626     626
  2.500   2.543   1.532    1.05  275.98    4.77   -0.45  259.45    8.28   -0.68     626     626
  3.000   1.999   1.255    1.15  273.41    4.80   -0.65  256.35    8.41   -0.66     626     626
  3.500   1.612   1.010    1.07  270.48    4.75   -0.76  253.79    8.34   -0.73     625     625
  4.000   1.244   0.783    1.20  267.37    4.75   -0.87  250.88    7.85   -0.57     625     625
  4.500   0.972   0.632    1.33  264.15    4.74   -0.91  248.03    7.77   -0.54     625     625
  5.000   0.753   0.499    1.14  260.73    4.70   -0.87  245.03    8.04   -0.64     625     625
  5.500   0.594   0.400    1.00  257.21    4.70   -0.78  242.33    8.21   -0.69     625     625
  6.000   0.449   0.304    1.08  253.60    4.66   -0.75  239.42    7.97   -0.67     625     625
  6.500   0.330   0.233    1.22  249.98    4.64   -0.71  236.39    7.79   -0.64     617     617
  7.000   0.242   0.174    1.41  246.23    4.61   -0.59  233.36    7.60   -0.66     616     616
  7.500   0.174   0.127    1.38  242.44    4.49   -0.42  230.17    7.47   -0.65     614     614
  8.000   0.122   0.090    1.43  238.69    4.34   -0.25  226.96    7.20   -0.63     610     610
  8.500   0.083   0.062    1.54  234.99    4.25    0.06  223.66    6.84   -0.62     606     606
  9.000   0.055   0.041    1.54  231.34    4.09    0.40  220.35    6.46   -0.63     601     601
  9.500   0.037   0.027    1.39  227.77    4.07    0.71  217.10    6.09   -0.67     594     594
 10.000   0.024   0.018    1.57  224.44    4.24    0.94  213.99    5.63   -0.55     591     591
 10.500   0.017   0.013    2.02  221.57    4.45    1.01  211.29    5.35   -0.41     584     584
 11.000   0.012   0.012    2.18  219.35    5.00    0.91  209.61    5.51   -0.35     502     502
 11.500   0.009   0.011  999.90  217.92    5.49    0.67  209.00    5.46   -0.24     424     424
 12.000   0.008   0.010  999.90  217.17    5.71    0.26  208.67    5.58   -0.62     374     374
 12.500   0.008   0.009  999.90  216.97    5.62   -0.15  207.96    5.63   -0.94     398     398
 13.000   0.007   0.007  999.90  216.65    4.99   -0.38  207.12    5.51   -1.09     412     412
 13.500   0.006   0.006  999.90  216.05    4.49   -0.63  206.18    5.62   -1.18     392     392
 14.000   0.005   0.005  999.90  215.20    4.02   -0.69  205.20    5.56   -1.27     377     377
 14.500   0.003   0.005  999.90  214.01    3.65   -0.35  204.94    5.12   -1.52     284     284
 15.000   0.002   0.004  999.90  212.76    3.59   -0.14  204.76    4.57   -1.51     199     199
 15.500   0.002   0.003  999.90  211.51    3.71   -0.03  204.38    4.24   -1.56     156     156
 16.000   0.001   0.002  999.90  210.15    3.80   -0.08  204.07    4.19   -1.68      83      83
 16.500   0.001   0.002  999.90  209.24    3.94    0.04  204.89    3.62   -1.21      54      54
 17.000   0.000   0.002  999.90  208.65    4.09    0.03  204.30    3.91   -0.73      48      48
 17.500   0.000   0.002  999.90  208.48    4.18   -0.06  204.05    3.73   -1.73      44      44
 18.000   0.000   0.001  999.90  208.47    4.15   -0.05  204.12    2.95   -0.62      29      29
 18.500   0.000   0.001  999.90  208.65    3.95   -0.10  204.18    2.93   -0.28      27      27
 19.000   0.000   0.001  999.90  209.12    3.91   -0.01  203.32    4.41   -1.74      32      32
 19.500   0.000   0.001  999.90  209.68    3.75    0.12  202.54    5.23   -1.65      33      33
 20.000   0.000   0.001  999.90  210.24    3.58    0.10  203.24    4.36   -1.60      38      38
 20.500   0.000   0.001  999.90  210.87    3.40    0.02  204.54    3.62   -2.03      30      30
 21.000   0.000   0.002  999.90  211.48    3.29   -0.15  204.36    3.75   -1.62      34      34
 21.500   0.000   0.002  999.90  212.17    3.27   -0.14  204.70    4.27   -2.03      45      45
 22.000   0.001   0.002  999.90  212.73    3.23   -0.23  204.87    3.71   -2.09      52      52
 22.500   0.001   0.002  999.90  213.35    3.35   -0.15  205.83    2.65   -0.34      53      53
 23.000   0.001   0.002  999.90  214.05    3.06    0.02  205.69    2.73   -0.31      62      62
 23.500   0.001   0.003  999.90  214.73    2.97   -0.07  205.85    2.94   -0.32      64      64
 24.000   0.001   0.003  999.90  215.40    3.06   -0.08  206.16    3.08   -0.30      67      67
 24.500   0.001   0.003  999.90  215.69    3.21   -0.20  206.47    2.99   -0.16      67      67
 25.000   0.001   0.003  999.90  216.33    3.21   -0.27  206.79    2.94   -0.33      66      66
 25.500   0.001   0.003  999.90  217.19    3.17   -0.44  206.97    3.07   -0.42      67      67
 26.000   0.001   0.003  999.90  217.82    2.98   -0.09  207.17    2.95   -0.39      66      66
 26.500   0.001   0.003  999.90  218.22    3.09   -0.38  207.10    3.28   -0.72      65      65
 27.000   0.001   0.003  999.90  218.72    3.14   -0.41  207.44    3.37   -0.86      60      60
 27.500   0.001   0.003  999.90  219.50    3.14   -0.82  207.85    3.57   -0.89      58      58
 28.000   0.001   0.003  999.90  220.07    3.45   -0.90  208.20    3.59   -0.77      56      56
 28.500   0.001   0.003  999.90  220.65    4.04   -0.61  208.46    3.67   -0.63      46      46
 29.000   0.001   0.003  999.90  221.30    4.22   -0.51  208.45    3.58   -0.69      41      41
 29.500   0.001   0.003  999.90  222.40    4.81   -0.31  209.15    3.67   -0.44      40      40
 30.000   0.001   0.003  999.90  223.99    4.67   -0.19  209.82    3.87   -0.51      34      34
  T A B L E  III -   2.  M O I S T U R E  R E L A T E D  S T A T I S T I C A L  P A R A M E T E R S
                                  February
 Station =   72381      Edwards AFB, CA
      Z VAPOR P   SD VP SKEW VP      TV      TV SKEW TV DEWPT T  SD DPT SKW DPT NOBS TP NOBS TV   
           MEAN                    MEAN      SD            MEAN                                   
     KM      MB      MB          KELVIN  KELVIN          KELVIN  KELVIN                           
  0.000  16.000   6.000    0.00  291.00    6.00    0.00  290.00    7.00    0.00     100     100
  0.723   6.270   2.372    0.27  281.69    5.71    0.43  272.52    5.72   -0.55     780     780
  1.000   5.242   2.253    0.38  282.49    4.43    0.33  269.78    6.49   -0.66     780     780
  1.500   4.099   1.879    0.48  279.83    4.76    0.14  266.38    6.69   -0.61     780     780
  2.000   3.228   1.629    0.52  276.90    4.83   -0.03  262.99    7.28   -0.60     780     780
  2.500   2.497   1.383    0.74  274.43    4.83   -0.27  259.46    7.78   -0.64     780     780
  3.000   1.918   1.164    0.96  271.93    4.83   -0.60  255.95    8.18   -0.61     780     780
  3.500   1.550   0.969    0.99  269.02    4.87   -0.69  253.25    8.45   -0.71     780     780
  4.000   1.232   0.804    1.11  265.88    4.81   -0.74  250.55    8.32   -0.57     778     778
  4.500   0.958   0.647    1.20  262.59    4.77   -0.79  247.62    8.31   -0.55     777     777
  5.000   0.745   0.512    1.30  259.22    4.80   -0.78  244.89    8.12   -0.53     775     775
  5.500   0.572   0.418    1.30  255.88    4.79   -0.75  241.80    8.38   -0.47     774     774
  6.000   0.424   0.308    1.36  252.39    4.71   -0.71  238.76    8.02   -0.47     774     774
  6.500   0.317   0.234    1.44  248.80    4.67   -0.66  235.84    7.87   -0.46     772     772
  7.000   0.230   0.176    1.51  245.06    4.63   -0.63  232.66    7.69   -0.37     771     771
  7.500   0.162   0.122    1.36  241.30    4.49   -0.53  229.40    7.41   -0.38     766     766
  8.000   0.111   0.084    1.24  237.52    4.28   -0.43  226.10    7.15   -0.43     761     761
  8.500   0.076   0.057    1.33  233.77    4.00   -0.31  222.75    6.86   -0.43     758     758
  9.000   0.051   0.038    1.44  230.13    3.64   -0.16  219.46    6.42   -0.42     755     755
  9.500   0.033   0.024    1.38  226.75    3.37   -0.09  216.27    5.90   -0.53     739     739
 10.000   0.022   0.016    1.19  223.66    3.39    0.19  213.27    5.45   -0.58     731     731
 10.500   0.015   0.011    1.15  221.03    3.92    0.62  210.72    5.19   -0.58     705     705
 11.000   0.010   0.010    1.57  218.88    4.74    0.87  209.19    5.29   -0.53     579     579
 11.500   0.008   0.010  999.90  217.71    5.45    0.59  208.62    5.53   -0.59     499     499
 12.000   0.008   0.009  999.90  217.32    5.91    0.14  208.25    5.80   -0.80     470     470
 12.500   0.007   0.008  999.90  217.40    5.72   -0.24  207.56    5.95   -1.01     504     504
 13.000   0.007   0.007  999.90  217.51    4.91   -0.46  206.90    5.85   -1.23     519     519
 13.500   0.006   0.006  999.90  217.02    4.16   -0.52  206.02    5.55   -1.25     523     523
 14.000   0.005   0.005  999.90  216.24    3.57   -0.30  204.96    5.70   -1.21     499     499
 14.500   0.004   0.005  999.90  215.10    3.24   -0.13  203.83    5.89   -1.23     415     415
 15.000   0.002   0.004  999.90  213.88    3.30   -0.03  203.43    5.69   -1.24     299     299
 15.500   0.002   0.003  999.90  212.71    3.42    0.06  202.92    5.73   -1.26     248     248
 16.000   0.001   0.003  999.90  211.72    3.53    0.09  202.99    5.95   -1.44     160     160
 16.500   0.001   0.003  999.90  210.73    3.70    0.16  203.27    5.54   -1.26     103     103
 17.000   0.001   0.002  999.90  210.11    3.86    0.13  202.84    5.42   -1.25      89      89
 17.500   0.001   0.002  999.90  209.81    4.00    0.16  202.41    5.68   -1.25      74      74
 18.000   0.000   0.002  999.90  209.66    4.09    0.11  202.25    5.77   -1.17      53      53
 18.500   0.000   0.001  999.90  209.77    3.85   -0.12  202.03    5.34   -1.40      51      51
 19.000   0.000   0.001  999.90  209.87    3.55   -0.14  202.56    4.65   -1.96      40      40
 19.500   0.000   0.001  999.90  210.33    3.47   -0.19  203.24    3.69   -1.80      34      34
 20.000   0.000   0.001  999.90  210.71    3.17    0.08  202.21    5.25   -1.68      39      39
 20.500   0.000   0.001  999.90  211.07    2.89    0.21  202.98    4.73   -2.17      27      27
 21.000   0.000   0.001  999.90  211.46    2.72    0.23  202.44    4.73   -1.76      28      28
 21.500   0.000   0.001  999.90  211.85    2.45    0.48  202.01    5.30   -1.69      31      31
 22.000   0.000   0.001  999.90  212.45    2.38    0.40  202.45    4.54   -2.08      41      41
 22.500   0.000   0.001  999.90  213.17    2.23    0.31  201.61    5.47   -1.52      43      43
 23.000   0.000   0.001  999.90  213.77    2.10    0.51  201.58    5.99   -1.32      56      56
 23.500   0.000   0.002  999.90  214.19    1.85    0.11  201.48    6.10   -1.12      64      64
 24.000   0.000   0.002  999.90  214.73    1.86   -0.00  201.93    5.80   -1.18      70      70
 24.500   0.001   0.002  999.90  215.28    1.76    0.34  202.75    5.10   -1.21      75      75
 25.000   0.001   0.002  999.90  215.69    1.76    0.23  203.26    5.26   -1.49      74      74
 25.500   0.001   0.002  999.90  216.21    1.82    0.05  203.64    5.33   -1.36      70      70
 26.000   0.001   0.002  999.90  216.81    1.88    0.39  203.94    5.17   -1.32      76      76
 26.500   0.001   0.002  999.90  217.62    1.95    0.21  204.35    5.47   -1.22      69      69
 27.000   0.001   0.002  999.90  218.18    2.06    0.09  204.50    5.44   -1.16      65      65
 27.500   0.001   0.002  999.90  219.00    1.95    0.11  204.71    5.88   -1.16      53      53
 28.000   0.001   0.002  999.90  219.77    2.26    0.25  205.48    5.99   -1.19      49      49
 28.500   0.001   0.003  999.90  221.13    2.50    0.03  206.08    6.27   -0.98      44      44
 29.000   0.000   0.003  999.90  222.24    2.66    0.03  206.18    6.72   -0.71      38      38
 29.500   0.001   0.003  999.90  223.15    3.10    0.23  206.54    7.11   -0.60      36      36
 30.000   0.000   0.003  999.90  224.30    3.47    0.24  206.76    7.45   -0.48      33      33
  T A B L E  III -   3.  M O I S T U R E  R E L A T E D  S T A T I S T I C A L  P A R A M E T E R S
                                     March
 Station =   72381      Edwards AFB, CA
      Z VAPOR P   SD VP SKEW VP      TV      TV SKEW TV DEWPT T  SD DPT SKW DPT NOBS TP NOBS TV   
           MEAN                    MEAN      SD            MEAN                                   
     KM      MB      MB          KELVIN  KELVIN          KELVIN  KELVIN                           
  0.000  16.000   6.000    0.00  291.00    6.00    0.00  290.00    7.00    0.00     100     100
  0.723   6.985   2.341    0.15  284.87    6.64    0.50  274.19    5.29   -0.94     892     892
  1.000   5.691   2.102    0.27  285.16    4.95    0.09  271.22    5.66   -0.85     892     892
  1.500   4.331   1.765    0.49  282.58    5.06   -0.16  267.41    5.91   -0.68     892     892
  2.000   3.369   1.557    0.67  279.37    4.97   -0.30  263.86    6.49   -0.60     892     892
  2.500   2.556   1.368    0.87  276.45    4.83   -0.50  259.93    7.40   -0.63     892     892
  3.000   1.943   1.155    0.99  273.68    4.77   -0.72  256.10    8.32   -0.78     892     892
  3.500   1.503   0.948    1.11  270.74    4.80   -0.84  252.90    8.48   -0.76     890     890
  4.000   1.175   0.762    1.16  267.59    4.75   -0.99  250.01    8.37   -0.70     890     890
  4.500   0.921   0.620    1.29  264.32    4.66   -1.06  247.21    8.23   -0.56     889     889
  5.000   0.720   0.500    1.48  260.92    4.62   -1.08  244.58    7.93   -0.49     886     886
  5.500   0.561   0.398    1.53  257.43    4.61   -1.07  241.91    7.79   -0.46     884     884
  6.000   0.424   0.316    1.85  253.83    4.61   -1.05  238.91    7.73   -0.47     884     884
  6.500   0.316   0.251    1.92  250.15    4.61   -1.00  235.84    7.75   -0.39     878     878
  7.000   0.231   0.189    2.11  246.38    4.55   -0.88  232.75    7.61   -0.37     876     876
  7.500   0.166   0.139    2.34  242.58    4.41   -0.61  229.58    7.44   -0.32     873     873
  8.000   0.118   0.103    2.51  238.78    4.26   -0.35  226.44    7.21   -0.19     869     869
  8.500   0.082   0.073    2.57  234.98    4.12   -0.13  223.26    6.98   -0.12     864     864
  9.000   0.054   0.048    2.79  231.18    3.90    0.05  219.94    6.48   -0.07     859     859
  9.500   0.036   0.031    3.23  227.52    3.68    0.23  216.67    6.03   -0.13     855     855
 10.000   0.023   0.020    3.68  224.05    3.50    0.50  213.48    5.55   -0.13     851     851
 10.500   0.016   0.013    4.02  220.95    3.52    0.72  210.61    5.00   -0.14     842     842
 11.000   0.010   0.010    2.77  218.35    3.88    0.88  208.61    5.06   -0.46     704     704
 11.500   0.007   0.008  999.90  216.67    4.64    0.72  207.87    5.16   -0.60     577     577
 12.000   0.006   0.008  999.90  215.86    5.40    0.37  207.97    5.63   -0.83     464     464
 12.500   0.006   0.007  999.90  215.60    5.66   -0.02  207.39    5.65   -1.02     509     509
 13.000   0.006   0.006  999.90  215.72    5.16   -0.38  206.66    5.51   -1.19     553     553
 13.500   0.005   0.006  999.90  215.63    4.49   -0.59  205.69    5.73   -1.26     560     560
 14.000   0.005   0.005  999.90  215.11    3.80   -0.34  204.65    5.93   -1.24     535     535
 14.500   0.003   0.005  999.90  214.23    3.45   -0.10  204.13    5.91   -1.28     437     437
 15.000   0.002   0.004  999.90  213.23    3.44   -0.03  204.02    5.56   -1.42     313     313
 15.500   0.002   0.003  999.90  212.18    3.47    0.05  203.54    5.47   -1.49     260     260
 16.000   0.001   0.003  999.90  211.30    3.62    0.12  203.89    4.95   -1.73     189     189
 16.500   0.001   0.003  999.90  210.60    3.86    0.08  203.95    4.89   -1.81     142     142
 17.000   0.001   0.002  999.90  210.10    3.90    0.06  204.19    4.64   -2.12     121     121
 17.500   0.001   0.002  999.90  209.99    3.81    0.06  203.82    4.39   -1.82     112     112
 18.000   0.001   0.002  999.90  210.10    3.70   -0.06  203.46    4.58   -1.88      85      85
 18.500   0.001   0.002  999.90  210.16    3.42   -0.05  203.93    3.75   -2.28      77      77
 19.000   0.000   0.002  999.90  210.48    3.22   -0.18  203.32    4.76   -2.20      68      68
 19.500   0.000   0.002  999.90  210.97    3.01   -0.07  203.84    3.58   -2.39      64      64
 20.000   0.000   0.002  999.90  211.68    2.86    0.12  204.40    2.24   -0.07      69      69
 20.500   0.001   0.002  999.90  212.14    2.86    0.46  204.39    3.35   -1.95      71      71
 21.000   0.000   0.002  999.90  212.39    2.66    0.11  204.08    3.85   -2.34      72      72
 21.500   0.001   0.002  999.90  212.96    2.69    0.25  204.14    4.48   -2.19      79      79
 22.000   0.001   0.002  999.90  213.31    2.62    0.13  204.31    4.26   -2.37      95      95
 22.500   0.001   0.002  999.90  214.03    2.45    0.01  204.49    4.62   -2.33     107     107
 23.000   0.001   0.003  999.90  214.69    2.35    0.11  204.81    4.17   -2.25     127     127
 23.500   0.001   0.003  999.90  215.47    2.31    0.26  205.24    4.10   -2.18     140     140
 24.000   0.001   0.003  999.90  216.03    2.14    0.39  205.55    4.11   -2.40     143     143
 24.500   0.001   0.003  999.90  216.63    2.09    0.47  205.78    4.13   -2.19     151     151
 25.000   0.001   0.003  999.90  217.21    2.16    0.39  206.43    4.06   -2.18     144     144
 25.500   0.001   0.004  999.90  217.76    2.24    1.11  206.52    4.39   -2.25     146     146
 26.000   0.002   0.004  999.90  218.41    2.23    0.65  206.99    4.43   -2.20     144     144
 26.500   0.002   0.004  999.90  219.21    2.35    0.59  207.64    4.57   -2.22     144     144
 27.000   0.002   0.005  999.90  220.32    2.36    0.51  208.42    4.81   -2.10     131     131
 27.500   0.002   0.005  999.90  221.29    2.35    0.63  209.14    4.83   -1.94     121     121
 28.000   0.002   0.005  999.90  222.20    2.54    0.86  209.74    4.74   -1.66     119     119
 28.500   0.002   0.006  999.90  223.39    2.67    0.85  210.51    4.86   -1.67     114     114
 29.000   0.002   0.006  999.90  224.36    2.95    0.51  211.35    4.78   -1.52     105     105
 29.500   0.002   0.007  999.90  225.69    2.86    0.51  212.27    4.96   -1.24     101     101
 30.000   0.002   0.007  999.90  226.77    3.16    0.74  212.66    5.30   -1.03      84      84
  T A B L E  III -   4.  M O I S T U R E  R E L A T E D  S T A T I S T I C A L  P A R A M E T E R S
                                     April
 Station =   72381      Edwards AFB, CA
      Z VAPOR P   SD VP SKEW VP      TV      TV SKEW TV DEWPT T  SD DPT SKW DPT NOBS TP NOBS TV   
           MEAN                    MEAN      SD            MEAN                                   
     KM      MB      MB          KELVIN  KELVIN          KELVIN  KELVIN                           
  0.000  16.000   6.000    0.00  291.00    6.00    0.00  290.00    7.00    0.00     100     100
  0.723   7.461   2.249    0.37  288.21    6.98    0.54  275.32    4.51   -0.61     824     824
  1.000   6.104   2.064    0.38  287.83    5.46    0.22  272.37    4.99   -0.56     824     824
  1.500   4.548   1.746    0.87  285.07    5.48   -0.07  268.23    5.39   -0.52     824     824
  2.000   3.480   1.548    0.95  281.80    5.38   -0.24  264.39    6.31   -0.91     824     824
  2.500   2.674   1.302    0.88  278.62    5.18   -0.41  260.77    6.95   -0.97     823     823
  3.000   2.049   1.127    1.04  275.52    4.97   -0.64  257.18    7.46   -0.81     823     823
  3.500   1.579   0.931    1.28  272.48    4.86   -0.86  253.87    7.73   -0.79     822     822
  4.000   1.200   0.754    1.50  269.47    4.84   -0.99  250.52    7.80   -0.65     822     822
  4.500   0.928   0.584    1.66  266.27    4.74   -1.14  247.72    7.45   -0.69     822     822
  5.000   0.712   0.459    1.60  262.93    4.68   -1.23  244.72    7.41   -0.58     822     822
  5.500   0.552   0.362    1.70  259.46    4.61   -1.24  241.98    7.26   -0.55     822     822
  6.000   0.423   0.276    1.47  255.88    4.46   -1.19  239.21    7.14   -0.51     821     821
  6.500   0.317   0.211    1.45  252.26    4.27   -1.06  236.30    7.06   -0.53     817     817
  7.000   0.234   0.160    1.46  248.56    4.05   -0.88  233.29    7.05   -0.59     812     812
  7.500   0.170   0.120    1.61  244.76    3.84   -0.70  230.27    6.84   -0.55     809     809
  8.000   0.120   0.090    1.71  240.97    3.69   -0.60  227.29    6.57   -0.44     790     790
  8.500   0.083   0.062    1.79  237.09    3.52   -0.43  224.07    6.22   -0.43     786     786
  9.000   0.056   0.041    1.86  233.26    3.34   -0.33  220.80    5.76   -0.40     782     782
  9.500   0.037   0.026    1.58  229.53    3.17   -0.17  217.47    5.38   -0.48     778     778
 10.000   0.024   0.017    1.41  225.93    3.09    0.05  214.20    5.16   -0.56     778     778
 10.500   0.016   0.011    1.29  222.49    3.19    0.40  211.05    4.84   -0.54     778     778
 11.000   0.010   0.008    1.07  219.40    3.51    0.74  208.33    4.75   -0.56     705     705
 11.500   0.007   0.007  999.90  216.82    4.09    1.01  206.30    4.93   -0.47     601     601
 12.000   0.004   0.006  999.90  214.90    4.71    0.92  205.86    5.33   -0.42     374     374
 12.500   0.004   0.006  999.90  214.05    5.26    0.57  205.87    5.57   -0.75     341     341
 13.000   0.004   0.006  999.90  214.07    5.34    0.17  205.56    5.68   -0.93     369     369
 13.500   0.004   0.005  999.90  214.21    4.96   -0.16  204.78    5.70   -0.94     398     398
 14.000   0.003   0.005  999.90  214.16    4.37   -0.28  204.24    5.71   -0.98     379     379
 14.500   0.003   0.004  999.90  213.74    3.82   -0.22  203.47    6.09   -0.98     329     329
 15.000   0.002   0.004  999.90  213.09    3.56   -0.04  203.04    6.11   -1.08     269     269
 15.500   0.002   0.003  999.90  212.28    3.48   -0.06  202.76    5.86   -1.15     228     228
 16.000   0.001   0.003  999.90  211.52    3.48   -0.05  203.14    5.47   -1.39     154     154
 16.500   0.001   0.002  999.90  210.95    3.60   -0.13  202.88    5.77   -1.32     114     114
 17.000   0.001   0.002  999.90  210.63    3.64   -0.09  202.60    5.96   -1.24     111     111
 17.500   0.001   0.002  999.90  210.59    3.44    0.05  202.54    6.08   -1.29      91      91
 18.000   0.001   0.002  999.90  210.52    3.14   -0.05  203.73    5.09   -1.85      73      73
 18.500   0.001   0.002  999.90  210.75    3.08   -0.01  203.31    5.96   -1.68      72      72
 19.000   0.001   0.002  999.90  211.28    3.08   -0.08  203.35    5.44   -1.64      83      83
 19.500   0.001   0.002  999.90  211.80    2.85   -0.18  203.18    5.52   -1.62      81      81
 20.000   0.001   0.002  999.90  212.19    2.73   -0.05  203.78    4.73   -1.99      77      77
 20.500   0.001   0.002  999.90  212.85    2.74    0.25  203.95    4.15   -1.88      74      74
 21.000   0.001   0.002  999.90  213.55    2.74    0.24  204.37    3.67   -2.19      77      77
 21.500   0.001   0.002  999.90  214.07    2.83    0.16  204.26    4.65   -2.16      90      90
 22.000   0.001   0.002  999.90  214.60    2.76    0.04  204.76    4.63   -2.15      94      94
 22.500   0.001   0.003  999.90  215.16    2.62   -0.04  205.04    4.83   -1.89      98      98
 23.000   0.001   0.003  999.90  215.86    2.63    0.14  204.99    5.16   -1.51     111     111
 23.500   0.001   0.003  999.90  216.56    2.68    0.09  205.13    5.24   -1.38     120     120
 24.000   0.001   0.003  999.90  217.34    2.61    0.22  205.30    5.43   -1.27     127     127
 24.500   0.001   0.004  999.90  218.16    2.69    0.16  205.88    5.55   -1.32     120     120
 25.000   0.001   0.004  999.90  218.81    2.68   -0.06  206.29    5.77   -1.24     122     122
 25.500   0.002   0.004  999.90  219.75    2.67   -0.27  206.93    5.74   -1.18     122     122
 26.000   0.002   0.005  999.90  220.57    2.57   -0.34  207.60    5.73   -1.19     121     121
 26.500   0.002   0.005  999.90  221.66    2.63   -0.05  208.41    5.80   -1.11     120     120
 27.000   0.002   0.006  999.90  222.72    2.67   -0.04  209.02    5.97   -1.00     113     113
 27.500   0.002   0.006  999.90  223.65    2.94   -0.00  209.38    6.25   -0.82     104     104
 28.000   0.002   0.007  999.90  224.83    3.06   -0.09  210.11    6.39   -0.70      99      99
 28.500   0.002   0.006  999.90  225.68    3.12   -0.08  210.23    6.48   -0.68      88      88
 29.000   0.002   0.006  999.90  226.58    3.07    0.02  210.19    6.45   -0.75      77      77
 29.500   0.001   0.006  999.90  227.59    3.17    0.31  210.48    6.32   -0.58      69      69
 30.000   0.001   0.005  999.90  228.62    3.33    0.31  209.94    6.68   -0.28      56      56
  T A B L E  III -   5.  M O I S T U R E  R E L A T E D  S T A T I S T I C A L  P A R A M E T E R S
                                       May
 Station =   72381      Edwards AFB, CA
      Z VAPOR P   SD VP SKEW VP      TV      TV SKEW TV DEWPT T  SD DPT SKW DPT NOBS TP NOBS TV   
           MEAN                    MEAN      SD            MEAN                                   
     KM      MB      MB          KELVIN  KELVIN          KELVIN  KELVIN                           
  0.000  16.000   6.000    0.00  291.00    6.00    0.00  290.00    7.00    0.00     100     100
  0.723   8.722   2.659    0.54  292.54    6.92    0.59  277.55    4.49   -0.32     727     727
  1.000   7.343   2.432    0.36  291.96    5.54    0.07  274.96    4.99   -0.63     727     727
  1.500   5.711   2.094    0.38  289.32    5.38   -0.18  271.32    5.44   -0.65     727     727
  2.000   4.407   1.843    0.37  286.14    5.23   -0.33  267.54    6.22   -0.76     727     727
  2.500   3.439   1.584    0.40  282.89    4.92   -0.47  264.06    6.72   -0.70     727     727
  3.000   2.721   1.392    0.48  279.61    4.64   -0.64  260.71    7.54   -0.81     727     727
  3.500   2.119   1.241    0.63  276.34    4.36   -0.78  257.29    8.09   -0.58     724     724
  4.000   1.663   1.037    0.79  273.12    4.16   -0.94  254.24    8.16   -0.46     723     723
  4.500   1.270   0.833    1.12  269.83    4.09   -1.01  250.97    8.23   -0.52     723     723
  5.000   0.957   0.662    1.10  266.47    4.00   -1.00  247.88    8.09   -0.41     712     712
  5.500   0.732   0.509    1.05  263.07    3.96   -0.94  244.96    7.93   -0.43     710     710
  6.000   0.565   0.401    1.04  259.62    3.94   -0.93  242.11    7.85   -0.34     710     710
  6.500   0.404   0.302    1.11  256.01    3.88   -0.89  238.94    7.58   -0.31     690     690
  7.000   0.302   0.236    1.16  252.35    3.79   -0.83  235.96    7.66   -0.31     682     682
  7.500   0.216   0.168    1.23  248.56    3.67   -0.82  232.85    7.20   -0.29     678     678
  8.000   0.152   0.121    1.22  244.68    3.56   -0.78  229.73    6.95   -0.28     665     665
  8.500   0.105   0.084    1.30  240.84    3.37   -0.60  226.39    6.68   -0.28     662     662
  9.000   0.071   0.057    1.23  236.96    3.13   -0.23  223.15    6.32   -0.36     652     652
  9.500   0.048   0.037    1.15  233.11    2.87    0.26  220.00    5.84   -0.40     649     649
 10.000   0.032   0.024    1.13  229.32    2.80    0.44  216.83    5.38   -0.41     644     644
 10.500   0.021   0.015    1.05  225.66    2.87    0.55  213.63    5.00   -0.46     641     641
 11.000   0.014   0.010    0.93  222.16    3.00    0.68  210.50    4.68   -0.55     636     636
 11.500   0.009   0.007  999.90  219.02    3.25    0.88  207.70    4.54   -0.55     622     622
 12.000   0.005   0.006  999.90  216.46    3.71    0.91  205.88    4.86   -0.60     444     444
 12.500   0.003   0.005  999.90  214.58    4.28    0.77  205.48    5.10   -0.60     286     286
 13.000   0.003   0.005  999.90  213.74    4.63    0.39  204.89    5.32   -0.72     281     281
 13.500   0.003   0.004  999.90  213.42    4.70    0.05  204.29    5.76   -0.91     282     282
 14.000   0.003   0.004  999.90  213.33    4.45   -0.20  203.56    6.25   -1.02     285     285
 14.500   0.002   0.004  999.90  212.99    4.11   -0.30  202.74    6.51   -0.99     260     260
 15.000   0.002   0.003  999.90  212.43    3.72   -0.26  202.37    6.27   -1.04     211     211
 15.500   0.001   0.003  999.90  211.80    3.64   -0.17  201.78    6.35   -1.08     185     185
 16.000   0.001   0.002  999.90  211.23    3.61    0.05  202.00    6.16   -1.18     140     140
 16.500   0.001   0.002  999.90  210.74    3.73    0.04  202.03    5.92   -1.28     113     113
 17.000   0.001   0.002  999.90  210.63    3.64   -0.01  202.05    5.75   -1.27     100     100
 17.500   0.001   0.002  999.90  210.63    3.58   -0.12  201.58    5.89   -1.15      95      95
 18.000   0.000   0.002  999.90  210.50    3.32   -0.15  201.62    5.76   -1.31      65      65
 18.500   0.000   0.002  999.90  210.71    3.03   -0.09  201.32    6.00   -1.08      63      63
 19.000   0.000   0.002  999.90  211.23    2.99    0.18  201.75    5.96   -1.08      62      62
 19.500   0.001   0.002  999.90  211.90    2.91    0.11  202.73    5.55   -1.45      67      67
 20.000   0.001   0.002  999.90  212.67    2.59    0.11  203.55    4.93   -1.70      79      79
 20.500   0.001   0.002  999.90  213.63    2.42    0.22  204.38    3.84   -1.92      99      99
 21.000   0.001   0.003  999.90  214.54    2.33    0.01  204.66    4.51   -1.87     101     101
 21.500   0.001   0.003  999.90  215.45    2.15    0.13  203.94    5.48   -1.52     129     129
 22.000   0.001   0.003  999.90  216.26    2.08    0.08  203.95    5.99   -1.38     137     137
 22.500   0.001   0.003  999.90  217.01    2.05    0.03  204.48    5.92   -1.39     140     140
 23.000   0.002   0.004  999.90  217.92    1.95    0.03  204.96    5.91   -1.36     142     142
 23.500   0.002   0.004  999.90  218.82    1.95   -0.00  205.47    5.96   -1.23     136     136
 24.000   0.002   0.004  999.90  219.62    1.88    0.21  206.04    5.94   -1.27     133     133
 24.500   0.002   0.004  999.90  220.42    1.78   -0.00  206.77    5.81   -1.33     130     130
 25.000   0.002   0.005  999.90  221.44    1.92   -0.21  207.82    5.47   -1.34     120     120
 25.500   0.002   0.005  999.90  222.47    1.88   -0.03  208.64    5.44   -1.36     114     114
 26.000   0.002   0.006  999.90  223.56    2.01    0.20  209.33    5.52   -1.28     112     112
 26.500   0.002   0.006  999.90  224.64    2.31   -0.09  209.94    5.49   -1.15     110     110
 27.000   0.002   0.007  999.90  225.66    2.17    0.24  210.73    5.57   -1.22     103     103
 27.500   0.002   0.007  999.90  226.48    2.23    0.21  211.02    5.80   -1.11      96      96
 28.000   0.003   0.008  999.90  227.46    2.22    0.22  211.62    6.18   -1.03      94      94
 28.500   0.002   0.008  999.90  228.35    2.25    0.37  211.96    6.61   -0.90      84      84
 29.000   0.002   0.009  999.90  229.27    2.33    0.39  212.38    6.87   -0.81      80      80
 29.500   0.003   0.009  999.90  230.36    2.40    0.13  212.92    7.05   -0.78      76      76
 30.000   0.002   0.009  999.90  231.37    2.47    0.06  213.85    7.01   -0.92      65      65
  T A B L E  III -   6.  M O I S T U R E  R E L A T E D  S T A T I S T I C A L  P A R A M E T E R S
                                      June
 Station =   72381      Edwards AFB, CA
      Z VAPOR P   SD VP SKEW VP      TV      TV SKEW TV DEWPT T  SD DPT SKW DPT NOBS TP NOBS TV   
           MEAN                    MEAN      SD            MEAN                                   
     KM      MB      MB          KELVIN  KELVIN          KELVIN  KELVIN                           
  0.000  16.000   6.000    0.00  291.00    6.00    0.00  290.00    7.00    0.00     100     100
  0.723   9.371   2.722    0.65  296.39    6.92    0.42  278.64    4.26   -0.23     739     739
  1.000   7.769   2.475    0.03  296.01    5.46   -0.32  275.73    5.30   -1.42     739     739
  1.500   6.018   2.106    0.03  293.49    5.27   -0.74  271.95    6.05   -1.83     739     739
  2.000   4.680   1.850    0.13  290.33    5.17   -0.90  268.33    6.53   -1.45     739     739
  2.500   3.631   1.697    0.34  287.01    4.95   -1.05  264.43    8.04   -1.68     739     739
  3.000   2.876   1.508    0.49  283.55    4.63   -1.10  261.03    8.87   -1.57     739     739
  3.500   2.245   1.323    0.84  280.15    4.39   -1.14  257.69    9.00   -1.20     739     739
  4.000   1.702   1.073    1.13  276.83    4.19   -1.23  254.27    8.75   -0.88     739     739
  4.500   1.325   0.877    1.27  273.60    4.08   -1.26  251.10    9.15   -1.02     739     739
  5.000   1.009   0.660    1.25  270.21    4.00   -1.23  248.10    8.78   -1.01     738     738
  5.500   0.770   0.533    1.33  266.81    3.93   -1.21  244.91    8.92   -0.89     738     738
  6.000   0.569   0.376    1.25  263.27    3.79   -1.19  241.76    8.66   -1.07     738     738
  6.500   0.419   0.283    1.33  259.68    3.65   -1.06  238.68    8.35   -1.05     733     733
  7.000   0.315   0.210    1.29  256.01    3.54   -0.94  235.81    8.29   -1.17     732     732
  7.500   0.234   0.156    1.26  252.22    3.38   -0.70  233.04    7.92   -1.19     728     728
  8.000   0.170   0.121    1.43  248.36    3.34   -0.59  230.18    7.68   -1.13     713     713
  8.500   0.124   0.091    1.36  244.49    3.28   -0.53  227.31    7.58   -1.05     707     707
  9.000   0.087   0.064    1.66  240.60    3.18   -0.43  224.17    7.25   -1.13     704     704
  9.500   0.060   0.044    1.69  236.75    3.10   -0.32  221.05    6.95   -1.19     700     700
 10.000   0.041   0.028    1.21  232.92    3.03   -0.20  218.07    6.45   -1.21     697     697
 10.500   0.028   0.019    0.98  229.28    2.99   -0.14  215.03    6.12   -1.34     690     690
 11.000   0.019   0.013    1.14  225.84    3.09    0.04  212.15    5.81   -1.27     680     680
 11.500   0.013   0.009    1.02  222.72    3.22    0.37  209.38    5.66   -1.28     678     678
 12.000   0.009   0.007  999.90  219.88    3.38    0.56  206.94    5.62   -1.16     657     657
 12.500   0.006   0.006  999.90  217.52    3.64    0.61  205.05    6.00   -1.14     517     517
 13.000   0.004   0.005  999.90  215.69    3.94    0.54  203.82    6.43   -1.07     437     437
 13.500   0.003   0.005  999.90  214.33    4.00    0.38  203.30    6.69   -1.18     329     329
 14.000   0.002   0.004  999.90  213.19    4.00    0.27  202.87    6.52   -1.05     277     277
 14.500   0.002   0.003  999.90  212.10    4.02    0.22  202.48    6.86   -1.10     212     212
 15.000   0.001   0.003  999.90  211.04    4.10    0.30  203.46    6.31   -1.18     130     130
 15.500   0.001   0.003  999.90  210.00    4.15    0.32  202.89    6.32   -1.17     106     106
 16.000   0.001   0.002  999.90  209.11    4.00    0.29  202.49    6.42   -1.17      68      68
 16.500   0.000   0.002  999.90  208.54    3.93    0.26  202.46    6.03   -1.40      57      57
 17.000   0.000   0.002  999.90  208.39    3.78    0.24  202.44    5.51   -1.57      51      51
 17.500   0.000   0.002  999.90  208.55    3.52    0.27  202.36    6.03   -1.47      46      46
 18.000   0.000   0.001  999.90  209.00    3.15    0.30  202.46    6.16   -1.42      37      37
 18.500   0.000   0.001  999.90  209.91    2.62    0.22  202.03    6.50   -1.26      30      30
 19.000   0.000   0.001  999.90  211.04    2.40    0.24  201.79    6.04   -1.35      53      53
 19.500   0.000   0.002  999.90  212.10    2.18    0.08  202.10    5.63   -1.61      64      64
 20.000   0.001   0.002  999.90  213.18    2.02    0.12  202.75    5.09   -1.76     109     109
 20.500   0.001   0.002  999.90  214.22    1.90    0.19  203.14    5.12   -1.89     136     136
 21.000   0.001   0.003  999.90  215.26    1.88    0.15  203.81    4.92   -2.03     153     153
 21.500   0.002   0.003  999.90  216.35    1.74   -0.11  204.52    4.63   -1.97     163     163
 22.000   0.002   0.003  999.90  217.28    1.72   -0.40  204.67    5.19   -1.78     156     156
 22.500   0.002   0.004  999.90  218.22    1.77   -0.28  205.50    5.09   -1.78     152     152
 23.000   0.002   0.004  999.90  219.28    1.71    0.23  206.33    5.19   -1.90     144     144
 23.500   0.002   0.004  999.90  220.17    1.68    0.08  206.88    5.43   -1.86     136     136
 24.000   0.002   0.005  999.90  221.18    1.67    0.07  207.62    5.42   -1.84     135     135
 24.500   0.002   0.005  999.90  222.18    1.76    0.03  208.51    5.39   -1.87     130     130
 25.000   0.002   0.006  999.90  223.14    1.87    0.53  209.41    5.30   -1.95     124     124
 25.500   0.002   0.006  999.90  224.00    1.79   -0.01  210.17    5.13   -1.95     122     122
 26.000   0.003   0.007  999.90  224.90    1.80    0.03  210.79    5.25   -1.95     118     118
 26.500   0.003   0.007  999.90  225.81    1.84    0.09  211.37    5.32   -1.89     117     117
 27.000   0.003   0.007  999.90  226.73    1.70    0.17  212.00    5.34   -2.03     110     110
 27.500   0.003   0.008  999.90  227.55    1.65    0.50  212.76    5.05   -2.05     102     102
 28.000   0.003   0.008  999.90  228.54    1.79    0.23  213.43    5.10   -2.05     101     101
 28.500   0.003   0.009  999.90  229.51    1.93    0.11  214.12    5.32   -1.94      97      97
 29.000   0.003   0.010  999.90  230.41    1.95    0.30  214.60    5.58   -1.81      89      89
 29.500   0.003   0.011  999.90  231.43    1.99    0.24  215.29    5.71   -1.64      88      88
 30.000   0.003   0.011  999.90  232.24    2.02   -0.11  215.62    5.97   -1.44      81      81
  T A B L E  III -   7.  M O I S T U R E  R E L A T E D  S T A T I S T I C A L  P A R A M E T E R S
                                      July
 Station =   72381      Edwards AFB, CA
      Z VAPOR P   SD VP SKEW VP      TV      TV SKEW TV DEWPT T  SD DPT SKW DPT NOBS TP NOBS TV   
           MEAN                    MEAN      SD            MEAN                                   
     KM      MB      MB          KELVIN  KELVIN          KELVIN  KELVIN                           
  0.000  16.000   6.000    0.00  291.00    6.00    0.00  290.00    7.00    0.00     100     100
  0.723  10.595   3.398    0.75  300.57    6.57    0.41  280.30    4.82   -0.37     762     762
  1.000   9.178   2.993    0.70  300.48    3.94    0.03  278.19    4.83   -0.37     762     762
  1.500   7.137   2.768    0.63  297.98    3.27   -0.29  274.28    5.99   -1.00     762     762
  2.000   5.847   2.632    0.60  294.72    2.87   -0.36  271.11    7.09   -1.04     762     762
  2.500   4.955   2.481    0.56  291.20    2.53   -0.37  268.52    7.83   -0.92     762     762
  3.000   4.233   2.345    0.51  287.46    2.29   -0.24  265.96    8.78   -0.88     762     762
  3.500   3.547   2.138    0.53  283.71    2.10   -0.28  263.27    9.38   -0.77     762     762
  4.000   2.862   1.845    0.70  280.03    1.98   -0.44  260.29    9.66   -0.71     762     762
  4.500   2.223   1.553    0.87  276.43    1.91   -0.52  256.85    9.92   -0.61     762     762
  5.000   1.670   1.245    1.04  272.92    1.85   -0.41  253.22    9.91   -0.49     762     762
  5.500   1.263   0.996    1.19  269.32    1.77   -0.09  249.72   10.07   -0.47     762     762
  6.000   0.938   0.781    1.42  265.82    1.72   -0.02  246.33    9.75   -0.35     762     762
  6.500   0.670   0.584    1.68  262.36    1.77   -0.04  242.59    9.63   -0.35     760     760
  7.000   0.491   0.441    1.77  258.92    1.87   -0.23  239.16    9.65   -0.36     759     759
  7.500   0.346   0.307    1.86  255.37    1.93   -0.35  235.80    9.24   -0.41     756     756
  8.000   0.247   0.217    1.82  251.74    2.05   -0.34  232.72    8.88   -0.46     748     748
  8.500   0.177   0.154    1.95  248.08    2.17   -0.27  229.61    8.58   -0.49     747     747
  9.000   0.123   0.103    1.75  244.43    2.27   -0.12  226.45    8.11   -0.54     743     743
  9.500   0.086   0.071    1.50  240.76    2.38   -0.09  223.35    7.93   -0.58     741     741
 10.000   0.059   0.047    1.46  237.14    2.42   -0.05  220.26    7.57   -0.65     737     737
 10.500   0.039   0.030    1.30  233.51    2.39   -0.08  217.11    7.12   -0.75     732     732
 11.000   0.026   0.019    1.16  229.99    2.38   -0.11  214.13    6.68   -0.84     724     724
 11.500   0.018   0.012    0.88  226.65    2.35   -0.22  211.24    6.20   -0.97     722     722
 12.000   0.012   0.008    0.81  223.46    2.42   -0.08  208.43    5.93   -1.01     713     713
 12.500   0.008   0.006  999.90  220.36    2.52    0.17  205.82    5.72   -0.97     691     691
 13.000   0.005   0.004  999.90  217.39    2.47    0.44  203.29    5.71   -0.95     658     658
 13.500   0.002   0.003  999.90  214.52    2.42    0.65  201.02    6.52   -0.72     326     326
 14.000   0.001   0.002  999.90  211.93    2.46    0.60  200.08    6.45   -0.74     180     180
 14.500   0.000   0.001  999.90  209.55    2.56    0.52  201.27    6.07   -1.04      44      44
 15.000   0.000   0.001  999.90  207.65    2.68    0.45  202.29    4.21   -1.92      17      17
 15.500   0.000   0.000  999.90  206.40    2.80    0.43  999.90  999.90  999.90       0       0
 16.000   0.000   0.000  999.90  205.72    2.76    0.38  999.90  999.90  999.90       0       0
 16.500   0.000   0.000  999.90  205.58    2.73    0.22  999.90  999.90  999.90       0       0
 17.000   0.000   0.000  999.90  205.93    2.63    0.06  999.90  999.90  999.90       0       0
 17.500   0.000   0.000  999.90  206.68    2.51   -0.09  999.90  999.90  999.90       0       0
 18.000   0.000   0.000  999.90  207.76    2.49   -0.12  999.90  999.90  999.90       0       0
 18.500   0.000   0.001  999.90  209.15    2.40   -0.11  999.90  999.90  999.90       0       0
 19.000   0.000   0.001  999.90  210.61    2.28   -0.10  202.86    3.73   -1.53      44      44
 19.500   0.000   0.002  999.90  211.90    2.22   -0.07  203.87    3.21   -1.47      64      64
 20.000   0.001   0.002  999.90  213.19    1.89   -0.09  203.44    4.03   -1.94     138     138
 20.500   0.002   0.003  999.90  214.29    1.83    0.07  202.98    4.89   -1.64     214     214
 21.000   0.002   0.003  999.90  215.50    1.75   -0.24  203.34    5.29   -1.69     246     246
 21.500   0.002   0.004  999.90  216.63    1.64   -0.11  203.70    5.35   -1.60     272     272
 22.000   0.002   0.004  999.90  217.62    1.72    0.37  204.21    5.74   -1.63     268     268
 22.500   0.003   0.004  999.90  218.60    1.65   -0.14  204.95    5.76   -1.64     261     261
 23.000   0.003   0.005  999.90  219.58    1.69   -0.10  205.75    5.72   -1.68     249     249
 23.500   0.003   0.005  999.90  220.44    1.68    0.19  206.50    5.68   -1.79     237     237
 24.000   0.003   0.006  999.90  221.43    1.68    0.36  207.28    5.75   -1.80     230     230
 24.500   0.003   0.006  999.90  222.40    1.61   -0.01  208.20    5.53   -1.85     214     214
 25.000   0.004   0.006  999.90  223.24    1.71    0.09  208.86    5.58   -1.86     209     209
 25.500   0.004   0.007  999.90  224.16    1.69    0.17  209.68    5.50   -1.91     205     205
 26.000   0.004   0.008  999.90  225.02    1.76    0.26  210.31    5.48   -1.91     205     205
 26.500   0.004   0.008  999.90  225.85    1.79    0.05  210.76    5.65   -1.82     202     202
 27.000   0.005   0.009  999.90  226.71    1.78    0.02  211.28    5.73   -1.82     194     194
 27.500   0.005   0.010  999.90  227.71    1.90    0.16  211.90    5.93   -1.74     190     190
 28.000   0.005   0.010  999.90  228.63    1.91    0.09  212.55    6.04   -1.69     190     190
 28.500   0.005   0.011  999.90  229.57    2.04    0.24  213.07    6.27   -1.57     179     179
 29.000   0.006   0.012  999.90  230.39    2.10    0.15  213.56    6.40   -1.54     172     172
 29.500   0.006   0.013  999.90  231.30    2.16    0.04  214.14    6.53   -1.52     166     166
 30.000   0.006   0.013  999.90  232.24    2.22    0.01  214.88    6.49   -1.55     150     150
  T A B L E  III -   8.  M O I S T U R E  R E L A T E D  S T A T I S T I C A L  P A R A M E T E R S
                                    August
 Station =   72381      Edwards AFB, CA
      Z VAPOR P   SD VP SKEW VP      TV      TV SKEW TV DEWPT T  SD DPT SKW DPT NOBS TP NOBS TV   
           MEAN                    MEAN      SD            MEAN                                   
     KM      MB      MB          KELVIN  KELVIN          KELVIN  KELVIN                           
  0.000  16.000   6.000    0.00  291.00    6.00    0.00  290.00    7.00    0.00     100     100
  0.723  10.342   3.062    0.63  299.93    6.95    0.55  280.05    4.39   -0.20     750     750
  1.000   9.060   3.313    0.95  300.53    4.12    0.18  277.76    5.83   -1.16     750     750
  1.500   7.254   3.061    1.10  298.08    3.58   -0.17  274.22    7.05   -1.65     750     750
  2.000   6.093   2.901    0.84  294.69    3.16   -0.31  271.41    7.92   -1.34     750     750
  2.500   5.247   2.691    0.69  290.99    2.73   -0.30  269.17    8.17   -0.98     750     750
  3.000   4.499   2.490    0.47  287.20    2.38   -0.37  266.65    9.15   -1.01     750     750
  3.500   3.744   2.269    0.43  283.47    2.05   -0.54  263.64   10.27   -1.01     750     750
  4.000   3.051   1.990    0.45  279.75    1.85   -0.46  260.62   10.90   -0.93     750     750
  4.500   2.296   1.627    0.69  276.18    1.76   -0.17  256.83   10.91   -0.76     748     748
  5.000   1.660   1.269    0.97  272.85    1.79   -0.22  252.85   10.66   -0.62     748     748
  5.500   1.190   0.943    1.18  269.47    1.82   -0.15  249.01   10.33   -0.59     746     746
  6.000   0.842   0.674    1.45  266.16    1.88   -0.31  245.30    9.86   -0.64     745     745
  6.500   0.600   0.484    1.59  262.82    2.00   -0.33  241.82    9.43   -0.64     744     744
  7.000   0.446   0.341    1.42  259.36    2.13   -0.22  238.96    8.96   -0.68     740     740
  7.500   0.335   0.255    1.45  255.78    2.13   -0.30  236.17    8.69   -0.75     737     737
  8.000   0.239   0.182    1.39  252.12    2.18   -0.40  232.99    8.47   -0.82     734     734
  8.500   0.176   0.139    1.59  248.39    2.24   -0.47  230.05    8.28   -0.79     726     726
  9.000   0.127   0.102    1.66  244.66    2.33   -0.44  227.09    8.09   -0.79     724     724
  9.500   0.089   0.069    1.49  240.99    2.43   -0.40  224.13    7.61   -0.85     718     718
 10.000   0.060   0.045    1.36  237.30    2.49   -0.35  220.92    7.20   -0.91     715     715
 10.500   0.040   0.029    1.06  233.74    2.50   -0.41  217.73    6.85   -0.98     711     711
 11.000   0.027   0.019    0.85  230.25    2.48   -0.40  214.65    6.65   -1.04     707     707
 11.500   0.019   0.013    0.74  226.82    2.41   -0.32  211.69    6.33   -1.08     703     703
 12.000   0.013   0.009    0.72  223.56    2.24   -0.31  208.90    6.10   -1.11     702     702
 12.500   0.009   0.006  999.90  220.43    2.11   -0.33  206.26    5.91   -1.14     699     699
 13.000   0.006   0.004  999.90  217.44    2.04    0.25  203.60    5.85   -1.11     686     686
 13.500   0.002   0.003  999.90  214.56    2.05    0.77  201.31    6.20   -0.86     669     669
 14.000   0.001   0.002  999.90  211.79    2.26    0.90  200.39    6.53   -0.89     335     335
 14.500   0.000   0.001  999.90  209.36    2.52    0.88  200.79    6.52   -0.94     154     154
 15.000   0.000   0.001  999.90  207.36    2.77    0.72  199.15    6.90   -0.63      44      44
 15.500   0.000   0.000  999.90  206.00    2.96    0.39  999.90  999.90  999.90      14      14
 16.000   0.000   0.000  999.90  205.38    2.88    0.25  999.90  999.90  999.90       0       0
 16.500   0.000   0.000  999.90  205.36    2.79    0.20  999.90  999.90  999.90       0       0
 17.000   0.000   0.000  999.90  205.85    2.69    0.25  999.90  999.90  999.90       0       0
 17.500   0.000   0.000  999.90  206.62    2.46    0.25  999.90  999.90  999.90       0       0
 18.000   0.000   0.000  999.90  207.84    2.45    0.31  999.90  999.90  999.90       0       0
 18.500   0.000   0.000  999.90  209.09    2.19    0.47  999.90  999.90  999.90       0       0
 19.000   0.000   0.001  999.90  210.40    2.08    0.37  200.36    6.78   -1.18       0       0
 19.500   0.000   0.001  999.90  211.68    2.06    0.32  200.46    6.65   -1.07      14      14
 20.000   0.001   0.002  999.90  213.04    1.76    0.39  201.26    5.64   -1.34      26      26
 20.500   0.001   0.002  999.90  214.21    1.74    0.50  201.19    5.69   -1.21      88      88
 21.000   0.001   0.003  999.90  215.21    1.73    0.60  201.88    5.83   -1.25     168     168
 21.500   0.002   0.003  999.90  216.23    1.76    0.65  202.15    6.07   -1.19     199     199
 22.000   0.002   0.003  999.90  217.15    1.69    0.80  203.01    5.92   -1.18     215     215
 22.500   0.002   0.003  999.90  218.17    1.75    0.62  203.94    5.84   -1.23     189     189
 23.000   0.002   0.004  999.90  219.12    1.84    0.46  204.95    5.70   -1.24     177     177
 23.500   0.002   0.004  999.90  220.08    1.97    0.36  205.53    6.05   -1.16     152     152
 24.000   0.002   0.004  999.90  221.01    2.02    0.37  206.04    6.58   -1.14     138     138
 24.500   0.002   0.005  999.90  221.87    1.99    0.53  206.73    6.80   -1.17     129     129
 25.000   0.002   0.005  999.90  222.48    1.82    0.31  207.21    6.96   -1.13     115     115
 25.500   0.002   0.005  999.90  223.41    1.96    0.47  207.85    7.07   -1.06     107     107
 26.000   0.002   0.006  999.90  224.22    1.84   -0.04  208.35    7.16   -0.99     105     105
 26.500   0.002   0.006  999.90  225.21    2.00    0.16  208.94    7.28   -0.95     102     102
 27.000   0.002   0.007  999.90  225.98    1.83    0.33  209.67    7.24   -1.01     101     101
 27.500   0.002   0.007  999.90  226.88    1.92    0.49  210.21    7.34   -1.02      99      99
 28.000   0.002   0.008  999.90  227.77    2.12    0.21  210.93    7.48   -1.04      96      96
 28.500   0.003   0.008  999.90  228.52    2.16   -0.04  211.45    7.61   -1.02      96      96
 29.000   0.003   0.009  999.90  229.25    2.27   -0.16  211.63    7.79   -0.93      96      96
 29.500   0.003   0.008  999.90  229.97    2.15    0.05  211.82    7.83   -0.89      90      90
 30.000   0.003   0.009  999.90  230.77    2.27    0.26  212.27    7.78   -0.88      85      85
  T A B L E  III -   9.  M O I S T U R E  R E L A T E D  S T A T I S T I C A L  P A R A M E T E R S
                                 September
 Station =   72381      Edwards AFB, CA
      Z VAPOR P   SD VP SKEW VP      TV      TV SKEW TV DEWPT T  SD DPT SKW DPT NOBS TP NOBS TV   
           MEAN                    MEAN      SD            MEAN                                   
     KM      MB      MB          KELVIN  KELVIN          KELVIN  KELVIN                           
  0.000  16.000   6.000    0.00  291.00    6.00    0.00  290.00    7.00    0.00     100     100
  0.723   9.636   3.223    0.81  297.27    7.30    0.39  278.86    4.97   -0.39     803     803
  1.000   8.343   2.974    0.61  298.01    4.43   -0.12  276.64    5.54   -0.86     803     803
  1.500   6.713   2.666    0.76  295.35    3.90   -0.52  273.40    5.97   -0.78     803     803
  2.000   5.579   2.416    0.74  291.74    3.52   -0.61  270.65    6.50   -0.87     803     803
  2.500   4.692   2.248    0.72  287.95    3.15   -0.66  267.98    7.39   -1.15     803     803
  3.000   3.820   2.080    0.65  284.28    2.78   -0.60  264.73    8.56   -1.11     803     803
  3.500   3.056   1.842    0.69  280.84    2.56   -0.56  261.34    9.52   -1.05     803     803
  4.000   2.359   1.532    0.88  277.38    2.51   -0.40  257.88    9.65   -0.91     803     803
  4.500   1.743   1.226    1.18  274.12    2.55   -0.40  254.08    9.57   -0.82     803     803
  5.000   1.237   0.925    1.53  270.88    2.62   -0.38  250.07    9.31   -0.71     803     803
  5.500   0.905   0.683    1.69  267.60    2.64   -0.54  246.57    9.06   -0.70     800     800
  6.000   0.656   0.481    1.94  264.22    2.62   -0.60  243.29    8.52   -0.82     800     800
  6.500   0.482   0.349    1.90  260.74    2.66   -0.49  240.18    8.26   -0.85     800     800
  7.000   0.359   0.266    2.03  257.15    2.66   -0.44  237.15    8.09   -0.81     793     793
  7.500   0.273   0.204    2.02  253.42    2.68   -0.36  234.45    7.91   -0.82     792     792
  8.000   0.200   0.157    1.86  249.68    2.73   -0.27  231.64    7.69   -0.74     791     791
  8.500   0.146   0.112    1.82  245.88    2.78   -0.18  228.80    7.44   -0.87     773     773
  9.000   0.101   0.075    1.61  242.10    2.84   -0.07  225.73    6.97   -0.94     767     767
  9.500   0.070   0.050    1.30  238.36    2.92   -0.00  222.67    6.63   -1.00     760     760
 10.000   0.049   0.035    1.27  234.78    3.04    0.13  219.68    6.37   -1.01     752     752
 10.500   0.034   0.023    1.15  231.37    3.09    0.17  216.64    6.09   -1.07     752     752
 11.000   0.023   0.016    1.01  228.13    3.14    0.23  213.58    5.98   -1.07     750     750
 11.500   0.016   0.011    0.88  225.15    3.09    0.17  210.76    5.93   -1.04     747     747
 12.000   0.011   0.008    0.83  222.40    3.04   -0.04  208.19    5.95   -0.99     743     743
 12.500   0.008   0.006  999.90  219.79    2.97   -0.20  206.01    5.94   -0.99     734     734
 13.000   0.005   0.005  999.90  217.18    2.83   -0.26  203.62    6.07   -0.92     676     676
 13.500   0.003   0.004  999.90  214.67    2.74   -0.24  201.65    6.73   -0.83     645     645
 14.000   0.001   0.003  999.90  212.34    2.69    0.08  200.94    6.63   -0.81     416     416
 14.500   0.001   0.002  999.90  210.17    2.66    0.44  201.61    7.41   -1.04     237     237
 15.000   0.000   0.001  999.90  208.38    2.83    0.44  203.26    6.11   -1.33      75      75
 15.500   0.000   0.001  999.90  206.99    3.00    0.36  203.88    5.37   -1.52      28      28
 16.000   0.000   0.001  999.90  206.12    3.02    0.30  999.90  999.90  999.90      15      15
 16.500   0.000   0.000  999.90  205.86    3.05    0.13  999.90  999.90  999.90       0       0
 17.000   0.000   0.000  999.90  205.88    2.95   -0.03  999.90  999.90  999.90       0       0
 17.500   0.000   0.000  999.90  206.29    2.90    0.03  999.90  999.90  999.90       0       0
 18.000   0.000   0.001  999.90  207.15    3.02    0.20  999.90  999.90  999.90       0       0
 18.500   0.000   0.001  999.90  208.31    2.73    0.14  999.90  999.90  999.90       0       0
 19.000   0.000   0.001  999.90  209.54    2.45    0.18  203.27    4.15   -1.82       0       0
 19.500   0.000   0.001  999.90  210.82    2.28    0.09  202.93    5.22   -1.56      15      15
 20.000   0.000   0.002  999.90  212.08    2.17    0.06  203.10    4.70   -2.01      26      26
 20.500   0.001   0.002  999.90  213.24    2.09    0.06  203.59    3.73   -2.32      64      64
 21.000   0.001   0.003  999.90  214.33    1.94    0.18  203.39    4.57   -1.88     124     124
 21.500   0.001   0.003  999.90  215.42    1.76    0.16  203.29    4.64   -1.64     157     157
 22.000   0.002   0.003  999.90  216.50    1.66    0.00  203.71    5.00   -1.85     204     204
 22.500   0.002   0.003  999.90  217.47    1.67   -0.04  204.52    4.88   -1.91     219     219
 23.000   0.002   0.004  999.90  218.24    1.63   -0.09  205.22    4.83   -2.05     213     213
 23.500   0.002   0.004  999.90  219.15    1.67   -0.09  206.35    4.44   -2.05     196     196
 24.000   0.002   0.004  999.90  220.11    1.68    0.13  207.13    4.47   -2.12     174     174
 24.500   0.002   0.005  999.90  221.03    1.77    0.09  207.88    4.45   -2.02     172     172
 25.000   0.002   0.005  999.90  221.85    1.82    0.25  208.52    4.51   -1.93     160     160
 25.500   0.002   0.005  999.90  222.71    1.91    0.30  209.12    4.52   -1.94     154     154
 26.000   0.003   0.006  999.90  223.53    1.91    0.16  209.72    4.58   -2.02     154     154
 26.500   0.003   0.006  999.90  224.29    1.92   -0.00  210.18    4.66   -2.04     152     152
 27.000   0.003   0.007  999.90  225.15    1.95   -0.02  210.64    4.91   -1.96     148     148
 27.500   0.003   0.007  999.90  225.82    1.91    0.01  211.20    4.93   -1.86     141     141
 28.000   0.003   0.007  999.90  226.52    1.91   -0.16  211.67    4.96   -1.85     138     138
 28.500   0.003   0.008  999.90  227.16    1.77   -0.22  212.01    5.06   -1.84     136     136
 29.000   0.003   0.008  999.90  227.86    2.03    0.24  212.28    5.20   -1.74     129     129
 29.500   0.003   0.008  999.90  228.57    2.16    0.54  212.60    5.21   -1.69     120     120
 30.000   0.003   0.008  999.90  229.26    2.33    0.57  212.87    5.48   -1.53     112     112
  T A B L E  III -  10.  M O I S T U R E  R E L A T E D  S T A T I S T I C A L  P A R A M E T E R S
                                   October
 Station =   72381      Edwards AFB, CA
      Z VAPOR P   SD VP SKEW VP      TV      TV SKEW TV DEWPT T  SD DPT SKW DPT NOBS TP NOBS TV   
           MEAN                    MEAN      SD            MEAN                                   
     KM      MB      MB          KELVIN  KELVIN          KELVIN  KELVIN                           
  0.000  16.000   6.000    0.00  291.00    6.00    0.00  290.00    7.00    0.00     100     100
  0.723   7.477   3.064    0.26  290.50    7.37    0.37  274.74    6.52   -0.69     853     853
  1.000   6.624   2.617    0.26  292.21    4.92   -0.09  273.16    6.15   -0.71     853     853
  1.500   5.243   2.164    0.51  289.85    4.92   -0.43  269.91    6.18   -0.76     853     853
  2.000   4.287   1.810    0.62  286.46    4.75   -0.58  267.18    6.23   -0.88     853     853
  2.500   3.523   1.588    0.63  283.23    4.47   -0.74  264.43    6.67   -1.03     853     853
  3.000   2.830   1.401    0.84  280.28    4.25   -0.77  261.48    6.83   -0.72     853     853
  3.500   2.204   1.206    0.93  277.41    4.21   -0.77  258.23    7.40   -0.91     853     853
  4.000   1.655   0.948    1.02  274.37    4.20   -0.77  254.64    7.64   -0.96     845     845
  4.500   1.259   0.760    1.18  271.22    4.23   -0.77  251.37    7.57   -0.76     843     843
  5.000   0.949   0.609    1.22  267.90    4.16   -0.79  247.97    7.93   -0.79     841     841
  5.500   0.711   0.473    1.41  264.51    4.10   -0.94  244.85    7.77   -0.76     837     837
  6.000   0.545   0.376    1.43  261.01    4.07   -1.04  241.88    7.79   -0.67     831     831
  6.500   0.414   0.294    1.52  257.34    4.07   -1.08  239.06    7.62   -0.62     830     830
  7.000   0.307   0.218    1.31  253.64    4.03   -0.98  235.95    7.65   -0.68     826     826
  7.500   0.220   0.157    1.32  249.87    3.91   -0.83  232.73    7.51   -0.74     824     824
  8.000   0.159   0.122    1.41  246.09    3.80   -0.69  229.75    7.35   -0.62     821     821
  8.500   0.113   0.086    1.45  242.21    3.72   -0.52  226.79    6.89   -0.61     806     806
  9.000   0.078   0.058    1.57  238.37    3.50   -0.34  223.58    6.60   -0.69     800     800
  9.500   0.053   0.040    1.38  234.63    3.31   -0.21  220.47    6.39   -0.80     798     798
 10.000   0.036   0.027    1.30  231.04    3.16   -0.09  217.38    6.12   -0.87     789     789
 10.500   0.025   0.017    1.08  227.65    3.10    0.09  214.35    5.78   -0.92     785     785
 11.000   0.017   0.012    0.79  224.47    3.24    0.29  211.41    5.64   -0.97     782     782
 11.500   0.012   0.009    0.74  221.71    3.33    0.35  208.81    5.64   -0.94     774     774
 12.000   0.009   0.007  999.90  219.33    3.50    0.26  206.81    5.74   -0.90     770     770
 12.500   0.006   0.006  999.90  217.28    3.61    0.16  205.32    5.89   -0.89     720     720
 13.000   0.004   0.005  999.90  215.38    3.63    0.07  203.74    6.10   -0.90     597     597
 13.500   0.002   0.004  999.90  213.60    3.43    0.17  203.07    6.42   -0.95     529     529
 14.000   0.001   0.003  999.90  211.79    3.32    0.40  202.14    6.72   -0.86     309     309
 14.500   0.001   0.002  999.90  210.11    3.26    0.47  201.96    6.79   -0.93     206     206
 15.000   0.000   0.002  999.90  208.74    3.31    0.58  201.36    7.11   -0.67     101     101
 15.500   0.000   0.001  999.90  207.43    3.52    0.55  200.60    7.70   -0.54      56      56
 16.000   0.000   0.001  999.90  206.57    3.60    0.39  201.90    7.49   -0.95      43      43
 16.500   0.000   0.001  999.90  206.08    3.82    0.22  203.67    5.25   -1.35      27      27
 17.000   0.000   0.001  999.90  205.99    3.77    0.12  202.90    5.68   -1.08      19      19
 17.500   0.000   0.001  999.90  206.18    3.62   -0.01  999.90  999.90  999.90      19      19
 18.000   0.000   0.001  999.90  206.71    3.40    0.01  203.60    5.34   -0.93       0       0
 18.500   0.000   0.001  999.90  207.69    2.96   -0.01  999.90  999.90  999.90      11      11
 19.000   0.000   0.001  999.90  208.62    2.81    0.11  204.20    4.47   -2.27       0       0
 19.500   0.000   0.001  999.90  209.64    2.69    0.20  204.64    3.81   -2.54      23      23
 20.000   0.000   0.001  999.90  210.74    2.39    0.24  204.41    4.36   -2.76      29      29
 20.500   0.001   0.002  999.90  211.97    2.35    0.10  203.63    3.97   -2.21      34      34
 21.000   0.001   0.002  999.90  212.98    2.34    0.17  203.75    4.12   -1.82      79      79
 21.500   0.001   0.003  999.90  214.00    2.44    0.01  204.34    3.96   -2.31      94      94
 22.000   0.001   0.003  999.90  215.12    2.57    0.18  204.56    4.30   -1.94     131     131
 22.500   0.001   0.003  999.90  215.95    2.56    0.21  205.15    4.31   -2.11     160     160
 23.000   0.001   0.003  999.90  216.85    2.51    0.31  205.10    5.10   -2.10     159     159
 23.500   0.002   0.004  999.90  217.66    2.29   -0.00  205.26    5.55   -2.40     161     161
 24.000   0.002   0.004  999.90  218.60    2.23   -0.27  205.88    5.76   -2.24     171     171
 24.500   0.002   0.004  999.90  219.34    2.29   -0.28  206.32    5.97   -2.18     170     170
 25.000   0.002   0.004  999.90  220.10    2.30   -0.13  206.95    5.96   -2.24     165     165
 25.500   0.002   0.005  999.90  220.88    2.41   -0.05  207.61    5.82   -2.28     162     162
 26.000   0.002   0.005  999.90  221.47    2.53   -0.14  207.99    5.84   -2.17     157     157
 26.500   0.002   0.005  999.90  222.06    2.58   -0.22  208.39    5.82   -2.15     155     155
 27.000   0.002   0.005  999.90  222.70    2.54    0.04  208.85    5.67   -2.33     154     154
 27.500   0.002   0.006  999.90  223.48    2.56    0.02  209.22    5.91   -2.27     143     143
 28.000   0.002   0.006  999.90  223.93    2.61   -0.06  209.45    6.05   -2.21     134     134
 28.500   0.002   0.006  999.90  224.51    2.71   -0.07  209.67    6.26   -2.04     131     131
 29.000   0.002   0.006  999.90  224.97    2.72   -0.20  209.66    6.45   -1.95     121     121
 29.500   0.002   0.006  999.90  225.41    2.87   -0.06  209.61    7.00   -1.92     109     109
 30.000   0.002   0.006  999.90  225.78    2.86    0.15  209.48    7.22   -2.01     102     102
  T A B L E  III -  11.  M O I S T U R E  R E L A T E D  S T A T I S T I C A L  P A R A M E T E R S
                                  November
 Station =   72381      Edwards AFB, CA
      Z VAPOR P   SD VP SKEW VP      TV      TV SKEW TV DEWPT T  SD DPT SKW DPT NOBS TP NOBS TV   
           MEAN                    MEAN      SD            MEAN                                   
     KM      MB      MB          KELVIN  KELVIN          KELVIN  KELVIN                           
  0.000  16.000   6.000    0.00  291.00    6.00    0.00  290.00    7.00    0.00     100     100
  0.723   5.927   2.561    0.63  283.83    6.84    0.33  271.49    6.36   -0.45     743     743
  1.000   5.236   2.223    0.76  286.05    4.85    0.03  269.90    6.05   -0.41     743     743
  1.500   4.226   1.909    1.13  283.81    5.14   -0.12  267.00    5.98   -0.18     743     743
  2.000   3.376   1.734    1.14  281.16    5.08   -0.25  263.69    6.93   -0.53     743     743
  2.500   2.629   1.604    1.19  278.80    5.00   -0.48  259.79    8.46   -0.70     743     743
  3.000   2.049   1.373    1.36  276.45    4.95   -0.69  256.43    8.77   -0.57     743     743
  3.500   1.613   1.103    1.48  273.84    4.92   -0.77  253.55    8.64   -0.56     743     743
  4.000   1.319   0.923    1.39  270.90    4.85   -0.82  251.08    8.74   -0.53     743     743
  4.500   1.057   0.728    1.24  267.82    4.73   -0.81  248.59    8.57   -0.51     742     742
  5.000   0.840   0.578    1.22  264.57    4.59   -0.79  246.05    8.44   -0.58     741     741
  5.500   0.662   0.470    1.24  261.32    4.51   -0.75  243.28    8.59   -0.58     741     741
  6.000   0.499   0.350    1.26  257.89    4.46   -0.65  240.40    8.29   -0.63     741     741
  6.500   0.380   0.277    1.24  254.31    4.43   -0.60  237.58    8.16   -0.53     740     740
  7.000   0.289   0.223    1.35  250.66    4.39   -0.60  234.67    8.25   -0.46     736     736
  7.500   0.216   0.171    1.45  246.87    4.34   -0.57  231.89    7.95   -0.37     734     734
  8.000   0.157   0.132    1.74  243.09    4.31   -0.51  228.93    7.82   -0.36     730     730
  8.500   0.110   0.097    2.14  239.29    4.24   -0.38  225.87    7.50   -0.37     720     720
  9.000   0.076   0.067    2.40  235.59    4.04   -0.18  222.70    7.19   -0.39     710     710
  9.500   0.052   0.047    2.66  231.97    3.84   -0.11  219.49    6.99   -0.42     707     707
 10.000   0.035   0.031    2.68  228.51    3.71    0.03  216.30    6.56   -0.39     702     702
 10.500   0.023   0.019    2.04  225.21    3.59    0.14  213.27    6.08   -0.50     701     701
 11.000   0.016   0.012    1.63  222.14    3.69    0.31  210.53    5.74   -0.54     699     699
 11.500   0.011   0.009    1.51  219.38    3.94    0.44  208.10    5.57   -0.51     682     682
 12.000   0.007   0.007  999.90  216.97    4.23    0.43  206.78    5.61   -0.70     660     660
 12.500   0.004   0.006  999.90  215.04    4.52    0.29  205.75    5.88   -0.88     497     497
 13.000   0.003   0.005  999.90  213.64    4.61    0.06  204.45    6.13   -0.94     363     363
 13.500   0.002   0.004  999.90  212.34    4.58   -0.09  203.99    6.00   -1.18     338     338
 14.000   0.002   0.004  999.90  211.24    4.37    0.01  203.60    5.71   -1.20     253     253
 14.500   0.001   0.003  999.90  210.10    4.10    0.12  202.98    6.08   -1.09     209     209
 15.000   0.001   0.002  999.90  209.11    3.95    0.29  202.41    6.74   -0.90     129     129
 15.500   0.001   0.002  999.90  208.31    3.99    0.35  201.70    7.18   -0.83      87      87
 16.000   0.000   0.002  999.90  207.44    4.05    0.26  202.41    6.86   -1.14      70      70
 16.500   0.000   0.001  999.90  206.83    4.12    0.20  201.65    7.70   -0.95      42      42
 17.000   0.000   0.001  999.90  206.83    4.05    0.12  201.77    7.24   -1.01      32      32
 17.500   0.000   0.001  999.90  206.91    3.90   -0.06  203.31    6.08   -1.65      26      26
 18.000   0.000   0.001  999.90  207.19    3.73   -0.11  202.26    6.78   -1.31      20      20
 18.500   0.000   0.001  999.90  207.84    3.47   -0.15  202.83    6.60   -1.58      20      20
 19.000   0.000   0.001  999.90  208.42    3.25   -0.26  204.78    5.53   -2.28      19      19
 19.500   0.000   0.001  999.90  209.21    3.03   -0.23  204.51    4.81   -2.59      12      12
 20.000   0.000   0.001  999.90  210.02    2.83   -0.40  201.74    8.02   -1.02      16      16
 20.500   0.000   0.001  999.90  210.70    2.70   -0.26  204.17    4.35   -2.72      16      16
 21.000   0.000   0.002  999.90  211.29    2.63   -0.33  203.57    4.92   -2.11      33      33
 21.500   0.000   0.002  999.90  212.10    2.54   -0.58  203.13    5.38   -1.83      43      43
 22.000   0.001   0.002  999.90  212.72    2.57   -0.70  203.15    5.21   -1.81      60      60
 22.500   0.001   0.002  999.90  213.44    2.76   -0.91  203.22    5.66   -1.47      76      76
 23.000   0.001   0.003  999.90  214.19    2.90   -0.69  203.64    5.27   -1.36      94      94
 23.500   0.001   0.003  999.90  214.78    2.83   -0.50  203.87    5.56   -1.54     121     121
 24.000   0.001   0.003  999.90  215.32    2.96   -0.61  204.56    5.24   -1.65     124     124
 24.500   0.001   0.003  999.90  216.03    3.02   -0.57  204.86    5.39   -1.73     123     123
 25.000   0.001   0.003  999.90  216.55    3.20   -0.41  205.23    5.26   -1.54     124     124
 25.500   0.002   0.004  999.90  217.24    3.16   -0.51  205.52    5.23   -1.59     130     130
 26.000   0.002   0.004  999.90  217.81    3.33   -0.50  205.67    5.47   -1.54     137     137
 26.500   0.002   0.004  999.90  218.45    3.50   -0.53  206.05    5.57   -1.51     136     136
 27.000   0.002   0.004  999.90  219.22    3.27   -0.46  206.24    5.53   -1.43     136     136
 27.500   0.002   0.004  999.90  219.73    3.36   -0.37  206.43    5.64   -1.40     138     138
 28.000   0.002   0.004  999.90  220.23    3.42   -0.31  206.79    5.48   -1.33     133     133
 28.500   0.002   0.004  999.90  220.85    3.41   -0.21  206.87    5.88   -1.40     132     132
 29.000   0.002   0.004  999.90  221.62    3.30    0.14  206.91    5.88   -1.36     122     122
 29.500   0.002   0.004  999.90  222.35    3.35    0.13  207.16    6.03   -1.23     116     116
 30.000   0.001   0.004  999.90  223.09    3.09    0.04  207.01    6.40   -1.12     108     108
  T A B L E  III -  12.  M O I S T U R E  R E L A T E D  S T A T I S T I C A L  P A R A M E T E R S
                                  December
 Station =   72381      Edwards AFB, CA
      Z VAPOR P   SD VP SKEW VP      TV      TV SKEW TV DEWPT T  SD DPT SKW DPT NOBS TP NOBS TV   
           MEAN                    MEAN      SD            MEAN                                   
     KM      MB      MB          KELVIN  KELVIN          KELVIN  KELVIN                           
  0.000  16.000   6.000    0.00  291.00    6.00    0.00  290.00    7.00    0.00     100     100
  0.723   5.237   2.433    0.57  280.10    6.72    0.00  269.63    6.74   -0.38     716     716
  1.000   4.721   2.291    1.17  282.24    4.10   -0.09  268.27    6.49   -0.05     716     716
  1.500   3.716   1.830    0.84  280.42    4.46   -0.28  265.06    6.56   -0.18     716     716
  2.000   3.000   1.593    0.92  278.38    4.95   -0.29  262.04    7.23   -0.59     716     716
  2.500   2.372   1.456    1.10  276.32    5.18   -0.47  258.48    8.51   -0.82     716     716
  3.000   1.925   1.229    1.09  274.01    5.18   -0.64  255.76    8.67   -0.67     716     716
  3.500   1.562   1.041    1.17  271.38    5.09   -0.69  253.15    8.74   -0.59     716     716
  4.000   1.279   0.866    1.33  268.47    4.91   -0.72  250.88    8.47   -0.56     715     715
  4.500   1.012   0.683    1.32  265.35    4.80   -0.75  248.24    8.28   -0.60     715     715
  5.000   0.800   0.548    1.33  262.05    4.70   -0.71  245.59    8.23   -0.60     715     715
  5.500   0.622   0.436    1.25  258.62    4.60   -0.69  242.75    8.36   -0.64     715     715
  6.000   0.471   0.339    1.21  255.08    4.48   -0.63  239.70    8.36   -0.60     713     713
  6.500   0.356   0.265    1.30  251.46    4.41   -0.50  236.95    8.08   -0.53     713     713
  7.000   0.267   0.206    1.35  247.76    4.29   -0.37  234.09    8.00   -0.50     708     708
  7.500   0.195   0.152    1.33  244.00    4.19   -0.23  231.03    7.82   -0.48     703     703
  8.000   0.139   0.111    1.42  240.29    4.08   -0.08  227.99    7.48   -0.41     702     702
  8.500   0.095   0.076    1.47  236.56    3.94    0.10  224.71    7.12   -0.40     694     694
  9.000   0.063   0.049    1.42  232.88    3.85    0.20  221.37    6.63   -0.42     691     691
  9.500   0.042   0.032    1.59  229.31    3.83    0.26  218.06    6.19   -0.45     688     688
 10.000   0.028   0.020    1.59  225.93    3.80    0.40  214.86    5.74   -0.52     685     685
 10.500   0.019   0.013    1.39  222.72    3.94    0.53  211.93    5.32   -0.50     682     682
 11.000   0.012   0.010    1.17  219.81    4.23    0.58  209.60    5.18   -0.65     678     678
 11.500   0.008   0.008  999.90  217.56    4.56    0.55  207.79    5.28   -0.68     593     593
 12.000   0.006   0.007  999.90  215.88    4.95    0.38  207.54    5.44   -0.95     523     523
 12.500   0.005   0.007  999.90  214.73    5.28    0.11  207.05    5.34   -1.09     377     377
 13.000   0.004   0.006  999.90  214.04    5.16   -0.17  206.33    5.20   -1.21     355     355
 13.500   0.004   0.005  999.90  213.46    4.97   -0.41  205.50    5.44   -1.26     343     343
 14.000   0.003   0.005  999.90  212.84    4.55   -0.43  204.93    5.41   -1.33     322     322
 14.500   0.002   0.004  999.90  212.05    4.12   -0.24  204.17    5.64   -1.33     290     290
 15.000   0.001   0.003  999.90  211.14    3.84   -0.17  203.34    5.97   -1.28     229     229
 15.500   0.001   0.003  999.90  210.22    3.81   -0.10  202.92    5.84   -1.20     148     148
 16.000   0.001   0.002  999.90  209.49    3.84   -0.06  202.65    5.51   -1.13     107     107
 16.500   0.000   0.002  999.90  208.95    3.88   -0.08  202.44    5.64   -1.42      70      70
 17.000   0.000   0.002  999.90  208.60    3.88   -0.12  202.55    5.34   -1.27      59      59
 17.500   0.000   0.001  999.90  208.55    3.89   -0.06  202.66    4.85   -0.69      49      49
 18.000   0.000   0.001  999.90  208.84    3.75   -0.17  202.19    4.54   -0.85      39      39
 18.500   0.000   0.001  999.90  209.18    3.54   -0.35  203.55    3.95   -0.73      35      35
 19.000   0.000   0.001  999.90  209.61    3.39   -0.45  202.86    4.38   -1.28      29      29
 19.500   0.000   0.001  999.90  210.37    3.16   -0.40  202.86    4.29   -1.41      36      36
 20.000   0.000   0.002  999.90  211.25    2.77   -0.25  203.11    4.15   -1.41      38      38
 20.500   0.000   0.002  999.90  212.09    2.62   -0.25  202.84    4.15   -1.19      47      47
 21.000   0.001   0.002  999.90  212.80    2.57   -0.37  203.66    3.99   -1.32      66      66
 21.500   0.001   0.002  999.90  213.46    2.54   -0.38  203.26    4.39   -1.07      78      78
 22.000   0.001   0.002  999.90  214.07    2.60   -0.47  203.69    4.50   -1.34      90      90
 22.500   0.001   0.003  999.90  214.67    2.48   -0.18  203.83    4.61   -1.17     102     102
 23.000   0.001   0.002  999.90  215.14    2.51    0.04  203.63    4.62   -0.94     104     104
 23.500   0.001   0.003  999.90  215.66    2.78    0.06  204.46    4.30   -0.97      98      98
 24.000   0.001   0.003  999.90  216.29    2.84    0.05  204.63    4.36   -1.10      94      94
 24.500   0.001   0.003  999.90  216.77    3.02    0.02  204.63    4.94   -1.21     100     100
 25.000   0.001   0.003  999.90  217.25    3.42   -0.02  205.23    4.58   -1.09     102     102
 25.500   0.001   0.003  999.90  217.68    3.56   -0.12  205.10    5.05   -1.10      96      96
 26.000   0.001   0.003  999.90  218.04    3.69   -0.00  205.27    5.07   -0.95      96      96
 26.500   0.001   0.003  999.90  218.39    3.89    0.27  205.31    5.25   -0.98      99      99
 27.000   0.001   0.003  999.90  218.92    4.15    0.30  205.56    5.15   -0.98      96      96
 27.500   0.001   0.003  999.90  219.67    4.29    0.23  205.67    5.33   -0.96      92      92
 28.000   0.001   0.003  999.90  220.35    4.74    0.05  205.88    5.47   -0.82      82      82
 28.500   0.001   0.003  999.90  220.80    4.83   -0.06  205.42    5.74   -0.69      77      77
 29.000   0.001   0.003  999.90  221.18    4.98   -0.21  205.17    5.94   -0.65      76      76
 29.500   0.001   0.003  999.90  221.73    5.09   -0.43  205.00    6.20   -0.58      68      68
 30.000   0.001   0.003  999.90  222.19    5.00   -0.57  204.31    6.93   -0.23      62      62
  T A B L E  III -  13.  M O I S T U R E  R E L A T E D  S T A T I S T I C A L  P A R A M E T E R S
                                    Annual
 Station =   72381      Edwards AFB, CA
      Z VAPOR P   SD VP SKEW VP      TV      TV SKEW TV DEWPT T  SD DPT SKW DPT NOBS TP NOBS TV   
           MEAN                    MEAN      SD            MEAN                                   
     KM      MB      MB          KELVIN  KELVIN          KELVIN  KELVIN                           
  0.000  16.000   6.000    0.00  291.00    6.00    0.00  290.00    7.00    0.00     100     100
  0.723   7.832   3.248    0.64  289.79    9.88    0.24  275.43    6.38   -0.60    9215    9215
  1.000   6.711   2.937    0.76  290.52    8.18    0.11  273.16    6.58   -0.57    9215    9215
  1.500   5.263   2.511    0.98  288.09    8.07   -0.04  269.65    6.91   -0.56    9215    9215
  2.000   4.224   2.250    1.07  285.03    7.78   -0.12  266.39    7.57   -0.58    9215    9215
  2.500   3.401   2.054    1.17  282.01    7.31   -0.23  263.08    8.53   -0.67    9215    9215
  3.000   2.741   1.847    1.28  278.96    6.85   -0.36  259.89    9.19   -0.57    9214    9214
  3.500   2.194   1.610    1.43  275.84    6.55   -0.48  256.84    9.52   -0.48    9214    9214
  4.000   1.727   1.342    1.62  272.61    6.33   -0.56  253.82    9.49   -0.36    9198    9198
  4.500   1.329   1.071    1.83  269.34    6.22   -0.60  250.71    9.34   -0.34    9190    9190
  5.000   1.003   0.823    1.99  265.99    6.19   -0.60  247.57    9.09   -0.34    9185    9185
  5.500   0.760   0.630    2.07  262.57    6.17   -0.60  244.49    8.97   -0.37    9159    9159
  6.000   0.566   0.469    2.23  259.08    6.18   -0.57  241.41    8.69   -0.41    9145    9145
  6.500   0.417   0.349    2.28  255.51    6.21   -0.51  238.34    8.44   -0.41    9141    9141
  7.000   0.309   0.261    2.26  251.86    6.24   -0.45  235.30    8.34   -0.42    9070    9070
  7.500   0.225   0.191    2.23  248.11    6.22   -0.37  232.27    8.11   -0.42    9038    9038
  8.000   0.161   0.140    2.16  244.34    6.20   -0.28  229.21    7.89   -0.38    9002    9002
  8.500   0.114   0.101    2.31  240.55    6.15   -0.19  226.10    7.66   -0.36    8875    8875
  9.000   0.078   0.070    2.34  236.79    6.06   -0.09  222.89    7.32   -0.34    8822    8822
  9.500   0.053   0.048    2.26  233.13    5.95   -0.00  219.72    7.03   -0.34    8767    8767
 10.000   0.036   0.032    2.19  229.60    5.82    0.06  216.60    6.67   -0.33    8699    8699
 10.500   0.024   0.021    1.94  226.27    5.68    0.07  213.61    6.28   -0.35    8660    8660
 11.000   0.016   0.014    1.64  223.24    5.57    0.05  211.14    6.02   -0.48    8588    8588
 11.500   0.011   0.010    1.36  220.70    5.39   -0.02  209.06    5.79   -0.63    8029    8029
 12.000   0.008   0.008  999.90  218.62    5.19   -0.15  207.60    5.77   -0.83    7521    7521
 12.500   0.006   0.007  999.90  216.99    4.94   -0.27  206.26    5.83   -0.96    6523    6523
 13.000   0.005   0.006  999.90  215.71    4.51   -0.30  204.84    5.99   -0.98    5923    5923
 13.500   0.004   0.005  999.90  214.48    4.19   -0.23  204.08    6.28   -1.03    5753    5753
 14.000   0.003   0.004  999.90  213.24    4.01    0.02  203.66    6.21   -1.08    4445    4445
 14.500   0.002   0.004  999.90  211.91    4.00    0.17  203.49    6.14   -1.19    3628    3628
 15.000   0.001   0.003  999.90  210.67    4.13    0.21  203.33    5.92   -1.23    2559    2559
 15.500   0.001   0.003  999.90  209.58    4.26    0.19  202.86    5.90   -1.25    1771    1771
 16.000   0.001   0.002  999.90  208.74    4.24    0.20  203.04    5.69   -1.44    1433    1433
 16.500   0.000   0.002  999.90  208.21    4.20    0.22  203.08    5.58   -1.48     944     944
 17.000   0.000   0.002  999.90  208.06    4.06    0.22  202.95    5.45   -1.46     697     697
 17.500   0.000   0.002  999.90  208.20    3.86    0.19  202.80    5.44   -1.46     616     616
 18.000   0.000   0.001  999.90  208.59    3.60    0.08  202.85    5.27   -1.56     530     530
 18.500   0.000   0.001  999.90  209.26    3.24   -0.05  202.84    5.34   -1.62     416     416
 19.000   0.000   0.001  999.90  210.05    3.07   -0.16  202.81    5.14   -1.69     401     401
 19.500   0.000   0.001  999.90  210.93    2.93   -0.24  203.07    4.89   -1.84     482     482
 20.000   0.000   0.002  999.90  211.87    2.74   -0.30  203.12    4.74   -1.88     542     542
 20.500   0.001   0.002  999.90  212.76    2.72   -0.27  203.19    4.66   -1.84     798     798
 21.000   0.001   0.002  999.90  213.59    2.76   -0.38  203.45    4.87   -1.79    1121    1121
 21.500   0.001   0.003  999.90  214.45    2.82   -0.43  203.59    5.07   -1.68    1282    1282
 22.000   0.001   0.003  999.90  215.24    2.92   -0.47  203.99    5.19   -1.69    1509    1509
 22.500   0.001   0.003  999.90  216.06    2.98   -0.50  204.55    5.23   -1.66    1589    1589
 23.000   0.001   0.003  999.90  216.86    3.05   -0.41  204.97    5.27   -1.60    1601    1601
 23.500   0.001   0.004  999.90  217.65    3.13   -0.39  205.45    5.38   -1.62    1619    1619
 24.000   0.002   0.004  999.90  218.46    3.24   -0.41  205.97    5.46   -1.57    1598    1598
 24.500   0.002   0.004  999.90  219.20    3.38   -0.43  206.51    5.50   -1.52    1599    1599
 25.000   0.002   0.004  999.90  219.92    3.54   -0.46  207.12    5.51   -1.50    1553    1553
 25.500   0.002   0.005  999.90  220.72    3.66   -0.47  207.62    5.58   -1.43    1508    1508
 26.000   0.002   0.005  999.90  221.48    3.78   -0.48  208.07    5.68   -1.35    1495    1495
 26.500   0.002   0.005  999.90  222.29    3.93   -0.50  208.55    5.80   -1.31    1486    1486
 27.000   0.002   0.006  999.90  223.16    3.98   -0.55  209.05    5.89   -1.27    1462    1462
 27.500   0.002   0.006  999.90  224.04    4.05   -0.57  209.56    6.07   -1.23    1389    1389
 28.000   0.002   0.007  999.90  224.89    4.21   -0.63  210.11    6.17   -1.15    1307    1307
 28.500   0.002   0.007  999.90  225.75    4.30   -0.67  210.48    6.46   -1.09    1280    1280
 29.000   0.002   0.007  999.90  226.56    4.39   -0.68  210.77    6.66   -1.03    1196    1196
 29.500   0.002   0.008  999.90  227.45    4.50   -0.72  211.21    6.87   -1.00    1105    1105
 30.000   0.002   0.008  999.90  228.36    4.54   -0.66  211.51    7.21   -0.97    1045    1045
