 0 1VPS 722210   30.48N   86.52W  20 1601279   21080   0  30                                        
  T A B L E  III - 13.  M O I S T U R E  R E L A T E D  S T A T I S T I C A L  P A R A M E T E R S  
                                              ANNUAL                                                
 STATION =   722210     EGLIN AFB, FL                                                               
      Z VAPOR P   SD VP SKEW VP      TV      TV SKEW TV DEWPT T  SD DPT SKW DPT NOBS TP NOBS TV     
           MEAN                    MEAN      SD            MEAN                                     
     KM      MB      MB           DEG K   DEG K           DEG K   DEG K                             
  0.000  17.525   8.070   -0.18  293.98    8.71   -0.63  286.52    9.31   -1.09   9351.   9351.     
  0.020  16.898   8.095   -0.11  293.36    8.79   -0.56  285.83    9.53   -1.00  10146.  10151.     
  1.000  11.242   5.810   -0.20  289.48    6.59   -0.84  279.07   10.84   -1.21   9834.  10169.     
  2.000   6.937   4.128    0.02  284.42    4.95   -0.90  271.54   11.52   -0.98   9382.  10174.     
  3.000   4.031   2.725    0.40  279.24    4.30   -0.94  264.00   11.17   -0.68   9043.  10171.     
  4.000   2.416   1.801    0.72  273.52    4.12   -0.85  257.36   10.82   -0.49   8783.  10165.     
  5.000   1.471   1.191    0.99  267.43    4.24   -0.71  251.19   10.71   -0.42   8632.  10158.     
  6.000   0.845   0.720    1.26  260.98    4.43   -0.56  244.96   10.20   -0.36   8481.  10133.     
  7.000   0.477   0.413    1.42  254.28    4.63   -0.49  239.03    9.58   -0.34   8515.  10116.     
  8.000   0.256   0.223    1.58  247.22    4.88   -0.40  232.99    8.94   -0.33   8392.  10078.     
  9.000   0.127   0.110    1.72  239.86    4.97   -0.27  226.63    8.23   -0.39   7946.  10049.     
 10.000   0.055   0.049    2.00  232.34    4.76   -0.12  219.42    7.65   -0.37   6151.  10013.     
 11.000   0.023   0.020    2.24  225.15    4.17   -0.05  212.65    6.79   -0.49   5327.   9977.     
 12.000   0.009   0.007    2.17  218.74    3.68   -0.19  206.36    5.82   -0.79   5242.   9947.     
 13.000   0.004   0.003    1.76  213.72    3.15   -0.06  201.02    5.59   -0.89   3839.   9787.     
 14.000   0.002   0.002    1.71  209.90    3.14    0.22  196.76    5.35   -0.62   1831.   9743.     
 15.000   0.001   0.001    3.89  206.76    3.24    0.19  194.53    4.49   -0.36    297.   9684.     
 16.000  99.999  99.999  999.99  204.82    3.15    0.13  999.99   99.99  999.99      0.   9600.     
 17.000  99.999  99.999  999.99  204.42    3.12   -0.04  999.99   99.99  999.99      0.   9234.     
 18.000  99.999  99.999  999.99  205.54    3.36   -0.32  999.99   99.99  999.99      0.   9132.     
 19.000  99.999  99.999  999.99  208.09    3.28   -0.45  999.99   99.99  999.99      0.   9022.     
 20.000  99.999  99.999  999.99  210.92    3.06   -0.48  999.99   99.99  999.99      0.   8843.     
 21.000  99.999  99.999  999.99  213.45    2.95   -0.49  999.99   99.99  999.99      0.   8468.     
 22.000  99.999  99.999  999.99  215.65    2.89   -0.54  999.99   99.99  999.99      0.   8376.     
 23.000  99.999  99.999  999.99  217.54    2.91   -0.55  999.99   99.99  999.99      0.   8214.     
 24.000  99.999  99.999  999.99  219.36    3.08   -0.52  999.99   99.99  999.99      0.   8198.     
 25.000  99.999  99.999  999.99  221.09    3.25   -0.55  999.99   99.99  999.99      0.   8111.     
 26.000  99.999  99.999  999.99  222.71    3.40   -0.52  999.99   99.99  999.99      0.   7854.     
 27.000  99.999  99.999  999.99  224.38    3.55   -0.41  999.99   99.99  999.99      0.   7166.     
 28.000  99.999  99.999  999.99  226.00    3.67   -0.50  999.99   99.99  999.99      0.   7014.     
 29.000  99.999  99.999  999.99  227.70    3.77   -0.42  999.99   99.99  999.99      0.   5904.     
 30.000  99.999  99.999  999.99  229.37    3.73   -0.50  999.99   99.99  999.99      0.   5806.     
  T A B L E  III -  1.  M O I S T U R E  R E L A T E D  S T A T I S T I C A L  P A R A M E T E R S  
                                              JANUARY                                               
 STATION =   722210     EGLIN AFB, FL                                                               
      Z VAPOR P   SD VP SKEW VP      TV      TV SKEW TV DEWPT T  SD DPT SKW DPT NOBS TP NOBS TV     
           MEAN                    MEAN      SD            MEAN                                     
     KM      MB      MB           DEG K   DEG K           DEG K   DEG K                             
  0.000  10.107   5.970    0.49  284.47    7.42   -0.36  277.63    9.85   -0.47    807.    807.     
  0.020   9.738   5.836    0.56  284.09    7.32   -0.32  277.06    9.86   -0.45    930.    930.     
  1.000   7.427   4.994    0.30  282.75    5.91   -0.69  271.89   12.30   -0.65    868.    932.     
  2.000   4.829   3.382    0.44  279.66    4.32   -0.90  266.07   11.77   -0.61    809.    931.     
  3.000   2.870   2.170    0.75  275.17    3.87   -1.10  259.44   10.95   -0.42    776.    931.     
  4.000   1.657   1.336    1.11  269.74    3.66   -0.71  252.87   10.29   -0.38    739.    931.     
  5.000   1.017   0.881    1.21  263.72    3.73   -0.70  246.97   10.27   -0.26    725.    931.     
  6.000   0.596   0.505    1.23  257.09    3.72   -0.78  241.45    9.54   -0.29    725.    929.     
  7.000   0.360   0.294    1.10  250.26    3.74   -0.60  236.43    9.07   -0.39    745.    927.     
  8.000   0.193   0.149    1.02  242.97    3.82   -0.51  230.73    8.22   -0.44    734.    923.     
  9.000   0.091   0.066    0.97  235.47    3.67   -0.31  224.24    7.37   -0.56    674.    920.     
 10.000   0.035   0.025    1.05  228.06    3.32   -0.12  216.33    6.71   -0.74    516.    915.     
 11.000   0.015   0.010    1.02  221.59    3.10    0.26  210.01    5.91   -1.03    440.    910.     
 12.000   0.007   0.005    2.01  216.54    3.96    0.42  204.61    5.51   -0.94    422.    907.     
 13.000   0.004   0.003    2.15  213.47    4.01   -0.11  200.94    5.52   -0.67    301.    890.     
 14.000   0.003   0.002    0.53  211.11    3.00   -0.12  198.64    5.24   -0.87     80.    885.     
 15.000   0.002   0.001    0.40  207.90    2.76    0.31  195.68    2.98   -0.55     22.    884.     
 16.000  99.999  99.999  999.99  205.16    3.03    0.42  999.99   99.99  999.99      0.    874.     
 17.000  99.999  99.999  999.99  203.79    3.36    0.42  999.99   99.99  999.99      0.    841.     
 18.000  99.999  99.999  999.99  203.74    3.60    0.23  999.99   99.99  999.99      0.    821.     
 19.000  99.999  99.999  999.99  205.38    3.33    0.13  999.99   99.99  999.99      0.    806.     
 20.000  99.999  99.999  999.99  207.76    2.89    0.15  999.99   99.99  999.99      0.    776.     
 21.000  99.999  99.999  999.99  210.28    2.69    0.34  999.99   99.99  999.99      0.    742.     
 22.000  99.999  99.999  999.99  212.59    2.74    0.53  999.99   99.99  999.99      0.    727.     
 23.000  99.999  99.999  999.99  214.39    2.70    0.43  999.99   99.99  999.99      0.    718.     
 24.000  99.999  99.999  999.99  216.13    2.79    0.37  999.99   99.99  999.99      0.    715.     
 25.000  99.999  99.999  999.99  217.66    2.84    0.26  999.99   99.99  999.99      0.    694.     
 26.000  99.999  99.999  999.99  219.17    2.89    0.12  999.99   99.99  999.99      0.    686.     
 27.000  99.999  99.999  999.99  220.76    3.11    0.26  999.99   99.99  999.99      0.    629.     
 28.000  99.999  99.999  999.99  222.48    3.70    0.45  999.99   99.99  999.99      0.    615.     
 29.000  99.999  99.999  999.99  224.03    3.72    0.45  999.99   99.99  999.99      0.    492.     
 30.000  99.999  99.999  999.99  225.80    3.84    0.48  999.99   99.99  999.99      0.    485.     
  T A B L E  III -  2.  M O I S T U R E  R E L A T E D  S T A T I S T I C A L  P A R A M E T E R S  
                                              FEBRUARY                                              
 STATION =   722210     EGLIN AFB, FL                                                               
      Z VAPOR P   SD VP SKEW VP      TV      TV SKEW TV DEWPT T  SD DPT SKW DPT NOBS TP NOBS TV     
           MEAN                    MEAN      SD            MEAN                                     
     KM      MB      MB           DEG K   DEG K           DEG K   DEG K                             
  0.000   9.480   5.499    0.66  284.78    6.85   -0.25  276.98    9.13   -0.33    744.    744.     
  0.020   9.463   5.538    0.68  284.81    6.78   -0.26  276.93    9.15   -0.30    868.    868.     
  1.000   6.348   4.411    0.64  282.03    5.55   -0.30  270.18   10.97   -0.32    821.    870.     
  2.000   4.017   3.156    0.80  278.71    4.45   -0.55  263.47   11.39   -0.19    747.    870.     
  3.000   2.448   2.035    1.08  274.23    4.13   -0.62  257.27   10.82   -0.17    715.    870.     
  4.000   1.492   1.267    1.23  268.71    3.94   -0.65  251.47   10.27   -0.19    709.    870.     
  5.000   0.938   0.830    1.30  262.56    3.89   -0.48  246.13    9.97   -0.11    693.    869.     
  6.000   0.565   0.479    1.20  256.04    3.83   -0.36  240.84    9.60   -0.33    692.    865.     
  7.000   0.331   0.270    1.04  249.21    3.88   -0.25  235.48    9.33   -0.49    707.    862.     
  8.000   0.181   0.139    0.90  242.04    3.92   -0.14  229.97    8.57   -0.60    685.    860.     
  9.000   0.086   0.062    0.94  234.83    3.84   -0.08  223.59    7.75   -0.85    569.    857.     
 10.000   0.035   0.024    1.03  228.04    3.63    0.07  216.35    6.70   -0.89    465.    854.     
 11.000   0.015   0.009    0.89  222.38    3.95    0.57  210.44    5.51   -1.27    399.    853.     
 12.000   0.008   0.004    0.77  217.91    4.67    0.11  205.57    5.01   -1.51    382.    844.     
 13.000   0.005   0.003    1.10  214.97    3.99   -0.39  202.54    4.91   -1.49    254.    829.     
 14.000   0.003   0.002    0.68  211.97    2.89    0.06  200.45    3.17   -0.14     52.    824.     
 15.000   0.001   0.001    1.33  208.37    2.71    0.39  194.73    3.50    0.84     17.    818.     
 16.000  99.999  99.999  999.99  205.52    2.96    0.25  999.99   99.99  999.99      0.    816.     
 17.000  99.999  99.999  999.99  204.16    3.31    0.03  999.99   99.99  999.99      0.    776.     
 18.000  99.999  99.999  999.99  204.23    3.62   -0.21  999.99   99.99  999.99      0.    755.     
 19.000  99.999  99.999  999.99  206.35    3.07   -0.05  999.99   99.99  999.99      0.    738.     
 20.000  99.999  99.999  999.99  209.02    2.61   -0.08  999.99   99.99  999.99      0.    709.     
 21.000  99.999  99.999  999.99  211.37    2.44   -0.06  999.99   99.99  999.99      0.    656.     
 22.000  99.999  99.999  999.99  213.48    2.55    0.04  999.99   99.99  999.99      0.    634.     
 23.000  99.999  99.999  999.99  215.10    2.47    0.07  999.99   99.99  999.99      0.    624.     
 24.000  99.999  99.999  999.99  216.55    2.60    0.17  999.99   99.99  999.99      0.    630.     
 25.000  99.999  99.999  999.99  217.97    2.70    0.14  999.99   99.99  999.99      0.    605.     
 26.000  99.999  99.999  999.99  219.41    2.86    0.10  999.99   99.99  999.99      0.    586.     
 27.000  99.999  99.999  999.99  221.22    2.94    0.44  999.99   99.99  999.99      0.    508.     
 28.000  99.999  99.999  999.99  222.94    3.33    0.63  999.99   99.99  999.99      0.    502.     
 29.000  99.999  99.999  999.99  224.83    3.52    0.53  999.99   99.99  999.99      0.    396.     
 30.000  99.999  99.999  999.99  226.83    3.75    0.19  999.99   99.99  999.99      0.    392.     
  T A B L E  III -  3.  M O I S T U R E  R E L A T E D  S T A T I S T I C A L  P A R A M E T E R S  
                                              MARCH                                                 
 STATION =   722210     EGLIN AFB, FL                                                               
      Z VAPOR P   SD VP SKEW VP      TV      TV SKEW TV DEWPT T  SD DPT SKW DPT NOBS TP NOBS TV     
           MEAN                    MEAN      SD            MEAN                                     
     KM      MB      MB           DEG K   DEG K           DEG K   DEG K                             
  0.000  12.608   6.078    0.12  289.03    6.24   -0.61  281.64    8.52   -0.68    842.    842.     
  0.020  12.124   6.028    0.19  288.64    6.35   -0.59  280.97    8.67   -0.63    944.    944.     
  1.000   7.884   4.837    0.33  285.32    5.30   -0.81  273.61   10.75   -0.67    902.    945.     
  2.000   4.832   3.374    0.56  281.04    4.34   -0.95  266.25   11.53   -0.72    845.    947.     
  3.000   2.844   2.154    0.87  276.23    3.70   -0.78  259.40   10.90   -0.51    826.    947.     
  4.000   1.595   1.256    1.23  270.47    3.57   -0.46  252.65    9.93   -0.42    810.    947.     
  5.000   0.993   0.822    1.34  264.06    3.50   -0.24  246.97   10.07   -0.48    800.    945.     
  6.000   0.592   0.495    1.25  257.34    3.43   -0.16  241.41    9.61   -0.40    795.    942.     
  7.000   0.331   0.271    1.31  250.39    3.50   -0.22  235.79    8.64   -0.29    797.    942.     
  8.000   0.177   0.140    1.17  243.13    3.56   -0.25  230.00    7.88   -0.23    745.    937.     
  9.000   0.084   0.063    1.34  235.68    3.56   -0.22  223.71    6.97   -0.33    649.    934.     
 10.000   0.036   0.025    1.26  228.32    3.43    0.04  216.88    5.86   -0.30    506.    933.     
 11.000   0.016   0.010    1.25  221.93    3.29    0.43  210.91    4.91   -0.61    438.    926.     
 12.000   0.008   0.004    1.58  217.06    3.82    0.34  205.76    4.45   -0.97    425.    923.     
 13.000   0.005   0.003    1.24  214.42    3.49   -0.14  202.30    5.17   -1.14    277.    909.     
 14.000   0.003   0.002    0.89  211.80    2.93   -0.20  197.82    5.05   -0.75     93.    904.     
 15.000   0.002   0.001    0.60  208.66    2.70    0.02  195.72    4.12   -0.63     22.    899.     
 16.000  99.999  99.999  999.99  206.21    2.92   -0.05  999.99   99.99  999.99      0.    892.     
 17.000  99.999  99.999  999.99  205.00    3.19   -0.21  999.99   99.99  999.99      0.    850.     
 18.000  99.999  99.999  999.99  205.20    3.43   -0.19  999.99   99.99  999.99      0.    837.     
 19.000  99.999  99.999  999.99  207.23    3.17   -0.16  999.99   99.99  999.99      0.    830.     
 20.000  99.999  99.999  999.99  209.97    2.93   -0.01  999.99   99.99  999.99      0.    804.     
 21.000  99.999  99.999  999.99  212.63    2.90   -0.10  999.99   99.99  999.99      0.    746.     
 22.000  99.999  99.999  999.99  214.88    2.87   -0.19  999.99   99.99  999.99      0.    739.     
 23.000  99.999  99.999  999.99  216.71    2.91   -0.12  999.99   99.99  999.99      0.    725.     
 24.000  99.999  99.999  999.99  218.42    3.11   -0.01  999.99   99.99  999.99      0.    729.     
 25.000  99.999  99.999  999.99  219.89    3.32   -0.02  999.99   99.99  999.99      0.    719.     
 26.000  99.999  99.999  999.99  221.43    3.54    0.12  999.99   99.99  999.99      0.    693.     
 27.000  99.999  99.999  999.99  223.11    3.67    0.30  999.99   99.99  999.99      0.    608.     
 28.000  99.999  99.999  999.99  224.91    3.77    0.27  999.99   99.99  999.99      0.    596.     
 29.000  99.999  99.999  999.99  226.80    3.70    0.13  999.99   99.99  999.99      0.    470.     
 30.000  99.999  99.999  999.99  228.99    3.61   -0.07  999.99   99.99  999.99      0.    464.     
  T A B L E  III -  4.  M O I S T U R E  R E L A T E D  S T A T I S T I C A L  P A R A M E T E R S  
                                              APRIL                                                 
 STATION =   722210     EGLIN AFB, FL                                                               
      Z VAPOR P   SD VP SKEW VP      TV      TV SKEW TV DEWPT T  SD DPT SKW DPT NOBS TP NOBS TV     
           MEAN                    MEAN      SD            MEAN                                     
     KM      MB      MB           DEG K   DEG K           DEG K   DEG K                             
  0.000  16.471   5.827   -0.19  293.96    5.42   -0.89  286.56    6.44   -1.02    809.    809.     
  0.020  16.218   5.882   -0.16  293.66    5.53   -0.86  286.28    6.56   -0.97    893.    893.     
  1.000   9.427   4.767    0.07  289.22    3.64   -0.96  277.09    9.17   -0.96    864.    895.     
  2.000   5.165   3.388    0.46  284.17    3.46   -0.62  267.50   11.02   -0.76    813.    895.     
  3.000   2.792   2.060    0.96  278.99    3.33   -0.42  259.42   10.52   -0.56    787.    894.     
  4.000   1.674   1.246    1.20  272.96    3.12   -0.39  253.36   10.02   -0.71    783.    894.     
  5.000   1.116   0.849    0.99  266.26    2.99   -0.39  248.39   10.31   -0.75    776.    894.     
  6.000   0.644   0.531    1.20  259.52    2.91   -0.51  242.17   10.04   -0.61    762.    892.     
  7.000   0.353   0.293    1.27  252.70    3.03   -0.51  236.13    9.37   -0.56    762.    892.     
  8.000   0.189   0.150    1.20  245.49    3.16   -0.48  230.34    8.64   -0.64    746.    892.     
  9.000   0.092   0.068    1.01  237.99    3.12   -0.28  224.03    7.99   -0.80    691.    889.     
 10.000   0.039   0.028    1.24  230.30    2.95    0.07  217.10    7.04   -0.89    514.    888.     
 11.000   0.016   0.011    1.21  223.03    2.65    0.19  210.24    6.49   -1.12    448.    885.     
 12.000   0.007   0.004    1.13  216.77    2.95    0.68  204.11    5.76   -1.12    444.    883.     
 13.000   0.004   0.003    0.76  213.20    3.49    0.28  199.60    6.08   -0.81    309.    868.     
 14.000   0.002   0.002    0.84  211.26    3.38   -0.35  196.49    6.45   -0.53    116.    860.     
 15.000   0.002   0.002    0.71  208.77    2.90   -0.11  196.24    6.17   -0.43     22.    855.     
 16.000  99.999  99.999  999.99  206.37    2.77   -0.01  999.99   99.99  999.99      0.    851.     
 17.000  99.999  99.999  999.99  204.93    2.89   -0.09  999.99   99.99  999.99      0.    826.     
 18.000  99.999  99.999  999.99  204.75    3.06   -0.08  999.99   99.99  999.99      0.    820.     
 19.000  99.999  99.999  999.99  206.87    2.75   -0.14  999.99   99.99  999.99      0.    810.     
 20.000  99.999  99.999  999.99  210.02    2.37    0.00  999.99   99.99  999.99      0.    793.     
 21.000  99.999  99.999  999.99  213.04    2.36   -0.18  999.99   99.99  999.99      0.    748.     
 22.000  99.999  99.999  999.99  215.62    2.31   -0.23  999.99   99.99  999.99      0.    745.     
 23.000  99.999  99.999  999.99  217.79    2.16   -0.22  999.99   99.99  999.99      0.    726.     
 24.000  99.999  99.999  999.99  219.85    2.22   -0.12  999.99   99.99  999.99      0.    731.     
 25.000  99.999  99.999  999.99  221.76    2.28   -0.34  999.99   99.99  999.99      0.    723.     
 26.000  99.999  99.999  999.99  223.65    2.32   -0.27  999.99   99.99  999.99      0.    694.     
 27.000  99.999  99.999  999.99  225.65    2.41   -0.25  999.99   99.99  999.99      0.    614.     
 28.000  99.999  99.999  999.99  227.65    2.48   -0.21  999.99   99.99  999.99      0.    602.     
 29.000  99.999  99.999  999.99  229.59    2.71   -0.01  999.99   99.99  999.99      0.    510.     
 30.000  99.999  99.999  999.99  231.47    2.67   -0.06  999.99   99.99  999.99      0.    506.     
  T A B L E  III -  5.  M O I S T U R E  R E L A T E D  S T A T I S T I C A L  P A R A M E T E R S  
                                              MAY                                                   
 STATION =   722210     EGLIN AFB, FL                                                               
      Z VAPOR P   SD VP SKEW VP      TV      TV SKEW TV DEWPT T  SD DPT SKW DPT NOBS TP NOBS TV     
           MEAN                    MEAN      SD            MEAN                                     
     KM      MB      MB           DEG K   DEG K           DEG K   DEG K                             
  0.000  19.758   5.372   -0.53  297.75    4.87   -0.57  289.83    5.04   -1.27    908.    908.     
  0.020  19.429   5.429   -0.50  297.45    4.91   -0.54  289.53    5.16   -1.21    951.    952.     
  1.000  11.505   4.105   -0.25  292.16    2.93   -0.83  281.12    6.39   -1.16    941.    952.     
  2.000   6.742   3.246   -0.13  285.92    2.55   -0.78  272.49    8.75   -1.09    910.    953.     
  3.000   3.459   2.111    0.57  280.26    2.46   -0.19  263.03    9.20   -0.70    885.    953.     
  4.000   2.004   1.380    1.03  274.13    2.42   -0.27  256.17    8.65   -0.25    861.    953.     
  5.000   1.242   0.927    1.12  267.70    2.33   -0.42  250.24    8.82   -0.18    849.    953.     
  6.000   0.700   0.550    1.24  261.10    2.44   -0.51  243.73    8.78   -0.30    807.    950.     
  7.000   0.394   0.308    1.19  254.38    2.58   -0.69  237.77    8.45   -0.39    807.    949.     
  8.000   0.210   0.163    1.13  247.22    2.78   -0.73  231.63    8.13   -0.48    786.    948.     
  9.000   0.102   0.076    1.11  239.66    2.83   -0.64  225.27    7.40   -0.58    747.    946.     
 10.000   0.042   0.030    1.20  231.86    2.72   -0.46  217.80    6.78   -0.74    506.    943.     
 11.000   0.017   0.011    1.11  224.35    2.47   -0.16  210.90    5.94   -0.89    451.    941.     
 12.000   0.007   0.004    0.97  217.52    2.39    0.19  204.46    5.09   -1.08    449.    938.     
 13.000   0.003   0.002    1.90  212.52    2.97    0.51  199.43    5.13   -0.66    344.    931.     
 14.000   0.002   0.002    0.99  210.36    3.48    0.04  197.26    5.52   -0.53    215.    927.     
 15.000   0.002   0.001    0.96  208.89    3.01   -0.13  196.94    3.74    0.12     30.    924.     
 16.000  99.999  99.999  999.99  207.25    2.66   -0.02  999.99   99.99  999.99      0.    919.     
 17.000  99.999  99.999  999.99  206.34    2.55    0.11  999.99   99.99  999.99      0.    893.     
 18.000  99.999  99.999  999.99  206.52    2.75   -0.02  999.99   99.99  999.99      0.    891.     
 19.000  99.999  99.999  999.99  208.87    2.59   -0.11  999.99   99.99  999.99      0.    883.     
 20.000  99.999  99.999  999.99  212.03    2.17   -0.09  999.99   99.99  999.99      0.    870.     
 21.000  99.999  99.999  999.99  214.95    1.90   -0.21  999.99   99.99  999.99      0.    838.     
 22.000  99.999  99.999  999.99  217.45    1.86   -0.32  999.99   99.99  999.99      0.    835.     
 23.000  99.999  99.999  999.99  219.52    1.78   -0.33  999.99   99.99  999.99      0.    818.     
 24.000  99.999  99.999  999.99  221.48    1.86   -0.16  999.99   99.99  999.99      0.    818.     
 25.000  99.999  99.999  999.99  223.40    1.87   -0.20  999.99   99.99  999.99      0.    825.     
 26.000  99.999  99.999  999.99  225.29    1.89   -0.09  999.99   99.99  999.99      0.    797.     
 27.000  99.999  99.999  999.99  227.15    2.00   -0.12  999.99   99.99  999.99      0.    716.     
 28.000  99.999  99.999  999.99  228.87    2.00   -0.22  999.99   99.99  999.99      0.    699.     
 29.000  99.999  99.999  999.99  230.63    2.17    0.06  999.99   99.99  999.99      0.    617.     
 30.000  99.999  99.999  999.99  232.37    2.14   -0.08  999.99   99.99  999.99      0.    609.     
  T A B L E  III -  6.  M O I S T U R E  R E L A T E D  S T A T I S T I C A L  P A R A M E T E R S  
                                              JUNE                                                  
 STATION =   722210     EGLIN AFB, FL                                                               
      Z VAPOR P   SD VP SKEW VP      TV      TV SKEW TV DEWPT T  SD DPT SKW DPT NOBS TP NOBS TV     
           MEAN                    MEAN      SD            MEAN                                     
     KM      MB      MB           DEG K   DEG K           DEG K   DEG K                             
  0.000  23.683   4.556   -0.71  301.02    3.92   -0.25  293.05    3.53   -1.53    829.    829.     
  0.020  23.488   4.554   -0.72  300.87    3.91   -0.29  292.91    3.56   -1.52    845.    845.     
  1.000  15.036   3.451   -0.54  295.23    2.14   -0.16  285.79    4.01   -1.32    842.    848.     
  2.000   9.430   2.923   -0.59  288.22    1.89   -0.06  278.41    5.82   -1.78    831.    848.     
  3.000   5.399   2.228   -0.23  282.17    1.72    0.22  270.05    7.14   -1.13    792.    848.     
  4.000   3.158   1.663    0.24  276.18    1.66    0.19  262.47    7.91   -0.55    769.    848.     
  5.000   1.827   1.191    0.59  270.33    1.79    0.06  254.94    9.01   -0.42    753.    848.     
  6.000   0.999   0.710    0.98  264.13    1.93    0.17  247.86    8.78   -0.43    742.    846.     
  7.000   0.547   0.418    1.19  257.67    2.04    0.08  241.26    8.40   -0.25    729.    844.     
  8.000   0.298   0.231    1.23  250.86    2.27    0.01  235.06    8.17   -0.33    718.    842.     
  9.000   0.147   0.112    1.42  243.59    2.46    0.02  228.52    7.57   -0.49    714.    839.     
 10.000   0.067   0.052    1.53  235.90    2.52    0.05  221.62    7.26   -0.61    537.    838.     
 11.000   0.026   0.020    1.37  228.01    2.41    0.15  214.15    6.40   -0.64    451.    834.     
 12.000   0.010   0.007    1.45  220.57    2.31    0.10  207.23    5.56   -0.91    453.    831.     
 13.000   0.004   0.003    1.72  213.99    2.30    0.18  200.77    5.29   -0.88    376.    818.     
 14.000   0.002   0.001    1.14  209.31    2.57    0.30  196.27    5.13   -0.44    232.    817.     
 15.000   0.001   0.001    1.27  206.32    2.94   -0.02  194.47    4.26   -0.46     26.    813.     
 16.000  99.999  99.999  999.99  204.81    2.85    0.01  999.99   99.99  999.99      0.    811.     
 17.000  99.999  99.999  999.99  204.94    2.68   -0.04  999.99   99.99  999.99      0.    783.     
 18.000  99.999  99.999  999.99  206.93    2.39   -0.09  999.99   99.99  999.99      0.    782.     
 19.000  99.999  99.999  999.99  210.08    1.87   -0.15  999.99   99.99  999.99      0.    776.     
 20.000  99.999  99.999  999.99  212.99    1.59   -0.09  999.99   99.99  999.99      0.    770.     
 21.000  99.999  99.999  999.99  215.51    1.60   -0.10  999.99   99.99  999.99      0.    742.     
 22.000  99.999  99.999  999.99  217.83    1.57   -0.33  999.99   99.99  999.99      0.    739.     
 23.000  99.999  99.999  999.99  219.91    1.53   -0.25  999.99   99.99  999.99      0.    717.     
 24.000  99.999  99.999  999.99  221.85    1.61   -0.15  999.99   99.99  999.99      0.    715.     
 25.000  99.999  99.999  999.99  223.80    1.59   -0.08  999.99   99.99  999.99      0.    720.     
 26.000  99.999  99.999  999.99  225.63    1.60   -0.13  999.99   99.99  999.99      0.    693.     
 27.000  99.999  99.999  999.99  227.41    1.83   -0.04  999.99   99.99  999.99      0.    617.     
 28.000  99.999  99.999  999.99  229.08    1.68   -0.10  999.99   99.99  999.99      0.    600.     
 29.000  99.999  99.999  999.99  230.69    1.86   -0.14  999.99   99.99  999.99      0.    509.     
 30.000  99.999  99.999  999.99  232.34    1.84   -0.15  999.99   99.99  999.99      0.    503.     
  T A B L E  III -  7.  M O I S T U R E  R E L A T E D  S T A T I S T I C A L  P A R A M E T E R S  
                                              JULY                                                  
 STATION =   722210     EGLIN AFB, FL                                                               
      Z VAPOR P   SD VP SKEW VP      TV      TV SKEW TV DEWPT T  SD DPT SKW DPT NOBS TP NOBS TV     
           MEAN                    MEAN      SD            MEAN                                     
     KM      MB      MB           DEG K   DEG K           DEG K   DEG K                             
  0.000  26.427   3.747   -0.71  302.37    3.57   -0.01  294.99    2.52   -1.35    780.    780.     
  0.020  26.275   3.713   -0.72  302.26    3.54   -0.01  294.89    2.51   -1.36    783.    785.     
  1.000  17.224   2.743   -0.59  296.41    1.62   -0.16  288.12    2.68   -1.20    784.    789.     
  2.000  10.775   2.709   -0.94  289.57    1.37   -0.28  280.64    4.77   -2.18    785.    789.     
  3.000   6.523   2.232   -0.58  283.27    1.23   -0.07  273.02    6.25   -1.63    775.    788.     
  4.000   4.070   1.623   -0.36  277.25    1.33    0.04  266.35    6.99   -1.47    757.    787.     
  5.000   2.474   1.226    0.09  271.49    1.37    0.03  259.49    7.94   -1.19    738.    786.     
  6.000   1.411   0.804    0.51  265.61    1.49    0.01  252.51    7.94   -0.84    704.    785.     
  7.000   0.776   0.479    0.69  259.36    1.56   -0.15  245.65    7.80   -0.68    694.    783.     
  8.000   0.403   0.263    0.89  252.81    1.67   -0.35  238.63    7.70   -0.75    684.    780.     
  9.000   0.200   0.135    1.15  245.72    1.86   -0.33  231.83    7.03   -0.55    663.    778.     
 10.000   0.089   0.062    1.58  238.03    1.96   -0.26  224.51    6.54   -0.54    532.    774.     
 11.000   0.039   0.027    1.75  230.03    1.95   -0.16  217.73    5.83   -0.48    440.    773.     
 12.000   0.014   0.010    2.14  222.06    1.87   -0.17  210.09    5.07   -0.47    439.    772.     
 13.000   0.005   0.004    2.14  214.51    1.85    0.01  202.70    5.08   -0.54    323.    758.     
 14.000   0.002   0.002    1.58  208.38    1.96    0.44  197.14    5.17   -0.52    196.    755.     
 15.000   0.001   0.000    0.49  204.61    2.54    0.50  193.59    2.71   -0.17     33.    744.     
 16.000  99.999  99.999  999.99  203.82    2.64    0.28  999.99   99.99  999.99      0.    735.     
 17.000  99.999  99.999  999.99  205.07    2.47   -0.04  999.99   99.99  999.99      0.    710.     
 18.000  99.999  99.999  999.99  207.79    2.15   -0.17  999.99   99.99  999.99      0.    708.     
 19.000  99.999  99.999  999.99  210.79    1.81    0.21  999.99   99.99  999.99      0.    701.     
 20.000  99.999  99.999  999.99  213.60    1.67    0.21  999.99   99.99  999.99      0.    696.     
 21.000  99.999  99.999  999.99  215.98    1.74   -0.17  999.99   99.99  999.99      0.    674.     
 22.000  99.999  99.999  999.99  217.91    1.59   -0.23  999.99   99.99  999.99      0.    664.     
 23.000  99.999  99.999  999.99  219.76    1.60   -0.54  999.99   99.99  999.99      0.    656.     
 24.000  99.999  99.999  999.99  221.66    1.71   -0.31  999.99   99.99  999.99      0.    653.     
 25.000  99.999  99.999  999.99  223.42    1.65   -0.15  999.99   99.99  999.99      0.    646.     
 26.000  99.999  99.999  999.99  225.07    1.68   -0.30  999.99   99.99  999.99      0.    615.     
 27.000  99.999  99.999  999.99  226.75    2.00    0.13  999.99   99.99  999.99      0.    586.     
 28.000  99.999  99.999  999.99  228.41    1.73   -0.15  999.99   99.99  999.99      0.    568.     
 29.000  99.999  99.999  999.99  230.05    2.11    0.08  999.99   99.99  999.99      0.    500.     
 30.000  99.999  99.999  999.99  231.45    1.96   -0.34  999.99   99.99  999.99      0.    477.     
  T A B L E  III -  8.  M O I S T U R E  R E L A T E D  S T A T I S T I C A L  P A R A M E T E R S  
                                              AUGUST                                                
 STATION =   722210     EGLIN AFB, FL                                                               
      Z VAPOR P   SD VP SKEW VP      TV      TV SKEW TV DEWPT T  SD DPT SKW DPT NOBS TP NOBS TV     
           MEAN                    MEAN      SD            MEAN                                     
     KM      MB      MB           DEG K   DEG K           DEG K   DEG K                             
  0.000  25.988   3.663    0.15  301.97    3.64    0.25  294.72    2.41   -0.94    826.    826.     
  0.020  25.815   3.648    0.07  301.83    3.62    0.23  294.61    2.43   -1.02    828.    828.     
  1.000  17.447   2.794   -0.64  296.24    1.65   -0.07  288.31    2.73   -1.34    827.    829.     
  2.000  11.013   2.554   -0.97  289.46    1.51   -0.71  281.07    4.30   -2.18    827.    829.     
  3.000   6.631   2.206   -0.72  283.34    1.37   -0.41  273.25    6.37   -1.99    813.    828.     
  4.000   4.124   1.681   -0.43  277.40    1.41   -0.34  266.37    7.58   -1.84    791.    826.     
  5.000   2.456   1.258    0.06  271.59    1.41   -0.43  259.24    8.29   -1.17    779.    826.     
  6.000   1.388   0.833    0.40  265.64    1.46   -0.52  251.92    8.85   -0.98    737.    825.     
  7.000   0.778   0.504    0.56  259.35    1.53   -0.77  245.17    8.92   -0.90    734.    822.     
  8.000   0.417   0.282    0.79  252.75    1.69   -0.87  238.56    8.64   -0.93    723.    818.     
  9.000   0.200   0.139    0.82  245.63    1.83   -0.68  231.34    8.14   -0.82    712.    817.     
 10.000   0.086   0.062    0.97  237.99    1.85   -0.31  223.62    7.75   -0.85    551.    814.     
 11.000   0.037   0.026    0.92  229.97    1.78    0.11  216.82    7.12   -1.03    453.    810.     
 12.000   0.014   0.009    0.98  222.14    1.68    0.33  209.44    6.07   -1.22    450.    808.     
 13.000   0.005   0.003    1.34  214.71    1.91    0.50  202.19    5.91   -1.19    371.    797.     
 14.000   0.002   0.002    4.14  208.55    2.36    0.71  196.54    5.67   -0.78    214.    796.     
 15.000   0.002   0.003    3.46  204.82    2.67    0.50  193.79    7.76   -0.96     22.    795.     
 16.000  99.999  99.999  999.99  204.09    2.47    0.07  999.99   99.99  999.99      0.    787.     
 17.000  99.999  99.999  999.99  205.35    2.22   -0.15  999.99   99.99  999.99      0.    758.     
 18.000  99.999  99.999  999.99  207.93    2.00   -0.22  999.99   99.99  999.99      0.    756.     
 19.000  99.999  99.999  999.99  210.84    1.73   -0.12  999.99   99.99  999.99      0.    751.     
 20.000  99.999  99.999  999.99  213.47    1.55   -0.07  999.99   99.99  999.99      0.    744.     
 21.000  99.999  99.999  999.99  215.66    1.54   -0.16  999.99   99.99  999.99      0.    725.     
 22.000  99.999  99.999  999.99  217.52    1.50   -0.14  999.99   99.99  999.99      0.    714.     
 23.000  99.999  99.999  999.99  219.29    1.50   -0.11  999.99   99.99  999.99      0.    694.     
 24.000  99.999  99.999  999.99  221.03    1.55   -0.07  999.99   99.99  999.99      0.    694.     
 25.000  99.999  99.999  999.99  222.76    1.57   -0.17  999.99   99.99  999.99      0.    688.     
 26.000  99.999  99.999  999.99  224.36    1.66   -0.16  999.99   99.99  999.99      0.    661.     
 27.000  99.999  99.999  999.99  225.96    1.83   -0.03  999.99   99.99  999.99      0.    620.     
 28.000  99.999  99.999  999.99  227.58    1.71   -0.16  999.99   99.99  999.99      0.    590.     
 29.000  99.999  99.999  999.99  229.14    2.14    0.04  999.99   99.99  999.99      0.    511.     
 30.000  99.999  99.999  999.99  230.60    2.01   -0.17  999.99   99.99  999.99      0.    495.     
  T A B L E  III -  9.  M O I S T U R E  R E L A T E D  S T A T I S T I C A L  P A R A M E T E R S  
                                              SEPTEMBER                                             
 STATION =   722210     EGLIN AFB, FL                                                               
      Z VAPOR P   SD VP SKEW VP      TV      TV SKEW TV DEWPT T  SD DPT SKW DPT NOBS TP NOBS TV     
           MEAN                    MEAN      SD            MEAN                                     
     KM      MB      MB           DEG K   DEG K           DEG K   DEG K                             
  0.000  23.104   5.000   -0.72  300.32    4.29   -0.38  292.56    4.05   -1.63    724.    724.     
  0.020  22.786   5.105   -0.75  300.15    4.29   -0.41  292.30    4.25   -1.70    746.    747.     
  1.000  15.740   3.594   -0.73  294.94    2.17   -0.70  286.47    4.19   -1.78    741.    746.     
  2.000   9.919   3.198   -0.77  288.46    1.75   -0.68  279.00    6.40   -1.90    725.    746.     
  3.000   5.709   2.655   -0.18  282.96    1.56   -0.27  270.30    8.60   -1.38    689.    746.     
  4.000   3.498   1.955    0.14  277.39    1.54   -0.05  263.25    9.31   -0.97    662.    746.     
  5.000   2.144   1.395    0.53  271.69    1.71   -0.08  256.72    9.55   -0.69    648.    746.     
  6.000   1.265   0.905    0.75  265.51    1.89    0.11  250.24    9.43   -0.45    632.    745.     
  7.000   0.703   0.534    1.02  258.97    2.06   -0.10  243.75    8.86   -0.25    631.    744.     
  8.000   0.377   0.305    1.12  252.12    2.25   -0.28  237.08    8.69   -0.16    632.    741.     
  9.000   0.192   0.151    1.06  244.84    2.41   -0.21  230.63    8.29   -0.38    623.    739.     
 10.000   0.088   0.069    1.15  237.20    2.42   -0.05  223.77    7.54   -0.37    517.    739.     
 11.000   0.036   0.028    1.51  229.28    2.19    0.10  216.60    6.33   -0.26    456.    737.     
 12.000   0.013   0.009    1.66  221.73    1.90    0.26  209.18    5.31   -0.60    447.    737.     
 13.000   0.005   0.003    1.52  214.74    1.88    0.26  202.28    5.27   -0.86    338.    723.     
 14.000   0.002   0.001    0.74  208.79    2.08    0.08  196.64    4.93   -0.75    225.    722.     
 15.000   0.001   0.001    0.68  204.43    2.38    0.10  193.27    3.66   -0.12     40.    718.     
 16.000  99.999  99.999  999.99  202.73    2.78   -0.02  999.99   99.99  999.99      0.    710.     
 17.000  99.999  99.999  999.99  203.54    2.95    0.03  999.99   99.99  999.99      0.    680.     
 18.000  99.999  99.999  999.99  206.48    2.72   -0.15  999.99   99.99  999.99      0.    673.     
 19.000  99.999  99.999  999.99  209.87    2.09   -0.03  999.99   99.99  999.99      0.    664.     
 20.000  99.999  99.999  999.99  212.78    1.68   -0.14  999.99   99.99  999.99      0.    657.     
 21.000  99.999  99.999  999.99  215.09    1.66   -0.16  999.99   99.99  999.99      0.    639.     
 22.000  99.999  99.999  999.99  216.99    1.53   -0.37  999.99   99.99  999.99      0.    635.     
 23.000  99.999  99.999  999.99  218.86    1.50   -0.22  999.99   99.99  999.99      0.    618.     
 24.000  99.999  99.999  999.99  220.65    1.69   -0.05  999.99   99.99  999.99      0.    617.     
 25.000  99.999  99.999  999.99  222.34    1.65   -0.10  999.99   99.99  999.99      0.    613.     
 26.000  99.999  99.999  999.99  223.84    1.69   -0.10  999.99   99.99  999.99      0.    586.     
 27.000  99.999  99.999  999.99  225.29    1.82   -0.01  999.99   99.99  999.99      0.    544.     
 28.000  99.999  99.999  999.99  226.76    1.76   -0.09  999.99   99.99  999.99      0.    534.     
 29.000  99.999  99.999  999.99  228.24    2.03   -0.03  999.99   99.99  999.99      0.    456.     
 30.000  99.999  99.999  999.99  229.75    1.93   -0.19  999.99   99.99  999.99      0.    449.     
  T A B L E  III - 10.  M O I S T U R E  R E L A T E D  S T A T I S T I C A L  P A R A M E T E R S  
                                              OCTOBER                                               
 STATION =   722210     EGLIN AFB, FL                                                               
      Z VAPOR P   SD VP SKEW VP      TV      TV SKEW TV DEWPT T  SD DPT SKW DPT NOBS TP NOBS TV     
           MEAN                    MEAN      SD            MEAN                                     
     KM      MB      MB           DEG K   DEG K           DEG K   DEG K                             
  0.000  16.580   6.231   -0.01  294.87    6.03   -0.50  286.56    6.70   -0.83    766.    766.     
  0.020  16.274   6.199    0.02  294.61    6.03   -0.51  286.25    6.75   -0.80    815.    815.     
  1.000  11.139   4.956   -0.16  290.80    3.65   -0.90  279.88    8.62   -1.34    803.    819.     
  2.000   6.221   3.897    0.33  285.54    2.68   -0.71  270.23   10.75   -0.68    771.    820.     
  3.000   3.613   2.610    0.77  280.63    2.50   -0.35  262.78   10.35   -0.30    714.    820.     
  4.000   2.081   1.742    1.28  275.30    2.51   -0.41  255.55   10.25   -0.13    672.    819.     
  5.000   1.222   1.131    1.69  269.42    2.64   -0.42  249.10   10.10   -0.13    659.    819.     
  6.000   0.719   0.684    1.93  262.80    2.88   -0.12  243.26    9.69   -0.18    670.    817.     
  7.000   0.423   0.404    1.89  255.82    3.04   -0.19  237.68    9.46   -0.23    673.    817.     
  8.000   0.227   0.221    2.02  248.69    3.28   -0.11  231.65    8.84   -0.15    676.    806.     
  9.000   0.119   0.111    1.92  241.31    3.39   -0.03  225.80    8.40   -0.30    663.    803.     
 10.000   0.054   0.052    1.87  233.84    3.32    0.11  218.91    8.16   -0.29    514.    795.     
 11.000   0.023   0.021    2.09  226.52    2.84    0.01  212.28    7.31   -0.49    457.    789.     
 12.000   0.009   0.007    1.94  219.87    2.44   -0.12  206.16    6.25   -0.87    457.    786.     
 13.000   0.004   0.003    1.78  213.95    2.06   -0.18  200.37    5.81   -1.10    337.    775.     
 14.000   0.002   0.001    1.40  208.88    2.25    0.11  195.69    5.07   -0.87    190.    771.     
 15.000   0.001   0.001    1.91  204.96    2.56    0.04  192.91    3.37    0.66     33.    768.     
 16.000  99.999  99.999  999.99  202.89    2.93   -0.08  999.99   99.99  999.99      0.    756.     
 17.000  99.999  99.999  999.99  203.12    3.12   -0.12  999.99   99.99  999.99      0.    727.     
 18.000  99.999  99.999  999.99  205.41    2.88   -0.01  999.99   99.99  999.99      0.    719.     
 19.000  99.999  99.999  999.99  208.67    2.37   -0.07  999.99   99.99  999.99      0.    711.     
 20.000  99.999  99.999  999.99  211.57    2.01   -0.10  999.99   99.99  999.99      0.    703.     
 21.000  99.999  99.999  999.99  213.91    1.94    0.04  999.99   99.99  999.99      0.    675.     
 22.000  99.999  99.999  999.99  215.92    1.83   -0.10  999.99   99.99  999.99      0.    673.     
 23.000  99.999  99.999  999.99  217.82    1.62   -0.03  999.99   99.99  999.99      0.    667.     
 24.000  99.999  99.999  999.99  219.60    1.78    0.04  999.99   99.99  999.99      0.    669.     
 25.000  99.999  99.999  999.99  221.22    1.78    0.04  999.99   99.99  999.99      0.    667.     
 26.000  99.999  99.999  999.99  222.72    1.88    0.18  999.99   99.99  999.99      0.    652.     
 27.000  99.999  99.999  999.99  224.11    2.08    0.16  999.99   99.99  999.99      0.    608.     
 28.000  99.999  99.999  999.99  225.44    2.22    0.18  999.99   99.99  999.99      0.    602.     
 29.000  99.999  99.999  999.99  226.80    2.42    0.10  999.99   99.99  999.99      0.    506.     
 30.000  99.999  99.999  999.99  228.18    2.52    0.11  999.99   99.99  999.99      0.    501.     
  T A B L E  III - 11.  M O I S T U R E  R E L A T E D  S T A T I S T I C A L  P A R A M E T E R S  
                                              NOVEMBER                                              
 STATION =   722210     EGLIN AFB, FL                                                               
      Z VAPOR P   SD VP SKEW VP      TV      TV SKEW TV DEWPT T  SD DPT SKW DPT NOBS TP NOBS TV     
           MEAN                    MEAN      SD            MEAN                                     
     KM      MB      MB           DEG K   DEG K           DEG K   DEG K                             
  0.000  12.786   5.898    0.38  288.92    6.82   -0.41  282.16    7.71   -0.58    635.    635.     
  0.020  12.406   5.794    0.44  288.58    6.72   -0.38  281.70    7.66   -0.49    753.    753.     
  1.000   8.303   4.991    0.24  286.27    4.70   -0.99  274.35   10.84   -0.76    712.    753.     
  2.000   4.786   3.667    0.69  282.76    3.62   -1.35  265.46   12.43   -0.56    635.    753.     
  3.000   2.879   2.360    1.01  278.32    3.36   -1.03  259.16   11.34   -0.40    623.    753.     
  4.000   1.753   1.475    1.19  272.84    3.20   -0.88  253.34   10.56   -0.35    604.    751.     
  5.000   1.052   0.937    1.53  266.83    3.18   -0.81  247.52    9.98   -0.28    594.    750.     
  6.000   0.630   0.555    1.66  260.20    3.21   -0.72  242.26    9.06   -0.17    597.    750.     
  7.000   0.383   0.324    1.53  253.36    3.26   -0.78  237.30    8.52   -0.20    608.    749.     
  8.000   0.214   0.175    1.37  246.16    3.34   -0.70  231.68    8.16   -0.27    623.    747.     
  9.000   0.103   0.078    1.34  238.71    3.21   -0.32  225.33    7.30   -0.48    602.    745.     
 10.000   0.041   0.031    1.53  231.15    3.02   -0.01  217.66    6.62   -0.62    475.    742.     
 11.000   0.016   0.011    1.57  223.98    2.71    0.08  210.80    5.88   -1.07    435.    742.     
 12.000   0.007   0.004    1.68  217.50    2.70    0.25  204.62    5.20   -1.31    428.    741.     
 13.000   0.003   0.002    3.05  212.17    2.86    0.45  199.14    5.35   -0.84    291.    730.     
 14.000   0.002   0.001    1.77  208.31    3.01    0.27  195.30    4.42   -0.10    121.    730.     
 15.000   0.002   0.002    1.79  205.48    2.89    0.53  194.60    4.87    0.88     16.    724.     
 16.000  99.999  99.999  999.99  203.51    3.02    0.59  999.99   99.99  999.99      0.    712.     
 17.000  99.999  99.999  999.99  203.02    3.24    0.62  999.99   99.99  999.99      0.    686.     
 18.000  99.999  99.999  999.99  204.11    3.49    0.43  999.99   99.99  999.99      0.    674.     
 19.000  99.999  99.999  999.99  206.86    3.13    0.15  999.99   99.99  999.99      0.    668.     
 20.000  99.999  99.999  999.99  209.66    2.74    0.20  999.99   99.99  999.99      0.    655.     
 21.000  99.999  99.999  999.99  211.97    2.54    0.03  999.99   99.99  999.99      0.    641.     
 22.000  99.999  99.999  999.99  214.04    2.51    0.01  999.99   99.99  999.99      0.    639.     
 23.000  99.999  99.999  999.99  215.95    2.44    0.01  999.99   99.99  999.99      0.    626.     
 24.000  99.999  99.999  999.99  217.88    2.71    0.00  999.99   99.99  999.99      0.    615.     
 25.000  99.999  99.999  999.99  219.47    2.80   -0.31  999.99   99.99  999.99      0.    613.     
 26.000  99.999  99.999  999.99  220.90    2.79   -0.31  999.99   99.99  999.99      0.    602.     
 27.000  99.999  99.999  999.99  222.21    2.89   -0.21  999.99   99.99  999.99      0.    566.     
 28.000  99.999  99.999  999.99  223.49    3.09   -0.07  999.99   99.99  999.99      0.    563.     
 29.000  99.999  99.999  999.99  224.78    3.22    0.16  999.99   99.99  999.99      0.    478.     
 30.000  99.999  99.999  999.99  226.27    3.21    0.25  999.99   99.99  999.99      0.    474.     
  T A B L E  III - 12.  M O I S T U R E  R E L A T E D  S T A T I S T I C A L  P A R A M E T E R S  
                                              DECEMBER                                              
 STATION =   722210     EGLIN AFB, FL                                                               
      Z VAPOR P   SD VP SKEW VP      TV      TV SKEW TV DEWPT T  SD DPT SKW DPT NOBS TP NOBS TV     
           MEAN                    MEAN      SD            MEAN                                     
     KM      MB      MB           DEG K   DEG K           DEG K   DEG K                             
  0.000  11.053   6.294    0.52  285.57    7.19   -0.31  279.10    9.65   -0.59    681.    681.     
  0.020  10.602   6.190    0.58  285.21    7.15   -0.27  278.42    9.70   -0.51    790.    791.     
  1.000   7.817   5.393    0.26  284.03    5.58   -0.58  272.28   12.87   -0.63    729.    791.     
  2.000   4.869   3.676    0.59  280.91    4.17   -0.67  265.83   12.09   -0.43    684.    793.     
  3.000   2.830   2.280    0.96  276.66    3.71   -0.54  259.14   10.95   -0.30    648.    793.     
  4.000   1.694   1.417    1.22  271.29    3.50   -0.53  253.12   10.09   -0.14    626.    793.     
  5.000   1.068   0.931    1.26  265.16    3.51   -0.40  247.50   10.35   -0.31    618.    791.     
  6.000   0.647   0.579    1.29  258.61    3.44   -0.36  241.95   10.12   -0.33    618.    787.     
  7.000   0.376   0.331    1.32  251.71    3.60   -0.45  236.61    9.41   -0.34    628.    785.     
  8.000   0.205   0.172    1.34  244.45    3.72   -0.46  231.08    8.50   -0.32    640.    784.     
  9.000   0.098   0.076    1.15  236.90    3.73   -0.47  224.69    7.64   -0.45    639.    782.     
 10.000   0.041   0.030    1.05  229.43    3.39   -0.11  217.47    7.00   -0.62    518.    778.     
 11.000   0.016   0.011    1.10  222.46    2.96    0.35  210.56    6.19   -0.90    459.    777.     
 12.000   0.007   0.004    0.81  216.37    3.07    0.62  204.80    5.65   -1.08    446.    777.     
 13.000   0.004   0.002    1.11  212.00    3.39    0.38  200.16    5.64   -0.95    318.    759.     
 14.000   0.002   0.002    1.16  209.06    3.35   -0.02  196.50    5.85   -0.78     97.    752.     
 15.000   0.001   0.000   -0.31  206.39    2.86    0.23  193.60    3.03   -0.93     14.    742.     
 16.000  99.999  99.999  999.99  204.13    2.85    0.46  999.99   99.99  999.99      0.    737.     
 17.000  99.999  99.999  999.99  203.06    3.15    0.42  999.99   99.99  999.99      0.    704.     
 18.000  99.999  99.999  999.99  203.34    3.50    0.24  999.99   99.99  999.99      0.    696.     
 19.000  99.999  99.999  999.99  205.48    3.30    0.08  999.99   99.99  999.99      0.    684.     
 20.000  99.999  99.999  999.99  208.09    2.98    0.15  999.99   99.99  999.99      0.    666.     
 21.000  99.999  99.999  999.99  210.60    2.74    0.17  999.99   99.99  999.99      0.    642.     
 22.000  99.999  99.999  999.99  212.84    2.69    0.24  999.99   99.99  999.99      0.    632.     
 23.000  99.999  99.999  999.99  214.68    2.75    0.42  999.99   99.99  999.99      0.    625.     
 24.000  99.999  99.999  999.99  216.45    3.21    0.69  999.99   99.99  999.99      0.    612.     
 25.000  99.999  99.999  999.99  218.26    3.94    1.07  999.99   99.99  999.99      0.    598.     
 26.000  99.999  99.999  999.99  219.94    4.27    1.00  999.99   99.99  999.99      0.    589.     
 27.000  99.999  99.999  999.99  221.70    4.50    0.93  999.99   99.99  999.99      0.    550.     
 28.000  99.999  99.999  999.99  223.40    4.63    0.65  999.99   99.99  999.99      0.    543.     
 29.000  99.999  99.999  999.99  224.99    4.50    0.57  999.99   99.99  999.99      0.    459.     
 30.000  99.999  99.999  999.99  226.79    4.28    0.26  999.99   99.99  999.99      0.    451.     
