      91366       8.73N  167.75E
  T A B L E  III -   1.  M O I S T U R E  R E L A T E D  S T A T I S T I C A L  P A R A M E T E R S
                                   January
 STATION =   913660     KWAJLEIN MISSILE RANGE
      Z VAPOR P   SD VP SKEW VP      TV      TV SKEW TV DEWPT T  SD DPT SKW DPT NOBS TP NOBS TV   
           MEAN                    MEAN      SD            MEAN                                   
     KM      MB      MB          KELVIN  KELVIN          KELVIN  KELVIN                           
  0.000  16.000   6.000    0.00  291.00    6.00    0.00  290.00    7.00    0.00     100     100
  0.002  25.738   8.933   -2.28  303.86    1.51   -0.50  296.37    1.62   -0.77    1105    1105
  0.500  23.615   6.845   -2.76  299.20    1.34   -0.35  294.42    1.58   -0.75    1142    1142
  1.000  18.980   5.170   -2.51  295.44    1.35   -0.07  290.54    2.28   -1.14    1163    1163
  1.500  14.753   4.965   -1.46  292.55    1.56   -0.32  286.27    4.37   -1.76    1163    1163
  2.000  10.055   5.037   -0.31  290.56    1.51   -0.54  279.24    8.00   -0.91    1169    1169
  2.500   6.919   4.266    0.23  288.40    1.40   -0.21  272.77    9.48   -0.40    1186    1186
  3.000   4.989   3.508    0.59  285.76    1.33   -0.17  267.89    9.81   -0.13    1183    1183
  3.500   3.869   2.915    0.70  282.93    1.25   -0.02  264.23   10.06   -0.03    1182    1182
  4.000   3.003   2.408    0.81  280.01    1.25   -0.01  260.76   10.20    0.06    1177    1177
  4.500   2.366   1.993    0.95  277.08    1.31   -0.07  257.35   10.37    0.14    1189    1189
  5.000   1.835   1.640    1.06  274.17    1.30   -0.09  253.84   10.54    0.24    1196    1196
  5.500   1.338   1.287    1.26  271.26    1.32   -0.19  249.91   10.47    0.35    1194    1194
  6.000   0.941   0.986    1.59  268.39    1.32   -0.08  245.74   10.28    0.47    1190    1190
  6.500   0.714   0.770    1.63  265.47    1.39   -0.12  242.45   10.23    0.52    1198    1198
  7.000   0.521   0.572    1.78  262.47    1.45   -0.10  239.05   10.01    0.52    1203    1203
  7.500   0.382   0.435    1.93  259.35    1.48   -0.17  235.76    9.88    0.55    1198    1198
  8.000   0.284   0.322    2.01  256.13    1.51   -0.20  232.78    9.65    0.52    1205    1205
  8.500   0.205   0.234    2.00  252.72    1.60   -0.23  229.74    9.53    0.47    1190    1190
  9.000   0.146   0.163    1.91  249.17    1.65   -0.16  226.71    9.36    0.36    1184    1184
  9.500   0.110   0.116    1.65  245.40    1.68   -0.11  224.05    9.50    0.19    1180    1180
 10.000   0.078   0.083    1.42  241.49    1.74    0.01  221.41    9.58    0.06    1128    1128
 10.500   0.049   0.056    1.37  237.43    1.77    0.04  218.58    9.57   -0.12     990     990
 11.000   0.021   0.037    2.01  233.33    1.83    0.04  216.09    9.68   -0.20     563     563
 11.500   0.001   0.008  999.90  229.17    1.88    0.12  214.21    8.73   -0.35      49      49
 12.000   0.000   0.004  999.90  224.99    1.95    0.21  210.74    8.43   -0.46      22      22
 12.500   0.000   0.001  999.90  220.78    1.98    0.18  999.90  999.90  999.90       0       0
 13.000   0.000   0.000  999.90  216.64    2.02    0.22  999.90  999.90  999.90       0       0
 13.500   0.000   0.000  999.90  212.47    2.09    0.31  999.90  999.90  999.90       0       0
 14.000   0.000   0.000  999.90  208.32    2.19    0.42  999.90  999.90  999.90       0       0
 14.500   0.000   0.000  999.90  204.32    2.23    0.48  999.90  999.90  999.90       0       0
 15.000   0.000   0.000  999.90  200.53    2.28    0.61  999.90  999.90  999.90       0       0
 15.500   0.000   0.000  999.90  196.89    2.39    0.70  999.90  999.90  999.90       0       0
 16.000   0.000   0.000  999.90  193.53    2.59    0.73  999.90  999.90  999.90       0       0
 16.500   0.000   0.000  999.90  190.69    2.81    0.86  999.90  999.90  999.90       0       0
 17.000   0.000   0.000  999.90  189.10    3.04    0.71  999.90  999.90  999.90       0       0
 17.500   0.000   0.000  999.90  189.21    3.40    0.55  999.90  999.90  999.90       0       0
 18.000   0.000   0.000  999.90  191.14    3.71    0.24  999.90  999.90  999.90       0       0
 18.500   0.000   0.000  999.90  194.35    3.72    0.06  999.90  999.90  999.90       0       0
 19.000   0.000   0.000  999.90  197.71    3.62    0.20  999.90  999.90  999.90       0       0
 19.500   0.000   0.000  999.90  200.61    3.56    0.29  999.90  999.90  999.90       0       0
 20.000   0.000   0.000  999.90  202.96    3.47    0.27  999.90  999.90  999.90       0       0
 20.500   0.000   0.000  999.90  205.11    3.43    0.27  999.90  999.90  999.90       0       0
 21.000   0.000   0.000  999.90  207.00    3.37    0.27  999.90  999.90  999.90       0       0
 21.500   0.000   0.000  999.90  208.69    3.31    0.30  999.90  999.90  999.90       0       0
 22.000   0.000   0.000  999.90  210.21    3.24    0.36  999.90  999.90  999.90       0       0
 22.500   0.000   0.000  999.90  211.69    3.26    0.39  999.90  999.90  999.90       0       0
 23.000   0.000   0.000  999.90  213.02    3.23    0.45  999.90  999.90  999.90       0       0
 23.500   0.000   0.000  999.90  214.31    3.14    0.41  999.90  999.90  999.90       0       0
 24.000   0.000   0.000  999.90  215.55    3.10    0.29  999.90  999.90  999.90       0       0
 24.500   0.000   0.000  999.90  216.72    3.10    0.33  999.90  999.90  999.90       0       0
 25.000   0.000   0.000  999.90  217.83    3.05    0.22  999.90  999.90  999.90       0       0
 25.500   0.000   0.000  999.90  219.00    3.05    0.19  999.90  999.90  999.90       0       0
 26.000   0.000   0.000  999.90  220.11    2.95    0.20  999.90  999.90  999.90       0       0
 26.500   0.000   0.001  999.90  221.17    2.95    0.10  199.57    6.77   -0.06      13      13
 27.000   0.000   0.001  999.90  222.12    2.85    0.07  199.80    6.73    0.01      13      13
 27.500   0.000   0.001  999.90  223.00    2.87   -0.02  199.10    6.59    0.24      16      16
 28.000   0.000   0.001  999.90  223.95    2.99    0.01  199.70    5.82    0.02      25      25
 28.500   0.000   0.001  999.90  224.85    3.00    0.05  199.98    6.07    0.57      36      36
 29.000   0.000   0.003  999.90  225.66    3.03    0.14  199.91    6.34    1.44      54      54
 29.500   0.000   0.002  999.90  226.37    3.10    0.24  199.88    5.55    1.36      73      73
 30.000   0.000   0.002  999.90  227.11    3.24    0.32  199.95    5.21    1.29      79      79
  T A B L E  III -   2.  M O I S T U R E  R E L A T E D  S T A T I S T I C A L  P A R A M E T E R S
                                  February
 STATION =   913660     KWAJLEIN MISSILE RANGE
      Z VAPOR P   SD VP SKEW VP      TV      TV SKEW TV DEWPT T  SD DPT SKW DPT NOBS TP NOBS TV   
           MEAN                    MEAN      SD            MEAN                                   
     KM      MB      MB          KELVIN  KELVIN          KELVIN  KELVIN                           
  0.000  16.000   6.000    0.00  291.00    6.00    0.00  290.00    7.00    0.00     100     100
  0.002  25.218   8.772   -2.23  303.76    1.53   -0.30  295.99    1.80   -0.82    1012    1012
  0.500  23.180   6.851   -2.67  298.91    1.27   -0.32  294.14    1.66   -0.73    1042    1042
  1.000  18.197   5.532   -2.28  295.08    1.33   -0.22  290.12    2.33   -1.03    1047    1047
  1.500  13.879   5.330   -1.33  292.16    1.59   -0.39  285.72    4.48   -1.70    1035    1035
  2.000   9.478   5.079   -0.24  290.23    1.56   -0.67  278.54    8.12   -0.79    1051    1051
  2.500   6.657   4.216    0.25  288.04    1.43   -0.85  272.37    9.59   -0.47    1071    1071
  3.000   4.806   3.453    0.50  285.44    1.35   -0.50  267.24   10.44   -0.34    1072    1072
  3.500   3.637   2.843    0.71  282.70    1.36    0.01  263.05   10.82   -0.23    1078    1078
  4.000   2.824   2.369    0.85  279.85    1.39    0.11  259.29   11.27   -0.17    1083    1083
  4.500   2.112   1.936    1.06  277.00    1.39   -0.00  255.36   11.43   -0.04    1077    1077
  5.000   1.604   1.558    1.31  274.08    1.38    0.16  251.78   11.23    0.08    1088    1088
  5.500   1.206   1.226    1.42  271.22    1.39    0.13  248.23   11.13    0.18    1091    1091
  6.000   0.888   0.964    1.66  268.39    1.41    0.01  244.56   10.93    0.29    1095    1095
  6.500   0.630   0.701    1.93  265.55    1.45   -0.16  241.08   10.14    0.45    1099    1099
  7.000   0.450   0.515    2.11  262.61    1.40   -0.14  237.61    9.69    0.52    1102    1102
  7.500   0.335   0.388    2.13  259.47    1.41   -0.08  234.55    9.58    0.54    1100    1100
  8.000   0.248   0.284    2.17  256.16    1.40    0.01  231.65    9.39    0.48    1099    1099
  8.500   0.182   0.204    2.07  252.69    1.48    0.12  228.79    9.23    0.42    1095    1095
  9.000   0.139   0.156    1.93  249.05    1.50    0.16  226.09    9.42    0.34    1086    1086
  9.500   0.103   0.111    1.67  245.26    1.54    0.14  223.38    9.63    0.18    1078    1078
 10.000   0.073   0.076    1.36  241.35    1.59    0.18  220.57    9.56    0.06    1051    1051
 10.500   0.048   0.052    1.25  237.31    1.63    0.30  217.88    9.56   -0.11     955     955
 11.000   0.018   0.032    2.04  233.20    1.68    0.38  215.05    9.61   -0.17     488     488
 11.500   0.001   0.006  999.90  229.06    1.74    0.49  210.39    7.80   -0.12      51      51
 12.000   0.000   0.002  999.90  224.87    1.80    0.50  208.87    6.58   -0.51      23      23
 12.500   0.000   0.001  999.90  220.67    1.82    0.47  999.90  999.90  999.90       0       0
 13.000   0.000   0.000  999.90  216.54    1.88    0.54  999.90  999.90  999.90       0       0
 13.500   0.000   0.000  999.90  212.40    1.95    0.58  999.90  999.90  999.90       0       0
 14.000   0.000   0.000  999.90  208.28    2.04    0.59  999.90  999.90  999.90       0       0
 14.500   0.000   0.000  999.90  204.31    2.06    0.62  999.90  999.90  999.90       0       0
 15.000   0.000   0.000  999.90  200.52    2.13    0.61  999.90  999.90  999.90       0       0
 15.500   0.000   0.000  999.90  196.88    2.22    0.60  999.90  999.90  999.90       0       0
 16.000   0.000   0.000  999.90  193.56    2.38    0.59  999.90  999.90  999.90       0       0
 16.500   0.000   0.000  999.90  190.81    2.57    0.65  999.90  999.90  999.90       0       0
 17.000   0.000   0.000  999.90  189.40    2.88    0.51  999.90  999.90  999.90       0       0
 17.500   0.000   0.000  999.90  189.61    3.40    0.32  999.90  999.90  999.90       0       0
 18.000   0.000   0.000  999.90  191.53    3.81    0.16  999.90  999.90  999.90       0       0
 18.500   0.000   0.000  999.90  194.31    3.85    0.15  999.90  999.90  999.90       0       0
 19.000   0.000   0.000  999.90  197.27    3.72    0.22  999.90  999.90  999.90       0       0
 19.500   0.000   0.000  999.90  200.00    3.53    0.43  999.90  999.90  999.90       0       0
 20.000   0.000   0.000  999.90  202.42    3.55    0.32  999.90  999.90  999.90       0       0
 20.500   0.000   0.000  999.90  204.48    3.63    0.12  999.90  999.90  999.90       0       0
 21.000   0.000   0.000  999.90  206.37    3.49    0.11  999.90  999.90  999.90       0       0
 21.500   0.000   0.000  999.90  208.10    3.33    0.11  999.90  999.90  999.90       0       0
 22.000   0.000   0.000  999.90  209.75    3.35    0.18  999.90  999.90  999.90       0       0
 22.500   0.000   0.000  999.90  211.24    3.36    0.24  999.90  999.90  999.90       0       0
 23.000   0.000   0.000  999.90  212.58    3.33    0.14  999.90  999.90  999.90       0       0
 23.500   0.000   0.000  999.90  213.90    3.30    0.09  999.90  999.90  999.90       0       0
 24.000   0.000   0.000  999.90  215.17    3.32    0.18  999.90  999.90  999.90       0       0
 24.500   0.000   0.000  999.90  216.36    3.20    0.19  999.90  999.90  999.90       0       0
 25.000   0.000   0.000  999.90  217.60    3.24    0.17  999.90  999.90  999.90       0       0
 25.500   0.000   0.000  999.90  218.72    3.15    0.16  999.90  999.90  999.90       0       0
 26.000   0.000   0.000  999.90  219.83    3.05    0.03  999.90  999.90  999.90       0       0
 26.500   0.000   0.000  999.90  220.90    3.18    0.03  999.90  999.90  999.90       0       0
 27.000   0.000   0.000  999.90  221.94    3.12    0.00  198.61    6.38   -0.53      12      12
 27.500   0.000   0.001  999.90  223.03    3.13    0.00  199.58    4.93   -0.69      21      21
 28.000   0.000   0.001  999.90  224.05    3.25    0.06  198.74    4.12   -0.29      37      37
 28.500   0.000   0.001  999.90  224.98    3.21    0.04  198.65    4.31    0.54      59      59
 29.000   0.000   0.001  999.90  225.89    3.21    0.05  198.56    4.26    0.39      71      71
 29.500   0.000   0.002  999.90  226.78    3.22    0.10  198.60    4.74    1.14      92      92
 30.000   0.000   0.002  999.90  227.69    3.21    0.06  198.72    4.68    1.09     107     107
  T A B L E  III -   3.  M O I S T U R E  R E L A T E D  S T A T I S T I C A L  P A R A M E T E R S
                                     March
 STATION =   913660     KWAJLEIN MISSILE RANGE
      Z VAPOR P   SD VP SKEW VP      TV      TV SKEW TV DEWPT T  SD DPT SKW DPT NOBS TP NOBS TV   
           MEAN                    MEAN      SD            MEAN                                   
     KM      MB      MB          KELVIN  KELVIN          KELVIN  KELVIN                           
  0.000  16.000   6.000    0.00  291.00    6.00    0.00  290.00    7.00    0.00     100     100
  0.002  25.226   9.424   -2.12  304.06    1.54   -0.39  296.34    1.55   -1.02    1121    1121
  0.500  23.759   6.940   -2.76  299.28    1.26   -0.19  294.55    1.51   -0.57    1177    1177
  1.000  18.737   5.422   -2.47  295.48    1.29   -0.16  290.53    2.12   -1.03    1188    1188
  1.500  14.548   5.129   -1.57  292.50    1.43   -0.27  286.42    3.97   -1.92    1179    1179
  2.000  10.696   4.817   -0.64  290.19    1.41   -0.36  280.83    6.80   -1.27    1192    1192
  2.500   7.818   4.179   -0.15  287.91    1.35   -0.32  275.38    8.38   -0.82    1207    1207
  3.000   5.643   3.514    0.19  285.31    1.33   -0.20  270.27    9.25   -0.50    1205    1205
  3.500   4.293   2.968    0.39  282.53    1.34   -0.19  265.97    9.99   -0.35    1210    1210
  4.000   3.313   2.475    0.55  279.69    1.34   -0.12  262.01   10.38   -0.17    1223    1223
  4.500   2.516   2.040    0.76  276.81    1.34   -0.12  258.10   10.47    0.06    1232    1232
  5.000   1.874   1.645    1.00  273.98    1.29   -0.14  254.09   10.51    0.20    1242    1242
  5.500   1.417   1.308    1.11  271.07    1.28   -0.17  250.67   10.58    0.20    1231    1231
  6.000   1.100   1.079    1.17  268.12    1.36   -0.14  247.37   10.80    0.29    1229    1229
  6.500   0.803   0.831    1.36  265.18    1.41   -0.19  243.76   10.51    0.41    1230    1230
  7.000   0.609   0.642    1.47  262.19    1.47   -0.38  240.62   10.32    0.44    1242    1242
  7.500   0.442   0.472    1.57  259.13    1.51   -0.38  237.13   10.16    0.43    1250    1250
  8.000   0.310   0.340    1.73  255.93    1.59   -0.34  233.64    9.82    0.46    1246    1246
  8.500   0.218   0.242    1.83  252.53    1.68   -0.38  230.33    9.51    0.45    1237    1237
  9.000   0.162   0.171    1.68  248.96    1.71   -0.24  227.69    9.47    0.25    1227    1227
  9.500   0.120   0.122    1.52  245.22    1.71   -0.10  224.98    9.61    0.04    1219    1219
 10.000   0.080   0.085    1.37  241.35    1.73    0.03  222.23    9.57   -0.09    1109    1109
 10.500   0.051   0.057    1.30  237.29    1.75    0.09  219.42    9.42   -0.28     986     986
 11.000   0.019   0.035    2.07  233.16    1.76    0.12  216.45    9.52   -0.32     518     518
 11.500   0.001   0.008  999.90  228.98    1.78    0.20  215.32    7.47   -0.64      46      46
 12.000   0.000   0.003  999.90  224.78    1.81    0.32  212.60    5.69   -0.34      18      18
 12.500   0.000   0.001  999.90  220.58    1.83    0.38  999.90  999.90  999.90       0       0
 13.000   0.000   0.000  999.90  216.48    1.85    0.43  999.90  999.90  999.90       0       0
 13.500   0.000   0.000  999.90  212.37    1.87    0.55  999.90  999.90  999.90       0       0
 14.000   0.000   0.000  999.90  208.29    1.93    0.63  999.90  999.90  999.90       0       0
 14.500   0.000   0.000  999.90  204.40    1.98    0.64  999.90  999.90  999.90       0       0
 15.000   0.000   0.000  999.90  200.76    2.07    0.70  999.90  999.90  999.90       0       0
 15.500   0.000   0.000  999.90  197.32    2.22    0.90  999.90  999.90  999.90       0       0
 16.000   0.000   0.000  999.90  194.23    2.39    0.88  999.90  999.90  999.90       0       0
 16.500   0.000   0.000  999.90  191.81    2.71    0.69  999.90  999.90  999.90       0       0
 17.000   0.000   0.000  999.90  190.67    3.02    0.52  999.90  999.90  999.90       0       0
 17.500   0.000   0.000  999.90  191.04    3.35    0.48  999.90  999.90  999.90       0       0
 18.000   0.000   0.000  999.90  192.88    3.56    0.46  999.90  999.90  999.90       0       0
 18.500   0.000   0.000  999.90  195.67    3.57    0.41  999.90  999.90  999.90       0       0
 19.000   0.000   0.000  999.90  198.48    3.61    0.41  999.90  999.90  999.90       0       0
 19.500   0.000   0.000  999.90  200.91    3.59    0.40  999.90  999.90  999.90       0       0
 20.000   0.000   0.000  999.90  203.22    3.45    0.24  999.90  999.90  999.90       0       0
 20.500   0.000   0.000  999.90  205.42    3.38    0.18  999.90  999.90  999.90       0       0
 21.000   0.000   0.000  999.90  207.34    3.39    0.24  999.90  999.90  999.90       0       0
 21.500   0.000   0.000  999.90  209.01    3.36    0.30  999.90  999.90  999.90       0       0
 22.000   0.000   0.000  999.90  210.59    3.35    0.27  999.90  999.90  999.90       0       0
 22.500   0.000   0.000  999.90  212.14    3.35    0.24  999.90  999.90  999.90       0       0
 23.000   0.000   0.000  999.90  213.64    3.25    0.30  999.90  999.90  999.90       0       0
 23.500   0.000   0.000  999.90  215.11    3.14    0.25  999.90  999.90  999.90       0       0
 24.000   0.000   0.000  999.90  216.51    3.15    0.18  999.90  999.90  999.90       0       0
 24.500   0.000   0.000  999.90  217.73    3.05    0.19  999.90  999.90  999.90       0       0
 25.000   0.000   0.000  999.90  218.91    2.98    0.20  999.90  999.90  999.90       0       0
 25.500   0.000   0.000  999.90  220.07    2.88    0.19  999.90  999.90  999.90       0       0
 26.000   0.000   0.000  999.90  221.27    2.79    0.10  999.90  999.90  999.90       0       0
 26.500   0.000   0.001  999.90  222.52    2.77    0.13  199.41    5.78    1.09      25      25
 27.000   0.000   0.001  999.90  223.63    2.69    0.04  201.62    5.62    0.93      27      27
 27.500   0.000   0.001  999.90  224.74    2.68    0.03  200.68    5.30    0.66      49      49
 28.000   0.000   0.001  999.90  225.88    2.84    0.00  200.12    4.80    0.66      76      76
 28.500   0.000   0.002  999.90  226.94    2.94   -0.14  199.65    4.60    0.93      89      89
 29.000   0.000   0.002  999.90  228.01    2.98   -0.27  199.74    4.67    1.11     107     107
 29.500   0.000   0.002  999.90  229.01    3.06   -0.36  200.15    5.02    1.48     116     116
 30.000   0.000   0.003  999.90  230.03    3.04   -0.55  200.34    4.96    1.67     117     117
  T A B L E  III -   4.  M O I S T U R E  R E L A T E D  S T A T I S T I C A L  P A R A M E T E R S
                                     April
 STATION =   913660     KWAJLEIN MISSILE RANGE
      Z VAPOR P   SD VP SKEW VP      TV      TV SKEW TV DEWPT T  SD DPT SKW DPT NOBS TP NOBS TV   
           MEAN                    MEAN      SD            MEAN                                   
     KM      MB      MB          KELVIN  KELVIN          KELVIN  KELVIN                           
  0.000  16.000   6.000    0.00  291.00    6.00    0.00  290.00    7.00    0.00     100     100
  0.002  26.782   8.422   -2.61  304.36    1.42   -0.10  296.75    1.49   -1.30    1068    1068
  0.500  24.520   6.671   -3.03  299.63    1.23   -0.15  294.93    1.36   -0.44    1092    1092
  1.000  19.257   5.370   -2.64  295.96    1.23   -0.21  290.92    1.96   -0.92    1096    1096
  1.500  15.278   5.010   -1.92  292.92    1.28   -0.18  287.33    3.08   -1.70    1084    1084
  2.000  11.306   4.889   -0.99  290.39    1.35   -0.47  282.60    5.25   -1.50    1062    1062
  2.500   8.495   4.167   -0.52  287.90    1.28   -0.41  277.74    6.81   -1.22    1072    1072
  3.000   6.346   3.562   -0.17  285.26    1.24   -0.42  272.71    8.52   -1.03    1085    1085
  3.500   4.901   3.060    0.03  282.47    1.25   -0.34  268.42    9.67   -0.82    1093    1093
  4.000   3.801   2.593    0.20  279.61    1.23   -0.17  264.41   10.27   -0.54    1102    1102
  4.500   2.933   2.219    0.37  276.74    1.27    0.06  260.49   10.82   -0.31    1103    1103
  5.000   2.287   1.868    0.55  273.87    1.30   -0.13  256.84   11.13   -0.15    1111    1111
  5.500   1.696   1.508    0.78  271.04    1.28   -0.04  252.76   11.22    0.04    1117    1117
  6.000   1.292   1.192    0.88  268.21    1.28   -0.11  249.36   11.25    0.05    1117    1117
  6.500   0.954   0.942    1.06  265.28    1.27   -0.28  245.67   11.15    0.20    1116    1116
  7.000   0.714   0.723    1.10  262.22    1.29   -0.19  242.15   11.15    0.23    1126    1126
  7.500   0.533   0.539    1.09  259.07    1.35   -0.16  239.14   10.99    0.18    1116    1116
  8.000   0.388   0.395    1.17  255.81    1.39   -0.17  235.92   10.59    0.20    1121    1121
  8.500   0.275   0.278    1.23  252.42    1.42   -0.06  232.80   10.10    0.15    1116    1116
  9.000   0.195   0.193    1.23  248.86    1.43    0.03  229.73    9.79    0.05    1101    1101
  9.500   0.143   0.135    1.02  245.14    1.44    0.08  226.84    9.85   -0.13    1101    1101
 10.000   0.095   0.091    0.89  241.26    1.46    0.16  223.84    9.68   -0.28    1026    1026
 10.500   0.059   0.061    0.90  237.24    1.45    0.36  220.96    9.38   -0.47     906     906
 11.000   0.021   0.038    1.81  233.15    1.49    0.40  218.22    9.19   -0.53     458     458
 11.500   0.001   0.008  999.90  228.98    1.51    0.41  216.17    6.05   -0.64      48      48
 12.000   0.000   0.002  999.90  224.77    1.56    0.43  212.56    2.96   -0.60      15      15
 12.500   0.000   0.000  999.90  220.55    1.62    0.44  999.90  999.90  999.90       0       0
 13.000   0.000   0.000  999.90  216.37    1.66    0.43  999.90  999.90  999.90       0       0
 13.500   0.000   0.000  999.90  212.22    1.74    0.54  999.90  999.90  999.90       0       0
 14.000   0.000   0.000  999.90  208.11    1.87    0.51  999.90  999.90  999.90       0       0
 14.500   0.000   0.000  999.90  204.22    1.93    0.50  999.90  999.90  999.90       0       0
 15.000   0.000   0.000  999.90  200.62    2.03    0.63  999.90  999.90  999.90       0       0
 15.500   0.000   0.000  999.90  197.35    2.18    0.70  999.90  999.90  999.90       0       0
 16.000   0.000   0.000  999.90  194.43    2.37    0.61  999.90  999.90  999.90       0       0
 16.500   0.000   0.000  999.90  192.15    2.57    0.59  999.90  999.90  999.90       0       0
 17.000   0.000   0.000  999.90  191.08    2.70    0.61  999.90  999.90  999.90       0       0
 17.500   0.000   0.000  999.90  191.63    2.93    0.46  999.90  999.90  999.90       0       0
 18.000   0.000   0.000  999.90  193.48    2.99    0.39  999.90  999.90  999.90       0       0
 18.500   0.000   0.000  999.90  196.06    3.01    0.26  999.90  999.90  999.90       0       0
 19.000   0.000   0.000  999.90  198.93    3.00    0.19  999.90  999.90  999.90       0       0
 19.500   0.000   0.000  999.90  201.73    3.04    0.07  999.90  999.90  999.90       0       0
 20.000   0.000   0.000  999.90  204.23    3.08    0.11  999.90  999.90  999.90       0       0
 20.500   0.000   0.000  999.90  206.40    3.04    0.09  999.90  999.90  999.90       0       0
 21.000   0.000   0.000  999.90  208.21    3.07    0.31  999.90  999.90  999.90       0       0
 21.500   0.000   0.000  999.90  209.87    3.06    0.31  999.90  999.90  999.90       0       0
 22.000   0.000   0.000  999.90  211.51    3.05    0.27  999.90  999.90  999.90       0       0
 22.500   0.000   0.000  999.90  213.04    3.03    0.18  999.90  999.90  999.90       0       0
 23.000   0.000   0.000  999.90  214.54    2.98    0.19  999.90  999.90  999.90       0       0
 23.500   0.000   0.000  999.90  215.94    2.90    0.18  999.90  999.90  999.90       0       0
 24.000   0.000   0.000  999.90  217.27    3.03    0.19  999.90  999.90  999.90       0       0
 24.500   0.000   0.000  999.90  218.60    2.86    0.20  999.90  999.90  999.90       0       0
 25.000   0.000   0.000  999.90  219.86    2.78    0.28  999.90  999.90  999.90       0       0
 25.500   0.000   0.000  999.90  221.12    2.69    0.27  999.90  999.90  999.90       0       0
 26.000   0.000   0.001  999.90  222.45    2.67    0.17  202.86    4.30   -0.11      14      14
 26.500   0.000   0.001  999.90  223.78    2.82    0.13  202.38    4.67    0.34      31      31
 27.000   0.000   0.002  999.90  224.87    2.80    0.19  202.30    5.13    0.75      52      52
 27.500   0.000   0.002  999.90  226.00    2.80    0.14  202.02    5.39    0.97      72      72
 28.000   0.000   0.002  999.90  227.09    2.86   -0.02  201.89    5.36    0.76      88      88
 28.500   0.001   0.003  999.90  228.09    2.95   -0.28  201.73    5.67    0.83     107     107
 29.000   0.001   0.003  999.90  229.11    2.97   -0.20  201.64    5.52    0.82     122     122
 29.500   0.001   0.004  999.90  230.10    2.99   -0.28  201.55    5.96    1.14     127     127
 30.000   0.001   0.004  999.90  231.01    2.99   -0.41  201.40    5.74    1.42     124     124
  T A B L E  III -   5.  M O I S T U R E  R E L A T E D  S T A T I S T I C A L  P A R A M E T E R S
                                       May
 STATION =   913660     KWAJLEIN MISSILE RANGE
      Z VAPOR P   SD VP SKEW VP      TV      TV SKEW TV DEWPT T  SD DPT SKW DPT NOBS TP NOBS TV   
           MEAN                    MEAN      SD            MEAN                                   
     KM      MB      MB          KELVIN  KELVIN          KELVIN  KELVIN                           
  0.000  16.000   6.000    0.00  291.00    6.00    0.00  290.00    7.00    0.00     100     100
  0.002  27.342   8.923   -2.52  304.52    1.43   -0.11  297.22    1.41   -1.15    1109    1109
  0.500  24.995   6.738   -3.12  299.89    1.17   -0.47  295.25    1.27   -0.71    1143    1143
  1.000  19.682   5.342   -2.75  296.29    1.09   -0.19  291.23    1.90   -1.08    1150    1150
  1.500  15.418   5.291   -1.84  293.37    1.17   -0.23  287.59    3.12   -1.56    1125    1125
  2.000  11.652   4.864   -1.11  290.84    1.13   -0.22  283.12    4.86   -1.46    1113    1113
  2.500   9.044   4.131   -0.78  288.22    1.15   -0.50  279.13    5.72   -1.32    1112    1112
  3.000   7.053   3.480   -0.58  285.41    1.13   -0.38  275.36    6.42   -1.23    1109    1109
  3.500   5.497   2.995   -0.41  282.49    1.13   -0.37  271.54    7.51   -1.18    1103    1103
  4.000   4.493   2.537   -0.34  279.54    1.10   -0.31  268.45    8.07   -1.13    1110    1110
  4.500   3.653   2.164   -0.17  276.60    1.12   -0.19  264.93    8.92   -0.93    1136    1136
  5.000   2.828   1.783    0.01  273.73    1.13   -0.34  261.24    9.32   -0.79    1143    1143
  5.500   2.188   1.465    0.13  270.91    1.16   -0.21  257.60    9.75   -0.65    1149    1149
  6.000   1.728   1.185    0.22  268.04    1.16   -0.00  254.24   10.07   -0.60    1169    1169
  6.500   1.253   0.942    0.40  265.11    1.20   -0.14  250.26   10.16   -0.39    1158    1158
  7.000   0.932   0.733    0.56  262.12    1.26   -0.14  246.77   10.08   -0.33    1157    1157
  7.500   0.690   0.559    0.63  258.97    1.29   -0.16  243.22   10.29   -0.36    1156    1156
  8.000   0.487   0.415    0.71  255.67    1.32   -0.23  239.30   10.23   -0.25    1154    1154
  8.500   0.350   0.302    0.76  252.22    1.35   -0.18  236.01   10.00   -0.27    1146    1146
  9.000   0.249   0.216    0.75  248.62    1.38   -0.09  232.81    9.83   -0.35    1129    1129
  9.500   0.177   0.148    0.70  244.83    1.39   -0.03  229.76    9.42   -0.50    1126    1126
 10.000   0.115   0.099    0.66  240.94    1.40    0.06  226.41    9.18   -0.66    1068    1068
 10.500   0.066   0.067    0.74  236.92    1.43    0.11  223.42    8.80   -0.85     877     877
 11.000   0.023   0.040    1.74  232.84    1.51    0.21  220.74    8.18   -0.94     424     424
 11.500   0.002   0.009  999.90  228.67    1.52    0.29  217.86    4.91   -1.51      61      61
 12.000   0.000   0.003  999.90  224.44    1.55    0.33  212.19    6.13   -1.02      18      18
 12.500   0.000   0.000  999.90  220.20    1.58    0.34  999.90  999.90  999.90       0       0
 13.000   0.000   0.000  999.90  216.08    1.59    0.43  999.90  999.90  999.90       0       0
 13.500   0.000   0.000  999.90  211.94    1.65    0.57  999.90  999.90  999.90       0       0
 14.000   0.000   0.000  999.90  207.85    1.69    0.70  999.90  999.90  999.90       0       0
 14.500   0.000   0.000  999.90  204.05    1.72    0.84  999.90  999.90  999.90       0       0
 15.000   0.000   0.000  999.90  200.59    1.83    0.85  999.90  999.90  999.90       0       0
 15.500   0.000   0.000  999.90  197.47    2.03    0.71  999.90  999.90  999.90       0       0
 16.000   0.000   0.000  999.90  194.90    2.26    0.56  999.90  999.90  999.90       0       0
 16.500   0.000   0.000  999.90  193.13    2.38    0.43  999.90  999.90  999.90       0       0
 17.000   0.000   0.000  999.90  192.49    2.60    0.38  999.90  999.90  999.90       0       0
 17.500   0.000   0.000  999.90  193.24    2.82    0.38  999.90  999.90  999.90       0       0
 18.000   0.000   0.000  999.90  195.18    3.05    0.38  999.90  999.90  999.90       0       0
 18.500   0.000   0.000  999.90  197.74    3.18    0.21  999.90  999.90  999.90       0       0
 19.000   0.000   0.000  999.90  200.48    3.05    0.33  999.90  999.90  999.90       0       0
 19.500   0.000   0.000  999.90  202.99    2.95    0.19  999.90  999.90  999.90       0       0
 20.000   0.000   0.000  999.90  205.26    2.72    0.17  999.90  999.90  999.90       0       0
 20.500   0.000   0.000  999.90  207.32    2.63    0.31  999.90  999.90  999.90       0       0
 21.000   0.000   0.000  999.90  209.06    2.66    0.35  999.90  999.90  999.90       0       0
 21.500   0.000   0.000  999.90  210.55    2.72    0.37  999.90  999.90  999.90       0       0
 22.000   0.000   0.000  999.90  212.03    2.70    0.41  999.90  999.90  999.90       0       0
 22.500   0.000   0.000  999.90  213.51    2.67    0.36  999.90  999.90  999.90       0       0
 23.000   0.000   0.000  999.90  214.94    2.64    0.33  999.90  999.90  999.90       0       0
 23.500   0.000   0.000  999.90  216.40    2.60    0.20  999.90  999.90  999.90       0       0
 24.000   0.000   0.000  999.90  217.82    2.58    0.22  999.90  999.90  999.90       0       0
 24.500   0.000   0.000  999.90  219.10    2.53    0.20  999.90  999.90  999.90       0       0
 25.000   0.000   0.000  999.90  220.41    2.56    0.27  999.90  999.90  999.90       0       0
 25.500   0.000   0.000  999.90  221.72    2.51    0.35  999.90  999.90  999.90       0       0
 26.000   0.000   0.002  999.90  222.92    2.51    0.26  201.38    7.14    1.11      23      23
 26.500   0.000   0.002  999.90  224.14    2.54    0.20  202.17    6.18    1.01      39      39
 27.000   0.000   0.004  999.90  225.17    2.55    0.26  202.31    6.13    1.22      85      85
 27.500   0.001   0.004  999.90  226.22    2.64    0.09  202.90    5.91    1.21      99      99
 28.000   0.001   0.005  999.90  227.27    2.79    0.07  203.21    5.85    1.16     111     111
 28.500   0.001   0.005  999.90  228.24    2.88    0.01  203.41    5.70    1.13     128     128
 29.000   0.001   0.005  999.90  229.09    2.92    0.07  203.60    5.70    1.01     141     141
 29.500   0.001   0.005  999.90  229.92    2.95    0.22  203.69    5.63    1.02     146     146
 30.000   0.001   0.005  999.90  230.66    3.05    0.12  204.06    5.47    1.18     139     139
  T A B L E  III -   6.  M O I S T U R E  R E L A T E D  S T A T I S T I C A L  P A R A M E T E R S
                                      June
 STATION =   913660     KWAJLEIN MISSILE RANGE
      Z VAPOR P   SD VP SKEW VP      TV      TV SKEW TV DEWPT T  SD DPT SKW DPT NOBS TP NOBS TV   
           MEAN                    MEAN      SD            MEAN                                   
     KM      MB      MB          KELVIN  KELVIN          KELVIN  KELVIN                           
  0.000  16.000   6.000    0.00  291.00    6.00    0.00  290.00    7.00    0.00     100     100
  0.002  28.128   8.506   -2.81  304.61    1.41   -0.18  297.51    1.22   -1.34    1070    1070
  0.500  25.435   6.531   -3.18  300.19    1.16   -0.19  295.40    1.43   -0.79    1098    1098
  1.000  19.368   6.280   -2.32  296.52    1.11   -0.24  291.42    1.98   -1.07    1066    1066
  1.500  15.385   5.686   -1.78  293.50    1.12   -0.23  287.87    2.98   -1.54    1052    1052
  2.000  11.722   5.100   -1.17  290.86    1.18   -0.40  283.62    4.57   -1.65    1038    1038
  2.500   9.043   4.259   -0.87  288.20    1.15   -0.40  279.57    5.42   -1.55    1036    1036
  3.000   7.174   3.481   -0.71  285.38    1.10   -0.43  275.89    6.07   -1.51    1046    1046
  3.500   5.597   2.999   -0.53  282.43    1.06   -0.23  272.29    6.86   -1.33    1033    1033
  4.000   4.734   2.385   -0.55  279.49    1.04   -0.11  269.48    7.03   -1.40    1067    1067
  4.500   3.803   2.077   -0.39  276.46    1.04   -0.07  266.22    7.85   -1.27    1066    1066
  5.000   3.013   1.746   -0.19  273.53    1.03   -0.02  262.73    8.39   -1.04    1077    1077
  5.500   2.352   1.422   -0.04  270.68    1.08   -0.02  259.10    8.80   -0.85    1094    1094
  6.000   1.762   1.157    0.15  267.80    1.13    0.07  255.28    9.23   -0.73    1089    1089
  6.500   1.323   0.909    0.31  264.86    1.16    0.13  251.60    9.32   -0.61    1096    1096
  7.000   1.007   0.716    0.41  261.84    1.19    0.15  248.00    9.60   -0.55    1112    1112
  7.500   0.722   0.548    0.53  258.70    1.24    0.12  244.10    9.86   -0.50    1102    1102
  8.000   0.509   0.412    0.64  255.38    1.29    0.18  240.03    9.98   -0.36    1103    1103
  8.500   0.355   0.297    0.70  251.90    1.32    0.15  236.39    9.76   -0.33    1092    1092
  9.000   0.250   0.210    0.68  248.27    1.35    0.22  233.02    9.55   -0.37    1080    1080
  9.500   0.175   0.142    0.65  244.49    1.39    0.29  229.80    9.22   -0.54    1078    1078
 10.000   0.108   0.096    0.69  240.57    1.41    0.23  226.22    9.03   -0.66     985     985
 10.500   0.057   0.064    0.93  236.53    1.43    0.32  223.42    8.40   -0.88     737     737
 11.000   0.018   0.036    2.04  232.43    1.46    0.38  220.99    7.38   -0.91     325     325
 11.500   0.001   0.007  999.90  228.21    1.47    0.41  216.75    4.56   -1.17      44      44
 12.000   0.000   0.002  999.90  223.97    1.51    0.43  999.90  999.90  999.90       0       0
 12.500   0.000   0.000  999.90  219.71    1.53    0.36  999.90  999.90  999.90       0       0
 13.000   0.000   0.000  999.90  215.55    1.56    0.31  999.90  999.90  999.90       0       0
 13.500   0.000   0.000  999.90  211.40    1.59    0.39  999.90  999.90  999.90       0       0
 14.000   0.000   0.000  999.90  207.32    1.60    0.55  999.90  999.90  999.90       0       0
 14.500   0.000   0.000  999.90  203.53    1.64    0.61  999.90  999.90  999.90       0       0
 15.000   0.000   0.000  999.90  200.12    1.77    0.59  999.90  999.90  999.90       0       0
 15.500   0.000   0.000  999.90  197.13    2.01    0.75  999.90  999.90  999.90       0       0
 16.000   0.000   0.000  999.90  194.97    2.36    0.76  999.90  999.90  999.90       0       0
 16.500   0.000   0.000  999.90  194.17    2.72    0.41  999.90  999.90  999.90       0       0
 17.000   0.000   0.000  999.90  194.85    3.00    0.20  999.90  999.90  999.90       0       0
 17.500   0.000   0.000  999.90  196.47    3.11    0.34  999.90  999.90  999.90       0       0
 18.000   0.000   0.000  999.90  198.52    3.01    0.31  999.90  999.90  999.90       0       0
 18.500   0.000   0.000  999.90  200.56    2.85    0.26  999.90  999.90  999.90       0       0
 19.000   0.000   0.000  999.90  202.59    2.70    0.41  999.90  999.90  999.90       0       0
 19.500   0.000   0.000  999.90  204.52    2.58    0.47  999.90  999.90  999.90       0       0
 20.000   0.000   0.000  999.90  206.29    2.56    0.39  999.90  999.90  999.90       0       0
 20.500   0.000   0.000  999.90  208.11    2.53    0.49  999.90  999.90  999.90       0       0
 21.000   0.000   0.000  999.90  209.73    2.62    0.60  999.90  999.90  999.90       0       0
 21.500   0.000   0.000  999.90  211.20    2.63    0.61  999.90  999.90  999.90       0       0
 22.000   0.000   0.000  999.90  212.52    2.64    0.56  999.90  999.90  999.90       0       0
 22.500   0.000   0.000  999.90  213.85    2.55    0.57  999.90  999.90  999.90       0       0
 23.000   0.000   0.000  999.90  215.20    2.47    0.47  999.90  999.90  999.90       0       0
 23.500   0.000   0.000  999.90  216.56    2.42    0.37  999.90  999.90  999.90       0       0
 24.000   0.000   0.000  999.90  217.93    2.44    0.27  999.90  999.90  999.90       0       0
 24.500   0.000   0.000  999.90  219.13    2.42    0.16  999.90  999.90  999.90       0       0
 25.000   0.000   0.000  999.90  220.33    2.49    0.11  999.90  999.90  999.90       0       0
 25.500   0.000   0.001  999.90  221.47    2.51    0.10  202.19    4.82   -0.22      15      15
 26.000   0.000   0.001  999.90  222.62    2.52    0.12  201.77    4.76   -0.44      24      24
 26.500   0.000   0.001  999.90  223.76    2.52    0.20  200.87    5.31    0.68      38      38
 27.000   0.000   0.002  999.90  224.74    2.53    0.38  200.97    5.55    0.98      73      73
 27.500   0.000   0.002  999.90  225.68    2.47    0.31  201.42    5.72    0.87      82      82
 28.000   0.001   0.003  999.90  226.64    2.57    0.26  202.15    5.98    0.90     103     103
 28.500   0.001   0.003  999.90  227.57    2.71    0.22  202.48    5.65    0.75     120     120
 29.000   0.001   0.003  999.90  228.48    2.68    0.23  202.87    5.50    0.60     119     119
 29.500   0.001   0.003  999.90  229.26    2.61    0.05  202.96    5.31    0.55     126     126
 30.000   0.001   0.005  999.90  230.03    2.72   -0.00  203.27    5.69    1.05     119     119
  T A B L E  III -   7.  M O I S T U R E  R E L A T E D  S T A T I S T I C A L  P A R A M E T E R S
                                      July
 STATION =   913660     KWAJLEIN MISSILE RANGE
      Z VAPOR P   SD VP SKEW VP      TV      TV SKEW TV DEWPT T  SD DPT SKW DPT NOBS TP NOBS TV   
           MEAN                    MEAN      SD            MEAN                                   
     KM      MB      MB          KELVIN  KELVIN          KELVIN  KELVIN                           
  0.000  16.000   6.000    0.00  291.00    6.00    0.00  290.00    7.00    0.00     100     100
  0.002  29.014   7.016   -3.52  304.65    1.45   -0.24  297.51    1.23   -1.10    1167    1167
  0.500  25.827   5.726   -3.51  300.26    1.17   -0.25  295.36    1.52   -0.73    1181    1181
  1.000  20.046   5.214   -2.87  296.62    1.06   -0.28  291.43    1.94   -1.39    1166    1166
  1.500  16.237   4.787   -2.38  293.55    1.06   -0.35  288.26    2.34   -1.55    1152    1152
  2.000  12.512   4.879   -1.60  290.78    1.03   -0.12  284.60    3.83   -2.38    1110    1110
  2.500   9.740   4.174   -1.25  288.09    1.04   -0.27  280.75    4.76   -2.13    1103    1103
  3.000   7.649   3.496   -1.06  285.24    1.02   -0.38  277.20    5.33   -2.15    1095    1095
  3.500   6.260   2.907   -0.96  282.31    1.00   -0.46  274.03    6.01   -2.15    1106    1106
  4.000   5.029   2.519   -0.82  279.27    0.98   -0.45  270.93    6.61   -1.94    1095    1095
  4.500   4.112   2.099   -0.69  276.27    1.01   -0.34  267.66    7.38   -1.75    1116    1116
  5.000   3.285   1.742   -0.51  273.35    1.00   -0.18  264.37    7.76   -1.53    1127    1127
  5.500   2.579   1.424   -0.33  270.48    1.05   -0.13  261.01    8.01   -1.35    1135    1135
  6.000   1.975   1.158   -0.14  267.58    1.05   -0.00  257.29    8.42   -1.11    1145    1145
  6.500   1.510   0.929   -0.03  264.67    1.08   -0.02  253.64    8.89   -1.00    1154    1154
  7.000   1.119   0.739    0.13  261.63    1.16   -0.03  249.78    9.27   -0.83    1156    1156
  7.500   0.813   0.564    0.26  258.48    1.24   -0.02  246.06    9.31   -0.75    1152    1152
  8.000   0.569   0.424    0.37  255.15    1.28   -0.03  242.01    9.48   -0.62    1139    1139
  8.500   0.394   0.309    0.43  251.67    1.31    0.01  238.08    9.52   -0.56    1127    1127
  9.000   0.269   0.216    0.47  248.04    1.37    0.07  234.19    9.49   -0.57    1117    1117
  9.500   0.182   0.148    0.50  244.26    1.40    0.07  230.22    9.49   -0.60    1123    1123
 10.000   0.108   0.099    0.61  240.34    1.44    0.10  226.24    9.42   -0.67    1016    1016
 10.500   0.055   0.066    0.96  236.27    1.48    0.18  222.84    9.25   -0.77     757     757
 11.000   0.017   0.035    2.14  232.13    1.51    0.23  221.69    6.96   -1.06     308     308
 11.500   0.001   0.009  999.90  227.89    1.54    0.27  218.15    4.67    0.67      42      42
 12.000   0.000   0.002  999.90  223.60    1.58    0.23  212.16    4.20    0.08      12      12
 12.500   0.000   0.000  999.90  219.32    1.60    0.15  999.90  999.90  999.90       0       0
 13.000   0.000   0.000  999.90  215.13    1.61    0.19  999.90  999.90  999.90       0       0
 13.500   0.000   0.000  999.90  210.98    1.64    0.22  999.90  999.90  999.90       0       0
 14.000   0.000   0.000  999.90  206.89    1.74    0.34  999.90  999.90  999.90       0       0
 14.500   0.000   0.000  999.90  203.15    1.80    0.45  999.90  999.90  999.90       0       0
 15.000   0.000   0.000  999.90  199.76    1.97    0.59  999.90  999.90  999.90       0       0
 15.500   0.000   0.000  999.90  196.94    2.28    0.74  999.90  999.90  999.90       0       0
 16.000   0.000   0.000  999.90  195.23    2.71    0.63  999.90  999.90  999.90       0       0
 16.500   0.000   0.000  999.90  195.21    3.02    0.25  999.90  999.90  999.90       0       0
 17.000   0.000   0.000  999.90  196.55    3.07   -0.09  999.90  999.90  999.90       0       0
 17.500   0.000   0.000  999.90  198.61    2.86   -0.02  999.90  999.90  999.90       0       0
 18.000   0.000   0.000  999.90  200.69    2.65    0.23  999.90  999.90  999.90       0       0
 18.500   0.000   0.000  999.90  202.59    2.56    0.16  999.90  999.90  999.90       0       0
 19.000   0.000   0.000  999.90  204.42    2.55    0.05  999.90  999.90  999.90       0       0
 19.500   0.000   0.000  999.90  206.08    2.49    0.05  999.90  999.90  999.90       0       0
 20.000   0.000   0.000  999.90  207.66    2.51    0.05  999.90  999.90  999.90       0       0
 20.500   0.000   0.000  999.90  209.11    2.49   -0.05  999.90  999.90  999.90       0       0
 21.000   0.000   0.000  999.90  210.47    2.48   -0.04  999.90  999.90  999.90       0       0
 21.500   0.000   0.000  999.90  211.70    2.51   -0.04  999.90  999.90  999.90       0       0
 22.000   0.000   0.000  999.90  212.85    2.53    0.03  999.90  999.90  999.90       0       0
 22.500   0.000   0.000  999.90  214.02    2.51    0.02  999.90  999.90  999.90       0       0
 23.000   0.000   0.000  999.90  215.19    2.48   -0.08  999.90  999.90  999.90       0       0
 23.500   0.000   0.000  999.90  216.36    2.49    0.04  999.90  999.90  999.90       0       0
 24.000   0.000   0.000  999.90  217.47    2.60    0.04  999.90  999.90  999.90       0       0
 24.500   0.000   0.000  999.90  218.56    2.63   -0.01  999.90  999.90  999.90       0       0
 25.000   0.000   0.000  999.90  219.69    2.64   -0.01  999.90  999.90  999.90       0       0
 25.500   0.000   0.000  999.90  220.80    2.64   -0.03  999.90  999.90  999.90       0       0
 26.000   0.000   0.001  999.90  221.85    2.59   -0.06  201.55    3.14    0.35      16      16
 26.500   0.000   0.001  999.90  222.91    2.63   -0.02  201.23    3.23    0.98      29      29
 27.000   0.000   0.001  999.90  223.84    2.60   -0.07  201.17    3.80    0.94      51      51
 27.500   0.000   0.002  999.90  224.68    2.52   -0.21  202.51    5.62    1.15      69      69
 28.000   0.000   0.002  999.90  225.52    2.60   -0.23  202.15    5.35    1.34      84      84
 28.500   0.001   0.003  999.90  226.36    2.63   -0.12  202.64    5.53    1.36     103     103
 29.000   0.001   0.004  999.90  227.08    2.66   -0.19  203.00    5.74    1.61     113     113
 29.500   0.001   0.004  999.90  227.81    2.67   -0.15  203.06    5.58    1.76     122     122
 30.000   0.001   0.005  999.90  228.53    2.79   -0.24  203.05    5.35    1.92     126     126
  T A B L E  III -   8.  M O I S T U R E  R E L A T E D  S T A T I S T I C A L  P A R A M E T E R S
                                    August
 STATION =   913660     KWAJLEIN MISSILE RANGE
      Z VAPOR P   SD VP SKEW VP      TV      TV SKEW TV DEWPT T  SD DPT SKW DPT NOBS TP NOBS TV   
           MEAN                    MEAN      SD            MEAN                                   
     KM      MB      MB          KELVIN  KELVIN          KELVIN  KELVIN                           
  0.000  16.000   6.000    0.00  291.00    6.00    0.00  290.00    7.00    0.00     100     100
  0.002  29.399   6.496   -3.82  304.79    1.51   -0.14  297.58    1.22   -0.94    1173    1173
  0.500  26.134   5.149   -3.89  300.37    1.18   -0.35  295.41    1.45   -0.66    1187    1187
  1.000  20.078   5.589   -2.80  296.68    1.05   -0.25  291.66    1.72   -1.07    1148    1148
  1.500  16.286   4.921   -2.44  293.60    1.03   -0.12  288.45    2.10   -1.55    1139    1139
  2.000  12.873   4.743   -1.88  290.82    1.07   -0.10  285.25    2.65   -1.99    1103    1103
  2.500  10.096   4.165   -1.52  288.06    1.07   -0.27  281.83    3.10   -1.70    1081    1081
  3.000   8.003   3.537   -1.32  285.20    1.04   -0.24  278.59    3.38   -1.64    1066    1066
  3.500   6.490   2.875   -1.20  282.29    1.02   -0.17  275.25    4.11   -1.94    1081    1081
  4.000   5.273   2.415   -1.00  279.29    1.00   -0.10  271.99    5.00   -1.85    1093    1093
  4.500   4.356   2.011   -0.87  276.30    0.99   -0.01  268.78    6.02   -1.78    1119    1119
  5.000   3.519   1.677   -0.66  273.42    0.99   -0.12  265.49    6.66   -1.55    1138    1138
  5.500   2.708   1.428   -0.44  270.58    0.99    0.04  261.96    7.31   -1.40    1126    1126
  6.000   2.105   1.168   -0.26  267.72    1.00    0.22  258.17    8.18   -1.25    1146    1146
  6.500   1.535   0.953   -0.00  264.82    1.05    0.06  253.77    8.93   -0.92    1152    1152
  7.000   1.135   0.738    0.13  261.81    1.11    0.08  249.99    9.07   -0.80    1157    1157
  7.500   0.827   0.563    0.23  258.68    1.16    0.08  246.24    9.24   -0.76    1153    1153
  8.000   0.579   0.424    0.36  255.33    1.19    0.04  242.30    9.30   -0.65    1138    1138
  8.500   0.396   0.309    0.47  251.85    1.24    0.08  238.03    9.47   -0.52    1133    1133
  9.000   0.266   0.217    0.57  248.21    1.31    0.12  233.93    9.45   -0.49    1125    1125
  9.500   0.181   0.149    0.58  244.47    1.38    0.14  230.19    9.48   -0.58    1116    1116
 10.000   0.107   0.098    0.71  240.56    1.43    0.25  226.34    9.13   -0.66    1010    1010
 10.500   0.055   0.064    0.99  236.48    1.47    0.30  222.79    8.96   -0.76     768     768
 11.000   0.019   0.037    2.00  232.32    1.53    0.22  221.37    7.19   -0.89     351     351
 11.500   0.002   0.009  999.90  228.06    1.54    0.31  219.42    4.05   -0.15      41      41
 12.000   0.000   0.002  999.90  223.76    1.58    0.36  999.90  999.90  999.90       0       0
 12.500   0.000   0.000  999.90  219.47    1.61    0.36  999.90  999.90  999.90       0       0
 13.000   0.000   0.000  999.90  215.28    1.65    0.32  999.90  999.90  999.90       0       0
 13.500   0.000   0.000  999.90  211.11    1.67    0.38  999.90  999.90  999.90       0       0
 14.000   0.000   0.000  999.90  207.01    1.74    0.44  999.90  999.90  999.90       0       0
 14.500   0.000   0.000  999.90  203.20    1.78    0.57  999.90  999.90  999.90       0       0
 15.000   0.000   0.000  999.90  199.82    1.88    0.57  999.90  999.90  999.90       0       0
 15.500   0.000   0.000  999.90  196.97    2.15    0.47  999.90  999.90  999.90       0       0
 16.000   0.000   0.000  999.90  195.27    2.55    0.46  999.90  999.90  999.90       0       0
 16.500   0.000   0.000  999.90  195.38    2.82    0.10  999.90  999.90  999.90       0       0
 17.000   0.000   0.000  999.90  197.02    2.92   -0.22  999.90  999.90  999.90       0       0
 17.500   0.000   0.000  999.90  199.15    2.90   -0.01  999.90  999.90  999.90       0       0
 18.000   0.000   0.000  999.90  201.13    2.83    0.08  999.90  999.90  999.90       0       0
 18.500   0.000   0.000  999.90  202.86    2.72    0.17  999.90  999.90  999.90       0       0
 19.000   0.000   0.000  999.90  204.50    2.65    0.23  999.90  999.90  999.90       0       0
 19.500   0.000   0.000  999.90  206.02    2.69    0.20  999.90  999.90  999.90       0       0
 20.000   0.000   0.000  999.90  207.47    2.76    0.24  999.90  999.90  999.90       0       0
 20.500   0.000   0.000  999.90  208.85    2.65    0.28  999.90  999.90  999.90       0       0
 21.000   0.000   0.000  999.90  210.22    2.63    0.36  999.90  999.90  999.90       0       0
 21.500   0.000   0.000  999.90  211.38    2.70    0.34  999.90  999.90  999.90       0       0
 22.000   0.000   0.000  999.90  212.46    2.76    0.28  999.90  999.90  999.90       0       0
 22.500   0.000   0.000  999.90  213.55    2.73    0.21  999.90  999.90  999.90       0       0
 23.000   0.000   0.000  999.90  214.71    2.70    0.25  999.90  999.90  999.90       0       0
 23.500   0.000   0.000  999.90  215.88    2.67    0.34  999.90  999.90  999.90       0       0
 24.000   0.000   0.000  999.90  217.04    2.72    0.26  999.90  999.90  999.90       0       0
 24.500   0.000   0.000  999.90  218.13    2.70    0.17  999.90  999.90  999.90       0       0
 25.000   0.000   0.000  999.90  219.13    2.75    0.18  999.90  999.90  999.90       0       0
 25.500   0.000   0.000  999.90  220.09    2.77    0.29  999.90  999.90  999.90       0       0
 26.000   0.000   0.000  999.90  221.11    2.77    0.38  999.90  999.90  999.90       0       0
 26.500   0.000   0.000  999.90  222.12    2.81    0.34  201.24    3.46   -0.26      14      14
 27.000   0.000   0.001  999.90  223.01    2.84    0.26  202.31    3.18   -0.65      30      30
 27.500   0.000   0.001  999.90  223.85    2.86    0.25  202.04    4.05   -0.70      38      38
 28.000   0.000   0.002  999.90  224.68    2.91    0.24  202.10    4.87    0.93      54      54
 28.500   0.000   0.002  999.90  225.51    3.00    0.25  202.96    5.05    0.93      72      72
 29.000   0.001   0.003  999.90  226.37    3.01    0.33  202.90    5.44    1.20      94      94
 29.500   0.001   0.004  999.90  227.05    2.90    0.18  202.94    5.71    1.41     113     113
 30.000   0.001   0.004  999.90  227.81    2.90    0.17  203.05    5.75    1.30     124     124
  T A B L E  III -   9.  M O I S T U R E  R E L A T E D  S T A T I S T I C A L  P A R A M E T E R S
                                 September
 STATION =   913660     KWAJLEIN MISSILE RANGE
      Z VAPOR P   SD VP SKEW VP      TV      TV SKEW TV DEWPT T  SD DPT SKW DPT NOBS TP NOBS TV   
           MEAN                    MEAN      SD            MEAN                                   
     KM      MB      MB          KELVIN  KELVIN          KELVIN  KELVIN                           
  0.000  16.000   6.000    0.00  291.00    6.00    0.00  290.00    7.00    0.00     100     100
  0.002  28.731   7.616   -3.16  304.81    1.59   -0.16  297.51    1.29   -0.64    1124    1124
  0.500  25.391   6.412   -3.19  300.36    1.22   -0.32  295.32    1.47   -0.50    1133    1133
  1.000  19.813   5.604   -2.72  296.70    1.07   -0.47  291.47    1.78   -1.04    1120    1120
  1.500  16.077   4.933   -2.38  293.55    1.05   -0.40  288.27    2.16   -1.50    1111    1111
  2.000  12.634   4.796   -1.77  290.67    1.12   -0.52  285.01    2.81   -1.82    1073    1073
  2.500   9.907   4.193   -1.44  287.90    1.13   -0.48  281.58    3.32   -1.76    1052    1052
  3.000   7.812   3.573   -1.25  285.05    1.11   -0.56  278.32    3.59   -1.82    1033    1033
  3.500   6.332   2.943   -1.12  282.13    1.06   -0.44  275.06    4.29   -2.04    1042    1042
  4.000   5.294   2.373   -1.09  279.17    1.05   -0.51  271.93    5.22   -2.20    1074    1074
  4.500   4.328   1.976   -0.91  276.17    1.02   -0.26  268.75    5.96   -1.96    1092    1092
  5.000   3.427   1.708   -0.68  273.25    0.99   -0.26  265.48    6.62   -1.69    1086    1086
  5.500   2.663   1.383   -0.46  270.42    0.99   -0.20  261.72    7.26   -1.41    1105    1105
  6.000   2.032   1.142   -0.23  267.55    1.03   -0.20  257.98    7.88   -1.23    1108    1108
  6.500   1.505   0.927   -0.05  264.63    1.07   -0.24  253.82    8.69   -1.00    1112    1112
  7.000   1.118   0.724    0.10  261.61    1.11   -0.33  250.08    8.85   -0.85    1118    1118
  7.500   0.834   0.558    0.19  258.48    1.16   -0.23  246.53    9.13   -0.87    1119    1119
  8.000   0.600   0.423    0.28  255.16    1.21   -0.27  242.67    9.35   -0.78    1118    1118
  8.500   0.417   0.307    0.38  251.68    1.24   -0.22  238.73    9.26   -0.68    1114    1114
  9.000   0.280   0.218    0.46  248.06    1.27   -0.06  234.58    9.32   -0.60    1103    1103
  9.500   0.186   0.149    0.52  244.29    1.32   -0.01  230.59    9.38   -0.67    1088    1088
 10.000   0.105   0.098    0.71  240.37    1.36    0.03  226.12    9.36   -0.68     970     970
 10.500   0.053   0.065    1.07  236.30    1.41    0.06  223.01    9.03   -0.80     704     704
 11.000   0.016   0.036    2.38  232.14    1.46    0.10  221.11    7.69   -0.90     294     294
 11.500   0.001   0.008  999.90  227.88    1.49    0.20  218.60    4.21   -0.05      40      40
 12.000   0.000   0.003  999.90  223.59    1.52    0.35  214.92    4.98   -0.43      12      12
 12.500   0.000   0.000  999.90  219.30    1.54    0.41  999.90  999.90  999.90       0       0
 13.000   0.000   0.000  999.90  215.12    1.58    0.49  999.90  999.90  999.90       0       0
 13.500   0.000   0.000  999.90  210.96    1.64    0.58  999.90  999.90  999.90       0       0
 14.000   0.000   0.000  999.90  206.86    1.74    0.58  999.90  999.90  999.90       0       0
 14.500   0.000   0.000  999.90  203.06    1.81    0.67  999.90  999.90  999.90       0       0
 15.000   0.000   0.000  999.90  199.73    1.94    0.91  999.90  999.90  999.90       0       0
 15.500   0.000   0.000  999.90  197.00    2.24    0.93  999.90  999.90  999.90       0       0
 16.000   0.000   0.000  999.90  195.42    2.70    0.66  999.90  999.90  999.90       0       0
 16.500   0.000   0.000  999.90  195.30    3.04    0.17  999.90  999.90  999.90       0       0
 17.000   0.000   0.000  999.90  196.51    3.02   -0.15  999.90  999.90  999.90       0       0
 17.500   0.000   0.000  999.90  198.20    2.91    0.13  999.90  999.90  999.90       0       0
 18.000   0.000   0.000  999.90  200.10    2.90    0.22  999.90  999.90  999.90       0       0
 18.500   0.000   0.000  999.90  202.02    2.79    0.24  999.90  999.90  999.90       0       0
 19.000   0.000   0.000  999.90  203.83    2.74    0.29  999.90  999.90  999.90       0       0
 19.500   0.000   0.000  999.90  205.45    2.85    0.20  999.90  999.90  999.90       0       0
 20.000   0.000   0.000  999.90  206.96    2.76    0.17  999.90  999.90  999.90       0       0
 20.500   0.000   0.000  999.90  208.43    2.70    0.20  999.90  999.90  999.90       0       0
 21.000   0.000   0.000  999.90  209.74    2.65    0.18  999.90  999.90  999.90       0       0
 21.500   0.000   0.000  999.90  210.91    2.68    0.18  999.90  999.90  999.90       0       0
 22.000   0.000   0.000  999.90  212.06    2.71    0.28  999.90  999.90  999.90       0       0
 22.500   0.000   0.000  999.90  213.26    2.72    0.24  999.90  999.90  999.90       0       0
 23.000   0.000   0.000  999.90  214.42    2.75    0.15  999.90  999.90  999.90       0       0
 23.500   0.000   0.000  999.90  215.58    2.73    0.13  999.90  999.90  999.90       0       0
 24.000   0.000   0.000  999.90  216.73    2.83   -0.01  999.90  999.90  999.90       0       0
 24.500   0.000   0.000  999.90  217.89    2.83    0.12  999.90  999.90  999.90       0       0
 25.000   0.000   0.000  999.90  218.99    2.80   -0.10  999.90  999.90  999.90       0       0
 25.500   0.000   0.000  999.90  220.03    2.78   -0.09  999.90  999.90  999.90       0       0
 26.000   0.000   0.000  999.90  221.10    2.73   -0.22  999.90  999.90  999.90       0       0
 26.500   0.000   0.001  999.90  222.23    2.78   -0.15  203.79    4.21    1.59      18      18
 27.000   0.000   0.001  999.90  223.25    2.75   -0.20  203.28    3.56    1.40      49      49
 27.500   0.000   0.002  999.90  224.26    2.68   -0.29  203.72    4.27    2.16      56      56
 28.000   0.000   0.003  999.90  225.31    2.83   -0.26  203.90    4.87    2.16      69      69
 28.500   0.001   0.004  999.90  226.30    2.99   -0.13  204.38    5.47    1.94      85      85
 29.000   0.001   0.004  999.90  227.07    2.95   -0.19  204.22    5.48    1.97     100     100
 29.500   0.001   0.005  999.90  227.84    2.90   -0.33  204.22    5.76    2.00     113     113
 30.000   0.001   0.005  999.90  228.67    2.93   -0.45  204.23    5.41    1.94     121     121
  T A B L E  III -  10.  M O I S T U R E  R E L A T E D  S T A T I S T I C A L  P A R A M E T E R S
                                   October
 STATION =   913660     KWAJLEIN MISSILE RANGE
      Z VAPOR P   SD VP SKEW VP      TV      TV SKEW TV DEWPT T  SD DPT SKW DPT NOBS TP NOBS TV   
           MEAN                    MEAN      SD            MEAN                                   
     KM      MB      MB          KELVIN  KELVIN          KELVIN  KELVIN                           
  0.000  16.000   6.000    0.00  291.00    6.00    0.00  290.00    7.00    0.00     100     100
  0.002  28.281   8.059   -2.93  304.75    1.63   -0.27  297.40    1.38   -1.05    1184    1184
  0.500  25.540   6.352   -3.18  300.39    1.24   -0.11  295.37    1.53   -0.56    1208    1208
  1.000  19.957   5.602   -2.68  296.72    1.14   -0.14  291.54    1.87   -0.88    1194    1194
  1.500  16.144   4.953   -2.34  293.60    1.12   -0.08  288.30    2.24   -1.43    1183    1183
  2.000  12.662   4.762   -1.76  290.76    1.12   -0.11  284.96    2.93   -1.87    1146    1146
  2.500   9.911   4.094   -1.43  287.99    1.12   -0.30  281.28    3.86   -2.22    1135    1135
  3.000   7.881   3.485   -1.25  285.10    1.11   -0.45  278.07    4.17   -2.28    1120    1120
  3.500   6.344   2.885   -1.07  282.17    1.04   -0.38  274.79    4.61   -1.92    1126    1126
  4.000   5.277   2.398   -0.99  279.21    1.03   -0.20  271.81    5.34   -1.97    1145    1145
  4.500   4.305   2.068   -0.81  276.21    1.01    0.04  268.61    6.45   -1.91    1154    1154
  5.000   3.444   1.762   -0.61  273.32    1.00    0.11  265.11    7.44   -1.60    1168    1168
  5.500   2.721   1.436   -0.44  270.50    1.02    0.13  261.61    7.91   -1.39    1187    1187
  6.000   2.089   1.172   -0.24  267.64    1.05    0.22  257.93    8.41   -1.23    1195    1195
  6.500   1.572   0.957   -0.08  264.73    1.07    0.22  254.03    9.08   -1.03    1198    1198
  7.000   1.170   0.746    0.02  261.72    1.09    0.17  250.50    9.12   -0.97    1191    1191
  7.500   0.859   0.581    0.13  258.59    1.15    0.15  246.85    9.35   -0.91    1182    1182
  8.000   0.605   0.437    0.24  255.27    1.19    0.22  242.85    9.52   -0.78    1170    1170
  8.500   0.420   0.319    0.32  251.81    1.24    0.24  238.95    9.48   -0.70    1159    1159
  9.000   0.286   0.223    0.39  248.18    1.29    0.28  235.06    9.24   -0.66    1155    1155
  9.500   0.194   0.155    0.44  244.43    1.37    0.40  231.21    9.27   -0.71    1144    1144
 10.000   0.114   0.101    0.53  240.53    1.44    0.43  227.32    8.90   -0.80    1033    1033
 10.500   0.061   0.067    0.77  236.48    1.50    0.42  223.92    8.61   -0.96     811     811
 11.000   0.020   0.038    1.84  232.36    1.55    0.57  221.89    6.99   -1.05     376     376
 11.500   0.002   0.008  999.90  228.11    1.58    0.68  217.28    4.15   -0.18      56      56
 12.000   0.000   0.002  999.90  223.82    1.60    0.71  214.23    4.03   -0.03      11      11
 12.500   0.000   0.000  999.90  219.55    1.65    0.78  999.90  999.90  999.90       0       0
 13.000   0.000   0.000  999.90  215.36    1.66    0.86  999.90  999.90  999.90       0       0
 13.500   0.000   0.000  999.90  211.19    1.70    0.91  999.90  999.90  999.90       0       0
 14.000   0.000   0.000  999.90  207.08    1.79    0.92  999.90  999.90  999.90       0       0
 14.500   0.000   0.000  999.90  203.28    1.84    1.03  999.90  999.90  999.90       0       0
 15.000   0.000   0.000  999.90  199.84    1.97    1.01  999.90  999.90  999.90       0       0
 15.500   0.000   0.000  999.90  196.83    2.17    0.90  999.90  999.90  999.90       0       0
 16.000   0.000   0.000  999.90  194.63    2.50    0.75  999.90  999.90  999.90       0       0
 16.500   0.000   0.000  999.90  193.70    2.76    0.52  999.90  999.90  999.90       0       0
 17.000   0.000   0.000  999.90  194.26    2.96    0.28  999.90  999.90  999.90       0       0
 17.500   0.000   0.000  999.90  195.79    3.16    0.11  999.90  999.90  999.90       0       0
 18.000   0.000   0.000  999.90  197.74    3.19    0.08  999.90  999.90  999.90       0       0
 18.500   0.000   0.000  999.90  199.83    3.06    0.07  999.90  999.90  999.90       0       0
 19.000   0.000   0.000  999.90  201.97    3.03   -0.01  999.90  999.90  999.90       0       0
 19.500   0.000   0.000  999.90  203.86    3.03    0.11  999.90  999.90  999.90       0       0
 20.000   0.000   0.000  999.90  205.57    3.01    0.03  999.90  999.90  999.90       0       0
 20.500   0.000   0.000  999.90  207.17    2.94    0.01  999.90  999.90  999.90       0       0
 21.000   0.000   0.000  999.90  208.68    2.97    0.04  999.90  999.90  999.90       0       0
 21.500   0.000   0.000  999.90  210.08    2.97    0.11  999.90  999.90  999.90       0       0
 22.000   0.000   0.000  999.90  211.34    2.93    0.19  999.90  999.90  999.90       0       0
 22.500   0.000   0.000  999.90  212.63    2.98    0.31  999.90  999.90  999.90       0       0
 23.000   0.000   0.000  999.90  213.95    2.97    0.44  999.90  999.90  999.90       0       0
 23.500   0.000   0.000  999.90  215.21    2.97    0.31  999.90  999.90  999.90       0       0
 24.000   0.000   0.000  999.90  216.48    3.06    0.22  999.90  999.90  999.90       0       0
 24.500   0.000   0.000  999.90  217.71    3.03    0.17  999.90  999.90  999.90       0       0
 25.000   0.000   0.000  999.90  218.90    3.11    0.10  999.90  999.90  999.90       0       0
 25.500   0.000   0.000  999.90  220.10    3.13    0.20  999.90  999.90  999.90       0       0
 26.000   0.000   0.001  999.90  221.38    3.10    0.09  206.37    4.91    1.04      12      12
 26.500   0.000   0.001  999.90  222.57    3.11    0.03  204.37    3.87    1.19      35      35
 27.000   0.000   0.002  999.90  223.64    3.03    0.04  203.63    3.84    1.12      60      60
 27.500   0.000   0.002  999.90  224.72    3.00   -0.15  203.74    3.95    1.13      80      80
 28.000   0.000   0.002  999.90  225.84    3.06   -0.18  203.71    3.72    1.33     102     102
 28.500   0.001   0.003  999.90  226.84    3.14   -0.19  204.01    4.07    1.66     135     135
 29.000   0.001   0.003  999.90  227.86    3.19   -0.28  204.26    4.10    1.58     155     155
 29.500   0.001   0.003  999.90  228.81    3.26   -0.26  204.16    3.83    1.21     165     165
 30.000   0.001   0.003  999.90  229.66    3.21   -0.40  204.17    3.94    1.32     167     167
  T A B L E  III -  11.  M O I S T U R E  R E L A T E D  S T A T I S T I C A L  P A R A M E T E R S
                                  November
 STATION =   913660     KWAJLEIN MISSILE RANGE
      Z VAPOR P   SD VP SKEW VP      TV      TV SKEW TV DEWPT T  SD DPT SKW DPT NOBS TP NOBS TV   
           MEAN                    MEAN      SD            MEAN                                   
     KM      MB      MB          KELVIN  KELVIN          KELVIN  KELVIN                           
  0.000  16.000   6.000    0.00  291.00    6.00    0.00  290.00    7.00    0.00     100     100
  0.002  28.343   8.289   -2.90  304.67    1.59   -0.24  297.54    1.26   -1.28    1040    1040
  0.500  25.654   5.997   -3.41  300.32    1.19   -0.06  295.35    1.47   -0.64    1073    1073
  1.000  19.750   6.037   -2.49  296.62    1.16   -0.24  291.59    1.88   -1.03    1040    1040
  1.500  16.021   5.346   -2.08  293.60    1.13   -0.31  288.28    2.71   -1.96    1034    1034
  2.000  12.574   4.814   -1.51  290.89    1.12   -0.32  284.36    4.34   -2.22    1029    1029
  2.500   9.677   4.332   -1.07  288.22    1.18   -0.47  280.33    5.73   -1.99    1014    1014
  3.000   7.502   3.692   -0.78  285.40    1.14   -0.43  276.32    6.79   -1.70    1012    1012
  3.500   5.933   3.101   -0.60  282.47    1.15   -0.41  272.67    7.59   -1.59    1015    1015
  4.000   4.812   2.610   -0.47  279.52    1.16   -0.13  269.28    8.32   -1.46    1029    1029
  4.500   3.814   2.239   -0.30  276.56    1.18    0.00  265.65    9.09   -1.15    1035    1035
  5.000   3.038   1.895   -0.15  273.68    1.16    0.07  262.20    9.71   -0.99    1043    1043
  5.500   2.358   1.571    0.02  270.83    1.17   -0.01  258.59   10.10   -0.82    1047    1047
  6.000   1.801   1.277    0.15  267.94    1.21    0.14  254.78   10.60   -0.68    1053    1053
  6.500   1.313   1.023    0.37  264.99    1.23    0.10  250.79   10.74   -0.49    1044    1044
  7.000   0.958   0.790    0.50  261.96    1.27    0.09  246.84   10.87   -0.37    1046    1046
  7.500   0.721   0.604    0.52  258.80    1.35    0.08  243.35   11.10   -0.39    1052    1052
  8.000   0.503   0.443    0.63  255.48    1.40    0.11  239.62   10.82   -0.32    1035    1035
  8.500   0.349   0.318    0.70  252.02    1.47    0.15  235.82   10.69   -0.28    1024    1024
  9.000   0.239   0.222    0.79  248.42    1.53    0.22  232.29   10.33   -0.30    1012    1012
  9.500   0.171   0.153    0.72  244.69    1.57    0.19  229.08   10.15   -0.42    1016    1016
 10.000   0.106   0.101    0.80  240.83    1.60    0.24  225.38    9.82   -0.48     951     951
 10.500   0.060   0.067    0.92  236.81    1.64    0.32  222.71    9.24   -0.71     764     764
 11.000   0.021   0.040    1.92  232.72    1.70    0.41  220.02    8.79   -0.77     379     379
 11.500   0.002   0.009  999.90  228.51    1.73    0.53  217.27    5.88   -1.00      49      49
 12.000   0.000   0.003  999.90  224.28    1.77    0.64  213.29    3.99    0.29      13      13
 12.500   0.000   0.000  999.90  220.07    1.80    0.80  999.90  999.90  999.90       0       0
 13.000   0.000   0.000  999.90  215.92    1.83    0.85  999.90  999.90  999.90       0       0
 13.500   0.000   0.000  999.90  211.79    1.85    0.86  999.90  999.90  999.90       0       0
 14.000   0.000   0.000  999.90  207.72    1.98    0.79  999.90  999.90  999.90       0       0
 14.500   0.000   0.000  999.90  203.89    2.09    0.75  999.90  999.90  999.90       0       0
 15.000   0.000   0.000  999.90  200.33    2.22    0.77  999.90  999.90  999.90       0       0
 15.500   0.000   0.000  999.90  197.07    2.31    0.77  999.90  999.90  999.90       0       0
 16.000   0.000   0.000  999.90  194.32    2.49    0.79  999.90  999.90  999.90       0       0
 16.500   0.000   0.000  999.90  192.21    2.70    0.71  999.90  999.90  999.90       0       0
 17.000   0.000   0.000  999.90  191.39    2.98    0.62  999.90  999.90  999.90       0       0
 17.500   0.000   0.000  999.90  192.19    3.49    0.25  999.90  999.90  999.90       0       0
 18.000   0.000   0.000  999.90  194.38    3.67    0.18  999.90  999.90  999.90       0       0
 18.500   0.000   0.000  999.90  197.16    3.58    0.26  999.90  999.90  999.90       0       0
 19.000   0.000   0.000  999.90  200.01    3.41    0.21  999.90  999.90  999.90       0       0
 19.500   0.000   0.000  999.90  202.51    3.38    0.16  999.90  999.90  999.90       0       0
 20.000   0.000   0.000  999.90  204.61    3.32    0.41  999.90  999.90  999.90       0       0
 20.500   0.000   0.000  999.90  206.49    3.15    0.37  999.90  999.90  999.90       0       0
 21.000   0.000   0.000  999.90  208.19    3.11    0.30  999.90  999.90  999.90       0       0
 21.500   0.000   0.000  999.90  209.85    3.17    0.18  999.90  999.90  999.90       0       0
 22.000   0.000   0.000  999.90  211.39    3.21    0.22  999.90  999.90  999.90       0       0
 22.500   0.000   0.000  999.90  212.90    3.19    0.23  999.90  999.90  999.90       0       0
 23.000   0.000   0.000  999.90  214.28    3.09    0.25  999.90  999.90  999.90       0       0
 23.500   0.000   0.000  999.90  215.61    2.93    0.26  999.90  999.90  999.90       0       0
 24.000   0.000   0.000  999.90  217.00    2.98    0.34  999.90  999.90  999.90       0       0
 24.500   0.000   0.000  999.90  218.34    3.04    0.43  999.90  999.90  999.90       0       0
 25.000   0.000   0.000  999.90  219.73    3.19    0.39  999.90  999.90  999.90       0       0
 25.500   0.000   0.000  999.90  221.08    3.24    0.44  999.90  999.90  999.90       0       0
 26.000   0.000   0.001  999.90  222.44    3.17    0.20  202.51    4.17   -1.14      12      12
 26.500   0.000   0.002  999.90  223.69    3.17    0.04  203.85    5.01    0.32      36      36
 27.000   0.000   0.002  999.90  224.76    3.07    0.13  204.08    5.10    0.55      69      69
 27.500   0.000   0.002  999.90  225.84    3.04    0.05  203.99    5.05    0.47      71      71
 28.000   0.001   0.003  999.90  226.88    3.04    0.02  203.78    5.10    0.88      86      86
 28.500   0.001   0.004  999.90  227.88    2.93    0.08  203.80    5.18    1.11      98      98
 29.000   0.001   0.004  999.90  228.85    2.95    0.16  203.80    5.14    1.00     106     106
 29.500   0.001   0.003  999.90  229.71    2.97    0.27  203.95    4.83    0.87     115     115
 30.000   0.001   0.003  999.90  230.58    3.00   -0.00  204.07    4.58    0.87     115     115
  T A B L E  III -  12.  M O I S T U R E  R E L A T E D  S T A T I S T I C A L  P A R A M E T E R S
                                  December
 STATION =   913660     KWAJLEIN MISSILE RANGE
      Z VAPOR P   SD VP SKEW VP      TV      TV SKEW TV DEWPT T  SD DPT SKW DPT NOBS TP NOBS TV   
           MEAN                    MEAN      SD            MEAN                                   
     KM      MB      MB          KELVIN  KELVIN          KELVIN  KELVIN                           
  0.000  16.000   6.000    0.00  291.00    6.00    0.00  290.00    7.00    0.00     100     100
  0.002  27.404   8.724   -2.60  304.36    1.46   -0.30  297.20    1.33   -0.68     973     973
  0.500  24.848   6.725   -2.96  299.88    1.28   -0.25  295.09    1.60   -1.15    1001    1001
  1.000  19.645   5.524   -2.47  296.16    1.31   -0.25  291.15    2.32   -1.35    1005    1005
  1.500  15.327   5.357   -1.63  293.18    1.37   -0.40  287.17    4.09   -2.07     993     993
  2.000  11.389   5.053   -0.82  290.80    1.29   -0.58  281.80    7.06   -1.71     998     998
  2.500   8.175   4.515   -0.25  288.38    1.23   -0.42  276.17    8.83   -1.06     996     996
  3.000   6.258   3.830   -0.07  285.66    1.23   -0.61  271.94    9.68   -0.87     993     993
  3.500   4.718   3.221    0.19  282.85    1.17   -0.43  267.61   10.18   -0.57     993     993
  4.000   3.715   2.703    0.32  279.95    1.18   -0.23  263.90   10.57   -0.38    1003    1003
  4.500   2.878   2.236    0.51  277.07    1.19   -0.19  259.90   10.89   -0.18    1024    1024
  5.000   2.228   1.873    0.69  274.16    1.18   -0.15  256.28   11.11   -0.03    1027    1027
  5.500   1.659   1.519    0.88  271.26    1.18   -0.11  252.33   11.25    0.11    1025    1025
  6.000   1.248   1.216    1.00  268.34    1.26   -0.10  248.59   11.42    0.19    1027    1027
  6.500   0.908   0.940    1.20  265.36    1.31   -0.13  244.86   11.18    0.31    1025    1025
  7.000   0.657   0.716    1.34  262.29    1.34   -0.14  241.11   11.06    0.39    1024    1024
  7.500   0.474   0.539    1.45  259.12    1.36   -0.13  237.55   10.96    0.45    1017    1017
  8.000   0.338   0.394    1.52  255.82    1.47   -0.12  234.19   10.61    0.49    1011    1011
  8.500   0.241   0.275    1.54  252.37    1.55   -0.09  231.19   10.16    0.42    1008    1008
  9.000   0.173   0.193    1.43  248.78    1.60   -0.04  228.14   10.05    0.32    1000    1000
  9.500   0.122   0.135    1.35  245.05    1.65    0.10  224.87   10.14    0.20     991     991
 10.000   0.084   0.093    1.24  241.22    1.71    0.35  221.84   10.12    0.09     949     949
 10.500   0.053   0.063    1.24  237.23    1.73    0.42  219.36    9.94   -0.11     816     816
 11.000   0.023   0.040    1.81  233.19    1.78    0.39  218.04    9.46   -0.35     435     435
 11.500   0.001   0.006  999.90  229.04    1.80    0.44  216.42    6.12   -0.72      23      23
 12.000   0.000   0.001  999.90  224.85    1.82    0.40  999.90  999.90  999.90       0       0
 12.500   0.000   0.000  999.90  220.65    1.86    0.36  999.90  999.90  999.90       0       0
 13.000   0.000   0.000  999.90  216.50    1.90    0.37  999.90  999.90  999.90       0       0
 13.500   0.000   0.000  999.90  212.39    1.96    0.49  999.90  999.90  999.90       0       0
 14.000   0.000   0.000  999.90  208.29    2.06    0.53  999.90  999.90  999.90       0       0
 14.500   0.000   0.000  999.90  204.37    2.11    0.59  999.90  999.90  999.90       0       0
 15.000   0.000   0.000  999.90  200.65    2.23    0.71  999.90  999.90  999.90       0       0
 15.500   0.000   0.000  999.90  197.11    2.43    0.77  999.90  999.90  999.90       0       0
 16.000   0.000   0.000  999.90  193.86    2.68    0.77  999.90  999.90  999.90       0       0
 16.500   0.000   0.000  999.90  191.16    2.92    0.64  999.90  999.90  999.90       0       0
 17.000   0.000   0.000  999.90  189.50    3.13    0.56  999.90  999.90  999.90       0       0
 17.500   0.000   0.000  999.90  189.56    3.45    0.51  999.90  999.90  999.90       0       0
 18.000   0.000   0.000  999.90  191.52    3.74    0.40  999.90  999.90  999.90       0       0
 18.500   0.000   0.000  999.90  194.86    3.87    0.26  999.90  999.90  999.90       0       0
 19.000   0.000   0.000  999.90  198.24    3.97    0.15  999.90  999.90  999.90       0       0
 19.500   0.000   0.000  999.90  201.22    3.85    0.24  999.90  999.90  999.90       0       0
 20.000   0.000   0.000  999.90  203.66    3.71    0.36  999.90  999.90  999.90       0       0
 20.500   0.000   0.000  999.90  205.76    3.63    0.37  999.90  999.90  999.90       0       0
 21.000   0.000   0.000  999.90  207.67    3.56    0.40  999.90  999.90  999.90       0       0
 21.500   0.000   0.000  999.90  209.45    3.50    0.36  999.90  999.90  999.90       0       0
 22.000   0.000   0.000  999.90  211.10    3.45    0.41  999.90  999.90  999.90       0       0
 22.500   0.000   0.000  999.90  212.71    3.44    0.31  999.90  999.90  999.90       0       0
 23.000   0.000   0.000  999.90  214.11    3.36    0.15  999.90  999.90  999.90       0       0
 23.500   0.000   0.000  999.90  215.55    3.19    0.21  999.90  999.90  999.90       0       0
 24.000   0.000   0.000  999.90  216.84    3.18    0.24  999.90  999.90  999.90       0       0
 24.500   0.000   0.000  999.90  217.98    3.11    0.24  999.90  999.90  999.90       0       0
 25.000   0.000   0.000  999.90  219.21    3.08    0.20  999.90  999.90  999.90       0       0
 25.500   0.000   0.000  999.90  220.34    2.94    0.17  999.90  999.90  999.90       0       0
 26.000   0.000   0.000  999.90  221.40    2.93    0.14  999.90  999.90  999.90       0       0
 26.500   0.000   0.001  999.90  222.50    3.03    0.21  200.93    4.89    1.60      18      18
 27.000   0.000   0.001  999.90  223.53    2.94    0.34  201.87    5.26    0.71      22      22
 27.500   0.000   0.002  999.90  224.55    2.93    0.38  203.14    6.18    0.53      32      32
 28.000   0.000   0.002  999.90  225.64    2.92    0.22  203.27    6.73    0.61      36      36
 28.500   0.000   0.002  999.90  226.63    2.95    0.19  203.38    6.02    0.79      47      47
 29.000   0.000   0.003  999.90  227.51    2.94    0.18  203.51    6.24    0.98      58      58
 29.500   0.000   0.003  999.90  228.35    3.05    0.32  203.12    6.19    1.02      62      62
 30.000   0.000   0.002  999.90  229.17    3.12    0.46  202.71    5.62    0.97      59      59
  T A B L E  III -  13.  M O I S T U R E  R E L A T E D  S T A T I S T I C A L  P A R A M E T E R S
                                    Annual
 STATION =   913660     KWAJLEIN MISSILE RANGE
      Z VAPOR P   SD VP SKEW VP      TV      TV SKEW TV DEWPT T  SD DPT SKW DPT NOBS TP NOBS TV   
           MEAN                    MEAN      SD            MEAN                                   
     KM      MB      MB          KELVIN  KELVIN          KELVIN  KELVIN                           
  0.000  16.000   6.000    0.00  291.00    6.00    0.00  290.00    7.00    0.00     100     100
  0.002  27.472   8.413   -2.67  304.44    1.55   -0.23  297.09    1.50   -1.09   13146   13146
  0.500  24.913   6.490   -3.07  299.89    1.33   -0.30  295.06    1.55   -0.70   13477   13477
  1.000  19.464   5.585   -2.55  296.19    1.31   -0.39  291.14    2.07   -1.15   13383   13383
  1.500  15.454   5.190   -1.88  293.18    1.35   -0.57  287.50    3.36   -2.14   13250   13250
  2.000  11.640   5.012   -1.08  290.65    1.27   -0.54  282.81    5.87   -1.88   13084   13084
  2.500   8.805   4.370   -0.68  288.11    1.23   -0.41  278.18    7.41   -1.49   13065   13065
  3.000   6.772   3.710   -0.45  285.35    1.20   -0.32  274.06    8.36   -1.30   13019   13019
  3.500   5.336   3.129   -0.29  282.48    1.18   -0.16  270.33    9.07   -1.13   13062   13062
  4.000   4.309   2.633   -0.19  279.54    1.18   -0.02  266.96    9.62   -1.00   13201   13201
  4.500   3.443   2.233   -0.05  276.60    1.21    0.08  263.44   10.19   -0.82   13343   13343
  5.000   2.708   1.866    0.11  273.70    1.20    0.09  259.91   10.55   -0.67   13446   13446
  5.500   2.082   1.520    0.25  270.85    1.20    0.08  256.27   10.79   -0.54   13501   13501
  6.000   1.587   1.225    0.39  267.97    1.23    0.13  252.61   11.02   -0.44   13563   13563
  6.500   1.174   0.965    0.55  265.05    1.27    0.06  248.81   11.00   -0.29   13582   13582
  7.000   0.870   0.744    0.67  262.03    1.31    0.03  245.21   10.95   -0.21   13634   13634
  7.500   0.639   0.563    0.75  258.90    1.35    0.01  241.71   10.92   -0.19   13597   13597
  8.000   0.454   0.415    0.85  255.60    1.40    0.02  238.07   10.68   -0.12   13539   13539
  8.500   0.318   0.297    0.91  252.15    1.46    0.06  234.56   10.38   -0.11   13441   13441
  9.000   0.222   0.208    0.93  248.55    1.50    0.13  231.17   10.11   -0.16   13319   13319
  9.500   0.156   0.143    0.88  244.79    1.54    0.18  227.91    9.98   -0.28   13260   13260
 10.000   0.098   0.095    0.89  240.89    1.58    0.25  224.45    9.72   -0.37   12296   12296
 10.500   0.056   0.063    1.03  236.85    1.62    0.31  221.34    9.45   -0.52   10071   10071
 11.000   0.020   0.037    1.98  232.74    1.67    0.34  218.89    8.95   -0.64    4919    4919
 11.500   0.001   0.008  999.90  228.54    1.70    0.41  216.41    6.33   -0.94     550     550
 12.000   0.000   0.003  999.90  224.30    1.75    0.46  212.36    5.75   -0.91     165     165
 12.500   0.000   0.000  999.90  220.06    1.79    0.47  206.39    6.51   -0.15      20      20
 13.000   0.000   0.000  999.90  215.90    1.83    0.50  999.90  999.90  999.90       0       0
 13.500   0.000   0.000  999.90  211.76    1.88    0.57  999.90  999.90  999.90       0       0
 14.000   0.000   0.000  999.90  207.66    1.96    0.62  999.90  999.90  999.90       0       0
 14.500   0.000   0.000  999.90  203.81    1.99    0.67  999.90  999.90  999.90       0       0
 15.000   0.000   0.000  999.90  200.27    2.06    0.72  999.90  999.90  999.90       0       0
 15.500   0.000   0.000  999.90  197.08    2.23    0.73  999.90  999.90  999.90       0       0
 16.000   0.000   0.000  999.90  194.54    2.58    0.64  999.90  999.90  999.90       0       0
 16.500   0.000   0.000  999.90  193.00    3.23    0.39  999.90  999.90  999.90       0       0
 17.000   0.000   0.000  999.90  192.78    4.11    0.20  999.90  999.90  999.90       0       0
 17.500   0.000   0.000  999.90  193.80    4.78    0.06  999.90  999.90  999.90       0       0
 18.000   0.000   0.000  999.90  195.77    4.89   -0.05  999.90  999.90  999.90       0       0
 18.500   0.000   0.000  999.90  198.24    4.52   -0.12  999.90  999.90  999.90       0       0
 19.000   0.000   0.000  999.90  200.75    4.11   -0.14  999.90  999.90  999.90       0       0
 19.500   0.000   0.000  999.90  203.03    3.78   -0.10  999.90  999.90  999.90       0       0
 20.000   0.000   0.000  999.90  205.06    3.55   -0.08  999.90  999.90  999.90       0       0
 20.500   0.000   0.000  999.90  206.91    3.38   -0.10  999.90  999.90  999.90       0       0
 21.000   0.000   0.000  999.90  208.57    3.27   -0.03  999.90  999.90  999.90       0       0
 21.500   0.000   0.000  999.90  210.07    3.20    0.04  999.90  999.90  999.90       0       0
 22.000   0.000   0.000  999.90  211.49    3.14    0.10  999.90  999.90  999.90       0       0
 22.500   0.000   0.000  999.90  212.88    3.10    0.11  999.90  999.90  999.90       0       0
 23.000   0.000   0.000  999.90  214.21    3.05    0.09  999.90  999.90  999.90       0       0
 23.500   0.000   0.000  999.90  215.53    2.99    0.08  999.90  999.90  999.90       0       0
 24.000   0.000   0.000  999.90  216.81    3.03    0.07  999.90  999.90  999.90       0       0
 24.500   0.000   0.000  999.90  218.01    2.99    0.08  196.01    7.25    0.15      11      11
 25.000   0.000   0.000  999.90  219.20    3.02    0.06  197.99    6.55   -0.48      25      25
 25.500   0.000   0.000  999.90  220.36    2.99    0.08  200.73    5.70   -0.87      60      60
 26.000   0.000   0.001  999.90  221.52    2.97    0.03  201.64    5.51    0.03     137     137
 26.500   0.000   0.001  999.90  222.67    3.03    0.01  201.88    5.26    0.46     305     305
 27.000   0.000   0.002  999.90  223.68    2.99    0.03  202.29    5.12    0.72     543     543
 27.500   0.000   0.002  999.90  224.68    2.99   -0.02  202.48    5.36    0.77     685     685
 28.000   0.000   0.003  999.90  225.70    3.08   -0.05  202.39    5.38    0.91     871     871
 28.500   0.000   0.003  999.90  226.65    3.15   -0.06  202.54    5.48    0.97    1079    1079
 29.000   0.001   0.003  999.90  227.54    3.18   -0.05  202.59    5.55    1.02    1240    1240
 29.500   0.001   0.004  999.90  228.37    3.21   -0.04  202.56    5.56    1.09    1370    1370
 30.000   0.001   0.004  999.90  229.19    3.26   -0.10  202.60    5.46    1.16    1397    1397
