      70350      57.75N  150.50W
  T A B L E  III -   1.  M O I S T U R E  R E L A T E D  S T A T I S T I C A L  P A R A M E T E R S
                                   January
 STATION =   703500     KODIAK, ALASKA
      Z VAPOR P   SD VP SKEW VP      TV      TV SKEW TV DEWPT T  SD DPT SKW DPT NOBS TP NOBS TV   
           MEAN                    MEAN      SD            MEAN                                   
     KM      MB      MB          KELVIN  KELVIN          KELVIN  KELVIN                           
  0.000  16.000   6.000    0.00  291.00    6.00    0.00  290.00    7.00    0.00     100     100
  0.004   4.967   2.061   -0.14  273.08    4.93   -0.86  269.03    6.57   -0.70    1292    1292
  0.500   4.077   1.809   -0.20  270.49    4.97   -0.95  266.15    7.24   -0.88    1292    1292
  1.000   3.236   1.616   -0.09  267.68    5.18   -0.75  262.63    8.49   -1.01    1291    1291
  1.500   2.427   1.479    0.38  265.51    5.24   -0.33  258.06   10.20   -0.92    1290    1290
  2.000   1.762   1.240    0.75  263.14    5.45   -0.16  253.58   10.78   -0.69    1290    1290
  2.500   1.349   1.065    1.06  260.62    5.72   -0.11  249.90   11.23   -0.54    1290    1290
  3.000   1.034   0.883    1.23  257.78    5.86   -0.11  246.51   11.35   -0.39    1290    1290
  3.500   0.797   0.708    1.34  254.82    5.95   -0.10  243.43   11.38   -0.36    1291    1291
  4.000   0.604   0.562    1.49  251.72    6.05   -0.06  240.27   11.26   -0.28    1291    1291
  4.500   0.452   0.430    1.56  248.48    6.11   -0.03  237.30   10.94   -0.25    1290    1290
  5.000   0.337   0.332    1.71  245.14    6.14   -0.01  234.31   10.76   -0.22    1284    1284
  5.500   0.249   0.249    1.84  241.76    6.14    0.04  231.46   10.32   -0.18    1279    1279
  6.000   0.179   0.182    1.88  238.35    6.01    0.09  228.46    9.88   -0.12    1273    1273
  6.500   0.124   0.129    1.93  234.99    5.75    0.17  225.11    9.59   -0.07    1263    1263
  7.000   0.084   0.089    2.02  231.73    5.39    0.27  221.83    9.18   -0.04    1253    1253
  7.500   0.056   0.058    2.04  228.58    4.94    0.34  218.68    8.47   -0.00    1243    1243
  8.000   0.036   0.037    2.13  225.73    4.48    0.28  215.60    7.68    0.07    1227    1227
  8.500   0.024   0.023    2.14  223.35    4.08    0.15  212.83    6.82    0.05    1218    1218
  9.000   0.015   0.015    1.97  221.60    4.01    0.10  210.32    6.26    0.01    1112    1112
  9.500   0.011   0.011    1.55  220.56    4.45    0.14  208.46    5.89   -0.07    1065    1065
 10.000   0.010   0.009  999.90  220.27    5.17    0.04  207.32    5.85   -0.01    1066    1066
 10.500   0.008   0.010  999.90  220.54    5.78   -0.27  206.45    6.17    0.23    1000    1000
 11.000   0.008   0.011  999.90  221.15    6.09   -0.66  206.00    6.63    0.37    1021    1021
 11.500   0.009   0.011  999.90  222.01    5.92   -0.94  205.62    6.83    0.39    1087    1087
 12.000   0.009   0.011  999.90  222.71    5.43   -1.16  205.25    6.96    0.42    1127    1127
 12.500   0.009   0.011  999.90  223.22    4.92   -1.08  204.83    7.06    0.51    1137    1137
 13.000   0.008   0.010  999.90  223.54    4.52   -1.03  204.50    7.09    0.54    1152    1152
 13.500   0.008   0.010  999.90  223.64    4.23   -0.89  204.09    7.14    0.57    1160    1160
 14.000   0.008   0.010  999.90  223.62    4.08   -0.85  203.79    7.13    0.60    1158    1158
 14.500   0.007   0.009  999.90  223.52    3.95   -0.80  203.44    7.08    0.63    1155    1155
 15.000   0.007   0.009  999.90  223.29    3.99   -0.72  203.09    6.99    0.64    1156    1156
 15.500   0.007   0.009  999.90  223.01    4.02   -0.68  202.73    6.95    0.68    1155    1155
 16.000   0.006   0.008  999.90  222.83    4.07   -0.69  202.49    6.91    0.71    1144    1144
 16.500   0.006   0.008  999.90  222.66    4.15   -0.72  202.32    6.95    0.75    1128    1128
 17.000   0.006   0.008  999.90  222.49    4.33   -0.73  202.21    7.01    0.74    1120    1120
 17.500   0.006   0.008  999.90  222.30    4.49   -0.66  202.01    7.03    0.75    1115    1115
 18.000   0.006   0.008  999.90  222.08    4.53   -0.60  201.79    7.03    0.76    1110    1110
 18.500   0.006   0.008  999.90  221.91    4.59   -0.58  201.67    7.03    0.79    1093    1093
 19.000   0.006   0.008  999.90  221.75    4.72   -0.54  201.64    7.09    0.80    1083    1083
 19.500   0.005   0.008  999.90  221.67    4.91   -0.45  201.51    7.13    0.81    1071    1071
 20.000   0.005   0.008  999.90  221.56    5.11   -0.40  201.46    7.13    0.83    1061    1061
 20.500   0.005   0.009  999.90  221.49    5.23   -0.38  201.48    7.17    0.85    1030    1030
 21.000   0.005   0.009  999.90  221.37    5.44   -0.38  201.43    7.18    0.83    1023    1023
 21.500   0.005   0.008  999.90  221.35    5.63   -0.38  201.43    7.14    0.80    1016    1016
 22.000   0.005   0.008  999.90  221.33    5.80   -0.39  201.47    7.17    0.78    1008    1008
 22.500   0.005   0.008  999.90  221.27    6.04   -0.37  201.47    7.21    0.76     995     995
 23.000   0.005   0.008  999.90  221.22    6.26   -0.34  201.42    7.24    0.77     977     977
 23.500   0.005   0.008  999.90  221.19    6.45   -0.40  201.37    7.29    0.75     971     971
 24.000   0.005   0.008  999.90  221.13    6.63   -0.45  201.56    7.22    0.76     934     934
 24.500   0.005   0.008  999.90  221.09    6.85   -0.46  201.62    7.28    0.74     926     926
 25.000   0.005   0.009  999.90  221.08    6.99   -0.44  201.71    7.31    0.75     913     913
 25.500   0.005   0.008  999.90  221.08    7.13   -0.46  201.64    7.27    0.72     908     908
 26.000   0.005   0.008  999.90  221.14    7.29   -0.47  201.68    7.25    0.70     899     899
 26.500   0.005   0.008  999.90  221.17    7.48   -0.46  201.81    7.25    0.72     876     876
 27.000   0.005   0.008  999.90  221.23    7.70   -0.45  201.86    7.20    0.72     852     852
 27.500   0.004   0.008  999.90  221.28    7.86   -0.42  201.85    7.14    0.72     839     839
 28.000   0.004   0.008  999.90  221.39    8.06   -0.36  201.93    7.04    0.72     816     816
 28.500   0.004   0.008  999.90  221.55    8.16   -0.33  201.93    6.98    0.71     797     797
 29.000   0.004   0.008  999.90  221.67    8.32   -0.28  201.96    6.97    0.71     779     779
 29.500   0.004   0.008  999.90  221.97    8.31   -0.23  201.98    6.87    0.75     752     752
 30.000   0.004   0.008  999.90  222.14    8.52   -0.15  201.82    6.76    0.81     706     706
  T A B L E  III -   2.  M O I S T U R E  R E L A T E D  S T A T I S T I C A L  P A R A M E T E R S
                                  February
 STATION =   703500     KODIAK, ALASKA
      Z VAPOR P   SD VP SKEW VP      TV      TV SKEW TV DEWPT T  SD DPT SKW DPT NOBS TP NOBS TV   
           MEAN                    MEAN      SD            MEAN                                   
     KM      MB      MB          KELVIN  KELVIN          KELVIN  KELVIN                           
  0.000  16.000   6.000    0.00  291.00    6.00    0.00  290.00    7.00    0.00       0       0
  0.004   5.234   1.920   -0.44  274.06    4.25   -1.26  269.96    6.10   -1.04    1110    1110
  0.500   4.221   1.650   -0.46  271.08    4.19   -1.41  266.91    6.55   -1.09    1110    1110
  1.000   3.314   1.513   -0.29  268.13    4.47   -1.02  263.20    7.97   -1.20    1110    1110
  1.500   2.475   1.397    0.18  265.79    4.54   -0.49  258.65    9.57   -1.00    1110    1110
  2.000   1.818   1.223    0.61  263.42    4.74   -0.20  254.22   10.32   -0.68    1109    1109
  2.500   1.345   1.025    1.01  260.76    5.00   -0.02  250.21   10.66   -0.51    1109    1109
  3.000   1.019   0.841    1.24  258.00    5.29   -0.00  246.68   10.89   -0.41    1109    1109
  3.500   0.780   0.667    1.33  254.99    5.49   -0.00  243.55   10.90   -0.39    1109    1109
  4.000   0.603   0.520    1.35  251.80    5.66   -0.04  240.82   10.63   -0.39    1109    1109
  4.500   0.455   0.410    1.49  248.60    5.81   -0.02  237.85   10.33   -0.29    1109    1109
  5.000   0.345   0.318    1.54  245.28    5.94    0.00  234.95   10.15   -0.23    1109    1109
  5.500   0.253   0.238    1.65  241.91    6.03    0.04  232.00    9.78   -0.20    1108    1108
  6.000   0.180   0.173    1.72  238.46    5.97    0.10  228.80    9.46   -0.15    1103    1103
  6.500   0.123   0.118    1.76  235.01    5.84    0.14  225.54    9.00   -0.14    1095    1095
  7.000   0.083   0.079    1.81  231.65    5.55    0.18  222.23    8.45   -0.08    1085    1085
  7.500   0.054   0.053    1.90  228.49    5.17    0.20  218.89    7.95   -0.00    1066    1066
  8.000   0.035   0.035    1.93  225.67    4.64    0.17  215.79    7.31    0.03    1051    1051
  8.500   0.024   0.022    1.92  223.35    4.18    0.06  213.10    6.67   -0.04    1044    1044
  9.000   0.016   0.016    2.21  221.65    4.00    0.18  210.66    6.21   -0.03     952     952
  9.500   0.012   0.012    2.73  220.60    4.43    0.19  208.77    5.87   -0.02     921     921
 10.000   0.010   0.010  999.90  220.25    5.20    0.07  207.45    5.82    0.09     927     927
 10.500   0.008   0.010  999.90  220.58    5.92   -0.16  206.44    6.22    0.34     826     826
 11.000   0.008   0.010  999.90  221.25    6.08   -0.41  205.97    6.50    0.39     855     855
 11.500   0.009   0.011  999.90  222.01    5.91   -0.74  205.61    6.68    0.40     927     927
 12.000   0.009   0.011  999.90  222.73    5.50   -1.01  205.27    6.78    0.44     959     959
 12.500   0.008   0.010  999.90  223.24    4.86   -0.93  204.83    6.79    0.51     987     987
 13.000   0.008   0.010  999.90  223.51    4.39   -0.73  204.37    6.79    0.56    1002    1002
 13.500   0.008   0.009  999.90  223.57    4.14   -0.69  203.96    6.74    0.59    1015    1015
 14.000   0.007   0.009  999.90  223.52    3.95   -0.59  203.66    6.70    0.60    1007    1007
 14.500   0.007   0.008  999.90  223.36    3.84   -0.51  203.29    6.68    0.60    1002    1002
 15.000   0.007   0.008  999.90  223.16    3.76   -0.46  202.98    6.70    0.61    1004    1004
 15.500   0.006   0.008  999.90  222.93    3.73   -0.48  202.66    6.68    0.63    1007    1007
 16.000   0.006   0.008  999.90  222.73    3.74   -0.44  202.41    6.63    0.65    1005    1005
 16.500   0.006   0.007  999.90  222.55    3.69   -0.37  202.21    6.59    0.65     995     995
 17.000   0.006   0.007  999.90  222.36    3.62   -0.31  202.01    6.52    0.67     995     995
 17.500   0.006   0.007  999.90  222.16    3.65   -0.25  201.78    6.51    0.69     997     997
 18.000   0.006   0.007  999.90  222.07    3.62   -0.26  201.66    6.53    0.73     993     993
 18.500   0.005   0.007  999.90  221.97    3.55   -0.30  201.59    6.49    0.73     992     992
 19.000   0.005   0.007  999.90  221.90    3.61   -0.31  201.47    6.51    0.73     984     984
 19.500   0.005   0.007  999.90  221.84    3.68   -0.30  201.41    6.53    0.73     978     978
 20.000   0.005   0.007  999.90  221.72    3.80   -0.29  201.26    6.58    0.75     978     978
 20.500   0.005   0.007  999.90  221.63    3.83   -0.25  201.14    6.63    0.79     957     957
 21.000   0.005   0.007  999.90  221.54    3.97   -0.13  201.09    6.60    0.78     947     947
 21.500   0.005   0.007  999.90  221.35    4.13   -0.06  200.96    6.57    0.79     937     937
 22.000   0.005   0.007  999.90  221.24    4.31    0.01  200.91    6.63    0.80     930     930
 22.500   0.005   0.007  999.90  221.18    4.52    0.07  200.80    6.68    0.81     924     924
 23.000   0.005   0.007  999.90  221.11    4.68    0.07  200.73    6.64    0.75     919     919
 23.500   0.004   0.007  999.90  221.05    4.88    0.10  200.65    6.68    0.74     904     904
 24.000   0.004   0.007  999.90  221.04    5.17    0.18  200.80    6.72    0.80     858     858
 24.500   0.004   0.007  999.90  221.03    5.48    0.28  200.75    6.81    0.79     844     844
 25.000   0.004   0.008  999.90  221.01    5.77    0.34  200.72    6.89    0.81     835     835
 25.500   0.004   0.008  999.90  221.05    5.95    0.28  200.71    6.89    0.82     829     829
 26.000   0.004   0.008  999.90  221.19    6.16    0.22  200.78    6.90    0.82     821     821
 26.500   0.004   0.008  999.90  221.31    6.41    0.18  200.96    6.88    0.88     796     796
 27.000   0.004   0.008  999.90  221.37    6.68    0.14  201.02    6.82    0.92     774     774
 27.500   0.004   0.008  999.90  221.56    6.97    0.09  201.15    6.73    0.91     759     759
 28.000   0.004   0.008  999.90  221.81    7.26    0.09  201.21    6.75    0.91     745     745
 28.500   0.004   0.009  999.90  222.03    7.43    0.07  201.26    6.72    0.97     724     724
 29.000   0.004   0.009  999.90  222.37    7.55    0.04  201.38    6.72    0.99     714     714
 29.500   0.004   0.009  999.90  222.65    7.71   -0.02  201.47    6.72    1.00     694     694
 30.000   0.004   0.009  999.90  223.04    7.95   -0.10  201.60    6.64    0.95     666     666
  T A B L E  III -   3.  M O I S T U R E  R E L A T E D  S T A T I S T I C A L  P A R A M E T E R S
                                     March
 STATION =   703500     KODIAK, ALASKA
      Z VAPOR P   SD VP SKEW VP      TV      TV SKEW TV DEWPT T  SD DPT SKW DPT NOBS TP NOBS TV   
           MEAN                    MEAN      SD            MEAN                                   
     KM      MB      MB          KELVIN  KELVIN          KELVIN  KELVIN                           
  0.000  16.000   6.000    0.00  291.00    6.00    0.00  290.00    7.00    0.00       0       0
  0.004   4.731   1.871   -0.01  273.69    4.24   -0.92  268.57    5.99   -0.60    1199    1199
  0.500   3.742   1.558   -0.02  270.34    4.17   -1.04  265.34    6.29   -0.68    1199    1199
  1.000   2.993   1.356    0.04  267.07    4.41   -0.67  262.14    7.17   -0.97    1199    1199
  1.500   2.191   1.229    0.33  264.50    4.52   -0.28  257.39    8.94   -0.91    1198    1198
  2.000   1.576   1.056    0.78  262.02    4.70    0.03  252.76    9.71   -0.62    1199    1199
  2.500   1.216   0.908    1.16  259.38    5.04    0.21  249.38    9.99   -0.48    1199    1199
  3.000   0.910   0.748    1.51  256.53    5.38    0.28  245.85    9.94   -0.25    1199    1199
  3.500   0.680   0.601    1.67  253.50    5.62    0.27  242.34   10.11   -0.18    1199    1199
  4.000   0.520   0.491    1.85  250.37    5.80    0.25  239.26   10.15   -0.09    1199    1199
  4.500   0.389   0.375    1.93  247.20    5.95    0.24  236.20    9.99   -0.10    1199    1199
  5.000   0.290   0.286    1.99  243.97    6.03    0.18  233.20    9.84   -0.07    1199    1199
  5.500   0.209   0.215    2.14  240.75    6.07    0.16  230.05    9.56    0.00    1196    1196
  6.000   0.147   0.154    2.31  237.50    6.04    0.18  226.94    9.05    0.07    1188    1188
  6.500   0.102   0.111    2.30  234.35    5.82    0.25  223.77    8.82    0.11    1168    1168
  7.000   0.069   0.076    2.23  231.32    5.49    0.28  220.74    8.34    0.16    1143    1143
  7.500   0.047   0.051    2.22  228.48    5.05    0.27  217.72    7.77    0.21    1131    1131
  8.000   0.032   0.034    2.28  226.07    4.53    0.16  214.96    7.13    0.22    1129    1129
  8.500   0.022   0.022    2.18  224.17    4.24    0.01  212.49    6.48    0.20    1124    1124
  9.000   0.015   0.015    2.07  222.74    4.31    0.08  210.24    6.07    0.17    1071    1071
  9.500   0.012   0.011    1.69  221.96    4.74    0.10  208.55    5.75    0.10    1039    1039
 10.000   0.010   0.010  999.90  221.79    5.45   -0.06  207.38    5.74    0.14    1032    1032
 10.500   0.008   0.010  999.90  221.91    6.02   -0.31  206.27    6.08    0.38     959     959
 11.000   0.008   0.010  999.90  222.33    6.22   -0.50  205.73    6.37    0.42     964     964
 11.500   0.008   0.010  999.90  222.93    5.99   -0.69  205.30    6.55    0.45    1003    1003
 12.000   0.008   0.010  999.90  223.35    5.59   -0.81  204.94    6.64    0.48    1036    1036
 12.500   0.008   0.010  999.90  223.70    4.90   -0.59  204.48    6.66    0.54    1071    1071
 13.000   0.008   0.010  999.90  223.81    4.48   -0.38  204.00    6.74    0.61    1086    1086
 13.500   0.007   0.009  999.90  223.76    4.24   -0.33  203.56    6.77    0.63    1094    1094
 14.000   0.007   0.009  999.90  223.63    4.17   -0.32  203.18    6.75    0.63    1090    1090
 14.500   0.007   0.008  999.90  223.43    4.07   -0.33  202.79    6.74    0.64    1090    1090
 15.000   0.006   0.008  999.90  223.20    4.06   -0.29  202.43    6.76    0.69    1085    1085
 15.500   0.006   0.008  999.90  222.96    3.98   -0.23  202.16    6.74    0.72    1083    1083
 16.000   0.006   0.008  999.90  222.72    4.01   -0.18  201.89    6.74    0.75    1083    1083
 16.500   0.006   0.008  999.90  222.50    4.06   -0.12  201.66    6.78    0.79    1077    1077
 17.000   0.006   0.009  999.90  222.27    4.05   -0.07  201.44    6.81    0.83    1076    1076
 17.500   0.005   0.008  999.90  222.10    4.07   -0.09  201.23    6.78    0.83    1074    1074
 18.000   0.005   0.007  999.90  221.94    4.00   -0.11  201.03    6.70    0.82    1073    1073
 18.500   0.005   0.008  999.90  221.83    4.03   -0.10  200.92    6.80    0.85    1048    1048
 19.000   0.005   0.008  999.90  221.68    4.13   -0.02  200.82    6.84    0.88    1037    1037
 19.500   0.005   0.008  999.90  221.57    4.22    0.01  200.72    6.85    0.89    1028    1028
 20.000   0.005   0.008  999.90  221.43    4.27    0.05  200.56    6.87    0.88    1025    1025
 20.500   0.005   0.009  999.90  221.28    4.38    0.09  200.54    6.91    0.89     996     996
 21.000   0.005   0.008  999.90  221.09    4.48    0.13  200.49    6.89    0.88     979     979
 21.500   0.005   0.008  999.90  220.96    4.54    0.16  200.41    6.91    0.87     972     972
 22.000   0.004   0.007  999.90  220.79    4.59    0.12  200.32    6.89    0.82     959     959
 22.500   0.004   0.007  999.90  220.61    4.74    0.12  200.21    6.89    0.81     954     954
 23.000   0.004   0.007  999.90  220.57    4.90    0.10  200.15    6.87    0.81     950     950
 23.500   0.004   0.007  999.90  220.48    5.01    0.10  200.13    6.85    0.82     940     940
 24.000   0.004   0.006  999.90  220.37    5.12    0.06  200.15    6.79    0.82     910     910
 24.500   0.004   0.006  999.90  220.31    5.28    0.06  200.15    6.75    0.82     894     894
 25.000   0.004   0.006  999.90  220.23    5.41    0.06  200.09    6.68    0.80     887     887
 25.500   0.004   0.006  999.90  220.19    5.49    0.07  200.06    6.68    0.77     883     883
 26.000   0.004   0.006  999.90  220.17    5.57    0.05  200.01    6.71    0.77     881     881
 26.500   0.004   0.006  999.90  220.16    5.74    0.04  200.19    6.65    0.75     846     846
 27.000   0.004   0.006  999.90  220.15    5.86    0.03  200.29    6.60    0.76     812     812
 27.500   0.004   0.006  999.90  220.25    5.97    0.02  200.33    6.55    0.77     807     807
 28.000   0.003   0.006  999.90  220.33    6.09    0.02  200.36    6.53    0.80     790     790
 28.500   0.003   0.006  999.90  220.43    6.16    0.04  200.32    6.51    0.84     776     776
 29.000   0.003   0.006  999.90  220.60    6.30    0.06  200.28    6.48    0.87     761     761
 29.500   0.003   0.006  999.90  220.85    6.40    0.02  200.34    6.38    0.81     748     748
 30.000   0.003   0.006  999.90  221.12    6.56    0.04  200.34    6.39    0.87     720     720
  T A B L E  III -   4.  M O I S T U R E  R E L A T E D  S T A T I S T I C A L  P A R A M E T E R S
                                     April
 STATION =   703500     KODIAK, ALASKA
      Z VAPOR P   SD VP SKEW VP      TV      TV SKEW TV DEWPT T  SD DPT SKW DPT NOBS TP NOBS TV   
           MEAN                    MEAN      SD            MEAN                                   
     KM      MB      MB          KELVIN  KELVIN          KELVIN  KELVIN                           
  0.000  16.000   6.000    0.00  291.00    6.00    0.00  290.00    7.00    0.00       0       0
  0.004   5.990   1.713   -0.41  276.96    3.22   -0.37  272.27    4.54   -1.05    1164    1164
  0.500   4.733   1.454   -0.32  273.55    3.07    0.02  269.00    4.78   -1.08    1163    1163
  1.000   3.810   1.313   -0.21  270.17    3.43    0.24  265.91    5.56   -1.40    1163    1163
  1.500   2.895   1.291    0.18  267.58    3.96    0.70  261.73    7.26   -1.25    1164    1164
  2.000   2.151   1.193    0.54  264.99    4.30    0.76  257.33    8.57   -0.94    1164    1164
  2.500   1.623   1.051    0.88  262.41    4.60    0.68  253.36    9.35   -0.71    1164    1164
  3.000   1.244   0.880    1.17  259.63    4.85    0.58  249.96    9.56   -0.58    1164    1164
  3.500   0.946   0.731    1.48  256.71    5.11    0.49  246.61    9.63   -0.44    1164    1164
  4.000   0.725   0.597    1.70  253.64    5.39    0.40  243.60    9.42   -0.29    1164    1164
  4.500   0.545   0.481    1.87  250.46    5.64    0.35  240.38    9.32   -0.14    1164    1164
  5.000   0.405   0.375    2.02  247.17    5.86    0.32  237.18    9.20   -0.04    1164    1164
  5.500   0.303   0.280    1.86  243.87    6.04    0.30  234.26    9.02   -0.03    1164    1164
  6.000   0.219   0.209    1.96  240.43    6.13    0.30  231.18    8.65    0.07    1155    1155
  6.500   0.155   0.152    2.07  237.02    6.11    0.34  228.09    8.29    0.15    1141    1141
  7.000   0.107   0.109    2.15  233.61    5.96    0.39  224.93    7.91    0.25    1126    1126
  7.500   0.073   0.077    2.28  230.36    5.58    0.51  221.75    7.50    0.36    1107    1107
  8.000   0.049   0.052    2.36  227.41    5.05    0.61  218.62    7.04    0.42    1105    1105
  8.500   0.033   0.034    2.38  225.02    4.39    0.60  215.67    6.50    0.38    1105    1105
  9.000   0.023   0.022    2.16  223.25    3.92    0.41  213.07    6.03    0.23    1075    1075
  9.500   0.016   0.014    1.69  222.09    4.03    0.12  210.95    5.67    0.01    1050    1050
 10.000   0.013   0.011    1.44  221.64    4.63   -0.07  209.38    5.51   -0.13    1045    1045
 10.500   0.010   0.010  999.90  221.64    5.25   -0.21  207.86    5.70    0.12     928     928
 11.000   0.009   0.010  999.90  221.92    5.68   -0.41  206.89    6.08    0.30     910     910
 11.500   0.009   0.010  999.90  222.29    5.79   -0.69  206.17    6.42    0.38     934     934
 12.000   0.009   0.010  999.90  222.69    5.65   -1.05  205.72    6.53    0.38     989     989
 12.500   0.008   0.010  999.90  223.07    5.16   -1.15  205.19    6.71    0.43    1009    1009
 13.000   0.008   0.010  999.90  223.25    4.61   -1.13  204.67    6.87    0.47    1029    1029
 13.500   0.008   0.009  999.90  223.18    4.20   -0.80  204.06    6.96    0.51    1050    1050
 14.000   0.007   0.009  999.90  223.06    3.90   -0.62  203.61    7.00    0.52    1059    1059
 14.500   0.007   0.009  999.90  222.92    3.70   -0.51  203.19    7.00    0.55    1056    1056
 15.000   0.007   0.008  999.90  222.63    3.56   -0.47  202.76    7.03    0.56    1062    1062
 15.500   0.006   0.008  999.90  222.36    3.46   -0.45  202.41    7.05    0.57    1056    1056
 16.000   0.006   0.008  999.90  222.09    3.45   -0.40  202.11    7.06    0.58    1058    1058
 16.500   0.006   0.007  999.90  221.89    3.40   -0.41  201.91    7.04    0.59    1053    1053
 17.000   0.006   0.007  999.90  221.75    3.35   -0.40  201.74    7.03    0.61    1052    1052
 17.500   0.006   0.007  999.90  221.55    3.34   -0.32  201.49    7.06    0.63    1054    1054
 18.000   0.006   0.007  999.90  221.40    3.29   -0.24  201.29    7.08    0.65    1051    1051
 18.500   0.005   0.007  999.90  221.29    3.27   -0.19  201.17    7.05    0.66    1042    1042
 19.000   0.005   0.007  999.90  221.15    3.33   -0.14  201.03    7.06    0.66    1038    1038
 19.500   0.005   0.007  999.90  221.04    3.34   -0.13  200.95    7.07    0.68    1034    1034
 20.000   0.005   0.007  999.90  220.89    3.32   -0.08  200.75    7.07    0.72    1034    1034
 20.500   0.005   0.007  999.90  220.74    3.31    0.02  200.62    7.07    0.72    1026    1026
 21.000   0.005   0.007  999.90  220.57    3.33    0.05  200.47    7.07    0.73    1021    1021
 21.500   0.005   0.007  999.90  220.39    3.38    0.16  200.33    7.06    0.75    1015    1015
 22.000   0.005   0.007  999.90  220.26    3.45    0.23  200.21    7.05    0.77    1007    1007
 22.500   0.005   0.007  999.90  220.19    3.58    0.29  200.18    7.14    0.79    1002    1002
 23.000   0.005   0.007  999.90  220.12    3.61    0.41  200.05    7.09    0.79     997     997
 23.500   0.005   0.007  999.90  220.04    3.64    0.40  199.97    7.12    0.81     992     992
 24.000   0.005   0.007  999.90  220.03    3.78    0.42  200.06    7.17    0.82     966     966
 24.500   0.005   0.007  999.90  220.02    3.97    0.51  200.07    7.20    0.83     958     958
 25.000   0.004   0.007  999.90  220.03    4.10    0.55  200.05    7.18    0.83     951     951
 25.500   0.004   0.007  999.90  220.10    4.21    0.51  200.05    7.19    0.83     946     946
 26.000   0.004   0.007  999.90  220.22    4.30    0.50  200.02    7.20    0.87     936     936
 26.500   0.004   0.008  999.90  220.39    4.47    0.48  200.20    7.21    0.92     914     914
 27.000   0.004   0.008  999.90  220.53    4.59    0.48  200.25    7.20    0.94     905     905
 27.500   0.004   0.008  999.90  220.74    4.66    0.40  200.38    7.16    0.95     895     895
 28.000   0.005   0.008  999.90  221.07    4.81    0.35  200.60    7.19    0.96     884     884
 28.500   0.005   0.008  999.90  221.45    4.84    0.19  200.71    7.08    1.00     876     876
 29.000   0.005   0.008  999.90  221.99    4.91    0.15  200.96    7.05    1.05     855     855
 29.500   0.005   0.009  999.90  222.47    4.95    0.15  201.16    6.97    1.09     837     837
 30.000   0.005   0.009  999.90  223.05    4.96    0.14  201.38    6.98    1.17     816     816
  T A B L E  III -   5.  M O I S T U R E  R E L A T E D  S T A T I S T I C A L  P A R A M E T E R S
                                       May
 STATION =   703500     KODIAK, ALASKA
      Z VAPOR P   SD VP SKEW VP      TV      TV SKEW TV DEWPT T  SD DPT SKW DPT NOBS TP NOBS TV   
           MEAN                    MEAN      SD            MEAN                                   
     KM      MB      MB          KELVIN  KELVIN          KELVIN  KELVIN                           
  0.000  16.000   6.000    0.00  291.00    6.00    0.00  290.00    7.00    0.00       0       0
  0.004   7.602   1.641   -0.34  280.53    3.25    0.51  275.87    3.33   -0.92    1197    1197
  0.500   5.950   1.372   -0.21  277.48    3.48    1.00  272.42    3.46   -0.90    1197    1197
  1.000   4.862   1.262   -0.03  274.12    3.74    0.79  269.58    3.84   -0.95    1197    1197
  1.500   3.812   1.353    0.06  271.44    4.07    0.56  265.89    5.58   -1.31    1197    1197
  2.000   2.907   1.338    0.35  268.86    4.29    0.42  261.81    7.12   -1.09    1196    1196
  2.500   2.201   1.221    0.58  266.27    4.46    0.32  257.75    8.26   -0.86    1195    1195
  3.000   1.679   1.046    0.83  263.53    4.65    0.21  254.16    8.50   -0.56    1196    1196
  3.500   1.271   0.854    0.98  260.69    4.79    0.11  250.64    8.75   -0.46    1196    1196
  4.000   0.964   0.687    1.07  257.65    4.92    0.04  247.27    8.88   -0.36    1196    1196
  4.500   0.726   0.540    1.22  254.46    5.09   -0.01  244.15    8.57   -0.21    1196    1196
  5.000   0.541   0.420    1.30  251.11    5.27   -0.03  240.87    8.52   -0.13    1196    1196
  5.500   0.399   0.320    1.44  247.71    5.44   -0.01  237.70    8.30   -0.08    1196    1196
  6.000   0.288   0.242    1.58  244.22    5.57    0.02  234.36    8.18    0.00    1192    1192
  6.500   0.207   0.179    1.81  240.69    5.60    0.07  231.27    7.88    0.02    1184    1184
  7.000   0.147   0.129    1.87  237.13    5.53    0.13  228.07    7.64    0.05    1180    1180
  7.500   0.100   0.090    1.95  233.65    5.39    0.19  224.68    7.35    0.11    1174    1174
  8.000   0.067   0.062    1.98  230.32    5.07    0.26  221.41    6.92    0.19    1161    1161
  8.500   0.045   0.042    2.09  227.40    4.49    0.36  218.34    6.43    0.26    1138    1138
  9.000   0.030   0.026    2.05  225.00    4.03    0.34  215.40    5.84    0.20    1132    1132
  9.500   0.021   0.017    1.82  223.28    3.93    0.28  212.80    5.37    0.04    1117    1117
 10.000   0.016   0.012    1.55  222.40    4.32    0.31  210.71    5.13   -0.15    1111    1111
 10.500   0.011   0.010    1.62  222.21    4.97    0.13  208.83    5.18   -0.00    1006    1006
 11.000   0.009   0.010  999.90  222.48    5.41   -0.24  207.41    5.51    0.28     972     972
 11.500   0.009   0.010  999.90  222.89    5.63   -0.64  206.39    6.01    0.41     979     979
 12.000   0.008   0.009  999.90  223.32    5.52   -1.05  205.68    6.17    0.49    1020    1020
 12.500   0.008   0.009  999.90  223.64    5.02   -1.33  205.01    6.31    0.56    1044    1044
 13.000   0.008   0.009  999.90  223.84    4.19   -1.22  204.33    6.30    0.61    1076    1076
 13.500   0.007   0.008  999.90  223.75    3.67   -0.93  203.59    6.39    0.71    1093    1093
 14.000   0.007   0.008  999.90  223.49    3.34   -0.76  202.92    6.43    0.76    1112    1112
 14.500   0.006   0.008  999.90  223.19    3.20   -0.67  202.41    6.49    0.79    1110    1110
 15.000   0.006   0.007  999.90  222.83    3.10   -0.58  201.90    6.52    0.81    1110    1110
 15.500   0.006   0.007  999.90  222.44    3.00   -0.51  201.46    6.53    0.81    1111    1111
 16.000   0.005   0.007  999.90  222.13    2.93   -0.43  201.11    6.54    0.82    1111    1111
 16.500   0.005   0.007  999.90  221.92    2.88   -0.35  200.87    6.55    0.86    1115    1115
 17.000   0.005   0.006  999.90  221.82    2.89   -0.31  200.71    6.51    0.87    1111    1111
 17.500   0.005   0.006  999.90  221.72    2.89   -0.21  200.58    6.51    0.88    1110    1110
 18.000   0.005   0.006  999.90  221.67    2.83   -0.17  200.49    6.48    0.90    1108    1108
 18.500   0.005   0.006  999.90  221.68    2.84   -0.13  200.41    6.49    0.93    1103    1103
 19.000   0.005   0.006  999.90  221.66    2.84   -0.08  200.37    6.50    0.93    1098    1098
 19.500   0.005   0.006  999.90  221.64    2.86   -0.07  200.30    6.55    0.94    1093    1093
 20.000   0.005   0.006  999.90  221.57    2.81   -0.06  200.21    6.53    0.95    1092    1092
 20.500   0.005   0.006  999.90  221.54    2.73   -0.08  200.14    6.52    0.98    1090    1090
 21.000   0.005   0.006  999.90  221.51    2.76   -0.03  200.12    6.52    0.99    1089    1089
 21.500   0.005   0.006  999.90  221.49    2.80    0.05  200.07    6.52    1.00    1089    1089
 22.000   0.005   0.006  999.90  221.51    2.84    0.06  200.01    6.51    1.02    1081    1081
 22.500   0.005   0.006  999.90  221.56    2.86    0.11  200.02    6.53    1.04    1078    1078
 23.000   0.005   0.006  999.90  221.65    2.92    0.12  200.05    6.56    1.05    1073    1073
 23.500   0.005   0.007  999.90  221.77    3.00    0.14  200.11    6.59    1.06    1072    1072
 24.000   0.005   0.007  999.90  221.97    3.05    0.13  200.22    6.60    1.06    1061    1061
 24.500   0.005   0.007  999.90  222.23    3.14    0.15  200.35    6.64    1.09    1054    1054
 25.000   0.005   0.007  999.90  222.50    3.24    0.11  200.54    6.64    1.09    1048    1048
 25.500   0.005   0.007  999.90  222.89    3.34    0.08  200.72    6.60    1.11    1037    1037
 26.000   0.005   0.008  999.90  223.35    3.42    0.16  200.99    6.63    1.13    1028    1028
 26.500   0.005   0.008  999.90  223.87    3.47    0.12  201.20    6.62    1.14    1029    1029
 27.000   0.005   0.008  999.90  224.46    3.58    0.08  201.58    6.60    1.15    1016    1016
 27.500   0.006   0.009  999.90  225.14    3.68    0.09  201.94    6.60    1.19    1009    1009
 28.000   0.006   0.010  999.90  225.85    3.71    0.10  202.33    6.48    1.25     999     999
 28.500   0.006   0.010  999.90  226.60    3.76    0.09  202.79    6.47    1.28     986     986
 29.000   0.007   0.011  999.90  227.39    3.84    0.03  203.22    6.42    1.33     972     972
 29.500   0.007   0.012  999.90  228.24    3.97    0.01  203.60    6.30    1.41     955     955
 30.000   0.007   0.013  999.90  229.14    4.02   -0.04  204.05    6.17    1.47     937     937
  T A B L E  III -   6.  M O I S T U R E  R E L A T E D  S T A T I S T I C A L  P A R A M E T E R S
                                      June
 STATION =   703500     KODIAK, ALASKA
      Z VAPOR P   SD VP SKEW VP      TV      TV SKEW TV DEWPT T  SD DPT SKW DPT NOBS TP NOBS TV   
           MEAN                    MEAN      SD            MEAN                                   
     KM      MB      MB          KELVIN  KELVIN          KELVIN  KELVIN                           
  0.000  16.000   6.000    0.00  291.00    6.00    0.00  290.00    7.00    0.00       0       0
  0.004   9.879   1.492    0.03  283.67    3.05    1.19  279.80    2.26   -0.49    1147    1147
  0.500   8.046   1.474    0.52  281.09    3.47    1.13  276.79    2.62   -0.21    1147    1147
  1.000   6.703   1.483    0.70  278.03    3.70    0.90  274.12    3.17   -0.68    1147    1147
  1.500   5.385   1.634    0.41  275.47    3.91    0.68  270.80    4.63   -1.31    1146    1146
  2.000   4.179   1.620    0.48  273.05    3.98    0.50  267.00    5.87   -1.11    1146    1146
  2.500   3.265   1.477    0.46  270.50    4.04    0.34  263.35    7.02   -1.17    1146    1146
  3.000   2.538   1.309    0.57  267.73    4.07    0.19  259.79    7.74   -0.97    1146    1146
  3.500   1.912   1.100    0.71  264.84    4.12    0.14  255.97    8.21   -0.76    1146    1146
  4.000   1.431   0.892    0.89  261.85    4.20    0.07  252.25    8.55   -0.68    1146    1146
  4.500   1.059   0.692    1.10  258.71    4.32    0.03  248.74    8.37   -0.57    1146    1146
  5.000   0.788   0.540    1.18  255.42    4.45   -0.01  245.35    8.26   -0.42    1146    1146
  5.500   0.581   0.420    1.38  252.05    4.59   -0.01  241.96    8.20   -0.34    1145    1145
  6.000   0.424   0.319    1.59  248.55    4.77   -0.02  238.63    7.99   -0.22    1145    1145
  6.500   0.305   0.231    1.77  244.94    4.91   -0.03  235.44    7.51   -0.15    1144    1144
  7.000   0.220   0.168    1.86  241.26    4.97    0.01  232.31    7.19   -0.10    1141    1141
  7.500   0.154   0.123    2.10  237.56    4.98    0.09  229.10    6.91   -0.09    1130    1130
  8.000   0.104   0.086    2.14  233.91    4.84    0.20  225.74    6.53    0.01    1111    1111
  8.500   0.069   0.056    2.15  230.44    4.53    0.31  222.31    6.12   -0.01    1098    1098
  9.000   0.046   0.037    2.20  227.36    4.14    0.35  218.98    5.69    0.04    1091    1091
  9.500   0.031   0.024    2.14  224.95    3.81    0.37  215.97    5.29    0.01    1089    1089
 10.000   0.022   0.016    1.72  223.40    4.02    0.34  213.32    4.96   -0.12    1088    1088
 10.500   0.016   0.012    1.74  222.93    4.55    0.29  211.15    4.97   -0.09    1070    1070
 11.000   0.013   0.012    2.37  223.28    5.00   -0.04  209.29    5.21    0.25    1034    1034
 11.500   0.011   0.011    2.48  223.91    5.24   -0.48  207.76    5.70    0.47    1024    1024
 12.000   0.010   0.011    2.61  224.54    4.97   -0.94  206.64    6.08    0.61    1029    1029
 12.500   0.009   0.011  999.90  225.01    4.25   -1.20  205.69    6.20    0.75    1038    1038
 13.000   0.009   0.011  999.90  225.18    3.62   -1.28  204.94    6.34    0.82    1061    1061
 13.500   0.008   0.010  999.90  225.07    3.12   -1.00  204.18    6.44    0.89    1063    1063
 14.000   0.008   0.010  999.90  224.85    2.83   -0.67  203.63    6.45    0.90    1073    1073
 14.500   0.007   0.009  999.90  224.54    2.65   -0.59  203.13    6.42    0.93    1073    1073
 15.000   0.007   0.008  999.90  224.22    2.55   -0.44  202.69    6.38    0.94    1073    1073
 15.500   0.006   0.008  999.90  223.92    2.50   -0.28  202.30    6.36    0.96    1072    1072
 16.000   0.006   0.008  999.90  223.74    2.42   -0.16  202.05    6.32    1.01    1070    1070
 16.500   0.006   0.008  999.90  223.63    2.37   -0.08  201.89    6.28    1.03    1068    1068
 17.000   0.006   0.008  999.90  223.51    2.32   -0.02  201.73    6.29    1.06    1068    1068
 17.500   0.006   0.008  999.90  223.44    2.28    0.12  201.65    6.27    1.08    1065    1065
 18.000   0.006   0.008  999.90  223.39    2.19    0.20  201.54    6.24    1.08    1065    1065
 18.500   0.006   0.007  999.90  223.35    2.08    0.31  201.47    6.22    1.11    1063    1063
 19.000   0.005   0.007  999.90  223.29    2.02    0.29  201.35    6.17    1.13    1056    1056
 19.500   0.005   0.007  999.90  223.20    2.02    0.28  201.25    6.16    1.14    1054    1054
 20.000   0.005   0.007  999.90  223.18    2.01    0.33  201.21    6.18    1.15    1053    1053
 20.500   0.005   0.007  999.90  223.23    1.98    0.36  201.21    6.16    1.18    1050    1050
 21.000   0.005   0.007  999.90  223.37    2.00    0.43  201.28    6.16    1.18    1043    1043
 21.500   0.005   0.007  999.90  223.46    2.07    0.39  201.28    6.14    1.19    1042    1042
 22.000   0.005   0.008  999.90  223.63    2.12    0.34  201.38    6.18    1.20    1040    1040
 22.500   0.005   0.008  999.90  223.86    2.15    0.34  201.49    6.18    1.22    1030    1030
 23.000   0.006   0.008  999.90  224.16    2.19    0.30  201.65    6.16    1.25    1029    1029
 23.500   0.006   0.008  999.90  224.53    2.23    0.30  201.86    6.16    1.26    1026    1026
 24.000   0.006   0.008  999.90  224.95    2.25    0.30  202.09    6.16    1.29    1023    1023
 24.500   0.006   0.009  999.90  225.39    2.30    0.31  202.36    6.16    1.30    1022    1022
 25.000   0.006   0.009  999.90  225.91    2.39    0.30  202.65    6.13    1.33    1018    1018
 25.500   0.007   0.010  999.90  226.51    2.47    0.25  203.03    6.13    1.36    1017    1017
 26.000   0.007   0.011  999.90  227.19    2.55    0.25  203.39    6.15    1.45    1014    1014
 26.500   0.007   0.012  999.90  227.94    2.63    0.22  203.82    6.15    1.50    1012    1012
 27.000   0.008   0.013  999.90  228.69    2.72    0.17  204.26    6.16    1.51    1004    1004
 27.500   0.008   0.012  999.90  229.43    2.78    0.09  204.67    6.02    1.51    1008    1008
 28.000   0.009   0.013  999.90  230.20    2.84    0.02  205.11    5.95    1.53    1004    1004
 28.500   0.009   0.014  999.90  231.04    2.91   -0.01  205.59    5.93    1.57     995     995
 29.000   0.010   0.015  999.90  231.96    3.00   -0.01  206.14    5.90    1.60     986     986
 29.500   0.010   0.016  999.90  232.93    3.10   -0.07  206.63    5.75    1.65     971     971
 30.000   0.010   0.017    4.90  233.89    3.18   -0.22  207.16    5.68    1.71     958     958
  T A B L E  III -   7.  M O I S T U R E  R E L A T E D  S T A T I S T I C A L  P A R A M E T E R S
                                      July
 STATION =   703500     KODIAK, ALASKA
      Z VAPOR P   SD VP SKEW VP      TV      TV SKEW TV DEWPT T  SD DPT SKW DPT NOBS TP NOBS TV   
           MEAN                    MEAN      SD            MEAN                                   
     KM      MB      MB          KELVIN  KELVIN          KELVIN  KELVIN                           
  0.000  16.000   6.000    0.00  291.00    6.00    0.00  290.00    7.00    0.00       0       0
  0.004  11.928   1.499   -0.23  286.38    2.88    1.15  282.62    1.93   -0.66    1183    1183
  0.500  10.028   1.649    0.52  284.31    3.23    0.97  280.00    2.38    0.04    1183    1183
  1.000   8.496   1.774    0.56  281.53    3.39    0.63  277.50    3.01   -0.26    1183    1183
  1.500   6.790   1.855    0.38  279.18    3.56    0.35  274.11    4.06   -0.78    1183    1183
  2.000   5.440   1.786    0.26  276.82    3.60    0.27  270.80    5.04   -1.05    1183    1183
  2.500   4.272   1.657    0.18  274.39    3.56    0.24  267.19    6.22   -1.28    1183    1183
  3.000   3.358   1.478    0.17  271.77    3.52    0.19  263.72    7.06   -1.26    1182    1182
  3.500   2.591   1.310    0.41  269.02    3.52    0.09  260.04    7.84   -1.10    1182    1182
  4.000   1.992   1.100    0.53  266.10    3.55    0.04  256.57    8.13   -0.91    1181    1181
  4.500   1.513   0.901    0.69  263.07    3.65   -0.01  253.05    8.36   -0.78    1181    1181
  5.000   1.113   0.721    0.88  259.90    3.81   -0.04  249.29    8.48   -0.58    1180    1180
  5.500   0.846   0.576    1.05  256.62    3.93   -0.05  246.10    8.43   -0.50    1180    1180
  6.000   0.627   0.440    1.24  253.24    4.08   -0.06  242.87    8.11   -0.40    1180    1180
  6.500   0.460   0.334    1.31  249.77    4.26   -0.04  239.56    8.00   -0.33    1179    1179
  7.000   0.333   0.240    1.38  246.18    4.41   -0.02  236.35    7.65   -0.36    1179    1179
  7.500   0.238   0.174    1.53  242.50    4.54    0.02  233.19    7.17   -0.25    1178    1178
  8.000   0.167   0.123    1.63  238.77    4.57    0.12  229.92    6.70   -0.08    1174    1174
  8.500   0.113   0.084    1.72  235.07    4.50    0.23  226.56    6.29   -0.05    1162    1162
  9.000   0.076   0.057    1.80  231.52    4.24    0.35  223.16    6.00   -0.05    1141    1141
  9.500   0.049   0.038    1.95  228.27    3.93    0.40  219.73    5.60   -0.02    1116    1116
 10.000   0.033   0.024    1.89  225.57    3.79    0.45  216.62    5.06   -0.07    1114    1114
 10.500   0.023   0.015    1.50  223.71    4.10    0.59  213.86    4.70   -0.24    1103    1103
 11.000   0.016   0.012    1.49  222.85    4.86    0.53  211.44    4.62   -0.15    1050    1050
 11.500   0.013   0.011    1.96  222.77    5.62    0.14  209.58    4.91    0.14    1029    1029
 12.000   0.011   0.010    1.96  223.25    5.78   -0.31  208.15    5.36    0.27    1037    1037
 12.500   0.010   0.010  999.90  223.85    5.33   -0.78  206.89    5.81    0.43    1016    1016
 13.000   0.009   0.009  999.90  224.19    4.60   -1.00  205.72    6.01    0.56    1041    1041
 13.500   0.008   0.009  999.90  224.24    3.88   -0.93  204.68    6.13    0.67    1081    1081
 14.000   0.007   0.008  999.90  224.07    3.48   -0.71  203.70    6.23    0.73    1095    1095
 14.500   0.007   0.008  999.90  223.82    3.23   -0.59  203.07    6.25    0.77    1097    1097
 15.000   0.006   0.007  999.90  223.59    3.07   -0.53  202.59    6.27    0.80    1097    1097
 15.500   0.006   0.007  999.90  223.40    2.91   -0.50  202.21    6.31    0.84    1097    1097
 16.000   0.006   0.007  999.90  223.31    2.76   -0.48  201.98    6.34    0.87    1097    1097
 16.500   0.006   0.007  999.90  223.27    2.60   -0.39  201.83    6.28    0.90    1094    1094
 17.000   0.006   0.007  999.90  223.25    2.48   -0.28  201.70    6.24    0.97    1093    1093
 17.500   0.006   0.007  999.90  223.35    2.35   -0.19  201.70    6.27    0.98    1089    1089
 18.000   0.006   0.007  999.90  223.40    2.20   -0.08  201.67    6.30    1.02    1088    1088
 18.500   0.006   0.007  999.90  223.43    2.07    0.00  201.64    6.32    1.05    1086    1086
 19.000   0.006   0.007  999.90  223.43    1.99    0.02  201.57    6.30    1.08    1083    1083
 19.500   0.006   0.008  999.90  223.41    1.95    0.06  201.52    6.31    1.10    1081    1081
 20.000   0.006   0.008  999.90  223.50    1.91    0.16  201.52    6.26    1.13    1077    1077
 20.500   0.006   0.008  999.90  223.64    1.91    0.29  201.57    6.25    1.13    1074    1074
 21.000   0.006   0.008  999.90  223.81    1.92    0.36  201.65    6.27    1.14    1073    1073
 21.500   0.006   0.008  999.90  223.96    1.94    0.42  201.70    6.25    1.16    1070    1070
 22.000   0.006   0.008  999.90  224.19    2.00    0.37  201.81    6.24    1.17    1065    1065
 22.500   0.006   0.008  999.90  224.48    2.02    0.40  202.00    6.26    1.18    1061    1061
 23.000   0.006   0.008  999.90  224.81    2.06    0.40  202.16    6.23    1.20    1057    1057
 23.500   0.006   0.009  999.90  225.21    2.11    0.46  202.40    6.27    1.23    1056    1056
 24.000   0.006   0.009  999.90  225.68    2.15    0.48  202.65    6.28    1.26    1053    1053
 24.500   0.007   0.010  999.90  226.20    2.22    0.50  202.96    6.30    1.28    1053    1053
 25.000   0.007   0.010  999.90  226.68    2.24    0.31  203.23    6.23    1.28    1046    1046
 25.500   0.007   0.010  999.90  227.26    2.35    0.32  203.54    6.21    1.31    1042    1042
 26.000   0.007   0.011  999.90  227.94    2.39    0.25  203.90    6.15    1.35    1034    1034
 26.500   0.008   0.011  999.90  228.63    2.47    0.19  204.27    6.09    1.38    1027    1027
 27.000   0.008   0.012  999.90  229.34    2.53    0.12  204.64    6.08    1.41    1019    1019
 27.500   0.008   0.012  999.90  229.97    2.62    0.08  205.03    6.04    1.44    1023    1023
 28.000   0.009   0.013  999.90  230.66    2.74    0.05  205.41    5.95    1.48    1010    1010
 28.500   0.009   0.013  999.90  231.38    2.86   -0.10  205.78    5.84    1.50    1004    1004
 29.000   0.009   0.013  999.90  232.16    3.02   -0.16  206.22    5.78    1.52     990     990
 29.500   0.009   0.014  999.90  232.94    3.13   -0.22  206.60    5.66    1.57     975     975
 30.000   0.010   0.014  999.90  233.74    3.25   -0.37  206.99    5.54    1.62     964     964
  T A B L E  III -   8.  M O I S T U R E  R E L A T E D  S T A T I S T I C A L  P A R A M E T E R S
                                    August
 STATION =   703500     KODIAK, ALASKA
      Z VAPOR P   SD VP SKEW VP      TV      TV SKEW TV DEWPT T  SD DPT SKW DPT NOBS TP NOBS TV   
           MEAN                    MEAN      SD            MEAN                                   
     KM      MB      MB          KELVIN  KELVIN          KELVIN  KELVIN                           
  0.000  16.000   6.000    0.00  291.00    6.00    0.00  290.00    7.00    0.00       0       0
  0.004  12.038   1.847   -0.33  287.02    2.88    0.39  282.70    2.40   -0.78    1213    1213
  0.500   9.956   1.944    0.08  284.86    2.72    0.80  279.81    2.97   -0.59    1213    1213
  1.000   8.329   1.948    0.31  281.84    3.07    0.67  277.12    3.52   -0.76    1213    1213
  1.500   6.677   2.133    0.17  279.38    3.54    0.47  273.61    5.21   -1.44    1213    1213
  2.000   5.179   2.114    0.18  276.97    3.80    0.32  269.57    6.88   -1.36    1213    1213
  2.500   4.039   1.965    0.27  274.56    3.94    0.24  265.72    8.07   -1.12    1213    1213
  3.000   3.172   1.717    0.39  271.99    4.01    0.14  262.27    8.54   -0.89    1213    1213
  3.500   2.472   1.486    0.53  269.22    4.08    0.00  258.74    9.08   -0.73    1213    1213
  4.000   1.893   1.246    0.66  266.33    4.14   -0.07  255.05    9.69   -0.67    1212    1212
  4.500   1.464   1.038    0.84  263.35    4.31   -0.12  251.76    9.79   -0.52    1212    1212
  5.000   1.111   0.838    0.96  260.24    4.50   -0.21  248.32    9.93   -0.42    1212    1212
  5.500   0.852   0.663    1.07  257.00    4.69   -0.27  245.35    9.65   -0.34    1212    1212
  6.000   0.652   0.522    1.12  253.68    4.91   -0.28  242.38    9.47   -0.24    1211    1211
  6.500   0.493   0.401    1.16  250.26    5.11   -0.26  239.46    9.26   -0.22    1209    1209
  7.000   0.366   0.296    1.20  246.73    5.24   -0.25  236.53    8.85   -0.20    1209    1209
  7.500   0.266   0.214    1.25  243.15    5.33   -0.19  233.50    8.43   -0.17    1207    1207
  8.000   0.187   0.151    1.27  239.49    5.32   -0.14  230.36    7.97   -0.17    1195    1195
  8.500   0.130   0.104    1.31  235.83    5.26   -0.08  227.23    7.40   -0.09    1187    1187
  9.000   0.087   0.069    1.34  232.31    5.04    0.02  223.95    6.83   -0.05    1172    1172
  9.500   0.057   0.045    1.38  229.02    4.59    0.08  220.51    6.42   -0.08    1162    1162
 10.000   0.037   0.028    1.41  226.18    4.13    0.13  217.26    5.87   -0.16    1150    1150
 10.500   0.025   0.018    1.27  224.07    4.02    0.32  214.31    5.34   -0.30    1136    1136
 11.000   0.016   0.013    1.22  222.89    4.34    0.42  211.59    4.99   -0.21    1061    1061
 11.500   0.012   0.011    1.89  222.36    5.08    0.18  209.48    5.10    0.02    1038    1038
 12.000   0.010   0.010    2.32  222.26    5.58   -0.22  207.78    5.42    0.22    1037    1037
 12.500   0.009   0.010  999.90  222.38    5.54   -0.57  206.41    5.81    0.45     990     990
 13.000   0.008   0.009  999.90  222.60    5.03   -0.80  205.19    5.93    0.61    1032    1032
 13.500   0.007   0.008  999.90  222.61    4.47   -0.87  203.99    6.05    0.74    1063    1063
 14.000   0.006   0.008  999.90  222.47    4.02   -0.70  202.95    6.13    0.84    1100    1100
 14.500   0.006   0.008  999.90  222.23    3.77   -0.55  202.23    6.15    0.88    1100    1100
 15.000   0.005   0.007  999.90  221.99    3.57   -0.47  201.66    6.19    0.92    1103    1103
 15.500   0.005   0.007  999.90  221.79    3.36   -0.41  201.19    6.23    0.94    1105    1105
 16.000   0.005   0.007  999.90  221.70    3.21   -0.40  200.90    6.25    0.96    1107    1107
 16.500   0.005   0.007  999.90  221.70    3.06   -0.37  200.70    6.27    1.00    1112    1112
 17.000   0.005   0.007  999.90  221.65    2.95   -0.28  200.54    6.29    1.01    1114    1114
 17.500   0.005   0.007  999.90  221.72    2.77   -0.26  200.51    6.24    1.03    1120    1120
 18.000   0.005   0.007  999.90  221.85    2.61   -0.17  200.48    6.25    1.05    1120    1120
 18.500   0.005   0.007  999.90  221.92    2.49   -0.15  200.45    6.27    1.07    1119    1119
 19.000   0.005   0.007  999.90  222.03    2.37   -0.05  200.45    6.21    1.10    1117    1117
 19.500   0.005   0.007  999.90  222.15    2.31   -0.03  200.48    6.20    1.12    1111    1111
 20.000   0.005   0.007  999.90  222.30    2.25   -0.00  200.54    6.19    1.15    1111    1111
 20.500   0.005   0.007  999.90  222.42    2.21    0.02  200.57    6.17    1.19    1110    1110
 21.000   0.005   0.007  999.90  222.59    2.21    0.12  200.61    6.19    1.22    1107    1107
 21.500   0.005   0.007  999.90  222.72    2.23    0.14  200.66    6.19    1.24    1105    1105
 22.000   0.005   0.007  999.90  222.93    2.27    0.12  200.73    6.09    1.26    1102    1102
 22.500   0.005   0.007  999.90  223.21    2.31    0.18  200.84    6.05    1.28    1095    1095
 23.000   0.005   0.008  999.90  223.51    2.34    0.21  201.01    6.07    1.31    1094    1094
 23.500   0.005   0.008  999.90  223.88    2.30    0.11  201.21    6.04    1.32    1088    1088
 24.000   0.005   0.008  999.90  224.32    2.30    0.19  201.49    6.03    1.34    1085    1085
 24.500   0.006   0.008  999.90  224.75    2.34    0.17  201.76    6.03    1.38    1080    1080
 25.000   0.006   0.009  999.90  225.23    2.40    0.06  202.05    6.04    1.43    1077    1077
 25.500   0.006   0.009  999.90  225.72    2.43    0.04  202.32    5.96    1.47    1074    1074
 26.000   0.006   0.009  999.90  226.21    2.53    0.01  202.58    5.92    1.49    1068    1068
 26.500   0.006   0.010  999.90  226.68    2.64    0.03  202.84    5.92    1.50    1057    1057
 27.000   0.006   0.010  999.90  227.20    2.74   -0.01  203.11    5.89    1.52    1050    1050
 27.500   0.007   0.010  999.90  227.73    2.83   -0.11  203.36    5.79    1.56    1046    1046
 28.000   0.007   0.011  999.90  228.28    2.97   -0.20  203.66    5.74    1.60    1041    1041
 28.500   0.007   0.011  999.90  228.87    3.08   -0.25  203.97    5.73    1.63    1030    1030
 29.000   0.007   0.012  999.90  229.49    3.20   -0.34  204.31    5.68    1.68    1021    1021
 29.500   0.008   0.013  999.90  230.13    3.37   -0.40  204.73    5.67    1.69    1019    1019
 30.000   0.008   0.013  999.90  230.85    3.53   -0.43  205.11    5.67    1.72    1009    1009
  T A B L E  III -   9.  M O I S T U R E  R E L A T E D  S T A T I S T I C A L  P A R A M E T E R S
                                 September
 STATION =   703500     KODIAK, ALASKA
      Z VAPOR P   SD VP SKEW VP      TV      TV SKEW TV DEWPT T  SD DPT SKW DPT NOBS TP NOBS TV   
           MEAN                    MEAN      SD            MEAN                                   
     KM      MB      MB          KELVIN  KELVIN          KELVIN  KELVIN                           
  0.000  16.000   6.000    0.00  291.00    6.00    0.00  290.00    7.00    0.00       0       0
  0.004   9.952   2.276   -0.49  284.16    3.22   -0.62  279.67    3.70   -0.98    1172    1172
  0.500   8.012   2.044   -0.23  281.46    2.54   -0.13  276.47    4.00   -0.87    1172    1172
  1.000   6.616   1.889    0.10  278.05    2.97    0.22  273.67    4.45   -1.08    1172    1172
  1.500   5.166   1.960    0.30  275.16    3.54    0.47  269.75    6.26   -1.40    1172    1172
  2.000   3.960   1.894    0.47  272.66    3.83    0.56  265.56    7.86   -1.18    1172    1172
  2.500   3.032   1.713    0.66  270.08    4.02    0.44  261.52    8.92   -0.96    1172    1172
  3.000   2.310   1.444    0.88  267.35    4.25    0.32  257.85    9.07   -0.66    1172    1172
  3.500   1.803   1.232    0.98  264.41    4.46    0.26  254.43    9.65   -0.61    1171    1171
  4.000   1.388   1.021    1.12  261.35    4.72    0.19  251.03    9.91   -0.51    1171    1171
  4.500   1.057   0.824    1.29  258.23    4.94    0.18  247.79    9.77   -0.39    1171    1171
  5.000   0.815   0.665    1.38  255.04    5.21    0.17  244.79    9.66   -0.27    1170    1170
  5.500   0.618   0.526    1.42  251.74    5.47    0.18  241.63    9.68   -0.23    1170    1170
  6.000   0.458   0.412    1.48  248.29    5.69    0.18  238.24    9.68   -0.09    1170    1170
  6.500   0.334   0.310    1.58  244.76    5.90    0.18  235.07    9.28    0.03    1169    1169
  7.000   0.238   0.229    1.69  241.24    6.02    0.22  231.70    9.02    0.10    1169    1169
  7.500   0.169   0.167    1.81  237.70    6.09    0.25  228.56    8.64    0.19    1162    1162
  8.000   0.115   0.117    1.88  234.21    6.00    0.31  225.19    8.30    0.23    1151    1151
  8.500   0.078   0.080    1.90  230.86    5.76    0.34  221.99    7.79    0.33    1137    1137
  9.000   0.052   0.053    1.95  227.95    5.35    0.34  218.74    7.30    0.37    1121    1121
  9.500   0.034   0.035    2.03  225.69    4.80    0.26  215.78    6.70    0.37    1104    1104
 10.000   0.024   0.022    1.95  224.31    4.41    0.13  213.34    6.01    0.24    1098    1098
 10.500   0.017   0.015    1.64  223.67    4.41    0.03  211.05    5.70    0.11    1069    1069
 11.000   0.013   0.011    1.74  223.50    4.69   -0.17  208.97    5.66    0.15    1039    1039
 11.500   0.010   0.010    2.22  223.41    4.96   -0.53  207.24    5.88    0.34    1026    1026
 12.000   0.009   0.010  999.90  223.35    5.03   -0.85  205.91    6.05    0.51    1023    1023
 12.500   0.008   0.009  999.90  223.26    4.78   -1.05  204.85    6.17    0.63    1015    1015
 13.000   0.007   0.009  999.90  223.10    4.35   -1.08  203.97    6.22    0.75    1032    1032
 13.500   0.007   0.008  999.90  222.87    4.01   -0.91  203.21    6.32    0.80    1047    1047
 14.000   0.006   0.008  999.90  222.58    3.87   -0.83  202.65    6.36    0.78    1053    1053
 14.500   0.006   0.007  999.90  222.28    3.75   -0.75  202.18    6.38    0.79    1051    1051
 15.000   0.006   0.007  999.90  221.94    3.69   -0.74  201.75    6.40    0.81    1055    1055
 15.500   0.005   0.007  999.90  221.67    3.59   -0.70  201.40    6.40    0.84    1050    1050
 16.000   0.005   0.007  999.90  221.52    3.40   -0.62  201.13    6.42    0.85    1051    1051
 16.500   0.005   0.007  999.90  221.42    3.29   -0.54  200.96    6.47    0.88    1066    1066
 17.000   0.005   0.007  999.90  221.28    3.23   -0.52  200.79    6.46    0.89    1067    1067
 17.500   0.005   0.006  999.90  221.13    3.12   -0.43  200.60    6.46    0.90    1062    1062
 18.000   0.005   0.006  999.90  221.00    2.95   -0.32  200.38    6.44    0.92    1063    1063
 18.500   0.005   0.006  999.90  220.90    2.82   -0.21  200.23    6.47    0.93    1068    1068
 19.000   0.005   0.006  999.90  220.80    2.73   -0.17  200.13    6.46    0.94    1068    1068
 19.500   0.005   0.006  999.90  220.69    2.62   -0.12  200.01    6.44    0.97    1066    1066
 20.000   0.004   0.006  999.90  220.58    2.59   -0.08  199.86    6.49    1.00    1065    1065
 20.500   0.004   0.006  999.90  220.49    2.58   -0.09  199.77    6.46    1.00    1065    1065
 21.000   0.004   0.006  999.90  220.44    2.60   -0.05  199.71    6.44    1.03    1058    1058
 21.500   0.004   0.006  999.90  220.41    2.63    0.01  199.64    6.45    1.05    1048    1048
 22.000   0.004   0.006  999.90  220.46    2.67    0.04  199.61    6.46    1.07    1040    1040
 22.500   0.004   0.006  999.90  220.53    2.72   -0.05  199.64    6.48    1.08    1036    1036
 23.000   0.004   0.006  999.90  220.65    2.69   -0.07  199.66    6.46    1.12    1030    1030
 23.500   0.004   0.006  999.90  220.81    2.68   -0.06  199.69    6.46    1.14    1023    1023
 24.000   0.004   0.007  999.90  221.03    2.74   -0.12  199.82    6.49    1.16    1011    1011
 24.500   0.004   0.007  999.90  221.24    2.82   -0.26  199.93    6.49    1.17    1008    1008
 25.000   0.004   0.007  999.90  221.46    2.89   -0.20  200.02    6.50    1.18    1005    1005
 25.500   0.004   0.007  999.90  221.69    2.95   -0.17  200.15    6.50    1.18    1002    1002
 26.000   0.005   0.007  999.90  221.96    3.04   -0.18  200.29    6.49    1.19     997     997
 26.500   0.005   0.007  999.90  222.27    3.07   -0.17  200.44    6.47    1.22     983     983
 27.000   0.005   0.007  999.90  222.55    3.18   -0.12  200.56    6.40    1.23     978     978
 27.500   0.005   0.007  999.90  222.82    3.34   -0.10  200.68    6.36    1.22     973     973
 28.000   0.005   0.008  999.90  223.15    3.44   -0.10  200.88    6.35    1.24     967     967
 28.500   0.005   0.008  999.90  223.55    3.56   -0.18  201.09    6.34    1.25     954     954
 29.000   0.005   0.008  999.90  224.01    3.69   -0.20  201.30    6.25    1.26     941     941
 29.500   0.005   0.008  999.90  224.47    3.83   -0.24  201.55    6.26    1.28     933     933
 30.000   0.005   0.008  999.90  225.01    3.90   -0.28  201.73    6.19    1.32     905     905
  T A B L E  III -  10.  M O I S T U R E  R E L A T E D  S T A T I S T I C A L  P A R A M E T E R S
                                   October
 STATION =   703500     KODIAK, ALASKA
      Z VAPOR P   SD VP SKEW VP      TV      TV SKEW TV DEWPT T  SD DPT SKW DPT NOBS TP NOBS TV   
           MEAN                    MEAN      SD            MEAN                                   
     KM      MB      MB          KELVIN  KELVIN          KELVIN  KELVIN                           
  0.000  16.000   6.000    0.00  291.00    6.00    0.00  290.00    7.00    0.00       0       0
  0.004   7.146   2.373    0.10  279.55    3.77   -0.62  274.56    5.07   -0.56    1234    1234
  0.500   5.792   2.045    0.16  276.60    3.38   -0.59  271.55    5.34   -0.66    1234    1234
  1.000   4.735   1.848    0.27  273.16    3.84   -0.07  268.59    6.08   -1.01    1234    1234
  1.500   3.621   1.842    0.53  270.50    4.21    0.20  264.21    8.15   -0.99    1234    1234
  2.000   2.689   1.661    0.85  267.95    4.48    0.36  259.70    9.36   -0.77    1233    1233
  2.500   2.020   1.426    1.12  265.17    4.82    0.43  255.64    9.96   -0.58    1233    1233
  3.000   1.531   1.210    1.33  262.28    5.16    0.37  251.80   10.48   -0.43    1233    1233
  3.500   1.139   0.983    1.58  259.17    5.45    0.37  248.07   10.55   -0.27    1233    1233
  4.000   0.855   0.789    1.75  255.98    5.75    0.29  244.61   10.53   -0.14    1233    1233
  4.500   0.662   0.647    1.90  252.70    6.04    0.27  241.63   10.50   -0.04    1233    1233
  5.000   0.502   0.513    2.00  249.29    6.30    0.28  238.64   10.22    0.08    1233    1233
  5.500   0.371   0.403    2.19  245.84    6.56    0.30  235.42    9.95    0.22    1233    1233
  6.000   0.274   0.307    2.27  242.33    6.75    0.33  232.38    9.68    0.31    1232    1232
  6.500   0.196   0.228    2.36  238.85    6.82    0.38  229.09    9.42    0.41    1232    1232
  7.000   0.138   0.163    2.42  235.38    6.85    0.42  225.83    9.15    0.43    1229    1229
  7.500   0.095   0.116    2.52  232.01    6.73    0.48  222.61    8.73    0.53    1226    1226
  8.000   0.065   0.080    2.55  228.90    6.39    0.53  219.44    8.24    0.63    1225    1225
  8.500   0.044   0.054    2.64  226.26    5.86    0.52  216.60    7.59    0.71    1223    1223
  9.000   0.030   0.035    2.60  224.25    5.25    0.39  214.12    6.98    0.70    1188    1188
  9.500   0.022   0.023    2.56  222.95    4.76    0.13  211.95    6.36    0.59    1180    1180
 10.000   0.016   0.015    2.25  222.37    4.50   -0.08  210.08    5.86    0.35    1186    1186
 10.500   0.012   0.011    2.05  222.25    4.46   -0.07  208.26    5.69    0.20    1127    1127
 11.000   0.010   0.009  999.90  222.20    4.60   -0.26  206.76    5.77    0.27    1106    1106
 11.500   0.009   0.009  999.90  222.24    4.63   -0.61  205.65    5.96    0.34    1112    1112
 12.000   0.008   0.008  999.90  222.19    4.62   -0.94  204.89    6.10    0.37    1124    1124
 12.500   0.007   0.008  999.90  222.13    4.38   -1.16  204.19    6.22    0.44    1131    1131
 13.000   0.007   0.007  999.90  222.06    4.01   -1.18  203.65    6.27    0.45    1154    1154
 13.500   0.007   0.007  999.90  221.89    3.67   -0.91  203.10    6.33    0.48    1163    1163
 14.000   0.006   0.007  999.90  221.65    3.49   -0.73  202.64    6.39    0.50    1157    1157
 14.500   0.006   0.007  999.90  221.46    3.41   -0.62  202.28    6.39    0.53    1152    1152
 15.000   0.006   0.006  999.90  221.30    3.44   -0.61  201.96    6.37    0.57    1147    1147
 15.500   0.006   0.006  999.90  221.15    3.39   -0.61  201.72    6.40    0.59    1150    1150
 16.000   0.005   0.006  999.90  220.95    3.34   -0.54  201.45    6.39    0.60    1154    1154
 16.500   0.005   0.006  999.90  220.81    3.25   -0.45  201.25    6.44    0.61    1160    1160
 17.000   0.005   0.006  999.90  220.70    3.23   -0.33  201.13    6.51    0.64    1152    1152
 17.500   0.005   0.006  999.90  220.49    3.19   -0.29  200.92    6.51    0.66    1151    1151
 18.000   0.005   0.006  999.90  220.31    3.13   -0.22  200.73    6.49    0.65    1153    1153
 18.500   0.005   0.006  999.90  220.15    3.04   -0.15  200.55    6.52    0.66    1145    1145
 19.000   0.005   0.006  999.90  219.94    3.03   -0.17  200.34    6.54    0.68    1138    1138
 19.500   0.005   0.006  999.90  219.78    3.02   -0.14  200.18    6.57    0.70    1133    1133
 20.000   0.005   0.006  999.90  219.66    2.99   -0.12  200.08    6.60    0.71    1134    1134
 20.500   0.004   0.006  999.90  219.59    2.98   -0.09  199.98    6.58    0.73    1121    1121
 21.000   0.004   0.006  999.90  219.49    3.07   -0.08  199.98    6.58    0.72    1101    1101
 21.500   0.004   0.006  999.90  219.38    3.12   -0.12  199.89    6.60    0.72    1090    1090
 22.000   0.004   0.006  999.90  219.36    3.17   -0.14  199.87    6.59    0.73    1085    1085
 22.500   0.004   0.006  999.90  219.44    3.21   -0.22  199.94    6.64    0.75    1082    1082
 23.000   0.004   0.006  999.90  219.52    3.21   -0.27  199.99    6.62    0.75    1078    1078
 23.500   0.004   0.006  999.90  219.56    3.30   -0.28  200.00    6.63    0.75    1077    1077
 24.000   0.004   0.006  999.90  219.64    3.38   -0.29  200.07    6.65    0.76    1046    1046
 24.500   0.004   0.006  999.90  219.76    3.47   -0.36  200.17    6.60    0.75    1036    1036
 25.000   0.004   0.006  999.90  219.81    3.61   -0.44  200.17    6.58    0.75    1028    1028
 25.500   0.004   0.006  999.90  219.89    3.73   -0.44  200.20    6.62    0.76    1023    1023
 26.000   0.004   0.006  999.90  220.02    3.82   -0.48  200.21    6.66    0.80    1010    1010
 26.500   0.004   0.006  999.90  220.11    3.89   -0.49  200.21    6.68    0.83     990     990
 27.000   0.004   0.006  999.90  220.21    4.01   -0.50  200.31    6.64    0.84     975     975
 27.500   0.004   0.006  999.90  220.35    4.10   -0.47  200.37    6.63    0.83     956     956
 28.000   0.004   0.006  999.90  220.40    4.19   -0.42  200.38    6.66    0.83     946     946
 28.500   0.004   0.006  999.90  220.52    4.30   -0.40  200.39    6.68    0.85     935     935
 29.000   0.004   0.007  999.90  220.74    4.42   -0.42  200.43    6.70    0.89     912     912
 29.500   0.004   0.007  999.90  221.00    4.50   -0.47  200.52    6.67    0.93     888     888
 30.000   0.004   0.007  999.90  221.32    4.50   -0.48  200.55    6.62    0.96     855     855
  T A B L E  III -  11.  M O I S T U R E  R E L A T E D  S T A T I S T I C A L  P A R A M E T E R S
                                  November
 STATION =   703500     KODIAK, ALASKA
      Z VAPOR P   SD VP SKEW VP      TV      TV SKEW TV DEWPT T  SD DPT SKW DPT NOBS TP NOBS TV   
           MEAN                    MEAN      SD            MEAN                                   
     KM      MB      MB          KELVIN  KELVIN          KELVIN  KELVIN                           
  0.000  16.000   6.000    0.00  291.00    6.00    0.00  290.00    7.00    0.00       0       0
  0.004   5.466   2.144    0.27  275.52    4.32   -0.61  270.59    5.77   -0.42    1190    1190
  0.500   4.453   1.866    0.29  272.64    4.38   -0.71  267.68    6.16   -0.53    1190    1190
  1.000   3.589   1.692    0.42  269.50    4.67   -0.49  264.49    7.14   -0.80    1189    1189
  1.500   2.700   1.571    0.64  267.04    4.83   -0.17  259.96    8.96   -0.81    1190    1190
  2.000   1.966   1.364    0.97  264.48    4.97    0.00  255.30    9.96   -0.56    1190    1190
  2.500   1.475   1.153    1.28  261.74    5.18    0.17  251.33   10.51   -0.43    1190    1190
  3.000   1.124   0.933    1.53  258.78    5.45    0.25  248.02   10.46   -0.33    1190    1190
  3.500   0.850   0.753    1.71  255.67    5.70    0.30  244.73   10.32   -0.17    1190    1190
  4.000   0.645   0.600    1.86  252.43    5.89    0.31  241.57   10.22   -0.07    1190    1190
  4.500   0.496   0.483    1.96  249.15    6.09    0.33  238.69   10.10   -0.01    1190    1190
  5.000   0.373   0.379    2.10  245.87    6.32    0.33  235.67    9.92    0.05    1190    1190
  5.500   0.275   0.298    2.21  242.54    6.49    0.34  232.47    9.77    0.19    1189    1189
  6.000   0.199   0.224    2.35  239.21    6.57    0.35  229.21    9.64    0.23    1188    1188
  6.500   0.140   0.162    2.43  235.92    6.56    0.37  225.95    9.39    0.28    1186    1186
  7.000   0.097   0.115    2.58  232.70    6.40    0.41  222.72    8.94    0.37    1181    1181
  7.500   0.066   0.080    2.78  229.65    6.06    0.54  219.75    8.30    0.46    1179    1179
  8.000   0.045   0.053    2.93  226.97    5.49    0.63  216.95    7.61    0.51    1172    1172
  8.500   0.031   0.036    3.13  224.75    4.91    0.57  214.38    6.93    0.52    1166    1166
  9.000   0.021   0.023    3.11  223.04    4.48    0.52  211.94    6.38    0.47    1119    1119
  9.500   0.016   0.015    2.83  221.97    4.37    0.33  209.88    5.96    0.31    1119    1119
 10.000   0.012   0.011    2.59  221.49    4.60    0.19  208.24    5.71    0.19    1115    1115
 10.500   0.009   0.010  999.90  221.36    5.08   -0.11  206.66    5.87    0.36    1011    1011
 11.000   0.008   0.009  999.90  221.37    5.41   -0.41  205.63    6.15    0.46     998     998
 11.500   0.008   0.009  999.90  221.53    5.41   -0.67  204.91    6.35    0.53    1030    1030
 12.000   0.008   0.009  999.90  221.66    5.29   -0.96  204.40    6.52    0.55    1048    1048
 12.500   0.007   0.009  999.90  221.69    5.02   -1.07  203.74    6.57    0.62    1061    1061
 13.000   0.007   0.008  999.90  221.64    4.64   -1.03  203.17    6.67    0.64    1074    1074
 13.500   0.007   0.008  999.90  221.61    4.43   -0.78  202.73    6.74    0.69    1086    1086
 14.000   0.006   0.008  999.90  221.48    4.34   -0.63  202.38    6.80    0.69    1079    1079
 14.500   0.006   0.008  999.90  221.31    4.31   -0.61  202.10    6.79    0.70    1074    1074
 15.000   0.006   0.008  999.90  221.18    4.30   -0.58  201.90    6.78    0.72    1076    1076
 15.500   0.006   0.008  999.90  221.07    4.24   -0.61  201.70    6.73    0.76    1074    1074
 16.000   0.006   0.008  999.90  221.01    4.21   -0.58  201.55    6.74    0.77    1083    1083
 16.500   0.006   0.007  999.90  220.87    4.11   -0.56  201.36    6.74    0.77    1074    1074
 17.000   0.005   0.007  999.90  220.76    4.05   -0.48  201.25    6.77    0.76    1070    1070
 17.500   0.005   0.008  999.90  220.67    3.99   -0.40  201.13    6.87    0.80    1069    1069
 18.000   0.005   0.008  999.90  220.50    4.01   -0.37  201.01    6.91    0.81    1063    1063
 18.500   0.005   0.007  999.90  220.31    4.06   -0.35  200.88    6.81    0.82    1024    1024
 19.000   0.005   0.007  999.90  220.16    4.16   -0.31  200.80    6.86    0.81    1015    1015
 19.500   0.005   0.007  999.90  219.98    4.23   -0.24  200.64    6.92    0.82    1016    1016
 20.000   0.005   0.007  999.90  219.87    4.35   -0.24  200.56    6.94    0.83    1014    1014
 20.500   0.005   0.008  999.90  219.84    4.46   -0.31  200.64    6.96    0.91     983     983
 21.000   0.005   0.008  999.90  219.75    4.55   -0.29  200.54    6.94    0.92     972     972
 21.500   0.005   0.008  999.90  219.62    4.67   -0.29  200.48    7.03    0.94     946     946
 22.000   0.005   0.008  999.90  219.57    4.86   -0.27  200.38    7.08    0.96     936     936
 22.500   0.005   0.008  999.90  219.53    4.98   -0.30  200.36    7.14    0.97     935     935
 23.000   0.005   0.009  999.90  219.48    5.11   -0.28  200.34    7.16    1.00     931     931
 23.500   0.005   0.009  999.90  219.48    5.22   -0.27  200.29    7.17    1.05     921     921
 24.000   0.005   0.009  999.90  219.49    5.40   -0.29  200.40    7.18    1.02     902     902
 24.500   0.005   0.009  999.90  219.48    5.63   -0.30  200.35    7.20    1.04     891     891
 25.000   0.005   0.010  999.90  219.45    5.75   -0.28  200.39    7.18    1.07     885     885
 25.500   0.004   0.009  999.90  219.39    5.82   -0.25  200.17    7.12    1.08     879     879
 26.000   0.004   0.009  999.90  219.30    5.93   -0.20  200.07    7.11    1.08     878     878
 26.500   0.004   0.009  999.90  219.29    6.12   -0.15  200.16    7.13    1.09     829     829
 27.000   0.004   0.009  999.90  219.31    6.31   -0.15  200.15    7.10    1.09     807     807
 27.500   0.004   0.009  999.90  219.24    6.52   -0.14  200.12    7.08    1.11     776     776
 28.000   0.004   0.009  999.90  219.13    6.70   -0.11  200.11    7.16    1.13     746     746
 28.500   0.004   0.009  999.90  219.15    6.80   -0.10  200.21    7.16    1.13     710     710
 29.000   0.003   0.009  999.90  219.20    6.90   -0.12  200.27    7.05    1.10     689     689
 29.500   0.003   0.009  999.90  219.36    6.93   -0.09  200.22    7.00    1.14     669     669
 30.000   0.003   0.009  999.90  219.51    6.96   -0.02  200.04    6.91    1.22     634     634
  T A B L E  III -  12.  M O I S T U R E  R E L A T E D  S T A T I S T I C A L  P A R A M E T E R S
                                  December
 STATION =   703500     KODIAK, ALASKA
      Z VAPOR P   SD VP SKEW VP      TV      TV SKEW TV DEWPT T  SD DPT SKW DPT NOBS TP NOBS TV   
           MEAN                    MEAN      SD            MEAN                                   
     KM      MB      MB          KELVIN  KELVIN          KELVIN  KELVIN                           
  0.000  16.000   6.000    0.00  291.00    6.00    0.00  290.00    7.00    0.00       0       0
  0.004   5.057   2.083   -0.03  273.57    4.67   -0.86  269.34    6.38   -0.63    1094    1094
  0.500   4.123   1.823   -0.05  270.96    4.59   -1.07  266.38    7.00   -0.80    1094    1094
  1.000   3.259   1.629    0.03  267.94    4.87   -0.85  262.75    8.42   -1.07    1094    1094
  1.500   2.413   1.481    0.36  265.57    5.05   -0.54  258.02   10.04   -0.85    1093    1093
  2.000   1.770   1.291    0.80  263.11    5.20   -0.17  253.50   10.83   -0.55    1093    1093
  2.500   1.341   1.066    1.01  260.40    5.50   -0.01  249.81   11.14   -0.43    1093    1093
  3.000   1.023   0.859    1.21  257.48    5.76    0.07  246.52   11.13   -0.37    1093    1093
  3.500   0.781   0.690    1.44  254.38    5.97    0.10  243.43   10.96   -0.28    1093    1093
  4.000   0.594   0.554    1.69  251.17    6.09    0.14  240.34   10.85   -0.22    1092    1092
  4.500   0.454   0.445    1.90  247.87    6.29    0.17  237.47   10.63   -0.16    1092    1092
  5.000   0.338   0.340    2.03  244.50    6.37    0.22  234.48   10.37   -0.13    1092    1092
  5.500   0.250   0.260    2.21  241.08    6.45    0.26  231.48   10.07   -0.07    1092    1092
  6.000   0.180   0.194    2.39  237.68    6.43    0.29  228.31    9.86   -0.00    1090    1090
  6.500   0.125   0.138    2.57  234.33    6.28    0.33  225.04    9.46    0.06    1090    1090
  7.000   0.084   0.094    2.70  231.13    6.00    0.38  221.72    8.86    0.16    1082    1082
  7.500   0.056   0.064    2.85  228.16    5.59    0.41  218.54    8.23    0.27    1080    1080
  8.000   0.038   0.044    3.11  225.68    4.98    0.43  215.60    7.59    0.35    1073    1073
  8.500   0.026   0.029    3.63  223.69    4.56    0.28  212.96    6.86    0.37    1068    1068
  9.000   0.017   0.019    3.76  222.22    4.47    0.19  210.58    6.32    0.36    1010    1010
  9.500   0.013   0.013    3.68  221.35    4.69    0.17  208.71    5.87    0.25     980     980
 10.000   0.010   0.010    2.94  221.04    5.16   -0.04  207.43    5.66    0.16     975     975
 10.500   0.008   0.009  999.90  221.03    5.61   -0.24  206.23    5.82    0.28     876     876
 11.000   0.008   0.009  999.90  221.34    5.84   -0.50  205.64    5.98    0.36     897     897
 11.500   0.008   0.009  999.90  221.80    5.89   -0.70  205.21    6.12    0.45     930     930
 12.000   0.008   0.009  999.90  222.25    5.72   -0.90  204.90    6.28    0.47     964     964
 12.500   0.008   0.009  999.90  222.60    5.43   -0.93  204.46    6.36    0.52     978     978
 13.000   0.008   0.009  999.90  222.94    5.03   -0.80  204.16    6.46    0.60     992     992
 13.500   0.008   0.009  999.90  223.08    4.81   -0.78  203.86    6.53    0.63    1010    1010
 14.000   0.007   0.009  999.90  223.19    4.70   -0.65  203.66    6.61    0.64    1008    1008
 14.500   0.007   0.009  999.90  223.20    4.68   -0.65  203.41    6.62    0.66     995     995
 15.000   0.007   0.009  999.90  223.22    4.65   -0.63  203.23    6.62    0.68    1000    1000
 15.500   0.007   0.009  999.90  223.16    4.68   -0.57  203.08    6.65    0.69     998     998
 16.000   0.007   0.009  999.90  223.08    4.74   -0.56  202.95    6.67    0.71     988     988
 16.500   0.007   0.008  999.90  223.04    4.76   -0.49  202.85    6.67    0.68     977     977
 17.000   0.006   0.008  999.90  223.05    4.82   -0.40  202.74    6.74    0.69     970     970
 17.500   0.006   0.008  999.90  222.94    4.95   -0.38  202.58    6.74    0.72     967     967
 18.000   0.006   0.009  999.90  222.85    5.07   -0.35  202.52    6.89    0.73     959     959
 18.500   0.006   0.009  999.90  222.80    5.17   -0.33  202.47    6.86    0.79     938     938
 19.000   0.006   0.009  999.90  222.80    5.30   -0.38  202.42    6.90    0.82     928     928
 19.500   0.006   0.009  999.90  222.68    5.42   -0.39  202.33    6.92    0.84     926     926
 20.000   0.006   0.009  999.90  222.61    5.61   -0.36  202.23    6.95    0.84     922     922
 20.500   0.006   0.009  999.90  222.53    5.76   -0.34  202.22    7.00    0.89     898     898
 21.000   0.006   0.009  999.90  222.50    5.94   -0.33  202.23    7.04    0.94     879     879
 21.500   0.006   0.010  999.90  222.49    6.15   -0.37  202.26    7.12    0.97     866     866
 22.000   0.006   0.010  999.90  222.41    6.28   -0.43  202.26    7.23    0.95     856     856
 22.500   0.006   0.010  999.90  222.41    6.50   -0.43  202.30    7.26    0.95     845     845
 23.000   0.006   0.010  999.90  222.38    6.64   -0.43  202.23    7.26    0.95     845     845
 23.500   0.006   0.010  999.90  222.38    6.87   -0.43  202.26    7.20    0.97     836     836
 24.000   0.006   0.011  999.90  222.41    7.04   -0.39  202.20    7.29    0.98     815     815
 24.500   0.006   0.011  999.90  222.39    7.25   -0.35  202.17    7.35    0.99     796     796
 25.000   0.005   0.011  999.90  222.30    7.46   -0.32  202.10    7.39    0.96     784     784
 25.500   0.005   0.010  999.90  222.26    7.68   -0.30  202.07    7.36    0.94     776     776
 26.000   0.005   0.010  999.90  222.26    7.88   -0.29  202.06    7.32    0.91     765     765
 26.500   0.005   0.010  999.90  222.17    8.06   -0.29  202.05    7.28    0.91     737     737
 27.000   0.005   0.010  999.90  222.21    8.13   -0.26  202.14    7.14    0.93     707     707
 27.500   0.005   0.009  999.90  222.16    8.34   -0.25  202.20    7.11    0.90     691     691
 28.000   0.005   0.009  999.90  222.28    8.42   -0.22  202.19    7.10    0.91     667     667
 28.500   0.004   0.009  999.90  222.28    8.66   -0.20  202.20    7.08    0.88     652     652
 29.000   0.004   0.009  999.90  222.20    8.79   -0.17  201.99    7.01    0.91     630     630
 29.500   0.004   0.009  999.90  222.22    8.85   -0.19  201.90    6.92    0.92     602     602
 30.000   0.004   0.008  999.90  222.13    9.03   -0.17  201.68    6.83    0.95     571     571
  T A B L E  III -  13.  M O I S T U R E  R E L A T E D  S T A T I S T I C A L  P A R A M E T E R S
                                    Annual
 STATION =   703500     KODIAK, ALASKA
      Z VAPOR P   SD VP SKEW VP      TV      TV SKEW TV DEWPT T  SD DPT SKW DPT NOBS TP NOBS TV   
           MEAN                    MEAN      SD            MEAN                                   
     KM      MB      MB          KELVIN  KELVIN          KELVIN  KELVIN                           
  0.000  16.000   6.000    0.00  291.00    6.00    0.00  290.00    7.00    0.00       0       0
  0.004   7.505   3.274    0.20  279.03    6.30   -0.27  274.59    7.06   -0.70   14195   14195
  0.500   6.100   2.829    0.38  276.25    6.48   -0.16  271.55    7.37   -0.75   14194   14194
  1.000   5.000   2.536    0.51  273.12    6.66   -0.10  268.49    8.24   -0.97   14192   14192
  1.500   3.883   2.302    0.67  270.61    6.77    0.02  264.36    9.80   -0.98   14190   14190
  2.000   2.953   2.020    0.86  268.14    6.91    0.06  260.11   10.82   -0.77   14188   14188
  2.500   2.267   1.718    1.02  265.54    7.11    0.04  256.28   11.36   -0.62   14187   14187
  3.000   1.747   1.429    1.18  262.75    7.32    0.01  252.78   11.55   -0.49   14187   14187
  3.500   1.337   1.171    1.37  259.80    7.50   -0.00  249.34   11.62   -0.39   14187   14187
  4.000   1.019   0.941    1.53  256.72    7.68   -0.02  246.06   11.55   -0.30   14184   14184
  4.500   0.774   0.748    1.71  253.54    7.86   -0.01  242.92   11.34   -0.23   14183   14183
  5.000   0.581   0.585    1.86  250.26    8.01    0.00  239.76   11.13   -0.17   14175   14175
  5.500   0.435   0.456    2.01  246.92    8.12    0.02  236.67   10.91   -0.10   14164   14164
  6.000   0.319   0.350    2.16  243.51    8.17    0.07  233.50   10.67   -0.02   14127   14127
  6.500   0.231   0.262    2.31  240.09    8.12    0.13  230.32   10.44    0.02   14060   14060
  7.000   0.164   0.192    2.40  236.69    7.95    0.21  227.14   10.13    0.08   13977   13977
  7.500   0.115   0.138    2.53  233.38    7.64    0.31  223.99    9.74    0.15   13883   13883
  8.000   0.079   0.097    2.63  230.27    7.11    0.42  220.87    9.23    0.23   13774   13774
  8.500   0.054   0.066    2.73  227.53    6.43    0.48  217.93    8.59    0.29   13670   13670
  9.000   0.036   0.044    2.78  225.25    5.72    0.45  215.25    7.96    0.29   13184   13184
  9.500   0.024   0.028    2.82  223.57    5.17    0.22  212.84    7.25    0.24   12942   12942
 10.000   0.018   0.018    2.54  222.57    5.00   -0.07  210.84    6.60    0.10   12907   12907
 10.500   0.013   0.013    2.04  222.16    5.19   -0.23  209.14    6.31    0.03   12111   12111
 11.000   0.011   0.011    2.07  222.21    5.44   -0.38  207.69    6.17    0.11   11907   11907
 11.500   0.009   0.010  999.90  222.51    5.55   -0.57  206.59    6.26    0.25   12119   12119
 12.000   0.009   0.010  999.90  222.85    5.44   -0.82  205.79    6.36    0.37   12393   12393
 12.500   0.008   0.010  999.90  223.15    5.05   -0.95  205.03    6.46    0.50   12477   12477
 13.000   0.008   0.009  999.90  223.30    4.56   -0.94  204.38    6.52    0.58   12731   12731
 13.500   0.007   0.009  999.90  223.26    4.19   -0.81  203.75    6.57    0.64   12925   12925
 14.000   0.007   0.008  999.90  223.13    3.98   -0.69  203.22    6.60    0.68   12991   12991
 14.500   0.007   0.008  999.90  222.93    3.85   -0.63  202.79    6.61    0.70   12955   12955
 15.000   0.006   0.008  999.90  222.70    3.79   -0.58  202.40    6.61    0.73   12968   12968
 15.500   0.006   0.008  999.90  222.48    3.71   -0.54  202.07    6.61    0.75   12958   12958
 16.000   0.006   0.007  999.90  222.30    3.67   -0.50  201.82    6.61    0.77   12951   12951
 16.500   0.006   0.007  999.90  222.17    3.63   -0.45  201.63    6.62    0.79   12919   12919
 17.000   0.006   0.007  999.90  222.06    3.62   -0.40  201.48    6.63    0.80   12888   12888
 17.500   0.005   0.007  999.90  221.95    3.62   -0.35  201.33    6.63    0.82   12873   12873
 18.000   0.005   0.007  999.90  221.86    3.60   -0.34  201.20    6.64    0.83   12846   12846
 18.500   0.005   0.007  999.90  221.78    3.59   -0.33  201.10    6.64    0.86   12721   12721
 19.000   0.005   0.007  999.90  221.70    3.65   -0.33  201.01    6.65    0.87   12645   12645
 19.500   0.005   0.007  999.90  221.62    3.70   -0.32  200.92    6.66    0.88   12591   12591
 20.000   0.005   0.007  999.90  221.56    3.78   -0.31  200.83    6.68    0.89   12566   12566
 20.500   0.005   0.007  999.90  221.52    3.84   -0.31  200.80    6.69    0.92   12400   12400
 21.000   0.005   0.007  999.90  221.49    3.95   -0.31  200.77    6.69    0.93   12292   12292
 21.500   0.005   0.007  999.90  221.45    4.07   -0.31  200.73    6.70    0.93   12196   12196
 22.000   0.005   0.007  999.90  221.46    4.20   -0.35  200.73    6.71    0.93   12109   12109
 22.500   0.005   0.007  999.90  221.51    4.35   -0.37  200.75    6.74    0.94   12037   12037
 23.000   0.005   0.008  999.90  221.59    4.48   -0.39  200.77    6.74    0.94   11980   11980
 23.500   0.005   0.008  999.90  221.70    4.64   -0.42  200.82    6.76    0.94   11906   11906
 24.000   0.005   0.008  999.90  221.84    4.82   -0.46  200.96    6.76    0.95   11664   11664
 24.500   0.005   0.008  999.90  222.00    5.03   -0.47  201.06    6.79    0.95   11562   11562
 25.000   0.005   0.008  999.90  222.16    5.24   -0.47  201.16    6.80    0.95   11477   11477
 25.500   0.005   0.008  999.90  222.36    5.44   -0.49  201.25    6.80    0.94   11416   11416
 26.000   0.005   0.009  999.90  222.61    5.66   -0.50  201.38    6.82    0.93   11331   11331
 26.500   0.005   0.009  999.90  222.88    5.91   -0.51  201.57    6.82    0.94   11096   11096
 27.000   0.005   0.009  999.90  223.17    6.15   -0.51  201.76    6.80    0.94   10899   10899
 27.500   0.005   0.009  999.90  223.47    6.40   -0.51  201.95    6.78    0.93   10782   10782
 28.000   0.005   0.009  999.90  223.82    6.65   -0.49  202.15    6.78    0.92   10615   10615
 28.500   0.005   0.010  999.90  224.21    6.89   -0.49  202.35    6.79    0.91   10439   10439
 29.000   0.005   0.010  999.90  224.66    7.14   -0.48  202.57    6.80    0.90   10250   10250
 29.500   0.005   0.011  999.90  225.17    7.35   -0.47  202.79    6.78    0.89   10043   10043
 30.000   0.005   0.011  999.90  225.75    7.60   -0.46  203.01    6.78    0.89    9741    9741
