                 36.62N  116.02W                                                
  T A B L E  III - 13.  M O I S T U R E  R E L A T E D  S T A T I S T I C A L  P A R A M E T E R S
                                              ANNUAL    
 STATION =   723870     NELLIS/DESERT ROCK            
      Z VAPOR P   SD VP SKEW VP      TV      TV SKEW TV DEWPT T  SD DPT SKW DPT NOBS TP NOBS TV
           MEAN                    MEAN      SD            MEAN
     KM      MB      MB           DEG K   DEG K           DEG K   DEG K
   .000   8.523   5.530    1.66  293.69   13.35     .36  275.47    8.79    -.04   4409.   4409.   4407.
  1.000   6.107   3.381    1.64  291.64   10.92     .11  271.54    7.06     .17   6099.   6103.   6098.
  1.007   6.095   3.366    1.64  291.62   10.79     .19  271.53    7.02     .22   6099.   6103.   6101.
  2.000   4.544   2.509    1.20  285.44    8.89    -.01  267.36    7.50    -.27   6164.   6164.   6164.
  3.000   3.201   2.037    1.08  278.18    7.76    -.16  262.04    8.98    -.49   6158.   6158.   6158.
  4.000   1.940   1.546    1.31  271.31    7.03    -.40  254.78   10.16    -.17   6155.   6155.   6155.
  5.000   1.088   1.030    1.77  264.56    6.75    -.54  247.34   10.47     .03   6152.   6152.   6152.
  6.000    .591    .589    2.11  257.61    6.78    -.54  240.57   10.16    -.01   6130.   6130.   6130.
  7.000    .314    .305    2.26  250.66    6.52    -.29  234.26    9.74    -.24   6018.   6020.   6020.
  8.000    .177    .164    2.20  244.33    5.66     .03  228.95    9.14    -.36   5391.   5391.   5391.
  9.000    .107    .089    1.89  239.95    4.00     .17  224.90    8.26    -.49   3515.   3516.   3516.
 10.000    .067    .053    1.12  236.70    2.00     .36  220.28    8.70    -.48   1343.   1343.   1343.
 11.000    .036    .038    1.10  234.35    1.47    1.67  213.49    9.77     .25     32.     32.     32.
 12.000    .000    .000     .00  218.26    5.08    -.21     .00     .00     .00      0.      0.      0.
 13.000    .000    .000     .00  215.78    4.45    -.31     .00     .00     .00      0.      0.      0.
 14.000    .000    .000     .00  213.73    4.09     .11     .00     .00     .00      0.      0.      0.
 15.000    .000    .000     .00  211.49    4.30     .14     .00     .00     .00      0.      0.      0.
 16.000    .000    .000     .00  209.84    4.39     .10     .00     .00     .00      0.      0.      0.
 17.000    .000    .000     .00  209.47    4.03     .16     .00     .00     .00      0.      0.      0.
 18.000    .000    .000     .00  210.16    3.50     .07     .00     .00     .00      0.      0.      0.
 19.000    .000    .000     .00  211.63    3.08    -.17     .00     .00     .00      0.      0.      0.
 20.000    .000    .000     .00  213.11    2.96    -.44     .00     .00     .00      0.      0.      0.
 21.000    .000    .000     .00  214.55    3.02    -.56     .00     .00     .00      0.      0.      0.
 22.000    .000    .000     .00  215.99    3.19    -.60     .00     .00     .00      0.      0.      0.
 23.000    .000    .000     .00  217.45    3.32    -.64     .00     .00     .00      0.      0.      0.
 24.000    .000    .000     .00  218.93    3.53    -.63     .00     .00     .00      0.      0.      0.
 25.000    .000    .000     .00  220.34    3.77    -.64     .00     .00     .00      0.      0.      0.
 26.000    .000    .000     .00  221.83    3.99    -.55     .00     .00     .00      0.      0.      0.
 27.000    .000    .000     .00  223.33    4.19    -.54     .00     .00     .00      0.      0.      0.
 28.000    .000    .000     .00  224.75    4.41    -.50     .00     .00     .00      0.      0.      0.
 29.000    .000    .000     .00  226.29    4.64    -.48     .00     .00     .00      0.      0.      0.
 30.000    .000    .000     .00  227.77    4.76    -.50     .00     .00     .00      0.      0.      0.
  T A B L E  III -  1.  M O I S T U R E  R E L A T E D  S T A T I S T I C A L  P A R A M E T E R S
                                              JANUARY   
 STATION =   723870     NELLIS/DESERT ROCK            
      Z VAPOR P   SD VP SKEW VP      TV      TV SKEW TV DEWPT T  SD DPT SKW DPT NOBS TP NOBS TV
           MEAN                    MEAN      SD            MEAN
     KM      MB      MB           DEG K   DEG K           DEG K   DEG K
   .000   6.728   3.138    1.08  284.87    9.90     .13  273.19    6.50    -.17    392.    392.    392.
  1.000   4.702   1.953     .90  281.40    6.33    -.19  268.66    5.43     .02    482.    482.    481.
  1.007   4.691   1.938     .94  281.44    6.13     .12  268.60    5.44     .02    482.    482.    482.
  2.000   3.302   1.722     .77  276.54    4.95    -.34  263.33    7.09    -.31    483.    483.    483.
  3.000   2.007   1.291     .80  271.54    5.38    -.56  256.24    8.60    -.27    482.    482.    482.
  4.000   1.171    .902    1.07  265.85    5.50    -.78  249.17    9.28    -.04    483.    483.    483.
  5.000    .696    .581    1.28  259.35    5.54    -.88  242.91    9.74    -.14    482.    482.    482.
  6.000    .407    .347    1.24  252.43    5.53    -.90  237.03    9.80    -.20    479.    479.    479.
  7.000    .225    .196    1.29  245.77    4.54    -.48  230.88   10.03    -.41    455.    455.    455.
  8.000    .125    .100    1.20  239.47    3.19     .16  225.74    9.38    -.62    365.    365.    365.
  9.000    .079    .055     .70  235.56    1.64     .96  222.15    8.52    -.86     99.     99.     99.
 10.000    .000    .000     .00  223.56    3.60     .03     .00     .00     .00      0.      0.      0.
 11.000    .000    .000     .00  218.60    4.36     .90     .00     .00     .00      0.      0.      0.
 12.000    .000    .000     .00  216.65    5.62     .45     .00     .00     .00      0.      0.      0.
 13.000    .000    .000     .00  216.54    5.24    -.41     .00     .00     .00      0.      0.      0.
 14.000    .000    .000     .00  215.75    3.97    -.16     .00     .00     .00      0.      0.      0.
 15.000    .000    .000     .00  213.53    3.64     .25     .00     .00     .00      0.      0.      0.
 16.000    .000    .000     .00  211.25    3.88     .24     .00     .00     .00      0.      0.      0.
 17.000    .000    .000     .00  210.08    3.82     .09     .00     .00     .00      0.      0.      0.
 18.000    .000    .000     .00  209.90    3.85    -.15     .00     .00     .00      0.      0.      0.
 19.000    .000    .000     .00  210.63    3.81    -.36     .00     .00     .00      0.      0.      0.
 20.000    .000    .000     .00  211.53    3.82    -.41     .00     .00     .00      0.      0.      0.
 21.000    .000    .000     .00  212.45    3.89    -.48     .00     .00     .00      0.      0.      0.
 22.000    .000    .000     .00  213.51    4.11    -.37     .00     .00     .00      0.      0.      0.
 23.000    .000    .000     .00  214.51    4.18    -.42     .00     .00     .00      0.      0.      0.
 24.000    .000    .000     .00  215.55    4.22    -.45     .00     .00     .00      0.      0.      0.
 25.000    .000    .000     .00  216.50    4.32    -.58     .00     .00     .00      0.      0.      0.
 26.000    .000    .000     .00  217.74    4.28    -.47     .00     .00     .00      0.      0.      0.
 27.000    .000    .000     .00  218.91    4.26    -.57     .00     .00     .00      0.      0.      0.
 28.000    .000    .000     .00  220.15    4.47    -.36     .00     .00     .00      0.      0.      0.
 29.000    .000    .000     .00  221.49    4.69    -.45     .00     .00     .00      0.      0.      0.
 30.000    .000    .000     .00  223.31    5.07    -.53     .00     .00     .00      0.      0.      0.
  T A B L E  III -  2.  M O I S T U R E  R E L A T E D  S T A T I S T I C A L  P A R A M E T E R S
                                              FEBRUARY  
 STATION =   723870     NELLIS/DESERT ROCK            
      Z VAPOR P   SD VP SKEW VP      TV      TV SKEW TV DEWPT T  SD DPT SKW DPT NOBS TP NOBS TV
           MEAN                    MEAN      SD            MEAN
     KM      MB      MB           DEG K   DEG K           DEG K   DEG K
   .000   7.183   3.296     .91  285.20   10.30     .27  274.15    6.56    -.31    325.    325.    324.
  1.000   4.762   2.034     .60  282.69    7.62    -.88  268.64    6.14    -.77    446.    446.    445.
  1.007   4.776   2.002     .66  282.88    6.88     .08  268.74    5.80    -.26    446.    446.    446.
  2.000   3.153   1.645     .78  277.17    5.06    -.26  262.67    7.34    -.57    446.    446.    446.
  3.000   1.960   1.272     .75  271.41    5.16    -.48  255.77    9.05    -.44    443.    443.    443.
  4.000   1.100    .850    1.10  265.48    5.05    -.65  248.45    9.27    -.04    444.    444.    444.
  5.000    .676    .594    1.51  258.84    5.07    -.53  242.39    9.90    -.05    444.    444.    444.
  6.000    .417    .375    1.62  251.67    5.15    -.51  237.07   10.14    -.24    441.    441.    441.
  7.000    .234    .198    1.48  244.65    4.48    -.01  231.53    9.75    -.56    423.    423.    423.
  8.000    .138    .100    1.24  238.77    3.26     .58  227.47    8.21    -.83    311.    311.    311.
  9.000    .098    .052    1.12  235.76    1.89    1.18  225.47    6.50   -1.71     59.     59.     59.
 10.000    .000    .000     .00  222.27    3.77     .38     .00     .00     .00      0.      0.      0.
 11.000    .000    .000     .00  217.01    4.41     .99     .00     .00     .00      0.      0.      0.
 12.000    .000    .000     .00  215.45    5.82     .27     .00     .00     .00      0.      0.      0.
 13.000    .000    .000     .00  216.27    5.20    -.69     .00     .00     .00      0.      0.      0.
 14.000    .000    .000     .00  215.85    3.96    -.50     .00     .00     .00      0.      0.      0.
 15.000    .000    .000     .00  214.03    3.53    -.26     .00     .00     .00      0.      0.      0.
 16.000    .000    .000     .00  212.21    3.77    -.24     .00     .00     .00      0.      0.      0.
 17.000    .000    .000     .00  210.96    4.10    -.34     .00     .00     .00      0.      0.      0.
 18.000    .000    .000     .00  210.67    4.05    -.32     .00     .00     .00      0.      0.      0.
 19.000    .000    .000     .00  211.49    3.76    -.33     .00     .00     .00      0.      0.      0.
 20.000    .000    .000     .00  212.41    3.46    -.30     .00     .00     .00      0.      0.      0.
 21.000    .000    .000     .00  213.40    3.29    -.18     .00     .00     .00      0.      0.      0.
 22.000    .000    .000     .00  214.57    3.24    -.20     .00     .00     .00      0.      0.      0.
 23.000    .000    .000     .00  215.68    3.03    -.28     .00     .00     .00      0.      0.      0.
 24.000    .000    .000     .00  216.84    2.99    -.25     .00     .00     .00      0.      0.      0.
 25.000    .000    .000     .00  217.94    2.95    -.43     .00     .00     .00      0.      0.      0.
 26.000    .000    .000     .00  219.26    2.87    -.47     .00     .00     .00      0.      0.      0.
 27.000    .000    .000     .00  220.45    2.96    -.84     .00     .00     .00      0.      0.      0.
 28.000    .000    .000     .00  221.61    3.20    -.68     .00     .00     .00      0.      0.      0.
 29.000    .000    .000     .00  222.91    3.22    -.23     .00     .00     .00      0.      0.      0.
 30.000    .000    .000     .00  224.26    3.31     .18     .00     .00     .00      0.      0.      0.
  T A B L E  III -  3.  M O I S T U R E  R E L A T E D  S T A T I S T I C A L  P A R A M E T E R S
                                              MARCH     
 STATION =   723870     NELLIS/DESERT ROCK            
      Z VAPOR P   SD VP SKEW VP      TV      TV SKEW TV DEWPT T  SD DPT SKW DPT NOBS TP NOBS TV
           MEAN                    MEAN      SD            MEAN
     KM      MB      MB           DEG K   DEG K           DEG K   DEG K
   .000   8.220   2.914     .29  286.18    7.64     .79  276.43    5.51    -.65    297.    297.    297.
  1.000   5.267   1.931     .25  285.10    6.74    -.33  270.29    5.24    -.38    491.    491.    490.
  1.007   5.264   1.916     .28  285.14    6.39     .31  270.27    5.25    -.38    491.    491.    491.
  2.000   3.538   1.487     .25  278.10    4.42     .29  264.68    6.15    -.68    490.    490.    490.
  3.000   2.338   1.147     .23  270.66    4.27     .09  258.85    7.63   -1.02    490.    490.    490.
  4.000   1.181    .835     .86  264.28    4.46    -.22  249.48    9.23    -.33    488.    488.    488.
  5.000    .629    .521    1.36  257.68    4.67    -.36  241.96    9.47    -.15    488.    488.    488.
  6.000    .346    .299    1.65  250.56    4.69    -.44  235.60    9.37    -.23    488.    488.    488.
  7.000    .190    .160    1.47  243.37    4.30    -.21  229.76    9.29    -.53    472.    472.    472.
  8.000    .111    .085    1.14  237.88    2.73     .47  225.00    8.82    -.74    320.    320.    320.
  9.000    .082    .048     .28  234.47    1.26    2.25  223.04    8.14   -1.46     41.     41.     41.
 10.000    .000    .000     .00  222.14    3.26     .22     .00     .00     .00      0.      0.      0.
 11.000    .000    .000     .00  217.90    4.26     .68     .00     .00     .00      0.      0.      0.
 12.000    .000    .000     .00  216.77    5.76    -.02     .00     .00     .00      0.      0.      0.
 13.000    .000    .000     .00  217.08    5.33    -.60     .00     .00     .00      0.      0.      0.
 14.000    .000    .000     .00  216.69    3.92    -.54     .00     .00     .00      0.      0.      0.
 15.000    .000    .000     .00  215.03    3.46    -.16     .00     .00     .00      0.      0.      0.
 16.000    .000    .000     .00  213.24    3.58    -.04     .00     .00     .00      0.      0.      0.
 17.000    .000    .000     .00  212.33    3.77     .00     .00     .00     .00      0.      0.      0.
 18.000    .000    .000     .00  211.99    3.54    -.19     .00     .00     .00      0.      0.      0.
 19.000    .000    .000     .00  212.48    3.00     .08     .00     .00     .00      0.      0.      0.
 20.000    .000    .000     .00  213.13    2.76     .08     .00     .00     .00      0.      0.      0.
 21.000    .000    .000     .00  213.89    2.57    -.06     .00     .00     .00      0.      0.      0.
 22.000    .000    .000     .00  214.60    2.49    -.02     .00     .00     .00      0.      0.      0.
 23.000    .000    .000     .00  215.61    2.43     .01     .00     .00     .00      0.      0.      0.
 24.000    .000    .000     .00  216.63    2.48    -.19     .00     .00     .00      0.      0.      0.
 25.000    .000    .000     .00  217.73    2.69    -.17     .00     .00     .00      0.      0.      0.
 26.000    .000    .000     .00  219.15    2.64     .13     .00     .00     .00      0.      0.      0.
 27.000    .000    .000     .00  220.67    2.85     .09     .00     .00     .00      0.      0.      0.
 28.000    .000    .000     .00  222.23    3.19     .59     .00     .00     .00      0.      0.      0.
 29.000    .000    .000     .00  223.96    3.54     .63     .00     .00     .00      0.      0.      0.
 30.000    .000    .000     .00  225.76    3.74     .35     .00     .00     .00      0.      0.      0.
  T A B L E  III -  4.  M O I S T U R E  R E L A T E D  S T A T I S T I C A L  P A R A M E T E R S
                                              APRIL     
 STATION =   723870     NELLIS/DESERT ROCK            
      Z VAPOR P   SD VP SKEW VP      TV      TV SKEW TV DEWPT T  SD DPT SKW DPT NOBS TP NOBS TV
           MEAN                    MEAN      SD            MEAN
     KM      MB      MB           DEG K   DEG K           DEG K   DEG K
   .000   7.323   3.089     .85  289.89    8.53     .83  274.53    6.24    -.65    288.    288.    288.
  1.000   4.645   1.817     .76  289.32    7.27     .21  268.53    5.56    -.34    476.    477.    477.
  1.007   4.629   1.805     .76  289.28    7.26     .21  268.51    5.55    -.34    476.    477.    477.
  2.000   3.248   1.366     .85  282.14    5.41    -.19  263.72    5.63    -.38    477.    477.    477.
  3.000   2.322   1.124     .75  274.02    5.09    -.42  259.09    6.63    -.61    476.    476.    476.
  4.000   1.270    .825    1.08  267.07    5.05    -.86  251.03    7.90    -.18    476.    476.    476.
  5.000    .642    .517    1.66  260.52    5.09   -1.12  242.75    8.43     .09    476.    476.    476.
  6.000    .365    .304    1.63  253.43    5.14   -1.21  236.55    8.74    -.13    474.    474.    474.
  7.000    .217    .174    1.25  246.62    4.12    -.83  231.10    9.28    -.50    459.    459.    459.
  8.000    .120    .086    1.01  239.88    2.90     .02  225.92    8.56    -.77    395.    395.    395.
  9.000    .074    .044     .54  235.26    1.41     .84  222.33    7.37   -1.23    121.    121.    121.
 10.000    .000    .000     .00  224.41    2.97     .05     .00     .00     .00      0.      0.      0.
 11.000    .000    .000     .00  218.41    3.53    1.04     .00     .00     .00      0.      0.      0.
 12.000    .000    .000     .00  214.75    4.88     .75     .00     .00     .00      0.      0.      0.
 13.000    .000    .000     .00  214.52    5.32    -.05     .00     .00     .00      0.      0.      0.
 14.000    .000    .000     .00  214.71    4.03    -.26     .00     .00     .00      0.      0.      0.
 15.000    .000    .000     .00  213.69    3.41     .30     .00     .00     .00      0.      0.      0.
 16.000    .000    .000     .00  212.71    3.34     .43     .00     .00     .00      0.      0.      0.
 17.000    .000    .000     .00  212.26    3.37     .23     .00     .00     .00      0.      0.      0.
 18.000    .000    .000     .00  212.41    3.27    -.07     .00     .00     .00      0.      0.      0.
 19.000    .000    .000     .00  213.16    3.20     .08     .00     .00     .00      0.      0.      0.
 20.000    .000    .000     .00  213.89    2.82     .15     .00     .00     .00      0.      0.      0.
 21.000    .000    .000     .00  214.79    2.55     .07     .00     .00     .00      0.      0.      0.
 22.000    .000    .000     .00  215.97    2.40    -.02     .00     .00     .00      0.      0.      0.
 23.000    .000    .000     .00  217.31    2.33    -.07     .00     .00     .00      0.      0.      0.
 24.000    .000    .000     .00  218.51    2.27    -.04     .00     .00     .00      0.      0.      0.
 25.000    .000    .000     .00  220.11    2.40    -.07     .00     .00     .00      0.      0.      0.
 26.000    .000    .000     .00  221.77    2.73     .25     .00     .00     .00      0.      0.      0.
 27.000    .000    .000     .00  223.42    2.85     .17     .00     .00     .00      0.      0.      0.
 28.000    .000    .000     .00  225.13    3.02     .32     .00     .00     .00      0.      0.      0.
 29.000    .000    .000     .00  227.02    3.19     .20     .00     .00     .00      0.      0.      0.
 30.000    .000    .000     .00  228.83    3.07     .03     .00     .00     .00      0.      0.      0.
  T A B L E  III -  5.  M O I S T U R E  R E L A T E D  S T A T I S T I C A L  P A R A M E T E R S
                                              MAY       
 STATION =   723870     NELLIS/DESERT ROCK            
      Z VAPOR P   SD VP SKEW VP      TV      TV SKEW TV DEWPT T  SD DPT SKW DPT NOBS TP NOBS TV
           MEAN                    MEAN      SD            MEAN
     KM      MB      MB           DEG K   DEG K           DEG K   DEG K
   .000   8.213   4.241     .94  296.53    9.96     .84  275.52    7.87    -.52    306.    306.    306.
  1.000   5.639   2.313    1.20  295.05    7.70     .14  271.09    5.41     .01    473.    473.    473.
  1.007   5.627   2.306    1.20  295.00    7.68     .14  271.09    5.40     .01    473.    473.    473.
  2.000   4.153   1.781    1.10  287.79    5.51    -.29  266.91    5.67    -.18    473.    473.    473.
  3.000   3.119   1.294     .54  279.19    5.10    -.35  263.13    5.92    -.77    473.    473.    473.
  4.000   1.954   1.096     .47  271.43    4.75    -.56  256.36    7.89    -.50    473.    473.    473.
  5.000    .975    .781    1.10  264.52    4.48    -.85  246.93    9.37     .04    473.    473.    473.
  6.000    .497    .421    1.58  257.49    4.55   -1.03  239.55    9.11    -.05    472.    472.    472.
  7.000    .255    .218    1.47  250.29    4.45    -.88  232.66    8.98    -.15    467.    467.    467.
  8.000    .138    .111    1.13  243.20    3.61    -.27  226.88    8.75    -.35    434.    434.    434.
  9.000    .077    .052     .73  237.16    2.24     .42  222.07    8.24    -.87    292.    292.    292.
 10.000    .037    .031     .14  234.54     .66    -.03  214.57    9.62    -.16     11.     11.     11.
 11.000    .000    .000     .00  221.04    3.14     .46     .00     .00     .00      0.      0.      0.
 12.000    .000    .000     .00  216.31    4.07     .80     .00     .00     .00      0.      0.      0.
 13.000    .000    .000     .00  214.39    4.96     .25     .00     .00     .00      0.      0.      0.
 14.000    .000    .000     .00  214.21    4.72    -.42     .00     .00     .00      0.      0.      0.
 15.000    .000    .000     .00  213.61    3.79    -.37     .00     .00     .00      0.      0.      0.
 16.000    .000    .000     .00  212.48    3.49    -.25     .00     .00     .00      0.      0.      0.
 17.000    .000    .000     .00  211.92    3.42    -.03     .00     .00     .00      0.      0.      0.
 18.000    .000    .000     .00  211.97    3.27     .04     .00     .00     .00      0.      0.      0.
 19.000    .000    .000     .00  212.78    2.84    -.05     .00     .00     .00      0.      0.      0.
 20.000    .000    .000     .00  214.07    2.59     .01     .00     .00     .00      0.      0.      0.
 21.000    .000    .000     .00  215.75    2.36    -.04     .00     .00     .00      0.      0.      0.
 22.000    .000    .000     .00  217.39    2.25    -.19     .00     .00     .00      0.      0.      0.
 23.000    .000    .000     .00  219.11    2.17    -.29     .00     .00     .00      0.      0.      0.
 24.000    .000    .000     .00  220.86    2.24    -.29     .00     .00     .00      0.      0.      0.
 25.000    .000    .000     .00  222.55    2.25    -.27     .00     .00     .00      0.      0.      0.
 26.000    .000    .000     .00  224.37    2.32    -.10     .00     .00     .00      0.      0.      0.
 27.000    .000    .000     .00  226.17    2.38    -.24     .00     .00     .00      0.      0.      0.
 28.000    .000    .000     .00  227.97    2.50    -.09     .00     .00     .00      0.      0.      0.
 29.000    .000    .000     .00  229.78    2.56     .07     .00     .00     .00      0.      0.      0.
 30.000    .000    .000     .00  231.59    2.50     .26     .00     .00     .00      0.      0.      0.
  T A B L E  III -  6.  M O I S T U R E  R E L A T E D  S T A T I S T I C A L  P A R A M E T E R S
                                              JUNE      
 STATION =   723870     NELLIS/DESERT ROCK            
      Z VAPOR P   SD VP SKEW VP      TV      TV SKEW TV DEWPT T  SD DPT SKW DPT NOBS TP NOBS TV
           MEAN                    MEAN      SD            MEAN
     KM      MB      MB           DEG K   DEG K           DEG K   DEG K
   .000   7.158   4.079     .68  302.04   10.92     .60  273.01    9.10    -.56    356.    356.    356.
  1.000   5.843   2.312     .57  300.43    7.64     .10  271.56    5.56    -.15    514.    516.    514.
  1.007   5.830   2.304     .57  300.36    7.62     .10  271.55    5.55    -.15    514.    516.    514.
  2.000   4.897   1.846     .54  293.43    4.54    -.44  269.29    5.20    -.19    528.    528.    528.
  3.000   3.437   1.469     .29  284.74    4.08    -.41  264.29    6.12    -.51    528.    528.    528.
  4.000   2.246   1.216     .48  276.78    3.74    -.56  258.26    7.49    -.38    527.    527.    527.
  5.000   1.278    .963    1.14  269.47    3.50    -.84  250.42    8.89     .06    527.    527.    527.
  6.000    .669    .594    1.57  262.39    3.32    -.90  242.55    9.26     .21    526.    526.    526.
  7.000    .359    .320    1.81  255.10    3.27    -.81  236.19    8.80     .08    525.    525.    525.
  8.000    .200    .171    1.66  247.58    3.19    -.64  230.45    8.67    -.15    515.    515.    515.
  9.000    .102    .081    1.37  240.14    2.77    -.08  224.29    8.42    -.48    498.    498.    498.
 10.000    .057    .040     .75  235.20    1.44     .67  219.42    8.33    -.76    175.    175.    175.
 11.000    .000    .000     .00  225.14    2.85    -.31     .00     .00     .00      0.      0.      0.
 12.000    .000    .000     .00  219.24    3.10     .26     .00     .00     .00      0.      0.      0.
 13.000    .000    .000     .00  215.51    3.62     .20     .00     .00     .00      0.      0.      0.
 14.000    .000    .000     .00  213.44    3.71    -.17     .00     .00     .00      0.      0.      0.
 15.000    .000    .000     .00  211.45    3.72    -.04     .00     .00     .00      0.      0.      0.
 16.000    .000    .000     .00  209.90    3.75     .07     .00     .00     .00      0.      0.      0.
 17.000    .000    .000     .00  209.14    3.48     .29     .00     .00     .00      0.      0.      0.
 18.000    .000    .000     .00  210.13    3.01     .29     .00     .00     .00      0.      0.      0.
 19.000    .000    .000     .00  212.27    2.48     .06     .00     .00     .00      0.      0.      0.
 20.000    .000    .000     .00  214.38    2.19    -.01     .00     .00     .00      0.      0.      0.
 21.000    .000    .000     .00  216.31    1.96     .06     .00     .00     .00      0.      0.      0.
 22.000    .000    .000     .00  218.17    1.84    -.01     .00     .00     .00      0.      0.      0.
 23.000    .000    .000     .00  219.99    1.82     .03     .00     .00     .00      0.      0.      0.
 24.000    .000    .000     .00  221.83    1.81    -.19     .00     .00     .00      0.      0.      0.
 25.000    .000    .000     .00  223.77    1.84    -.18     .00     .00     .00      0.      0.      0.
 26.000    .000    .000     .00  225.56    1.94    -.03     .00     .00     .00      0.      0.      0.
 27.000    .000    .000     .00  227.35    1.91    -.02     .00     .00     .00      0.      0.      0.
 28.000    .000    .000     .00  229.06    1.93    -.04     .00     .00     .00      0.      0.      0.
 29.000    .000    .000     .00  230.78    2.04    -.20     .00     .00     .00      0.      0.      0.
 30.000    .000    .000     .00  232.51    2.16    -.07     .00     .00     .00      0.      0.      0.
  T A B L E  III -  7.  M O I S T U R E  R E L A T E D  S T A T I S T I C A L  P A R A M E T E R S
                                              JULY      
 STATION =   723870     NELLIS/DESERT ROCK            
      Z VAPOR P   SD VP SKEW VP      TV      TV SKEW TV DEWPT T  SD DPT SKW DPT NOBS TP NOBS TV
           MEAN                    MEAN      SD            MEAN
     KM      MB      MB           DEG K   DEG K           DEG K   DEG K
   .000  11.924   8.402     .87  305.96   10.61     .52  279.29   11.00    -.05    396.    396.    396.
  1.000   8.819   4.606     .93  303.59    7.03     .04  276.72    7.43     .32    549.    550.    550.
  1.007   8.802   4.594     .93  303.53    7.02     .04  276.71    7.43     .32    549.    550.    550.
  2.000   6.816   2.846     .78  296.56    3.46    -.39  273.64    5.70     .14    558.    558.    558.
  3.000   5.129   2.333     .49  287.92    2.91    -.46  269.42    6.62    -.38    558.    558.    558.
  4.000   3.453   1.958     .34  279.85    2.40    -.75  263.33    8.40    -.36    557.    557.    557.
  5.000   2.033   1.484     .65  272.46    2.12    -.83  255.62    9.75    -.02    556.    556.    556.
  6.000   1.047    .918     .99  265.52    2.12   -1.03  246.99   10.26     .23    555.    555.    555.
  7.000    .516    .472    1.29  258.64    2.32   -1.09  239.44    9.56     .27    553.    553.    553.
  8.000    .262    .245    1.42  251.50    2.44   -1.08  232.46    9.38     .17    546.    546.    546.
  9.000    .133    .120    1.36  244.08    2.48    -.62  226.12    9.07    -.06    543.    543.    543.
 10.000    .065    .054     .95  237.18    1.91     .13  219.76    9.04    -.32    467.    467.    467.
 11.000    .036    .035     .64  234.90    2.27     .72  214.45    9.66    -.03     11.     11.     11.
 12.000    .000    .000     .00  222.66    2.32    -.03     .00     .00     .00      0.      0.      0.
 13.000    .000    .000     .00  216.72    2.27     .17     .00     .00     .00      0.      0.      0.
 14.000    .000    .000     .00  211.52    2.73     .86     .00     .00     .00      0.      0.      0.
 15.000    .000    .000     .00  207.78    3.14    1.11     .00     .00     .00      0.      0.      0.
 16.000    .000    .000     .00  206.37    3.22     .94     .00     .00     .00      0.      0.      0.
 17.000    .000    .000     .00  207.22    2.73     .63     .00     .00     .00      0.      0.      0.
 18.000    .000    .000     .00  209.27    2.40     .28     .00     .00     .00      0.      0.      0.
 19.000    .000    .000     .00  212.08    1.93     .27     .00     .00     .00      0.      0.      0.
 20.000    .000    .000     .00  214.61    1.72     .16     .00     .00     .00      0.      0.      0.
 21.000    .000    .000     .00  216.76    1.69     .16     .00     .00     .00      0.      0.      0.
 22.000    .000    .000     .00  218.75    1.80     .35     .00     .00     .00      0.      0.      0.
 23.000    .000    .000     .00  220.50    1.70     .28     .00     .00     .00      0.      0.      0.
 24.000    .000    .000     .00  222.17    1.72     .04     .00     .00     .00      0.      0.      0.
 25.000    .000    .000     .00  223.91    1.75     .04     .00     .00     .00      0.      0.      0.
 26.000    .000    .000     .00  225.65    1.84     .04     .00     .00     .00      0.      0.      0.
 27.000    .000    .000     .00  227.35    1.99     .03     .00     .00     .00      0.      0.      0.
 28.000    .000    .000     .00  228.95    2.05     .02     .00     .00     .00      0.      0.      0.
 29.000    .000    .000     .00  230.59    2.27    -.26     .00     .00     .00      0.      0.      0.
 30.000    .000    .000     .00  232.09    2.26    -.14     .00     .00     .00      0.      0.      0.
  T A B L E  III -  8.  M O I S T U R E  R E L A T E D  S T A T I S T I C A L  P A R A M E T E R S
                                              AUGUST    
 STATION =   723870     NELLIS/DESERT ROCK            
      Z VAPOR P   SD VP SKEW VP      TV      TV SKEW TV DEWPT T  SD DPT SKW DPT NOBS TP NOBS TV
           MEAN                    MEAN      SD            MEAN
     KM      MB      MB           DEG K   DEG K           DEG K   DEG K
   .000  14.001   8.120     .50  306.21   10.55     .39  282.48   10.05    -.45    414.    414.    414.
  1.000  10.011   4.768     .58  303.05    6.95     .06  278.60    7.27    -.20    543.    543.    543.
  1.007   9.982   4.756     .58  302.95    6.92     .06  278.57    7.28    -.20    543.    543.    543.
  2.000   7.416   3.050     .66  296.06    3.54    -.17  274.80    5.83    -.04    551.    551.    551.
  3.000   5.574   2.437     .29  287.36    3.04    -.11  270.57    6.68    -.57    551.    551.    551.
  4.000   3.652   1.974     .28  279.29    2.50    -.31  264.20    8.21    -.50    551.    551.    551.
  5.000   2.005   1.442     .74  272.00    2.16    -.51  255.63    9.44    -.04    551.    551.    551.
  6.000   1.012    .884    1.23  265.17    2.11    -.48  246.90    9.84     .21    549.    549.    549.
  7.000    .483    .450    1.78  258.27    2.26    -.62  239.04    9.06     .29    546.    546.    546.
  8.000    .260    .238    1.64  251.03    2.48    -.53  232.66    9.03     .11    544.    544.    544.
  9.000    .139    .119    1.50  243.52    2.76    -.36  226.97    8.58    -.19    541.    541.    541.
 10.000    .076    .061    1.10  237.24    1.98     .34  221.48    8.79    -.50    400.    400.    400.
 11.000    .038    .041    1.15  234.04     .69    1.14  213.43   10.31     .32     19.     19.     19.
 12.000    .000    .000     .00  222.45    2.42    -.34     .00     .00     .00      0.      0.      0.
 13.000    .000    .000     .00  216.78    2.05     .37     .00     .00     .00      0.      0.      0.
 14.000    .000    .000     .00  211.89    2.56     .71     .00     .00     .00      0.      0.      0.
 15.000    .000    .000     .00  208.28    3.36     .85     .00     .00     .00      0.      0.      0.
 16.000    .000    .000     .00  206.64    3.58     .56     .00     .00     .00      0.      0.      0.
 17.000    .000    .000     .00  207.57    3.00     .44     .00     .00     .00      0.      0.      0.
 18.000    .000    .000     .00  209.79    2.38     .07     .00     .00     .00      0.      0.      0.
 19.000    .000    .000     .00  212.52    1.98     .00     .00     .00     .00      0.      0.      0.
 20.000    .000    .000     .00  214.78    1.74     .11     .00     .00     .00      0.      0.      0.
 21.000    .000    .000     .00  216.79    1.63     .07     .00     .00     .00      0.      0.      0.
 22.000    .000    .000     .00  218.46    1.56     .01     .00     .00     .00      0.      0.      0.
 23.000    .000    .000     .00  220.07    1.54    -.02     .00     .00     .00      0.      0.      0.
 24.000    .000    .000     .00  221.71    1.63     .05     .00     .00     .00      0.      0.      0.
 25.000    .000    .000     .00  223.28    1.70     .10     .00     .00     .00      0.      0.      0.
 26.000    .000    .000     .00  224.89    1.86     .19     .00     .00     .00      0.      0.      0.
 27.000    .000    .000     .00  226.37    2.01     .34     .00     .00     .00      0.      0.      0.
 28.000    .000    .000     .00  227.70    2.07     .29     .00     .00     .00      0.      0.      0.
 29.000    .000    .000     .00  229.01    2.24     .13     .00     .00     .00      0.      0.      0.
 30.000    .000    .000     .00  230.29    2.39     .02     .00     .00     .00      0.      0.      0.
  T A B L E  III -  9.  M O I S T U R E  R E L A T E D  S T A T I S T I C A L  P A R A M E T E R S
                                              SEPTEMBER 
 STATION =   723870     NELLIS/DESERT ROCK            
      Z VAPOR P   SD VP SKEW VP      TV      TV SKEW TV DEWPT T  SD DPT SKW DPT NOBS TP NOBS TV
           MEAN                    MEAN      SD            MEAN
     KM      MB      MB           DEG K   DEG K           DEG K   DEG K
   .000  10.863   6.018     .61  301.56   11.39     .40  278.96    9.48    -.66    371.    371.    371.
  1.000   8.042   3.409     .71  298.73    7.46    -.06  275.81    6.28    -.30    506.    506.    506.
  1.007   8.016   3.391     .69  298.64    7.44    -.06  275.78    6.28    -.31    506.    506.    506.
  2.000   6.195   2.378     .62  291.75    5.03    -.81  272.40    5.60    -.47    532.    532.    532.
  3.000   4.595   1.960     .40  283.19    4.45    -.91  268.02    6.56    -.89    532.    532.    532.
  4.000   2.741   1.579     .59  275.76    3.79   -1.18  260.41    8.30    -.51    532.    532.    532.
  5.000   1.441   1.090    1.16  269.07    3.63   -1.27  251.77    9.04     .00    532.    532.    532.
  6.000    .702    .565    1.61  262.42    3.70   -1.13  243.71    8.49     .09    530.    530.    530.
  7.000    .362    .278    1.74  255.38    3.75    -.97  237.11    7.95    -.06    526.    528.    528.
  8.000    .207    .158    1.83  248.03    3.67    -.68  231.45    7.79    -.33    523.    523.    523.
  9.000    .108    .079    1.89  240.75    3.25    -.11  225.67    7.37    -.63    501.    502.    502.
 10.000    .063    .044    1.02  236.37    1.88     .43  220.53    7.84    -.73    223.    223.    223.
 11.000    .000    .000     .00  226.43    3.44    -.10     .00     .00     .00      2.      0.      2.
 12.000    .000    .000     .00  220.91    3.30    -.25     .00     .00     .00      0.      0.      0.
 13.000    .000    .000     .00  216.42    2.88    -.11     .00     .00     .00      0.      0.      0.
 14.000    .000    .000     .00  212.79    2.98     .48     .00     .00     .00      0.      0.      0.
 15.000    .000    .000     .00  209.62    3.72     .27     .00     .00     .00      0.      0.      0.
 16.000    .000    .000     .00  207.70    4.07     .05     .00     .00     .00      0.      0.      0.
 17.000    .000    .000     .00  207.94    3.79     .34     .00     .00     .00      0.      0.      0.
 18.000    .000    .000     .00  209.73    3.16     .72     .00     .00     .00      0.      0.      0.
 19.000    .000    .000     .00  211.92    2.56     .39     .00     .00     .00      0.      0.      0.
 20.000    .000    .000     .00  214.04    2.10     .06     .00     .00     .00      0.      0.      0.
 21.000    .000    .000     .00  215.93    1.87    -.01     .00     .00     .00      0.      0.      0.
 22.000    .000    .000     .00  217.60    1.76    -.13     .00     .00     .00      0.      0.      0.
 23.000    .000    .000     .00  219.26    1.79    -.01     .00     .00     .00      0.      0.      0.
 24.000    .000    .000     .00  220.94    1.89     .00     .00     .00     .00      0.      0.      0.
 25.000    .000    .000     .00  222.40    1.89     .15     .00     .00     .00      0.      0.      0.
 26.000    .000    .000     .00  223.82    1.88     .27     .00     .00     .00      0.      0.      0.
 27.000    .000    .000     .00  225.13    1.93     .08     .00     .00     .00      0.      0.      0.
 28.000    .000    .000     .00  226.29    2.09    -.05     .00     .00     .00      0.      0.      0.
 29.000    .000    .000     .00  227.44    2.34     .00     .00     .00     .00      0.      0.      0.
 30.000    .000    .000     .00  228.45    2.35     .07     .00     .00     .00      0.      0.      0.
  T A B L E  III - 10.  M O I S T U R E  R E L A T E D  S T A T I S T I C A L  P A R A M E T E R S
                                              OCTOBER   
 STATION =   723870     NELLIS/DESERT ROCK            
      Z VAPOR P   SD VP SKEW VP      TV      TV SKEW TV DEWPT T  SD DPT SKW DPT NOBS TP NOBS TV
           MEAN                    MEAN      SD            MEAN
     KM      MB      MB           DEG K   DEG K           DEG K   DEG K
   .000   7.673   3.914     .79  293.52   11.83     .52  274.61    7.64    -.33    373.    373.    373.
  1.000   5.768   2.386     .71  291.82    7.91    -.17  271.29    5.87    -.43    539.    539.    539.
  1.007   5.766   2.368     .72  291.82    7.64     .17  271.34    5.70    -.13    539.    539.    539.
  2.000   4.433   1.785     .56  285.78    5.35     .03  267.79    5.75    -.51    543.    543.    543.
  3.000   3.107   1.423     .16  278.08    4.86    -.24  262.64    7.22   -1.01    542.    542.    542.
  4.000   1.652   1.008     .67  271.79    4.51    -.70  254.14    8.09    -.30    542.    542.    542.
  5.000    .911    .660    1.27  265.51    4.38    -.76  246.96    8.06     .05    543.    543.    543.
  6.000    .545    .423    1.32  258.65    4.31    -.76  240.96    8.58    -.09    542.    542.    542.
  7.000    .307    .250    1.60  251.38    4.16    -.72  234.87    8.58    -.21    541.    541.    541.
  8.000    .171    .135    1.44  244.09    3.60    -.20  229.22    8.50    -.45    523.    523.    523.
  9.000    .094    .066    1.33  237.58    2.65     .55  224.13    7.78    -.86    418.    418.    418.
 10.000    .064    .047     .80  235.27    1.50     .68  220.30    8.42    -.71     48.     48.     48.
 11.000    .000    .000     .00  223.20    3.37     .43     .00     .00     .00      0.      0.      0.
 12.000    .000    .000     .00  218.77    3.78     .29     .00     .00     .00      0.      0.      0.
 13.000    .000    .000     .00  215.45    3.95    -.09     .00     .00     .00      0.      0.      0.
 14.000    .000    .000     .00  212.83    3.70     .04     .00     .00     .00      0.      0.      0.
 15.000    .000    .000     .00  210.30    3.65     .24     .00     .00     .00      0.      0.      0.
 16.000    .000    .000     .00  208.55    3.73     .29     .00     .00     .00      0.      0.      0.
 17.000    .000    .000     .00  208.22    3.82     .21     .00     .00     .00      0.      0.      0.
 18.000    .000    .000     .00  209.23    3.44     .17     .00     .00     .00      0.      0.      0.
 19.000    .000    .000     .00  210.70    2.90     .17     .00     .00     .00      0.      0.      0.
 20.000    .000    .000     .00  212.24    2.50     .18     .00     .00     .00      0.      0.      0.
 21.000    .000    .000     .00  213.60    2.12     .15     .00     .00     .00      0.      0.      0.
 22.000    .000    .000     .00  215.09    1.97     .21     .00     .00     .00      0.      0.      0.
 23.000    .000    .000     .00  216.66    2.03     .17     .00     .00     .00      0.      0.      0.
 24.000    .000    .000     .00  218.24    2.10     .15     .00     .00     .00      0.      0.      0.
 25.000    .000    .000     .00  219.78    2.01    -.15     .00     .00     .00      0.      0.      0.
 26.000    .000    .000     .00  221.30    2.20    -.29     .00     .00     .00      0.      0.      0.
 27.000    .000    .000     .00  222.71    2.18    -.29     .00     .00     .00      0.      0.      0.
 28.000    .000    .000     .00  223.89    2.33    -.10     .00     .00     .00      0.      0.      0.
 29.000    .000    .000     .00  224.98    2.57     .15     .00     .00     .00      0.      0.      0.
 30.000    .000    .000     .00  225.96    2.61     .05     .00     .00     .00      0.      0.      0.
  T A B L E  III - 11.  M O I S T U R E  R E L A T E D  S T A T I S T I C A L  P A R A M E T E R S
                                              NOVEMBER  
 STATION =   723870     NELLIS/DESERT ROCK            
      Z VAPOR P   SD VP SKEW VP      TV      TV SKEW TV DEWPT T  SD DPT SKW DPT NOBS TP NOBS TV
           MEAN                    MEAN      SD            MEAN
     KM      MB      MB           DEG K   DEG K           DEG K   DEG K
   .000   6.412   3.569    1.44  287.39   10.75     .32  271.86    8.26    -.82    418.    418.    418.
  1.000   4.667   2.173     .97  284.74    6.99     .24  268.19    6.44    -.39    538.    538.    538.
  1.007   4.653   2.165     .97  284.70    6.97     .24  268.16    6.43    -.39    538.    538.    538.
  2.000   3.419   1.663     .71  279.29    5.16    -.11  263.97    6.69    -.35    538.    538.    538.
  3.000   2.208   1.298     .64  274.00    5.32    -.36  257.73    8.16    -.45    538.    538.    538.
  4.000   1.252    .879    1.11  268.19    5.46    -.62  250.52    8.45    -.12    538.    538.    538.
  5.000    .785    .600    1.29  261.80    5.45    -.75  244.80    9.03    -.22    537.    537.    537.
  6.000    .492    .392    1.11  254.89    5.50    -.80  239.30    9.66    -.37    536.    536.    536.
  7.000    .283    .229    1.26  247.97    4.81    -.48  233.58    9.67    -.58    522.    522.    522.
  8.000    .153    .115    1.15  241.34    3.77     .04  227.92    9.24    -.82    471.    471.    471.
  9.000    .094    .054     .68  236.62    2.07     .47  224.69    7.17   -1.36    240.    240.    240.
 10.000    .037    .028     .01  235.60    2.37    1.09  215.50    8.46    -.31     11.     11.     11.
 11.000    .000    .000     .00  220.91    3.98     .60     .00     .00     .00      0.      0.      0.
 12.000    .000    .000     .00  216.99    4.95     .36     .00     .00     .00      0.      0.      0.
 13.000    .000    .000     .00  214.79    4.85     .11     .00     .00     .00      0.      0.      0.
 14.000    .000    .000     .00  212.86    4.30     .29     .00     .00     .00      0.      0.      0.
 15.000    .000    .000     .00  210.75    4.21     .43     .00     .00     .00      0.      0.      0.
 16.000    .000    .000     .00  209.07    4.36     .35     .00     .00     .00      0.      0.      0.
 17.000    .000    .000     .00  208.38    4.04    -.10     .00     .00     .00      0.      0.      0.
 18.000    .000    .000     .00  208.91    3.30    -.04     .00     .00     .00      0.      0.      0.
 19.000    .000    .000     .00  210.12    2.61     .17     .00     .00     .00      0.      0.      0.
 20.000    .000    .000     .00  211.36    2.26    -.04     .00     .00     .00      0.      0.      0.
 21.000    .000    .000     .00  212.62    2.06    -.08     .00     .00     .00      0.      0.      0.
 22.000    .000    .000     .00  213.94    2.12    -.14     .00     .00     .00      0.      0.      0.
 23.000    .000    .000     .00  215.46    2.06    -.16     .00     .00     .00      0.      0.      0.
 24.000    .000    .000     .00  216.81    2.22     .06     .00     .00     .00      0.      0.      0.
 25.000    .000    .000     .00  218.03    2.55     .23     .00     .00     .00      0.      0.      0.
 26.000    .000    .000     .00  219.17    2.88     .56     .00     .00     .00      0.      0.      0.
 27.000    .000    .000     .00  220.30    3.06     .90     .00     .00     .00      0.      0.      0.
 28.000    .000    .000     .00  221.47    3.27    1.02     .00     .00     .00      0.      0.      0.
 29.000    .000    .000     .00  222.83    3.75    1.38     .00     .00     .00      0.      0.      0.
 30.000    .000    .000     .00  224.11    3.85    1.36     .00     .00     .00      0.      0.      0.
  T A B L E  III - 12.  M O I S T U R E  R E L A T E D  S T A T I S T I C A L  P A R A M E T E R S
                                              DECEMBER  
 STATION =   723870     NELLIS/DESERT ROCK            
      Z VAPOR P   SD VP SKEW VP      TV      TV SKEW TV DEWPT T  SD DPT SKW DPT NOBS TP NOBS TV
           MEAN                    MEAN      SD            MEAN
     KM      MB      MB           DEG K   DEG K           DEG K   DEG K
   .000   6.144   3.065    1.32  284.07   10.60     .09  271.86    6.69    -.13    473.    473.    472.
  1.000   4.472   1.843     .62  281.21    6.23     .22  267.88    5.74    -.39    542.    542.    542.
  1.007   4.458   1.836     .62  281.18    6.22     .22  267.85    5.74    -.39    542.    542.    542.
  2.000   3.205   1.650     .57  277.27    4.83    -.50  262.94    7.12    -.30    545.    545.    545.
  3.000   1.993   1.250     .79  272.78    5.48    -.82  256.26    8.45    -.34    545.    545.    545.
  4.000   1.171    .881    1.07  266.92    5.58    -.87  249.28    9.16    -.08    544.    544.    544.
  5.000    .717    .614    1.38  260.53    5.41    -.97  243.19    9.73    -.06    543.    543.    543.
  6.000    .456    .393    1.42  253.70    5.11    -.85  238.26    9.81    -.22    538.    538.    538.
  7.000    .258    .224    1.49  246.59    4.61    -.41  232.43    9.80    -.44    529.    529.    529.
  8.000    .143    .111    1.50  240.25    3.53     .23  227.39    8.94    -.79    444.    444.    444.
  9.000    .096    .064    1.11  236.39    2.24     .23  224.65    7.47   -1.01    162.    162.    162.
 10.000    .041    .026    -.25  235.72     .92    -.07  217.30    7.43    -.84      8.      8.      8.
 11.000    .000    .000     .00  219.58    4.36     .70     .00     .00     .00      0.      0.      0.
 12.000    .000    .000     .00  216.46    5.14     .40     .00     .00     .00      0.      0.      0.
 13.000    .000    .000     .00  214.80    5.26    -.03     .00     .00     .00      0.      0.      0.
 14.000    .000    .000     .00  213.47    4.49    -.10     .00     .00     .00      0.      0.      0.
 15.000    .000    .000     .00  211.54    4.06     .09     .00     .00     .00      0.      0.      0.
 16.000    .000    .000     .00  209.75    4.00     .09     .00     .00     .00      0.      0.      0.
 17.000    .000    .000     .00  208.77    3.89    -.10     .00     .00     .00      0.      0.      0.
 18.000    .000    .000     .00  208.57    3.60    -.17     .00     .00     .00      0.      0.      0.
 19.000    .000    .000     .00  209.59    3.22     .11     .00     .00     .00      0.      0.      0.
 20.000    .000    .000     .00  210.63    3.02     .05     .00     .00     .00      0.      0.      0.
 21.000    .000    .000     .00  211.68    3.03     .26     .00     .00     .00      0.      0.      0.
 22.000    .000    .000     .00  212.81    3.16     .25     .00     .00     .00      0.      0.      0.
 23.000    .000    .000     .00  214.01    3.27     .25     .00     .00     .00      0.      0.      0.
 24.000    .000    .000     .00  215.14    3.41     .28     .00     .00     .00      0.      0.      0.
 25.000    .000    .000     .00  216.27    3.39     .20     .00     .00     .00      0.      0.      0.
 26.000    .000    .000     .00  217.31    3.51     .19     .00     .00     .00      0.      0.      0.
 27.000    .000    .000     .00  218.40    3.56     .28     .00     .00     .00      0.      0.      0.
 28.000    .000    .000     .00  219.41    3.74     .29     .00     .00     .00      0.      0.      0.
 29.000    .000    .000     .00  220.21    3.83     .33     .00     .00     .00      0.      0.      0.
 30.000    .000    .000     .00  221.30    4.09     .48     .00     .00     .00      0.      0.      0.
