      72391      34.12N  119.12W
  T A B L E  III -   1.  M O I S T U R E  R E L A T E D  S T A T I S T I C A L  P A R A M E T E R S
                                   January
 STATION =   723910     Pt. Mugu Naval Air Station, CA
      Z VAPOR P   SD VP SKEW VP      TV      TV SKEW TV DEWPT T  SD DPT SKW DPT NOBS TP NOBS TV   
           MEAN                    MEAN      SD            MEAN                                   
     KM      MB      MB          KELVIN  KELVIN          KELVIN  KELVIN                           
  0.000  16.000   6.000    0.00  291.00    6.00    0.00  290.00    7.00    0.00     100     100
  0.004   9.391   3.824    0.08  287.89    4.76   -0.11  277.93    6.83   -0.79     768     768
  0.500   6.791   3.558    0.32  286.90    4.30    0.38  272.74    8.08   -0.36     765     765
  1.000   5.081   2.957    0.63  284.44    4.69    0.13  268.73    8.16   -0.24     758     758
  1.500   3.801   2.547    0.84  281.94    4.71   -0.13  264.42    9.00   -0.22     754     754
  2.000   2.999   2.154    0.91  279.34    4.68   -0.35  261.25    9.36   -0.24     745     745
  2.500   2.297   1.781    0.99  276.70    4.71   -0.51  257.63    9.86   -0.30     739     739
  3.000   1.827   1.507    1.08  273.90    4.74   -0.62  254.42   10.40   -0.30     738     738
  3.500   1.437   1.255    1.25  270.92    4.65   -0.71  251.38   10.43   -0.19     737     737
  4.000   1.132   0.991    1.25  267.76    4.67   -0.77  248.54   10.46   -0.27     737     737
  4.500   0.904   0.830    1.45  264.55    4.67   -0.83  245.91   10.41   -0.19     734     734
  5.000   0.700   0.638    1.38  261.19    4.62   -0.80  243.11   10.31   -0.25     733     733
  5.500   0.534   0.489    1.35  257.69    4.62   -0.74  240.31   10.22   -0.29     726     726
  6.000   0.408   0.389    1.35  254.11    4.61   -0.68  238.46    9.51   -0.23     685     685
  6.500   0.310   0.300    1.44  250.43    4.65   -0.60  235.90    9.09   -0.17     676     676
  7.000   0.219   0.219    1.37  246.68    4.71   -0.58  232.93    8.78   -0.14     651     651
  7.500   0.146   0.158    1.38  243.00    4.57   -0.45  231.30    7.60   -0.22     554     554
  8.000   0.091   0.105    1.42  239.24    4.46   -0.29  228.82    6.42   -0.17     477     477
  8.500   0.052   0.072    1.60  235.43    4.36   -0.15  226.57    5.62   -0.05     359     359
  9.000   0.025   0.043    1.93  231.65    4.22    0.06  223.41    5.03    0.07     250     250
  9.500   0.008   0.022    2.88  228.07    4.04    0.29  221.49    3.78    0.08     112     112
 10.000 999.900 999.900  999.90  224.76    3.99    0.69  218.82    2.80    0.22      60      60
 10.500 999.900 999.900  999.90  221.94    4.22    0.95  216.69    2.01    1.29      40      40
 11.000 999.900 999.900  999.90  219.69    4.82    0.80  216.42    2.51    0.61      11      11
 11.500 999.900 999.900  999.90  218.16    5.55    0.54  216.28    2.35    0.53      12      12
 12.000 999.900 999.900  999.90  217.36    5.94    0.20  999.90  999.90  999.90       0       0
 12.500 999.900 999.900  999.90  217.07    5.79   -0.13  999.90  999.90  999.90       0       0
 13.000 999.900 999.900  999.90  216.70    5.25   -0.33  999.90  999.90  999.90       0       0
 13.500 999.900 999.900  999.90  216.02    4.50   -0.46  999.90  999.90  999.90       0       0
 14.000 999.900 999.900  999.90  215.07    4.01   -0.34  999.90  999.90  999.90       0       0
 14.500 999.900 999.900  999.90  213.95    3.70   -0.15  999.90  999.90  999.90       0       0
 15.000 999.900 999.900  999.90  212.67    3.61   -0.04  999.90  999.90  999.90       0       0
 15.500 999.900 999.900  999.90  211.39    3.67    0.05  999.90  999.90  999.90       0       0
 16.000 999.900 999.900  999.90  210.29    3.93    0.06  999.90  999.90  999.90       0       0
 16.500 999.900 999.900  999.90  207.60    3.83    0.25  999.90  999.90  999.90       0       0
 17.000 999.900 999.900  999.90  207.30    4.08    0.01  999.90  999.90  999.90       0       0
 17.500 999.900 999.900  999.90  206.90    4.13   -0.19  999.90  999.90  999.90       0       0
 18.000 999.900 999.900  999.90  206.91    3.81   -0.15  999.90  999.90  999.90       0       0
 18.500 999.900 999.900  999.90  207.16    3.74    0.10  999.90  999.90  999.90       0       0
 19.000 999.900 999.900  999.90  207.72    3.64    0.15  999.90  999.90  999.90       0       0
 19.500 999.900 999.900  999.90  208.29    3.73    0.14  999.90  999.90  999.90       0       0
 20.000 999.900 999.900  999.90  208.87    3.71   -0.09  999.90  999.90  999.90       0       0
 20.500 999.900 999.900  999.90  209.83    3.54   -0.32  999.90  999.90  999.90       0       0
 21.000 999.900 999.900  999.90  210.35    3.20   -0.26  999.90  999.90  999.90       0       0
 21.500 999.900 999.900  999.90  210.56    3.29   -0.48  999.90  999.90  999.90       0       0
 22.000 999.900 999.900  999.90  211.11    3.37   -0.55  999.90  999.90  999.90       0       0
 22.500 999.900 999.900  999.90  211.67    3.43   -0.44  999.90  999.90  999.90       0       0
 23.000 999.900 999.900  999.90  212.38    3.50   -0.34  999.90  999.90  999.90       0       0
 23.500 999.900 999.900  999.90  212.99    3.60   -0.29  999.90  999.90  999.90       0       0
 24.000 999.900 999.900  999.90  213.53    3.33   -0.27  999.90  999.90  999.90       0       0
 24.500 999.900 999.900  999.90  214.10    3.21   -0.23  999.90  999.90  999.90       0       0
 25.000 999.900 999.900  999.90  214.86    3.22   -0.30  999.90  999.90  999.90       0       0
 25.500 999.900 999.900  999.90  215.64    3.06   -0.35  999.90  999.90  999.90       0       0
 26.000 999.900 999.900  999.90  216.32    3.21   -0.37  999.90  999.90  999.90       0       0
 26.500 999.900 999.900  999.90  216.96    3.12   -0.55  999.90  999.90  999.90       0       0
 27.000 999.900 999.900  999.90  217.58    3.32   -0.25  999.90  999.90  999.90       0       0
 27.500 999.900 999.900  999.90  218.41    3.60   -0.05  999.90  999.90  999.90       0       0
 28.000 999.900 999.900  999.90  219.56    3.41   -0.01  999.90  999.90  999.90       0       0
 28.500 999.900 999.900  999.90  220.84    3.24   -0.23  999.90  999.90  999.90       0       0
 29.000 999.900 999.900  999.90  222.15    3.35    0.19  999.90  999.90  999.90       0       0
 29.500 999.900 999.900  999.90  223.07    3.57    0.22  999.90  999.90  999.90       0       0
 30.000 999.900 999.900  999.90  223.80    3.49    0.00  999.90  999.90  999.90       0       0
  T A B L E  III -   2.  M O I S T U R E  R E L A T E D  S T A T I S T I C A L  P A R A M E T E R S
                                  February
 STATION =   723910     Pt. Mugu Naval Air Station, CA
      Z VAPOR P   SD VP SKEW VP      TV      TV SKEW TV DEWPT T  SD DPT SKW DPT NOBS TP NOBS TV   
           MEAN                    MEAN      SD            MEAN                                   
     KM      MB      MB          KELVIN  KELVIN          KELVIN  KELVIN                           
  0.000  16.000   6.000    0.00  291.00    6.00    0.00  290.00    7.00    0.00     100     100
  0.004  10.293   3.457   -0.35  287.92    4.57   -0.15  279.60    6.11   -1.51     853     853
  0.500   6.846   3.423    0.17  287.13    4.55    0.46  273.03    8.03   -0.71     846     846
  1.000   5.012   2.822    0.53  284.68    5.03    0.24  268.75    8.07   -0.48     837     837
  1.500   3.803   2.393    0.71  281.86    5.14   -0.01  264.70    8.68   -0.37     836     836
  2.000   2.854   1.981    0.88  279.05    5.07   -0.23  260.68    9.10   -0.27     834     834
  2.500   2.147   1.650    1.05  276.33    4.84   -0.42  256.79    9.74   -0.32     826     826
  3.000   1.662   1.387    1.11  273.50    4.60   -0.50  253.26   10.31   -0.24     821     821
  3.500   1.298   1.151    1.28  270.49    4.46   -0.56  250.23   10.25   -0.12     818     818
  4.000   1.019   0.924    1.35  267.33    4.42   -0.65  247.32   10.40   -0.24     817     817
  4.500   0.799   0.737    1.35  264.00    4.39   -0.73  244.51   10.52   -0.28     813     813
  5.000   0.632   0.596    1.37  260.57    4.36   -0.71  242.08   10.27   -0.17     805     805
  5.500   0.489   0.471    1.39  257.06    4.36   -0.63  239.26   10.32   -0.16     800     800
  6.000   0.379   0.369    1.39  253.47    4.41   -0.60  237.87    9.30   -0.12     751     751
  6.500   0.281   0.278    1.35  249.76    4.41   -0.59  235.41    8.81   -0.11     725     725
  7.000   0.205   0.200    1.31  245.97    4.35   -0.50  232.92    8.29   -0.24     703     703
  7.500   0.142   0.149    1.19  242.19    4.25   -0.38  231.61    7.07   -0.26     598     598
  8.000   0.090   0.104    1.27  238.37    4.12   -0.23  229.27    5.96   -0.07     513     513
  8.500   0.048   0.070    1.55  234.58    3.96   -0.04  226.71    5.42   -0.08     372     372
  9.000   0.024   0.045    2.18  230.85    3.81    0.03  223.76    5.09    0.22     257     257
  9.500   0.008   0.023    3.12  227.28    3.73    0.12  221.53    4.02    0.33     124     124
 10.000 999.900 999.900  999.90  223.91    3.81    0.34  218.82    2.73    0.10      77      77
 10.500 999.900 999.900  999.90  221.03    4.12    0.62  216.40    1.71    0.40      55      55
 11.000 999.900 999.900  999.90  218.92    4.74    0.74  215.42    0.95    0.87      13      13
 11.500 999.900 999.900  999.90  217.71    5.45    0.50  215.69    1.76    0.62      10      10
 12.000 999.900 999.900  999.90  217.23    5.81    0.05  999.90  999.90  999.90       0       0
 12.500 999.900 999.900  999.90  217.15    5.53   -0.44  999.90  999.90  999.90       0       0
 13.000 999.900 999.900  999.90  216.88    4.82   -0.68  999.90  999.90  999.90       0       0
 13.500 999.900 999.900  999.90  216.31    4.14   -0.64  999.90  999.90  999.90       0       0
 14.000 999.900 999.900  999.90  215.31    3.66   -0.44  999.90  999.90  999.90       0       0
 14.500 999.900 999.900  999.90  214.03    3.48   -0.22  999.90  999.90  999.90       0       0
 15.000 999.900 999.900  999.90  212.69    3.49   -0.07  999.90  999.90  999.90       0       0
 15.500 999.900 999.900  999.90  211.42    3.65   -0.10  999.90  999.90  999.90       0       0
 16.000 999.900 999.900  999.90  210.31    3.72   -0.10  999.90  999.90  999.90       0       0
 16.500 999.900 999.900  999.90  207.59    3.62    0.01  999.90  999.90  999.90       0       0
 17.000 999.900 999.900  999.90  207.41    3.47   -0.17  999.90  999.90  999.90       0       0
 17.500 999.900 999.900  999.90  207.26    3.45    0.04  999.90  999.90  999.90       0       0
 18.000 999.900 999.900  999.90  207.30    3.26   -0.12  999.90  999.90  999.90       0       0
 18.500 999.900 999.900  999.90  207.73    3.24   -0.23  999.90  999.90  999.90       0       0
 19.000 999.900 999.900  999.90  207.91    3.15   -0.23  999.90  999.90  999.90       0       0
 19.500 999.900 999.900  999.90  208.37    3.12   -0.33  999.90  999.90  999.90       0       0
 20.000 999.900 999.900  999.90  209.25    3.22   -0.43  999.90  999.90  999.90       0       0
 20.500 999.900 999.900  999.90  209.76    3.09   -0.12  999.90  999.90  999.90       0       0
 21.000 999.900 999.900  999.90  210.81    2.86   -0.36  999.90  999.90  999.90       0       0
 21.500 999.900 999.900  999.90  211.34    2.77   -0.70  999.90  999.90  999.90       0       0
 22.000 999.900 999.900  999.90  211.94    2.56   -0.65  999.90  999.90  999.90       0       0
 22.500 999.900 999.900  999.90  212.77    2.61   -0.80  999.90  999.90  999.90       0       0
 23.000 999.900 999.900  999.90  213.15    2.66   -1.14  999.90  999.90  999.90       0       0
 23.500 999.900 999.900  999.90  214.12    2.69   -0.95  999.90  999.90  999.90       0       0
 24.000 999.900 999.900  999.90  215.03    2.42   -0.53  999.90  999.90  999.90       0       0
 24.500 999.900 999.900  999.90  216.22    2.36   -0.11  999.90  999.90  999.90       0       0
 25.000 999.900 999.900  999.90  217.22    2.56   -0.29  999.90  999.90  999.90       0       0
 25.500 999.900 999.900  999.90  217.86    2.66   -0.39  999.90  999.90  999.90       0       0
 26.000 999.900 999.900  999.90  218.71    2.78   -0.54  999.90  999.90  999.90       0       0
 26.500 999.900 999.900  999.90  219.58    2.78   -0.35  999.90  999.90  999.90       0       0
 27.000 999.900 999.900  999.90  220.68    2.74   -0.38  999.90  999.90  999.90       0       0
 27.500 999.900 999.900  999.90  221.61    3.19   -0.31  999.90  999.90  999.90       0       0
 28.000 999.900 999.900  999.90  222.27    3.51    0.07  999.90  999.90  999.90       0       0
 28.500 999.900 999.900  999.90  223.18    3.80    0.27  999.90  999.90  999.90       0       0
 29.000 999.900 999.900  999.90  224.21    4.19    0.24  999.90  999.90  999.90       0       0
 29.500 999.900 999.900  999.90  225.60    4.58    0.43  999.90  999.90  999.90       0       0
 30.000 999.900 999.900  999.90  226.54    4.78    0.57  999.90  999.90  999.90       0       0
  T A B L E  III -   3.  M O I S T U R E  R E L A T E D  S T A T I S T I C A L  P A R A M E T E R S
                                     March
 STATION =   723910     Pt. Mugu Naval Air Station, CA
      Z VAPOR P   SD VP SKEW VP      TV      TV SKEW TV DEWPT T  SD DPT SKW DPT NOBS TP NOBS TV   
           MEAN                    MEAN      SD            MEAN                                   
     KM      MB      MB          KELVIN  KELVIN          KELVIN  KELVIN                           
  0.000  16.000   6.000    0.00  291.00    6.00    0.00  290.00    7.00    0.00     100     100
  0.004  11.039   2.860   -0.56  288.10    4.14   -0.55  281.06    4.46   -1.43    1002    1002
  0.500   7.699   3.074   -0.13  286.48    4.27    0.61  275.20    6.57   -0.83    1000    1000
  1.000   5.528   2.645    0.26  284.38    5.09    0.27  270.35    7.21   -0.62     994     994
  1.500   3.900   2.218    0.58  281.82    5.22   -0.05  265.48    7.91   -0.55     980     980
  2.000   2.920   1.983    0.98  279.08    5.09   -0.24  261.11    9.23   -0.64     974     974
  2.500   2.164   1.660    1.17  276.25    4.95   -0.39  257.07    9.58   -0.39     965     965
  3.000   1.634   1.339    1.35  273.36    4.85   -0.52  253.32    9.78   -0.28     970     970
  3.500   1.238   1.105    1.60  270.39    4.79   -0.61  249.86   10.03   -0.21     959     959
  4.000   0.944   0.884    1.74  267.23    4.76   -0.68  246.48   10.34   -0.26     958     958
  4.500   0.742   0.723    1.78  263.93    4.75   -0.74  243.63   10.35   -0.17     958     958
  5.000   0.585   0.582    1.73  260.51    4.76   -0.83  241.04   10.27   -0.08     951     951
  5.500   0.456   0.465    1.72  256.95    4.79   -0.85  238.53   10.07   -0.00     939     939
  6.000   0.342   0.365    1.73  253.29    4.74   -0.81  236.41    9.55    0.04     884     884
  6.500   0.257   0.281    1.71  249.53    4.72   -0.76  234.05    9.17    0.08     854     854
  7.000   0.190   0.216    1.82  245.76    4.66   -0.64  231.54    8.94    0.07     821     821
  7.500   0.125   0.158    1.82  241.98    4.56   -0.48  230.62    7.68    0.02     652     652
  8.000   0.082   0.111    1.74  238.17    4.40   -0.26  228.60    6.73    0.15     556     556
  8.500   0.047   0.076    1.93  234.39    4.21   -0.10  226.88    5.99    0.16     400     400
  9.000   0.023   0.048    2.48  230.72    4.00    0.06  223.77    5.76    0.30     284     284
  9.500   0.008   0.025    3.80  227.22    3.77    0.25  222.31    4.99    0.12     116     116
 10.000 999.900 999.900  999.90  223.91    3.59    0.30  219.58    3.53    0.06      52      52
 10.500 999.900 999.900  999.90  221.05    3.66    0.39  217.27    2.45    0.25      37      37
 11.000 999.900 999.900  999.90  218.72    4.13    0.51  999.90  999.90  999.90       0       0
 11.500 999.900 999.900  999.90  217.19    4.82    0.43  999.90  999.90  999.90       0       0
 12.000 999.900 999.900  999.90  216.43    5.45    0.17  999.90  999.90  999.90       0       0
 12.500 999.900 999.900  999.90  216.21    5.57   -0.20  999.90  999.90  999.90       0       0
 13.000 999.900 999.900  999.90  216.18    5.13   -0.55  999.90  999.90  999.90       0       0
 13.500 999.900 999.900  999.90  215.94    4.44   -0.70  999.90  999.90  999.90       0       0
 14.000 999.900 999.900  999.90  215.35    3.78   -0.37  999.90  999.90  999.90       0       0
 14.500 999.900 999.900  999.90  214.36    3.60   -0.15  999.90  999.90  999.90       0       0
 15.000 999.900 999.900  999.90  213.22    3.67   -0.10  999.90  999.90  999.90       0       0
 15.500 999.900 999.900  999.90  212.15    3.70   -0.05  999.90  999.90  999.90       0       0
 16.000 999.900 999.900  999.90  211.26    3.76   -0.03  999.90  999.90  999.90       0       0
 16.500 999.900 999.900  999.90  208.93    3.58    0.01  999.90  999.90  999.90       0       0
 17.000 999.900 999.900  999.90  208.55    3.76   -0.21  999.90  999.90  999.90       0       0
 17.500 999.900 999.900  999.90  208.42    3.74   -0.03  999.90  999.90  999.90       0       0
 18.000 999.900 999.900  999.90  208.52    3.58    0.15  999.90  999.90  999.90       0       0
 18.500 999.900 999.900  999.90  208.71    3.22    0.02  999.90  999.90  999.90       0       0
 19.000 999.900 999.900  999.90  209.00    3.07   -0.38  999.90  999.90  999.90       0       0
 19.500 999.900 999.900  999.90  209.57    2.85   -0.65  999.90  999.90  999.90       0       0
 20.000 999.900 999.900  999.90  209.90    2.79   -0.71  999.90  999.90  999.90       0       0
 20.500 999.900 999.900  999.90  210.42    2.78   -0.19  999.90  999.90  999.90       0       0
 21.000 999.900 999.900  999.90  211.16    2.87   -0.11  999.90  999.90  999.90       0       0
 21.500 999.900 999.900  999.90  211.83    2.62   -0.20  999.90  999.90  999.90       0       0
 22.000 999.900 999.900  999.90  212.57    2.44   -0.28  999.90  999.90  999.90       0       0
 22.500 999.900 999.900  999.90  213.27    2.38   -0.48  999.90  999.90  999.90       0       0
 23.000 999.900 999.900  999.90  213.97    2.20   -0.52  999.90  999.90  999.90       0       0
 23.500 999.900 999.900  999.90  214.71    2.08   -0.36  999.90  999.90  999.90       0       0
 24.000 999.900 999.900  999.90  215.38    1.98   -0.31  999.90  999.90  999.90       0       0
 24.500 999.900 999.900  999.90  215.94    1.99   -0.25  999.90  999.90  999.90       0       0
 25.000 999.900 999.900  999.90  216.62    1.79   -0.17  999.90  999.90  999.90       0       0
 25.500 999.900 999.900  999.90  217.35    1.66    0.24  999.90  999.90  999.90       0       0
 26.000 999.900 999.900  999.90  218.14    1.54   -0.30  999.90  999.90  999.90       0       0
 26.500 999.900 999.900  999.90  218.88    1.56   -0.25  999.90  999.90  999.90       0       0
 27.000 999.900 999.900  999.90  219.61    1.69   -0.12  999.90  999.90  999.90       0       0
 27.500 999.900 999.900  999.90  220.42    1.80    0.13  999.90  999.90  999.90       0       0
 28.000 999.900 999.900  999.90  221.33    1.91    0.02  999.90  999.90  999.90       0       0
 28.500 999.900 999.900  999.90  222.19    2.08    0.00  999.90  999.90  999.90       0       0
 29.000 999.900 999.900  999.90  223.22    2.14    0.08  999.90  999.90  999.90       0       0
 29.500 999.900 999.900  999.90  224.27    2.30    0.11  999.90  999.90  999.90       0       0
 30.000 999.900 999.900  999.90  225.25    2.34    0.04  999.90  999.90  999.90       0       0
  T A B L E  III -   4.  M O I S T U R E  R E L A T E D  S T A T I S T I C A L  P A R A M E T E R S
                                     April
 STATION =   723910     Pt. Mugu Naval Air Station, CA
      Z VAPOR P   SD VP SKEW VP      TV      TV SKEW TV DEWPT T  SD DPT SKW DPT NOBS TP NOBS TV   
           MEAN                    MEAN      SD            MEAN                                   
     KM      MB      MB          KELVIN  KELVIN          KELVIN  KELVIN                           
  0.000  16.000   6.000    0.00  291.00    6.00    0.00  290.00    7.00    0.00     100     100
  0.004  11.771   2.696   -0.34  288.97    4.02   -0.16  282.16    3.76   -1.25     989     989
  0.500   8.363   3.068   -0.26  287.75    4.47    0.78  276.61    6.03   -0.94     985     985
  1.000   5.800   2.671    0.07  286.54    5.29    0.22  271.17    7.19   -1.01     975     975
  1.500   3.831   2.097    0.45  284.54    5.45   -0.15  265.30    7.91   -0.82     968     968
  2.000   2.779   1.776    0.96  281.86    5.21   -0.36  260.94    8.39   -0.61     958     958
  2.500   2.032   1.443    1.07  278.98    4.97   -0.57  256.94    8.72   -0.48     943     943
  3.000   1.589   1.258    1.48  276.01    4.81   -0.79  253.57    9.22   -0.37     942     942
  3.500   1.219   0.999    1.58  272.98    4.61   -0.89  250.38    8.97   -0.23     946     946
  4.000   0.945   0.814    1.70  269.80    4.52   -1.00  247.31    9.07   -0.18     945     945
  4.500   0.736   0.688    2.79  266.53    4.49   -0.94  244.33    9.00   -0.04     949     949
  5.000   0.557   0.501    1.77  263.08    4.40   -1.18  241.41    8.84   -0.05     945     945
  5.500   0.420   0.380    1.59  259.53    4.34   -1.28  238.46    8.82   -0.05     937     937
  6.000   0.320   0.297    1.51  255.87    4.29   -1.20  236.03    8.56    0.04     909     909
  6.500   0.238   0.234    1.56  252.12    4.28   -1.20  233.29    8.53    0.07     883     883
  7.000   0.175   0.173    1.49  248.30    4.23   -1.15  230.65    8.43   -0.05     857     857
  7.500   0.122   0.139    1.39  244.52    4.05   -1.01  230.42    7.54   -0.30     656     656
  8.000   0.083   0.098    1.24  240.70    3.84   -0.81  228.74    6.11   -0.15     572     572
  8.500   0.052   0.070    1.60  236.88    3.66   -0.58  226.50    5.29    0.04     476     476
  9.000   0.023   0.042    1.99  233.09    3.39   -0.32  223.98    4.61    0.08     288     288
  9.500   0.007   0.022    3.62  229.36    3.22   -0.12  221.80    4.04    0.28     117     117
 10.000 999.900 999.900  999.90  225.76    3.14    0.26  218.49    2.85    0.62      44      44
 10.500 999.900 999.900  999.90  222.29    3.22    0.63  216.46    2.48    1.41      31      31
 11.000 999.900 999.900  999.90  219.15    3.49    0.97  999.90  999.90  999.90       0       0
 11.500 999.900 999.900  999.90  216.51    4.03    1.12  999.90  999.90  999.90       0       0
 12.000 999.900 999.900  999.90  214.57    4.60    1.00  999.90  999.90  999.90       0       0
 12.500 999.900 999.900  999.90  213.59    5.08    0.61  999.90  999.90  999.90       0       0
 13.000 999.900 999.900  999.90  213.46    5.23    0.13  999.90  999.90  999.90       0       0
 13.500 999.900 999.900  999.90  213.72    4.81   -0.21  999.90  999.90  999.90       0       0
 14.000 999.900 999.900  999.90  213.75    4.06   -0.26  999.90  999.90  999.90       0       0
 14.500 999.900 999.900  999.90  213.23    3.57   -0.11  999.90  999.90  999.90       0       0
 15.000 999.900 999.900  999.90  212.59    3.36   -0.03  999.90  999.90  999.90       0       0
 15.500 999.900 999.900  999.90  211.91    3.29    0.03  999.90  999.90  999.90       0       0
 16.000 999.900 999.900  999.90  211.33    3.27   -0.03  999.90  999.90  999.90       0       0
 16.500 999.900 999.900  999.90  209.59    3.27   -0.06  999.90  999.90  999.90       0       0
 17.000 999.900 999.900  999.90  209.08    3.32   -0.05  999.90  999.90  999.90       0       0
 17.500 999.900 999.900  999.90  208.90    3.30    0.02  999.90  999.90  999.90       0       0
 18.000 999.900 999.900  999.90  209.04    3.23    0.22  999.90  999.90  999.90       0       0
 18.500 999.900 999.900  999.90  209.39    3.07   -0.12  999.90  999.90  999.90       0       0
 19.000 999.900 999.900  999.90  209.61    2.87   -0.09  999.90  999.90  999.90       0       0
 19.500 999.900 999.900  999.90  210.03    2.75    0.01  999.90  999.90  999.90       0       0
 20.000 999.900 999.900  999.90  210.49    2.59    0.06  999.90  999.90  999.90       0       0
 20.500 999.900 999.900  999.90  210.92    2.35   -0.10  999.90  999.90  999.90       0       0
 21.000 999.900 999.900  999.90  211.53    2.22   -0.38  999.90  999.90  999.90       0       0
 21.500 999.900 999.900  999.90  212.32    2.02    0.15  999.90  999.90  999.90       0       0
 22.000 999.900 999.900  999.90  213.32    1.79   -0.27  999.90  999.90  999.90       0       0
 22.500 999.900 999.900  999.90  214.30    1.74   -0.57  999.90  999.90  999.90       0       0
 23.000 999.900 999.900  999.90  215.07    2.05   -0.43  999.90  999.90  999.90       0       0
 23.500 999.900 999.900  999.90  215.83    2.04   -0.19  999.90  999.90  999.90       0       0
 24.000 999.900 999.900  999.90  216.65    2.06   -0.19  999.90  999.90  999.90       0       0
 24.500 999.900 999.900  999.90  217.49    2.20   -0.10  999.90  999.90  999.90       0       0
 25.000 999.900 999.900  999.90  218.33    2.28   -0.32  999.90  999.90  999.90       0       0
 25.500 999.900 999.900  999.90  219.04    2.48   -0.28  999.90  999.90  999.90       0       0
 26.000 999.900 999.900  999.90  219.86    2.51   -0.17  999.90  999.90  999.90       0       0
 26.500 999.900 999.900  999.90  220.78    2.64    0.05  999.90  999.90  999.90       0       0
 27.000 999.900 999.900  999.90  221.64    2.66    0.04  999.90  999.90  999.90       0       0
 27.500 999.900 999.900  999.90  222.65    2.92   -0.10  999.90  999.90  999.90       0       0
 28.000 999.900 999.900  999.90  223.75    3.04   -0.18  999.90  999.90  999.90       0       0
 28.500 999.900 999.900  999.90  224.75    3.04   -0.12  999.90  999.90  999.90       0       0
 29.000 999.900 999.900  999.90  225.74    3.05   -0.01  999.90  999.90  999.90       0       0
 29.500 999.900 999.900  999.90  226.73    2.91   -0.10  999.90  999.90  999.90       0       0
 30.000 999.900 999.900  999.90  227.91    2.81   -0.07  999.90  999.90  999.90       0       0
  T A B L E  III -   5.  M O I S T U R E  R E L A T E D  S T A T I S T I C A L  P A R A M E T E R S
                                       May
 STATION =   723910     Pt. Mugu Naval Air Station, CA
      Z VAPOR P   SD VP SKEW VP      TV      TV SKEW TV DEWPT T  SD DPT SKW DPT NOBS TP NOBS TV   
           MEAN                    MEAN      SD            MEAN                                   
     KM      MB      MB          KELVIN  KELVIN          KELVIN  KELVIN                           
  0.000  16.000   6.000    0.00  291.00    6.00    0.00  290.00    7.00    0.00     100     100
  0.004  13.251   2.206    0.04  290.06    3.26   -0.21  284.11    2.60   -0.58     917     917
  0.500  10.673   2.971   -0.67  287.93    3.77    1.07  280.60    4.65   -1.50     911     911
  1.000   7.196   3.071   -0.19  287.99    5.10    0.40  274.66    6.37   -0.85     892     892
  1.500   4.638   2.463    0.35  287.10    5.20   -0.25  268.30    7.29   -0.59     883     883
  2.000   3.198   2.002    0.61  284.68    4.79   -0.53  263.27    7.97   -0.53     866     866
  2.500   2.365   1.674    0.89  281.70    4.47   -0.74  259.08    8.73   -0.53     859     859
  3.000   1.829   1.403    1.08  278.64    4.18   -0.85  255.60    8.94   -0.28     861     861
  3.500   1.411   1.187    1.37  275.55    4.06   -0.89  252.17    9.11   -0.07     863     863
  4.000   1.108   0.968    1.41  272.33    3.99   -0.95  249.27    9.11    0.03     860     860
  4.500   0.839   0.765    1.58  269.06    3.95   -0.95  245.99    9.12    0.01     860     860
  5.000   0.641   0.606    1.68  265.72    3.90   -0.95  242.83    9.18    0.03     863     863
  5.500   0.480   0.468    1.66  262.26    3.91   -0.98  239.61    9.20    0.08     861     861
  6.000   0.361   0.358    1.62  258.72    3.94   -1.02  236.88    8.84    0.23     848     848
  6.500   0.259   0.269    1.70  255.10    3.95   -1.02  233.66    8.63    0.35     835     835
  7.000   0.184   0.194    1.63  251.37    3.89   -0.99  230.58    8.47    0.33     814     814
  7.500   0.129   0.154    1.55  247.59    3.81   -0.93  229.71    8.25    0.06     645     645
  8.000   0.087   0.115    1.69  243.73    3.75   -0.76  228.37    7.24    0.07     537     537
  8.500   0.060   0.086    1.76  239.85    3.59   -0.59  227.37    6.12    0.11     442     442
  9.000   0.035   0.059    1.93  235.99    3.37   -0.39  225.53    5.25    0.22     334     334
  9.500   0.016   0.036    2.45  232.22    3.11   -0.20  223.49    4.60    0.17     202     202
 10.000 999.900 999.900  999.90  228.44    2.93   -0.11  220.86    3.44    0.14      81      81
 10.500 999.900 999.900  999.90  224.84    2.83    0.03  217.70    2.54    0.47      63      63
 11.000 999.900 999.900  999.90  221.57    2.83    0.42  999.90  999.90  999.90       0       0
 11.500 999.900 999.900  999.90  218.70    3.11    0.77  999.90  999.90  999.90       0       0
 12.000 999.900 999.900  999.90  216.38    3.68    0.79  999.90  999.90  999.90       0       0
 12.500 999.900 999.900  999.90  214.74    4.36    0.60  999.90  999.90  999.90       0       0
 13.000 999.900 999.900  999.90  213.80    4.77    0.25  999.90  999.90  999.90       0       0
 13.500 999.900 999.900  999.90  213.57    4.70   -0.10  999.90  999.90  999.90       0       0
 14.000 999.900 999.900  999.90  213.54    4.24   -0.25  999.90  999.90  999.90       0       0
 14.500 999.900 999.900  999.90  213.08    3.83   -0.25  999.90  999.90  999.90       0       0
 15.000 999.900 999.900  999.90  212.48    3.54   -0.17  999.90  999.90  999.90       0       0
 15.500 999.900 999.900  999.90  211.87    3.49   -0.11  999.90  999.90  999.90       0       0
 16.000 999.900 999.900  999.90  211.27    3.55   -0.11  999.90  999.90  999.90       0       0
 16.500 999.900 999.900  999.90  209.97    3.46    0.02  999.90  999.90  999.90       0       0
 17.000 999.900 999.900  999.90  209.29    3.55   -0.23  999.90  999.90  999.90       0       0
 17.500 999.900 999.900  999.90  209.25    3.39   -0.38  999.90  999.90  999.90       0       0
 18.000 999.900 999.900  999.90  209.62    3.10   -0.46  999.90  999.90  999.90       0       0
 18.500 999.900 999.900  999.90  209.91    2.76    0.18  999.90  999.90  999.90       0       0
 19.000 999.900 999.900  999.90  210.43    2.69    0.37  999.90  999.90  999.90       0       0
 19.500 999.900 999.900  999.90  211.09    2.59    0.55  999.90  999.90  999.90       0       0
 20.000 999.900 999.900  999.90  211.54    2.50    0.17  999.90  999.90  999.90       0       0
 20.500 999.900 999.900  999.90  212.29    2.28    0.41  999.90  999.90  999.90       0       0
 21.000 999.900 999.900  999.90  213.14    2.28    0.24  999.90  999.90  999.90       0       0
 21.500 999.900 999.900  999.90  213.98    2.18    0.12  999.90  999.90  999.90       0       0
 22.000 999.900 999.900  999.90  214.94    2.12    0.20  999.90  999.90  999.90       0       0
 22.500 999.900 999.900  999.90  215.72    2.16    0.26  999.90  999.90  999.90       0       0
 23.000 999.900 999.900  999.90  216.75    2.15   -0.01  999.90  999.90  999.90       0       0
 23.500 999.900 999.900  999.90  217.83    2.11   -0.09  999.90  999.90  999.90       0       0
 24.000 999.900 999.900  999.90  218.97    2.08   -0.23  999.90  999.90  999.90       0       0
 24.500 999.900 999.900  999.90  219.82    2.14   -0.34  999.90  999.90  999.90       0       0
 25.000 999.900 999.900  999.90  220.69    2.06   -0.14  999.90  999.90  999.90       0       0
 25.500 999.900 999.900  999.90  221.67    2.09    0.12  999.90  999.90  999.90       0       0
 26.000 999.900 999.900  999.90  222.70    2.33    0.15  999.90  999.90  999.90       0       0
 26.500 999.900 999.900  999.90  223.73    2.42    0.19  999.90  999.90  999.90       0       0
 27.000 999.900 999.900  999.90  224.85    2.49   -0.06  999.90  999.90  999.90       0       0
 27.500 999.900 999.900  999.90  225.94    2.58   -0.20  999.90  999.90  999.90       0       0
 28.000 999.900 999.900  999.90  226.90    2.78   -0.29  999.90  999.90  999.90       0       0
 28.500 999.900 999.900  999.90  227.88    2.93   -0.32  999.90  999.90  999.90       0       0
 29.000 999.900 999.900  999.90  228.83    3.09   -0.07  999.90  999.90  999.90       0       0
 29.500 999.900 999.900  999.90  229.98    3.00    0.15  999.90  999.90  999.90       0       0
 30.000 999.900 999.900  999.90  231.22    3.15    0.08  999.90  999.90  999.90       0       0
  T A B L E  III -   6.  M O I S T U R E  R E L A T E D  S T A T I S T I C A L  P A R A M E T E R S
                                      June
 STATION =   723910     Pt. Mugu Naval Air Station, CA
      Z VAPOR P   SD VP SKEW VP      TV      TV SKEW TV DEWPT T  SD DPT SKW DPT NOBS TP NOBS TV   
           MEAN                    MEAN      SD            MEAN                                   
     KM      MB      MB          KELVIN  KELVIN          KELVIN  KELVIN                           
  0.000  16.000   6.000    0.00  291.00    6.00    0.00  290.00    7.00    0.00     100     100
  0.004  14.969   2.199    0.34  291.87    3.18    0.28  286.01    2.25   -0.09     988     988
  0.500  11.896   3.037   -0.72  291.29    4.94    0.83  282.25    4.32   -1.49     984     984
  1.000   7.120   3.358   -0.04  293.26    5.77   -0.07  274.45    6.93   -0.90     952     952
  1.500   4.626   2.621    0.43  292.66    5.02   -0.41  268.16    8.09   -1.05     941     941
  2.000   3.379   2.172    1.19  290.15    4.49   -0.51  264.05    8.12   -0.82     928     928
  2.500   2.711   1.956    1.91  287.10    4.09   -0.56  261.09    8.25   -0.56     923     923
  3.000   2.177   1.684    1.82  283.95    3.72   -0.58  258.13    8.45   -0.32     921     921
  3.500   1.687   1.324    1.65  280.80    3.45   -0.47  254.82    8.50   -0.24     927     927
  4.000   1.330   1.141    2.06  277.57    3.34   -0.41  251.77    8.65   -0.08     926     926
  4.500   1.022   0.941    2.29  274.27    3.22   -0.39  248.53    8.81   -0.03     923     923
  5.000   0.786   0.735    2.25  270.86    3.15   -0.34  245.55    8.72    0.03     921     921
  5.500   0.583   0.559    2.31  267.42    3.06   -0.44  242.19    8.62    0.10     923     923
  6.000   0.446   0.429    1.83  263.87    2.99   -0.55  239.16    8.78    0.08     924     924
  6.500   0.323   0.306    1.65  260.23    2.98   -0.62  236.07    8.33    0.19     919     919
  7.000   0.235   0.225    1.62  256.50    2.96   -0.61  233.13    7.99    0.29     903     903
  7.500   0.168   0.172    1.49  252.73    2.97   -0.54  230.63    7.94    0.26     837     837
  8.000   0.118   0.139    1.53  248.88    3.00   -0.44  229.84    7.45    0.07     663     663
  8.500   0.084   0.106    1.71  244.97    3.00   -0.37  228.10    6.81    0.01     592     592
  9.000   0.057   0.074    1.65  241.05    3.01   -0.35  226.26    5.69    0.07     522     522
  9.500   0.037   0.051    1.58  237.18    2.99   -0.34  223.95    4.89    0.08     455     455
 10.000   0.012   0.029    2.63  233.31    2.94   -0.29  222.66    3.80    0.11     182     182
 10.500 999.900 999.900  999.90  229.54    2.94   -0.21  219.70    2.98    0.30     100     100
 11.000 999.900 999.900  999.90  225.97    3.00   -0.06  218.55    2.50   -0.06      38      38
 11.500 999.900 999.900  999.90  222.65    3.07    0.14  216.63    1.61    0.16      17      17
 12.000 999.900 999.900  999.90  219.68    3.15    0.29  999.90  999.90  999.90       0       0
 12.500 999.900 999.900  999.90  217.20    3.27    0.31  999.90  999.90  999.90       0       0
 13.000 999.900 999.900  999.90  215.17    3.40    0.26  999.90  999.90  999.90       0       0
 13.500 999.900 999.900  999.90  213.65    3.47    0.03  999.90  999.90  999.90       0       0
 14.000 999.900 999.900  999.90  212.39    3.57   -0.09  999.90  999.90  999.90       0       0
 14.500 999.900 999.900  999.90  211.20    3.70   -0.14  999.90  999.90  999.90       0       0
 15.000 999.900 999.900  999.90  210.13    3.78   -0.09  999.90  999.90  999.90       0       0
 15.500 999.900 999.900  999.90  209.12    3.92   -0.06  999.90  999.90  999.90       0       0
 16.000 999.900 999.900  999.90  208.28    3.94    0.04  999.90  999.90  999.90       0       0
 16.500 999.900 999.900  999.90  207.59    3.82    0.12  999.90  999.90  999.90       0       0
 17.000 999.900 999.900  999.90  205.96    3.35    0.43  999.90  999.90  999.90       0       0
 17.500 999.900 999.900  999.90  206.32    2.94    0.40  999.90  999.90  999.90       0       0
 18.000 999.900 999.900  999.90  207.05    2.70    0.44  999.90  999.90  999.90       0       0
 18.500 999.900 999.900  999.90  207.98    2.47    0.36  999.90  999.90  999.90       0       0
 19.000 999.900 999.900  999.90  209.05    2.10    0.29  999.90  999.90  999.90       0       0
 19.500 999.900 999.900  999.90  210.40    1.93    0.03  999.90  999.90  999.90       0       0
 20.000 999.900 999.900  999.90  211.56    1.83    0.23  999.90  999.90  999.90       0       0
 20.500 999.900 999.900  999.90  212.71    1.63    0.07  999.90  999.90  999.90       0       0
 21.000 999.900 999.900  999.90  213.70    1.49   -0.06  999.90  999.90  999.90       0       0
 21.500 999.900 999.900  999.90  214.73    1.52   -0.29  999.90  999.90  999.90       0       0
 22.000 999.900 999.900  999.90  215.70    1.55   -0.20  999.90  999.90  999.90       0       0
 22.500 999.900 999.900  999.90  216.85    1.47   -0.13  999.90  999.90  999.90       0       0
 23.000 999.900 999.900  999.90  217.96    1.47   -0.10  999.90  999.90  999.90       0       0
 23.500 999.900 999.900  999.90  219.00    1.52    0.02  999.90  999.90  999.90       0       0
 24.000 999.900 999.900  999.90  219.93    1.54    0.24  999.90  999.90  999.90       0       0
 24.500 999.900 999.900  999.90  220.87    1.50    0.39  999.90  999.90  999.90       0       0
 25.000 999.900 999.900  999.90  221.92    1.60    0.12  999.90  999.90  999.90       0       0
 25.500 999.900 999.900  999.90  222.96    1.52    0.07  999.90  999.90  999.90       0       0
 26.000 999.900 999.900  999.90  223.97    1.62    0.35  999.90  999.90  999.90       0       0
 26.500 999.900 999.900  999.90  225.02    1.64    0.15  999.90  999.90  999.90       0       0
 27.000 999.900 999.900  999.90  225.98    1.81   -0.02  999.90  999.90  999.90       0       0
 27.500 999.900 999.900  999.90  226.98    2.03    0.01  999.90  999.90  999.90       0       0
 28.000 999.900 999.900  999.90  227.79    1.95    0.17  999.90  999.90  999.90       0       0
 28.500 999.900 999.900  999.90  228.58    1.98   -0.08  999.90  999.90  999.90       0       0
 29.000 999.900 999.900  999.90  229.52    1.90   -0.16  999.90  999.90  999.90       0       0
 29.500 999.900 999.900  999.90  230.35    1.78   -0.34  999.90  999.90  999.90       0       0
 30.000 999.900 999.900  999.90  231.31    1.75   -0.20  999.90  999.90  999.90       0       0
  T A B L E  III -   7.  M O I S T U R E  R E L A T E D  S T A T I S T I C A L  P A R A M E T E R S
                                      July
 STATION =   723910     Pt. Mugu Naval Air Station, CA
      Z VAPOR P   SD VP SKEW VP      TV      TV SKEW TV DEWPT T  SD DPT SKW DPT NOBS TP NOBS TV   
           MEAN                    MEAN      SD            MEAN                                   
     KM      MB      MB          KELVIN  KELVIN          KELVIN  KELVIN                           
  0.000  16.000   6.000    0.00  291.00    6.00    0.00  290.00    7.00    0.00     100     100
  0.004  16.641   2.302    0.06  293.56    2.98    0.01  287.68    2.06    0.11     920     920
  0.500  12.764   3.993   -0.80  293.58    4.48    0.31  283.08    5.57   -1.51     913     913
  1.000   7.589   4.123    0.25  296.33    4.45   -0.41  274.65    8.61   -1.03     891     891
  1.500   5.571   3.485    1.25  295.88    3.69   -0.40  270.23    8.77   -0.80     884     884
  2.000   4.533   2.922    0.86  293.36    3.19   -0.39  267.38    8.77   -0.67     882     882
  2.500   3.766   2.636    1.05  290.29    2.76   -0.38  264.60    9.01   -0.41     886     886
  3.000   3.209   2.386    1.12  286.92    2.45   -0.52  262.26    9.12   -0.12     889     889
  3.500   2.702   2.118    1.08  283.49    2.23   -0.47  259.69    9.69   -0.15     889     889
  4.000   2.214   1.832    1.11  280.00    2.09   -0.48  256.88   10.06   -0.11     888     888
  4.500   1.742   1.541    1.18  276.49    2.02   -0.53  253.63   10.37   -0.03     886     886
  5.000   1.326   1.246    1.34  273.01    2.02   -0.49  250.27   10.31    0.10     882     882
  5.500   1.020   1.008    1.41  269.57    2.02   -0.43  246.91   10.59    0.09     882     882
  6.000   0.740   0.783    1.58  266.14    2.01   -0.50  243.03   10.66    0.18     881     881
  6.500   0.527   0.588    1.82  262.67    2.00   -0.62  239.43   10.31    0.28     877     877
  7.000   0.369   0.423    1.90  259.16    2.04   -0.62  236.19    9.70    0.44     856     856
  7.500   0.265   0.310    1.85  255.55    2.08   -0.60  233.07    9.54    0.48     835     835
  8.000   0.166   0.215    1.94  251.86    2.11   -0.59  231.31    8.80    0.32     668     668
  8.500   0.114   0.152    1.89  248.14    2.17   -0.51  229.27    8.14    0.21     597     597
  9.000   0.079   0.107    1.76  244.37    2.23   -0.46  228.10    6.88    0.09     517     517
  9.500   0.053   0.073    1.70  240.61    2.25   -0.41  226.19    5.65    0.16     456     456
 10.000   0.023   0.044    2.20  236.88    2.29   -0.36  224.02    4.65    0.28     268     268
 10.500 999.900 999.900  999.90  233.18    2.30   -0.26  220.87    3.69    0.48     113     113
 11.000 999.900 999.900  999.90  229.68    2.30   -0.21  218.68    3.27    0.52      40      40
 11.500 999.900 999.900  999.90  226.25    2.23   -0.28  216.64    2.08    0.50      12      12
 12.000 999.900 999.900  999.90  222.95    2.19   -0.33  999.90  999.90  999.90       0       0
 12.500 999.900 999.900  999.90  219.84    2.16   -0.18  999.90  999.90  999.90       0       0
 13.000 999.900 999.900  999.90  216.83    2.21    0.10  999.90  999.90  999.90       0       0
 13.500 999.900 999.900  999.90  213.97    2.29    0.43  999.90  999.90  999.90       0       0
 14.000 999.900 999.900  999.90  211.25    2.46    0.60  999.90  999.90  999.90       0       0
 14.500 999.900 999.900  999.90  208.85    2.64    0.64  999.90  999.90  999.90       0       0
 15.000 999.900 999.900  999.90  206.92    2.83    0.75  999.90  999.90  999.90       0       0
 15.500 999.900 999.900  999.90  205.67    3.01    0.76  999.90  999.90  999.90       0       0
 16.000 999.900 999.900  999.90  205.26    3.02    0.77  999.90  999.90  999.90       0       0
 16.500 999.900 999.900  999.90  205.46    2.98    0.63  999.90  999.90  999.90       0       0
 17.000 999.900 999.900  999.90  204.70    2.26    0.21  999.90  999.90  999.90       0       0
 17.500 999.900 999.900  999.90  205.48    2.08   -0.24  999.90  999.90  999.90       0       0
 18.000 999.900 999.900  999.90  206.66    2.02   -0.47  999.90  999.90  999.90       0       0
 18.500 999.900 999.900  999.90  207.88    1.98   -0.43  999.90  999.90  999.90       0       0
 19.000 999.900 999.900  999.90  209.32    1.82   -0.64  999.90  999.90  999.90       0       0
 19.500 999.900 999.900  999.90  210.58    1.63   -0.22  999.90  999.90  999.90       0       0
 20.000 999.900 999.900  999.90  211.94    1.48   -0.01  999.90  999.90  999.90       0       0
 20.500 999.900 999.900  999.90  213.15    1.51    0.29  999.90  999.90  999.90       0       0
 21.000 999.900 999.900  999.90  214.24    1.47    0.20  999.90  999.90  999.90       0       0
 21.500 999.900 999.900  999.90  215.45    1.51    0.40  999.90  999.90  999.90       0       0
 22.000 999.900 999.900  999.90  216.48    1.61    0.41  999.90  999.90  999.90       0       0
 22.500 999.900 999.900  999.90  217.40    1.65    0.52  999.90  999.90  999.90       0       0
 23.000 999.900 999.900  999.90  218.38    1.63    0.12  999.90  999.90  999.90       0       0
 23.500 999.900 999.900  999.90  219.40    1.63   -0.04  999.90  999.90  999.90       0       0
 24.000 999.900 999.900  999.90  220.44    1.70   -0.01  999.90  999.90  999.90       0       0
 24.500 999.900 999.900  999.90  221.46    1.59    0.24  999.90  999.90  999.90       0       0
 25.000 999.900 999.900  999.90  222.32    1.64    0.60  999.90  999.90  999.90       0       0
 25.500 999.900 999.900  999.90  223.23    1.76    0.56  999.90  999.90  999.90       0       0
 26.000 999.900 999.900  999.90  224.10    1.81    0.11  999.90  999.90  999.90       0       0
 26.500 999.900 999.900  999.90  224.96    1.84   -0.10  999.90  999.90  999.90       0       0
 27.000 999.900 999.900  999.90  225.68    1.85    0.05  999.90  999.90  999.90       0       0
 27.500 999.900 999.900  999.90  226.79    1.86    0.23  999.90  999.90  999.90       0       0
 28.000 999.900 999.900  999.90  227.61    1.83    0.29  999.90  999.90  999.90       0       0
 28.500 999.900 999.900  999.90  228.40    1.78    0.49  999.90  999.90  999.90       0       0
 29.000 999.900 999.900  999.90  229.28    1.93    0.26  999.90  999.90  999.90       0       0
 29.500 999.900 999.900  999.90  230.06    2.09   -0.06  999.90  999.90  999.90       0       0
 30.000 999.900 999.900  999.90  230.92    2.30   -0.03  999.90  999.90  999.90       0       0
  T A B L E  III -   8.  M O I S T U R E  R E L A T E D  S T A T I S T I C A L  P A R A M E T E R S
                                    August
 STATION =   723910     Pt. Mugu Naval Air Station, CA
      Z VAPOR P   SD VP SKEW VP      TV      TV SKEW TV DEWPT T  SD DPT SKW DPT NOBS TP NOBS TV   
           MEAN                    MEAN      SD            MEAN                                   
     KM      MB      MB          KELVIN  KELVIN          KELVIN  KELVIN                           
  0.000  16.000   6.000    0.00  291.00    6.00    0.00  290.00    7.00    0.00     100     100
  0.004  17.195   2.063    0.13  294.27    2.90   -0.10  288.19    1.88   -0.25     952     952
  0.500  12.918   4.179   -0.68  294.69    4.64    0.32  283.29    5.64   -1.52     941     941
  1.000   7.698   4.373    0.55  296.97    4.32   -0.31  274.68    8.68   -0.73     925     925
  1.500   6.016   3.780    1.01  295.81    3.67   -0.37  270.96    9.19   -0.71     922     922
  2.000   4.830   3.276    0.77  293.14    3.08   -0.36  267.65    9.76   -0.63     918     918
  2.500   4.126   2.955    0.86  289.89    2.65   -0.42  265.25   10.19   -0.58     918     918
  3.000   3.583   2.560    0.81  286.45    2.28   -0.41  263.21   10.20   -0.53     926     926
  3.500   2.954   2.217    0.77  282.93    2.03   -0.45  260.55   10.43   -0.43     921     921
  4.000   2.311   1.850    0.89  279.43    1.88   -0.35  257.22   10.61   -0.32     919     919
  4.500   1.776   1.519    1.05  275.91    1.83   -0.16  253.78   10.66   -0.19     918     918
  5.000   1.315   1.198    1.19  272.42    1.81   -0.10  250.09   10.57   -0.02     913     913
  5.500   0.955   0.923    1.42  269.01    1.83   -0.11  246.28   10.48    0.05     912     912
  6.000   0.669   0.676    1.65  265.71    1.87   -0.16  242.22   10.30    0.09     914     914
  6.500   0.455   0.477    1.90  262.34    1.92   -0.28  238.41    9.69    0.17     906     906
  7.000   0.319   0.336    1.89  258.85    2.00   -0.28  235.29    9.12    0.25     885     885
  7.500   0.230   0.243    1.93  255.23    2.11   -0.28  232.40    8.67    0.34     867     867
  8.000   0.154   0.182    1.84  251.53    2.22   -0.23  231.40    7.95    0.14     685     685
  8.500   0.114   0.140    1.85  247.76    2.32   -0.16  229.59    7.56    0.02     632     632
  9.000   0.080   0.102    1.82  243.97    2.43   -0.14  228.14    6.48   -0.00     551     551
  9.500   0.055   0.072    1.78  240.25    2.54   -0.13  225.76    5.71    0.04     514     514
 10.000   0.025   0.046    2.32  236.55    2.57   -0.14  224.63    4.56    0.17     275     275
 10.500   0.009   0.024    3.55  232.92    2.57   -0.23  221.96    3.81    0.49     138     138
 11.000 999.900 999.900  999.90  229.45    2.56   -0.27  219.54    3.33    0.93      56      56
 11.500 999.900 999.900  999.90  226.05    2.44   -0.26  216.69    2.25    0.81      18      18
 12.000 999.900 999.900  999.90  222.76    2.31   -0.24  999.90  999.90  999.90       0       0
 12.500 999.900 999.900  999.90  219.72    2.04    0.02  999.90  999.90  999.90       0       0
 13.000 999.900 999.900  999.90  216.80    1.84    0.33  999.90  999.90  999.90       0       0
 13.500 999.900 999.900  999.90  214.04    1.90    0.51  999.90  999.90  999.90       0       0
 14.000 999.900 999.900  999.90  211.48    2.24    0.60  999.90  999.90  999.90       0       0
 14.500 999.900 999.900  999.90  209.23    2.68    0.56  999.90  999.90  999.90       0       0
 15.000 999.900 999.900  999.90  207.32    3.08    0.51  999.90  999.90  999.90       0       0
 15.500 999.900 999.900  999.90  206.05    3.38    0.38  999.90  999.90  999.90       0       0
 16.000 999.900 999.900  999.90  205.58    3.37    0.27  999.90  999.90  999.90       0       0
 16.500 999.900 999.900  999.90  205.74    3.20    0.20  999.90  999.90  999.90       0       0
 17.000 999.900 999.900  999.90  204.60    2.60   -0.07  999.90  999.90  999.90       0       0
 17.500 999.900 999.900  999.90  205.55    2.53   -0.05  999.90  999.90  999.90       0       0
 18.000 999.900 999.900  999.90  206.95    2.45   -0.12  999.90  999.90  999.90       0       0
 18.500 999.900 999.900  999.90  208.41    2.23   -0.11  999.90  999.90  999.90       0       0
 19.000 999.900 999.900  999.90  209.88    2.13   -0.26  999.90  999.90  999.90       0       0
 19.500 999.900 999.900  999.90  211.08    1.78   -0.16  999.90  999.90  999.90       0       0
 20.000 999.900 999.900  999.90  212.08    1.70   -0.10  999.90  999.90  999.90       0       0
 20.500 999.900 999.900  999.90  213.22    1.47   -0.16  999.90  999.90  999.90       0       0
 21.000 999.900 999.900  999.90  214.27    1.40   -0.26  999.90  999.90  999.90       0       0
 21.500 999.900 999.900  999.90  215.12    1.51   -0.00  999.90  999.90  999.90       0       0
 22.000 999.900 999.900  999.90  215.95    1.54   -0.06  999.90  999.90  999.90       0       0
 22.500 999.900 999.900  999.90  216.84    1.61    0.07  999.90  999.90  999.90       0       0
 23.000 999.900 999.900  999.90  217.80    1.57   -0.26  999.90  999.90  999.90       0       0
 23.500 999.900 999.900  999.90  218.83    1.48    0.08  999.90  999.90  999.90       0       0
 24.000 999.900 999.900  999.90  219.82    1.48    0.46  999.90  999.90  999.90       0       0
 24.500 999.900 999.900  999.90  220.73    1.46    0.07  999.90  999.90  999.90       0       0
 25.000 999.900 999.900  999.90  221.57    1.52   -0.24  999.90  999.90  999.90       0       0
 25.500 999.900 999.900  999.90  222.43    1.59   -0.36  999.90  999.90  999.90       0       0
 26.000 999.900 999.900  999.90  223.27    1.70   -0.22  999.90  999.90  999.90       0       0
 26.500 999.900 999.900  999.90  224.19    1.86   -0.35  999.90  999.90  999.90       0       0
 27.000 999.900 999.900  999.90  225.05    1.79   -0.40  999.90  999.90  999.90       0       0
 27.500 999.900 999.900  999.90  225.93    1.80   -0.52  999.90  999.90  999.90       0       0
 28.000 999.900 999.900  999.90  226.64    1.85   -0.28  999.90  999.90  999.90       0       0
 28.500 999.900 999.900  999.90  227.38    1.78   -0.28  999.90  999.90  999.90       0       0
 29.000 999.900 999.900  999.90  228.23    1.78   -0.28  999.90  999.90  999.90       0       0
 29.500 999.900 999.900  999.90  228.98    1.97    0.13  999.90  999.90  999.90       0       0
 30.000 999.900 999.900  999.90  229.63    2.06    0.30  999.90  999.90  999.90       0       0
  T A B L E  III -   9.  M O I S T U R E  R E L A T E D  S T A T I S T I C A L  P A R A M E T E R S
                                 September
 STATION =   723910     Pt. Mugu Naval Air Station, CA
      Z VAPOR P   SD VP SKEW VP      TV      TV SKEW TV DEWPT T  SD DPT SKW DPT NOBS TP NOBS TV   
           MEAN                    MEAN      SD            MEAN                                   
     KM      MB      MB          KELVIN  KELVIN          KELVIN  KELVIN                           
  0.000  16.000   6.000    0.00  291.00    6.00    0.00  290.00    7.00    0.00     100     100
  0.004  17.228   2.510   -0.90  293.64    3.21    0.05  288.15    2.57   -2.13     229     229
  0.500  11.346   4.574   -0.43  294.36    5.07    0.56  280.48    8.25   -1.99     228     228
  1.000   7.612   4.195    0.32  295.19    5.46   -0.03  273.92    9.69   -1.20     227     227
  1.500   5.316   3.588    1.14  293.70    4.64   -0.28  268.36   10.42   -0.92     227     227
  2.000   4.268   3.140    1.16  290.64    4.09   -0.40  265.32   10.43   -0.64     225     225
  2.500   3.518   2.668    1.15  287.29    3.64   -0.48  262.71   10.29   -0.46     225     225
  3.000   2.788   2.365    1.35  283.86    3.19   -0.50  259.32   10.48   -0.14     225     225
  3.500   2.091   1.932    1.62  280.50    2.87   -0.48  255.41   10.56   -0.04     226     226
  4.000   1.518   1.526    1.84  277.16    2.76   -0.51  251.32   10.65    0.04     225     225
  4.500   1.152   1.284    1.96  273.93    2.67   -0.41  247.65   10.89    0.21     224     224
  5.000   0.871   1.105    2.46  270.81    2.74   -0.34  244.32   10.44    0.55     224     224
  5.500   0.600   0.820    2.68  267.60    2.79   -0.31  240.28    9.96    0.74     223     223
  6.000   0.415   0.575    3.28  264.27    2.94   -0.46  236.86    9.11    0.85     224     224
  6.500   0.304   0.426    3.56  260.69    3.02   -0.54  233.77    8.84    0.88     224     224
  7.000   0.212   0.331    3.78  256.98    3.13   -0.55  230.77    8.04    1.55     215     215
  7.500   0.159   0.253    3.08  253.18    3.21   -0.62  228.13    8.69    1.40     199     199
  8.000   0.094   0.186    2.95  249.40    3.26   -0.53  227.65    9.41    0.91     122     122
  8.500   0.069   0.138    2.81  245.59    3.19   -0.36  226.42    9.32    0.61     105     105
  9.000   0.046   0.097    2.71  241.89    3.16   -0.24  226.52    8.22    0.36      79      79
  9.500   0.028   0.062    2.75  238.25    3.15   -0.14  225.27    6.74    0.22      61      61
 10.000   0.007   0.030    4.46  234.66    3.23   -0.02  225.10    6.18   -0.34      18      18
 10.500 999.900 999.900  999.90  231.16    3.26    0.05  999.90  999.90  999.90       0       0
 11.000 999.900 999.900  999.90  227.94    3.23    0.06  999.90  999.90  999.90       0       0
 11.500 999.900 999.900  999.90  224.85    3.13    0.04  999.90  999.90  999.90       0       0
 12.000 999.900 999.900  999.90  221.94    3.13   -0.08  999.90  999.90  999.90       0       0
 12.500 999.900 999.900  999.90  219.27    2.98   -0.12  999.90  999.90  999.90       0       0
 13.000 999.900 999.900  999.90  216.89    2.76    0.16  999.90  999.90  999.90       0       0
 13.500 999.900 999.900  999.90  214.61    2.70    0.62  999.90  999.90  999.90       0       0
 14.000 999.900 999.900  999.90  212.38    2.83    0.75  999.90  999.90  999.90       0       0
 14.500 999.900 999.900  999.90  210.46    3.09    0.69  999.90  999.90  999.90       0       0
 15.000 999.900 999.900  999.90  208.79    3.26    0.40  999.90  999.90  999.90       0       0
 15.500 999.900 999.900  999.90  207.47    3.43    0.11  999.90  999.90  999.90       0       0
 16.000 999.900 999.900  999.90  206.74    3.45    0.03  999.90  999.90  999.90       0       0
 16.500 999.900 999.900  999.90  206.30    3.45    0.00  999.90  999.90  999.90       0       0
 17.000 999.900 999.900  999.90  999.90  999.90  999.99  999.90  999.90  999.90       0       0
 17.500 999.900 999.900  999.90  999.90  999.90  999.99  999.90  999.90  999.90       0       0
 18.000 999.900 999.900  999.90  999.90  999.90  999.99  999.90  999.90  999.90       0       0
 18.500 999.900 999.900  999.90  999.90  999.90  999.99  999.90  999.90  999.90       0       0
 19.000 999.900 999.900  999.90  999.90  999.90  999.99  999.90  999.90  999.90       0       0
 19.500 999.900 999.900  999.90  999.90  999.90  999.99  999.90  999.90  999.90       0       0
 20.000 999.900 999.900  999.90  999.90  999.90  999.99  999.90  999.90  999.90       0       0
 20.500 999.900 999.900  999.90  999.90  999.90  999.99  999.90  999.90  999.90       0       0
 21.000 999.900 999.900  999.90  999.90  999.90  999.99  999.90  999.90  999.90       0       0
 21.500 999.900 999.900  999.90  999.90  999.90  999.99  999.90  999.90  999.90       0       0
 22.000 999.900 999.900  999.90  999.90  999.90  999.99  999.90  999.90  999.90       0       0
 22.500 999.900 999.900  999.90  999.90  999.90  999.99  999.90  999.90  999.90       0       0
 23.000 999.900 999.900  999.90  999.90  999.90  999.99  999.90  999.90  999.90       0       0
 23.500 999.900 999.900  999.90  999.90  999.90  999.99  999.90  999.90  999.90       0       0
 24.000 999.900 999.900  999.90  999.90  999.90  999.99  999.90  999.90  999.90       0       0
 24.500 999.900 999.900  999.90  999.90  999.90  999.99  999.90  999.90  999.90       0       0
 25.000 999.900 999.900  999.90  999.90  999.90  999.99  999.90  999.90  999.90       0       0
 25.500 999.900 999.900  999.90  999.90  999.90  999.99  999.90  999.90  999.90       0       0
 26.000 999.900 999.900  999.90  999.90  999.90  999.99  999.90  999.90  999.90       0       0
 26.500 999.900 999.900  999.90  999.90  999.90  999.99  999.90  999.90  999.90       0       0
 27.000 999.900 999.900  999.90  999.90  999.90  999.99  999.90  999.90  999.90       0       0
 27.500 999.900 999.900  999.90  999.90  999.90  999.99  999.90  999.90  999.90       0       0
 28.000 999.900 999.900  999.90  999.90  999.90  999.99  999.90  999.90  999.90       0       0
 28.500 999.900 999.900  999.90  999.90  999.90  999.99  999.90  999.90  999.90       0       0
 29.000 999.900 999.900  999.90  999.90  999.90  999.99  999.90  999.90  999.90       0       0
 29.500 999.900 999.900  999.90  999.90  999.90  999.99  999.90  999.90  999.90       0       0
 30.000 999.900 999.900  999.90  999.90  999.90  999.99  999.90  999.90  999.90       0       0
  T A B L E  III -  10.  M O I S T U R E  R E L A T E D  S T A T I S T I C A L  P A R A M E T E R S
                                   October
 STATION =   723910     Pt. Mugu Naval Air Station, CA
      Z VAPOR P   SD VP SKEW VP      TV      TV SKEW TV DEWPT T  SD DPT SKW DPT NOBS TP NOBS TV   
           MEAN                    MEAN      SD            MEAN                                   
     KM      MB      MB          KELVIN  KELVIN          KELVIN  KELVIN                           
  0.000  16.000   6.000    0.00  291.00    6.00    0.00  290.00    7.00    0.00     100     100
  0.004  14.411   4.461   -0.74  291.62    4.21   -0.49  284.81    5.79   -1.57     231     231
  0.500   8.325   4.735    0.26  292.89    5.00    0.46  275.07    9.83   -0.93     230     230
  1.000   5.294   3.250    0.74  292.64    6.10    0.10  268.64    9.85   -0.96     230     230
  1.500   3.799   2.495    1.32  290.15    5.84   -0.17  264.35    9.18   -0.73     230     230
  2.000   2.885   2.021    2.03  286.96    5.28   -0.36  261.17    8.27   -0.39     228     228
  2.500   2.135   1.441    1.97  283.67    4.82   -0.59  257.77    7.68   -0.46     226     226
  3.000   1.745   1.392    1.97  280.43    4.28   -0.87  254.74    8.44   -0.15     226     226
  3.500   1.402   1.223    1.97  277.29    3.94   -0.82  251.58    9.16   -0.20     227     227
  4.000   1.012   0.954    2.26  274.16    3.90   -0.86  247.75    8.98    0.00     226     226
  4.500   0.749   0.785    2.54  271.02    4.12   -0.89  244.07    8.98    0.25     227     227
  5.000   0.538   0.595    3.03  267.76    4.22   -0.95  240.78    8.42    0.44     224     224
  5.500   0.378   0.403    3.54  264.38    4.22   -0.97  237.44    7.83    0.41     224     224
  6.000   0.310   0.346    3.70  260.90    4.24   -0.93  235.16    7.84    0.54     227     227
  6.500   0.242   0.268    2.95  257.22    4.25   -0.86  232.63    8.08    0.54     223     223
  7.000   0.186   0.207    2.19  253.38    4.23   -0.80  230.34    8.08    0.64     215     215
  7.500   0.127   0.177    2.08  249.46    4.14   -0.72  228.01    8.85    0.65     174     174
  8.000   0.074   0.126    2.20  245.57    4.14   -0.63  228.51    8.10    0.21     107     107
  8.500   0.047   0.092    2.76  241.72    4.16   -0.42  227.49    7.11    0.22      80      80
  9.000   0.030   0.067    2.68  237.86    4.08   -0.30  226.63    6.39    0.32      59      59
  9.500   0.017   0.044    3.03  234.15    3.89   -0.16  224.35    5.78    0.37      45      45
 10.000 999.900 999.900  999.90  230.59    3.77    0.01  999.90  999.90  999.90       0       0
 10.500 999.900 999.900  999.90  227.22    3.66    0.24  999.90  999.90  999.90       0       0
 11.000 999.900 999.900  999.90  224.20    3.46    0.29  999.90  999.90  999.90       0       0
 11.500 999.900 999.900  999.90  221.55    3.25    0.17  999.90  999.90  999.90       0       0
 12.000 999.900 999.900  999.90  219.16    3.19   -0.03  999.90  999.90  999.90       0       0
 12.500 999.900 999.900  999.90  216.98    3.11   -0.07  999.90  999.90  999.90       0       0
 13.000 999.900 999.900  999.90  215.14    2.88    0.29  999.90  999.90  999.90       0       0
 13.500 999.900 999.900  999.90  213.44    2.87    0.38  999.90  999.90  999.90       0       0
 14.000 999.900 999.900  999.90  211.80    3.01    0.51  999.90  999.90  999.90       0       0
 14.500 999.900 999.900  999.90  210.29    3.14    0.47  999.90  999.90  999.90       0       0
 15.000 999.900 999.900  999.90  208.78    3.32    0.40  999.90  999.90  999.90       0       0
 15.500 999.900 999.900  999.90  207.59    3.43    0.42  999.90  999.90  999.90       0       0
 16.000 999.900 999.900  999.90  206.86    3.38    0.56  999.90  999.90  999.90       0       0
 16.500 999.900 999.900  999.90  205.45    2.66    0.04  999.90  999.90  999.90       0       0
 17.000 999.900 999.900  999.90  999.90  999.90  999.99  999.90  999.90  999.90       0       0
 17.500 999.900 999.900  999.90  999.90  999.90  999.99  999.90  999.90  999.90       0       0
 18.000 999.900 999.900  999.90  999.90  999.90  999.99  999.90  999.90  999.90       0       0
 18.500 999.900 999.900  999.90  999.90  999.90  999.99  999.90  999.90  999.90       0       0
 19.000 999.900 999.900  999.90  999.90  999.90  999.99  999.90  999.90  999.90       0       0
 19.500 999.900 999.900  999.90  999.90  999.90  999.99  999.90  999.90  999.90       0       0
 20.000 999.900 999.900  999.90  999.90  999.90  999.99  999.90  999.90  999.90       0       0
 20.500 999.900 999.900  999.90  999.90  999.90  999.99  999.90  999.90  999.90       0       0
 21.000 999.900 999.900  999.90  999.90  999.90  999.99  999.90  999.90  999.90       0       0
 21.500 999.900 999.900  999.90  999.90  999.90  999.99  999.90  999.90  999.90       0       0
 22.000 999.900 999.900  999.90  999.90  999.90  999.99  999.90  999.90  999.90       0       0
 22.500 999.900 999.900  999.90  999.90  999.90  999.99  999.90  999.90  999.90       0       0
 23.000 999.900 999.900  999.90  999.90  999.90  999.99  999.90  999.90  999.90       0       0
 23.500 999.900 999.900  999.90  999.90  999.90  999.99  999.90  999.90  999.90       0       0
 24.000 999.900 999.900  999.90  999.90  999.90  999.99  999.90  999.90  999.90       0       0
 24.500 999.900 999.900  999.90  999.90  999.90  999.99  999.90  999.90  999.90       0       0
 25.000 999.900 999.900  999.90  999.90  999.90  999.99  999.90  999.90  999.90       0       0
 25.500 999.900 999.900  999.90  999.90  999.90  999.99  999.90  999.90  999.90       0       0
 26.000 999.900 999.900  999.90  999.90  999.90  999.99  999.90  999.90  999.90       0       0
 26.500 999.900 999.900  999.90  999.90  999.90  999.99  999.90  999.90  999.90       0       0
 27.000 999.900 999.900  999.90  999.90  999.90  999.99  999.90  999.90  999.90       0       0
 27.500 999.900 999.900  999.90  999.90  999.90  999.99  999.90  999.90  999.90       0       0
 28.000 999.900 999.900  999.90  999.90  999.90  999.99  999.90  999.90  999.90       0       0
 28.500 999.900 999.900  999.90  999.90  999.90  999.99  999.90  999.90  999.90       0       0
 29.000 999.900 999.900  999.90  999.90  999.90  999.99  999.90  999.90  999.90       0       0
 29.500 999.900 999.900  999.90  999.90  999.90  999.99  999.90  999.90  999.90       0       0
 30.000 999.900 999.900  999.90  999.90  999.90  999.99  999.90  999.90  999.90       0       0
  T A B L E  III -  11.  M O I S T U R E  R E L A T E D  S T A T I S T I C A L  P A R A M E T E R S
                                  November
 STATION =   723910     Pt. Mugu Naval Air Station, CA
      Z VAPOR P   SD VP SKEW VP      TV      TV SKEW TV DEWPT T  SD DPT SKW DPT NOBS TP NOBS TV   
           MEAN                    MEAN      SD            MEAN                                   
     KM      MB      MB          KELVIN  KELVIN          KELVIN  KELVIN                           
  0.000  16.000   6.000    0.00  291.00    6.00    0.00  290.00    7.00    0.00     100     100
  0.004   9.801   4.352   -0.06  288.85    5.32   -0.07  278.33    7.67   -0.85     209     209
  0.500   5.883   3.771    1.27  290.69    4.72    0.44  270.56    8.20    0.23     208     208
  1.000   3.935   2.463    1.33  288.81    5.06    0.06  265.35    8.07   -0.49     207     207
  1.500   2.887   1.857    1.73  286.25    4.87   -0.17  261.52    7.63   -0.32     206     206
  2.000   2.056   1.300    2.13  283.66    4.65   -0.42  257.79    6.83   -0.40     203     203
  2.500   1.583   1.140    2.49  281.09    4.43   -0.65  254.53    6.83    0.06     202     202
  3.000   1.279   0.911    2.03  278.29    4.47   -0.73  251.73    7.34   -0.19     203     203
  3.500   1.035   0.741    1.45  275.47    4.43   -0.77  249.19    7.41   -0.08     203     203
  4.000   0.854   0.676    1.79  272.42    4.26   -0.63  246.79    7.56    0.15     203     203
  4.500   0.694   0.606    2.25  269.10    4.18   -0.51  244.19    7.84    0.34     203     203
  5.000   0.588   0.613    3.27  265.63    4.24   -0.41  241.79    8.59    0.40     202     202
  5.500   0.484   0.617    5.39  262.13    4.27   -0.29  239.03    9.35    0.45     201     201
  6.000   0.385   0.384    1.35  258.46    4.06   -0.61  236.66    9.68    0.21     200     200
  6.500   0.278   0.297    1.71  254.69    3.91   -0.54  233.62    9.31    0.33     196     196
  7.000   0.208   0.234    1.65  250.87    3.88   -0.60  230.83    9.51    0.32     190     190
  7.500   0.141   0.181    1.69  246.97    3.87   -0.60  230.03    8.96    0.18     148     148
  8.000   0.096   0.133    1.64  243.03    3.86   -0.48  229.89    7.51    0.02     114     114
  8.500   0.062   0.092    1.78  239.21    3.79   -0.33  228.07    6.14    0.16      97      97
  9.000   0.037   0.061    1.93  235.49    3.72   -0.34  226.38    4.68    0.54      74      74
  9.500   0.013   0.036    3.15  231.91    3.56   -0.25  225.44    4.59    0.09      29      29
 10.000 999.900 999.900  999.90  228.24    3.49   -0.11  999.90  999.90  999.90       0       0
 10.500 999.900 999.900  999.90  224.83    3.39    0.07  999.90  999.90  999.90       0       0
 11.000 999.900 999.900  999.90  221.67    3.53    0.28  999.90  999.90  999.90       0       0
 11.500 999.900 999.900  999.90  218.85    3.84    0.61  999.90  999.90  999.90       0       0
 12.000 999.900 999.900  999.90  216.38    4.16    0.68  999.90  999.90  999.90       0       0
 12.500 999.900 999.900  999.90  214.51    4.25    0.49  999.90  999.90  999.90       0       0
 13.000 999.900 999.900  999.90  213.05    4.20    0.25  999.90  999.90  999.90       0       0
 13.500 999.900 999.900  999.90  211.84    3.98    0.06  999.90  999.90  999.90       0       0
 14.000 999.900 999.900  999.90  210.62    3.54    0.19  999.90  999.90  999.90       0       0
 14.500 999.900 999.900  999.90  209.39    3.30    0.34  999.90  999.90  999.90       0       0
 15.000 999.900 999.900  999.90  208.35    3.34    0.30  999.90  999.90  999.90       0       0
 15.500 999.900 999.900  999.90  207.35    3.34    0.27  999.90  999.90  999.90       0       0
 16.000 999.900 999.900  999.90  206.45    3.40    0.33  999.90  999.90  999.90       0       0
 16.500 999.900 999.900  999.90  203.81    3.13    0.63  999.90  999.90  999.90       0       0
 17.000 999.900 999.900  999.90  204.05    3.71    0.36  999.90  999.90  999.90       0       0
 17.500 999.900 999.900  999.90  999.90  999.90  999.99  999.90  999.90  999.90       0       0
 18.000 999.900 999.900  999.90  999.90  999.90  999.99  999.90  999.90  999.90       0       0
 18.500 999.900 999.900  999.90  999.90  999.90  999.99  999.90  999.90  999.90       0       0
 19.000 999.900 999.900  999.90  999.90  999.90  999.99  999.90  999.90  999.90       0       0
 19.500 999.900 999.900  999.90  999.90  999.90  999.99  999.90  999.90  999.90       0       0
 20.000 999.900 999.900  999.90  999.90  999.90  999.99  999.90  999.90  999.90       0       0
 20.500 999.900 999.900  999.90  999.90  999.90  999.99  999.90  999.90  999.90       0       0
 21.000 999.900 999.900  999.90  999.90  999.90  999.99  999.90  999.90  999.90       0       0
 21.500 999.900 999.900  999.90  999.90  999.90  999.99  999.90  999.90  999.90       0       0
 22.000 999.900 999.900  999.90  999.90  999.90  999.99  999.90  999.90  999.90       0       0
 22.500 999.900 999.900  999.90  999.90  999.90  999.99  999.90  999.90  999.90       0       0
 23.000 999.900 999.900  999.90  999.90  999.90  999.99  999.90  999.90  999.90       0       0
 23.500 999.900 999.900  999.90  999.90  999.90  999.99  999.90  999.90  999.90       0       0
 24.000 999.900 999.900  999.90  999.90  999.90  999.99  999.90  999.90  999.90       0       0
 24.500 999.900 999.900  999.90  999.90  999.90  999.99  999.90  999.90  999.90       0       0
 25.000 999.900 999.900  999.90  999.90  999.90  999.99  999.90  999.90  999.90       0       0
 25.500 999.900 999.900  999.90  999.90  999.90  999.99  999.90  999.90  999.90       0       0
 26.000 999.900 999.900  999.90  999.90  999.90  999.99  999.90  999.90  999.90       0       0
 26.500 999.900 999.900  999.90  999.90  999.90  999.99  999.90  999.90  999.90       0       0
 27.000 999.900 999.900  999.90  999.90  999.90  999.99  999.90  999.90  999.90       0       0
 27.500 999.900 999.900  999.90  999.90  999.90  999.99  999.90  999.90  999.90       0       0
 28.000 999.900 999.900  999.90  999.90  999.90  999.99  999.90  999.90  999.90       0       0
 28.500 999.900 999.900  999.90  999.90  999.90  999.99  999.90  999.90  999.90       0       0
 29.000 999.900 999.900  999.90  999.90  999.90  999.99  999.90  999.90  999.90       0       0
 29.500 999.900 999.900  999.90  999.90  999.90  999.99  999.90  999.90  999.90       0       0
 30.000 999.900 999.900  999.90  999.90  999.90  999.99  999.90  999.90  999.90       0       0
  T A B L E  III -  12.  M O I S T U R E  R E L A T E D  S T A T I S T I C A L  P A R A M E T E R S
                                  December
 STATION =   723910     Pt. Mugu Naval Air Station, CA
      Z VAPOR P   SD VP SKEW VP      TV      TV SKEW TV DEWPT T  SD DPT SKW DPT NOBS TP NOBS TV   
           MEAN                    MEAN      SD            MEAN                                   
     KM      MB      MB          KELVIN  KELVIN          KELVIN  KELVIN                           
  0.000  16.000   6.000    0.00  291.00    6.00    0.00  290.00    7.00    0.00     100     100
  0.004   8.429   4.132    0.10  286.84    5.74    0.14  276.03    7.95   -0.59     212     212
  0.500   5.473   3.555    0.72  288.51    5.05   -0.04  269.04    9.03    0.03     214     214
  1.000   3.521   2.419    1.52  286.47    5.25   -0.43  263.58    8.04    0.15     213     213
  1.500   2.795   1.921    1.62  284.00    5.45   -0.70  260.63    7.98    0.04     213     213
  2.000   2.191   1.537    1.63  281.32    5.40   -0.95  257.67    7.83    0.07     212     212
  2.500   1.725   1.346    1.73  278.65    5.30   -1.01  254.60    8.51   -0.11     208     208
  3.000   1.392   1.170    1.67  275.80    5.10   -1.01  251.75    8.70    0.19     208     208
  3.500   1.064   0.978    1.86  272.80    5.00   -1.19  248.34    8.89    0.27     208     208
  4.000   0.833   0.762    2.01  269.59    4.93   -1.23  245.62    8.78    0.21     208     208
  4.500   0.628   0.597    1.76  266.20    4.86   -1.13  242.38    8.98    0.25     206     206
  5.000   0.479   0.482    1.85  262.76    4.80   -1.01  239.23    9.11    0.32     206     206
  5.500   0.389   0.410    1.88  259.19    4.75   -0.92  236.74    9.52    0.26     205     205
  6.000   0.300   0.354    1.82  255.59    4.61   -0.81  234.49    9.78    0.40     190     190
  6.500   0.218   0.266    1.85  252.01    4.32   -0.52  231.75    9.47    0.46     183     183
  7.000   0.168   0.200    1.76  248.26    4.18   -0.44  229.60    9.36    0.28     179     179
  7.500   0.116   0.155    1.53  244.41    4.01   -0.41  229.54    8.95   -0.08     133     133
  8.000   0.082   0.111    1.50  240.55    3.85   -0.38  229.24    6.84   -0.11     111     111
  8.500   0.050   0.076    1.80  236.66    3.72   -0.32  227.54    5.50    0.07      87      87
  9.000   0.017   0.043    3.23  232.83    3.60   -0.26  225.39    4.79    0.35      39      39
  9.500   0.004   0.022    6.70  229.10    3.48   -0.04  223.96    4.69    1.11      12      12
 10.000 999.900 999.900  999.90  225.46    3.47    0.11  999.90  999.90  999.90       0       0
 10.500 999.900 999.900  999.90  222.32    3.50    0.39  999.90  999.90  999.90       0       0
 11.000 999.900 999.900  999.90  219.69    3.71    0.49  999.90  999.90  999.90       0       0
 11.500 999.900 999.900  999.90  217.49    4.24    0.40  999.90  999.90  999.90       0       0
 12.000 999.900 999.900  999.90  215.77    4.70    0.21  999.90  999.90  999.90       0       0
 12.500 999.900 999.900  999.90  214.61    5.00   -0.07  999.90  999.90  999.90       0       0
 13.000 999.900 999.900  999.90  213.89    4.76   -0.13  999.90  999.90  999.90       0       0
 13.500 999.900 999.900  999.90  213.32    4.06   -0.05  999.90  999.90  999.90       0       0
 14.000 999.900 999.900  999.90  212.41    3.83   -0.32  999.90  999.90  999.90       0       0
 14.500 999.900 999.900  999.90  211.36    3.55   -0.18  999.90  999.90  999.90       0       0
 15.000 999.900 999.900  999.90  210.19    3.22   -0.12  999.90  999.90  999.90       0       0
 15.500 999.900 999.900  999.90  209.08    3.17   -0.03  999.90  999.90  999.90       0       0
 16.000 999.900 999.900  999.90  208.04    3.22   -0.00  999.90  999.90  999.90       0       0
 16.500 999.900 999.900  999.90  205.13    2.53   -0.23  999.90  999.90  999.90       0       0
 17.000 999.900 999.900  999.90  999.90  999.90  999.99  999.90  999.90  999.90       0       0
 17.500 999.900 999.900  999.90  999.90  999.90  999.99  999.90  999.90  999.90       0       0
 18.000 999.900 999.900  999.90  999.90  999.90  999.99  999.90  999.90  999.90       0       0
 18.500 999.900 999.900  999.90  999.90  999.90  999.99  999.90  999.90  999.90       0       0
 19.000 999.900 999.900  999.90  999.90  999.90  999.99  999.90  999.90  999.90       0       0
 19.500 999.900 999.900  999.90  999.90  999.90  999.99  999.90  999.90  999.90       0       0
 20.000 999.900 999.900  999.90  999.90  999.90  999.99  999.90  999.90  999.90       0       0
 20.500 999.900 999.900  999.90  999.90  999.90  999.99  999.90  999.90  999.90       0       0
 21.000 999.900 999.900  999.90  999.90  999.90  999.99  999.90  999.90  999.90       0       0
 21.500 999.900 999.900  999.90  999.90  999.90  999.99  999.90  999.90  999.90       0       0
 22.000 999.900 999.900  999.90  999.90  999.90  999.99  999.90  999.90  999.90       0       0
 22.500 999.900 999.900  999.90  999.90  999.90  999.99  999.90  999.90  999.90       0       0
 23.000 999.900 999.900  999.90  999.90  999.90  999.99  999.90  999.90  999.90       0       0
 23.500 999.900 999.900  999.90  999.90  999.90  999.99  999.90  999.90  999.90       0       0
 24.000 999.900 999.900  999.90  999.90  999.90  999.99  999.90  999.90  999.90       0       0
 24.500 999.900 999.900  999.90  999.90  999.90  999.99  999.90  999.90  999.90       0       0
 25.000 999.900 999.900  999.90  999.90  999.90  999.99  999.90  999.90  999.90       0       0
 25.500 999.900 999.900  999.90  999.90  999.90  999.99  999.90  999.90  999.90       0       0
 26.000 999.900 999.900  999.90  999.90  999.90  999.99  999.90  999.90  999.90       0       0
 26.500 999.900 999.900  999.90  999.90  999.90  999.99  999.90  999.90  999.90       0       0
 27.000 999.900 999.900  999.90  999.90  999.90  999.99  999.90  999.90  999.90       0       0
 27.500 999.900 999.900  999.90  999.90  999.90  999.99  999.90  999.90  999.90       0       0
 28.000 999.900 999.900  999.90  999.90  999.90  999.99  999.90  999.90  999.90       0       0
 28.500 999.900 999.900  999.90  999.90  999.90  999.99  999.90  999.90  999.90       0       0
 29.000 999.900 999.900  999.90  999.90  999.90  999.99  999.90  999.90  999.90       0       0
 29.500 999.900 999.900  999.90  999.90  999.90  999.99  999.90  999.90  999.90       0       0
 30.000 999.900 999.900  999.90  999.90  999.90  999.99  999.90  999.90  999.90       0       0
  T A B L E  III -  13.  M O I S T U R E  R E L A T E D  S T A T I S T I C A L  P A R A M E T E R S
                                    Annual
 STATION =   723910     Pt. Mugu Naval Air Station, CA
      Z VAPOR P   SD VP SKEW VP      TV      TV SKEW TV DEWPT T  SD DPT SKW DPT NOBS TP NOBS TV   
           MEAN                    MEAN      SD            MEAN                                   
     KM      MB      MB          KELVIN  KELVIN          KELVIN  KELVIN                           
  0.000  16.000   6.000    0.00  291.00    6.00    0.00  290.00    7.00    0.00     100     100
  0.004  13.109   4.025   -0.42  290.39    4.57   -0.43  283.34    5.66   -1.57    8270    8270
  0.500   9.615   4.311   -0.04  289.76    5.43    0.49  278.02    7.84   -0.99    8225    8225
  1.000   6.278   3.507    0.57  289.61    7.04    0.11  271.80    8.37   -0.67    8101    8101
  1.500   4.452   2.875    1.20  287.94    7.42   -0.11  266.87    8.83   -0.52    8044    8044
  2.000   3.384   2.445    1.28  285.30    7.26   -0.21  263.02    9.26   -0.41    7973    7973
  2.500   2.661   2.150    1.56  282.35    6.96   -0.30  259.60    9.77   -0.30    7920    7920
  3.000   2.155   1.883    1.66  279.28    6.66   -0.37  256.54   10.21   -0.19    7930    7930
  3.500   1.712   1.602    1.75  276.14    6.42   -0.43  253.43   10.42   -0.07    7924    7924
  4.000   1.345   1.327    1.91  272.88    6.29   -0.48  250.35   10.55   -0.05    7912    7912
  4.500   1.044   1.087    2.07  269.55    6.22   -0.51  247.25   10.55    0.02    7901    7901
  5.000   0.798   0.856    2.20  266.13    6.19   -0.53  244.25   10.36    0.08    7869    7869
  5.500   0.601   0.667    2.38  262.66    6.22   -0.52  241.14   10.24    0.12    7833    7833
  6.000   0.447   0.502    2.37  259.12    6.29   -0.49  238.47    9.76    0.19    7637    7637
  6.500   0.323   0.369    2.49  255.49    6.37   -0.45  235.50    9.33    0.24    7501    7501
  7.000   0.232   0.268    2.47  251.79    6.43   -0.40  232.66    8.95    0.24    7289    7289
  7.500   0.163   0.200    2.33  248.05    6.43   -0.33  231.04    8.32    0.24    6298    6298
  8.000   0.107   0.143    2.29  244.25    6.41   -0.24  229.58    7.39    0.22    5125    5125
  8.500   0.070   0.105    2.40  240.43    6.36   -0.15  227.80    6.77    0.25    4239    4239
  9.000   0.043   0.074    2.56  236.65    6.28   -0.07  225.96    6.14    0.29    3254    3254
  9.500   0.024   0.049    2.88  232.96    6.15   -0.00  224.39    5.42    0.29    2243    2243
 10.000   0.009   0.027    4.11  229.36    5.99    0.06  222.58    4.66    0.41    1068    1068
 10.500 999.900 999.900  999.90  226.00    5.79    0.08  219.39    3.75    0.75     584     584
 11.000 999.900 999.900  999.90  223.02    5.60    0.04  218.31    3.15    0.81     176     176
 11.500 999.900 999.900  999.90  220.48    5.38   -0.07  216.42    1.99    0.66      75      75
 12.000 999.900 999.900  999.90  218.42    5.15   -0.21  215.70    1.45    0.58      33      33
 12.500 999.900 999.900  999.90  216.86    4.82   -0.35  215.50    1.70    0.28      19      19
 13.000 999.900 999.900  999.90  215.59    4.42   -0.35  999.90  999.90  999.90       0       0
 13.500 999.900 999.900  999.90  214.46    4.03   -0.17  999.90  999.90  999.90       0       0
 14.000 999.900 999.900  999.90  213.29    3.87    0.10  999.90  999.90  999.90       0       0
 14.500 999.900 999.900  999.90  212.00    3.97    0.13  999.90  999.90  999.90       0       0
 15.000 999.900 999.900  999.90  210.76    4.15    0.06  999.90  999.90  999.90       0       0
 15.500 999.900 999.900  999.90  209.71    4.29    0.01  999.90  999.90  999.90       0       0
 16.000 999.900 999.900  999.90  208.97    4.26    0.06  999.90  999.90  999.90       0       0
 16.500 999.900 999.900  999.90  207.09    3.76    0.28  999.90  999.90  999.90       0       0
 17.000 999.900 999.900  999.90  207.04    3.77    0.20  999.90  999.90  999.90       0       0
 17.500 999.900 999.900  999.90  207.26    3.53    0.16  999.90  999.90  999.90       0       0
 18.000 999.900 999.900  999.90  207.80    3.22    0.13  999.90  999.90  999.90       0       0
 18.500 999.900 999.900  999.90  208.47    2.95   -0.02  999.90  999.90  999.90       0       0
 19.000 999.900 999.900  999.90  209.22    2.79   -0.26  999.90  999.90  999.90       0       0
 19.500 999.900 999.900  999.90  210.12    2.68   -0.49  999.90  999.90  999.90       0       0
 20.000 999.900 999.900  999.90  210.95    2.65   -0.74  999.90  999.90  999.90       0       0
 20.500 999.900 999.900  999.90  211.85    2.61   -0.76  999.90  999.90  999.90       0       0
 21.000 999.900 999.900  999.90  212.74    2.60   -0.81  999.90  999.90  999.90       0       0
 21.500 999.900 999.900  999.90  213.55    2.68   -0.83  999.90  999.90  999.90       0       0
 22.000 999.900 999.900  999.90  214.42    2.71   -0.84  999.90  999.90  999.90       0       0
 22.500 999.900 999.900  999.90  215.29    2.79   -0.86  999.90  999.90  999.90       0       0
 23.000 999.900 999.900  999.90  216.15    2.92   -0.89  999.90  999.90  999.90       0       0
 23.500 999.900 999.900  999.90  217.07    3.01   -0.86  999.90  999.90  999.90       0       0
 24.000 999.900 999.900  999.90  217.95    3.07   -0.73  999.90  999.90  999.90       0       0
 24.500 999.900 999.900  999.90  218.80    3.15   -0.70  999.90  999.90  999.90       0       0
 25.000 999.900 999.900  999.90  219.65    3.21   -0.68  999.90  999.90  999.90       0       0
 25.500 999.900 999.900  999.90  220.51    3.30   -0.61  999.90  999.90  999.90       0       0
 26.000 999.900 999.900  999.90  221.39    3.42   -0.59  999.90  999.90  999.90       0       0
 26.500 999.900 999.900  999.90  222.35    3.50   -0.57  999.90  999.90  999.90       0       0
 27.000 999.900 999.900  999.90  223.18    3.59   -0.58  999.90  999.90  999.90       0       0
 27.500 999.900 999.900  999.90  224.13    3.76   -0.61  999.90  999.90  999.90       0       0
 28.000 999.900 999.900  999.90  225.01    3.75   -0.56  999.90  999.90  999.90       0       0
 28.500 999.900 999.900  999.90  225.88    3.72   -0.52  999.90  999.90  999.90       0       0
 29.000 999.900 999.900  999.90  226.86    3.72   -0.47  999.90  999.90  999.90       0       0
 29.500 999.900 999.900  999.90  227.76    3.73   -0.45  999.90  999.90  999.90       0       0
 30.000 999.900 999.900  999.90  228.73    3.78   -0.41  999.90  999.90  999.90       0       0
