 0 1PGAC912170   13.55N  144.85E 111 1731279   21080   0  30                                        
  T A B L E  III - 13.  M O I S T U R E  R E L A T E D  S T A T I S T I C A L  P A R A M E T E R S  
                                              ANNUAL                                                
 STATION =   912170     TAGUAC                                                                      
      Z VAPOR P   SD VP SKEW VP      TV      TV SKEW TV DEWPT T  SD DPT SKW DPT NOBS TP NOBS TV     
           MEAN                    MEAN      SD            MEAN                                     
     KM      MB      MB           DEG K   DEG K           DEG K   DEG K                             
  0.000  29.401   2.500   -0.50  303.05    1.81   -0.04  296.85    1.46   -0.81   4819.   4819.     
  0.111  28.366   2.385   -0.53  302.34    1.72   -0.05  296.26    1.43   -0.84   4833.   4843.     
  1.000  19.281   2.830   -0.87  295.88    1.34   -0.53  289.91    2.55   -1.56   4875.   4893.     
  2.000  11.272   3.985   -0.76  290.19    1.37   -0.76  280.67    7.01   -1.49   4891.   4905.     
  3.000   6.101   3.496   -0.04  285.14    1.21   -0.21  270.37    9.92   -0.52   4888.   4904.     
  4.000   3.491   2.484    0.40  279.51    1.23    0.24  262.20   10.43   -0.04   4877.   4903.     
  5.000   2.106   1.770    0.72  273.68    1.26    0.30  255.14   10.85    0.24   4879.   4903.     
  6.000   1.178   1.154    1.04  267.87    1.23    0.04  247.64   10.97    0.50   4864.   4895.     
  7.000   0.630   0.696    1.32  261.67    1.23   -0.05  240.33   10.69    0.73   4843.   4879.     
  8.000   0.327   0.387    1.43  255.10    1.28   -0.07  233.20   10.55    0.79   4821.   4849.     
  9.000   0.158   0.198    1.49  247.96    1.36   -0.07  225.91   10.41    0.79   4805.   4837.     
 10.000   0.073   0.091    1.36  240.30    1.40    0.00  218.60   10.50    0.66   4593.   4818.     
 11.000   0.041   0.045    0.91  232.29    1.43   -0.02  213.90   10.74    0.31   1179.   4807.     
 12.000  99.999  99.999  999.99  224.04    1.40   -0.17  999.99   99.99  999.99      5.   4790.     
 13.000  99.999  99.999  999.99  215.85    1.46   -0.18  999.99   99.99  999.99      2.   4766.     
 14.000  99.999  99.999  999.99  207.86    1.62   -0.06  999.99   99.99  999.99      2.   4757.     
 15.000  99.999  99.999  999.99  200.67    1.69   -0.01  999.99   99.99  999.99      3.   4707.     
 16.000  99.999  99.999  999.99  194.93    2.19    0.18  999.99   99.99  999.99      0.   4677.     
 17.000  99.999  99.999  999.99  193.23    3.79    0.30  999.99   99.99  999.99      0.   4299.     
 18.000  99.999  99.999  999.99  195.70    4.69    0.14  999.99   99.99  999.99      0.   4215.     
 19.000  99.999  99.999  999.99  201.17    3.88   -0.06  999.99   99.99  999.99      0.   4059.     
 20.000  99.999  99.999  999.99  206.13    3.01   -0.27  999.99   99.99  999.99      0.   4024.     
 21.000  99.999  99.999  999.99  209.80    2.51   -0.33  999.99   99.99  999.99      0.   3061.     
 22.000  99.999  99.999  999.99  212.77    2.46   -0.34  999.99   99.99  999.99      0.   3017.     
 23.000  99.999  99.999  999.99  215.43    2.30   -0.13  999.99   99.99  999.99      0.   2986.     
 24.000  99.999  99.999  999.99  217.88    2.26    0.14  999.99   99.99  999.99      0.   3359.     
 25.000  99.999  99.999  999.99  220.25    2.33    0.16  999.99   99.99  999.99      0.   3643.     
 26.000  99.999  99.999  999.99  222.52    2.45    0.00  999.99   99.99  999.99      0.   3614.     
 27.000  99.999  99.999  999.99  224.60    2.53    0.02  999.99   99.99  999.99      0.   2560.     
 28.000  99.999  99.999  999.99  226.66    2.63   -0.03  999.99   99.99  999.99      0.   2184.     
 29.000  99.999  99.999  999.99  228.50    2.88   -0.14  999.99   99.99  999.99      0.   1857.     
 30.000  99.999  99.999  999.99  230.08    2.94   -0.05  999.99   99.99  999.99      0.   1715.     
  T A B L E  III -  1.  M O I S T U R E  R E L A T E D  S T A T I S T I C A L  P A R A M E T E R S  
                                              JANUARY                                               
 STATION =   912170     TAGUAC                                                                      
      Z VAPOR P   SD VP SKEW VP      TV      TV SKEW TV DEWPT T  SD DPT SKW DPT NOBS TP NOBS TV     
           MEAN                    MEAN      SD            MEAN                                     
     KM      MB      MB           DEG K   DEG K           DEG K   DEG K                             
  0.000  27.104   2.472   -0.47  301.73    1.58   -0.85  295.50    1.54   -0.73    402.    402.     
  0.111  26.203   2.361   -0.48  301.08    1.50   -0.81  294.95    1.52   -0.75    402.    402.     
  1.000  17.859   2.733   -0.63  294.64    1.15    0.07  288.70    2.58   -1.14    408.    409.     
  2.000   8.764   4.638   -0.03  289.49    1.74   -0.25  275.90    9.20   -0.52    410.    410.     
  3.000   3.513   3.054    1.33  285.29    1.52   -0.40  262.33    9.49    0.86    408.    410.     
  4.000   1.773   1.716    2.09  279.76    1.42   -0.32  254.23    8.13    1.47    409.    410.     
  5.000   1.082   1.178    2.31  273.92    1.33    0.40  248.17    8.13    1.62    409.    410.     
  6.000   0.613   0.733    2.66  268.01    1.36    0.08  241.81    7.77    1.86    407.    410.     
  7.000   0.332   0.395    2.87  261.92    1.33    0.00  235.76    7.23    1.77    406.    409.     
  8.000   0.167   0.219    3.26  255.46    1.20    0.01  228.96    6.94    1.93    404.    406.     
  9.000   0.085   0.124    3.44  248.26    1.14   -0.23  222.20    7.29    1.76    401.    405.     
 10.000   0.043   0.061    2.37  240.64    1.19   -0.01  215.65    8.11    1.26    384.    402.     
 11.000   0.021   0.029    2.33  232.72    1.18    0.01  210.16    8.13    0.89    139.    399.     
 12.000  99.999  99.999  999.99  224.56    1.20    0.15  999.99   99.99  999.99      0.    398.     
 13.000  99.999  99.999  999.99  216.45    1.29   -0.02  999.99   99.99  999.99      0.    395.     
 14.000  99.999  99.999  999.99  208.51    1.45   -0.19  999.99   99.99  999.99      0.    395.     
 15.000  99.999  99.999  999.99  201.00    1.47   -0.26  999.99   99.99  999.99      0.    392.     
 16.000  99.999  99.999  999.99  194.12    1.67   -0.11  999.99   99.99  999.99      0.    389.     
 17.000  99.999  99.999  999.99  189.62    2.15   -0.41  999.99   99.99  999.99      0.    360.     
 18.000  99.999  99.999  999.99  191.10    2.90    0.23  999.99   99.99  999.99      0.    352.     
 19.000  99.999  99.999  999.99  198.02    2.95    0.13  999.99   99.99  999.99      0.    336.     
 20.000  99.999  99.999  999.99  204.35    2.72   -0.16  999.99   99.99  999.99      0.    332.     
 21.000  99.999  99.999  999.99  208.11    2.40   -0.57  999.99   99.99  999.99      0.    256.     
 22.000  99.999  99.999  999.99  211.40    2.47   -0.33  999.99   99.99  999.99      0.    250.     
 23.000  99.999  99.999  999.99  214.24    2.56   -0.21  999.99   99.99  999.99      0.    247.     
 24.000  99.999  99.999  999.99  216.74    2.35   -0.29  999.99   99.99  999.99      0.    307.     
 25.000  99.999  99.999  999.99  218.74    2.26    0.12  999.99   99.99  999.99      0.    303.     
 26.000  99.999  99.999  999.99  220.70    2.15    0.09  999.99   99.99  999.99      0.    300.     
 27.000  99.999  99.999  999.99  222.51    2.10    0.66  999.99   99.99  999.99      0.    223.     
 28.000  99.999  99.999  999.99  224.32    2.04    0.12  999.99   99.99  999.99      0.    191.     
 29.000  99.999  99.999  999.99  226.09    2.49    0.30  999.99   99.99  999.99      0.    171.     
 30.000  99.999  99.999  999.99  227.59    2.44    0.33  999.99   99.99  999.99      0.    167.     
  T A B L E  III -  2.  M O I S T U R E  R E L A T E D  S T A T I S T I C A L  P A R A M E T E R S  
                                              FEBRUARY                                              
 STATION =   912170     TAGUAC                                                                      
      Z VAPOR P   SD VP SKEW VP      TV      TV SKEW TV DEWPT T  SD DPT SKW DPT NOBS TP NOBS TV     
           MEAN                    MEAN      SD            MEAN                                     
     KM      MB      MB           DEG K   DEG K           DEG K   DEG K                             
  0.000  26.788   2.324   -0.60  301.65    1.43   -0.30  295.31    1.47   -0.91    376.    376.     
  0.111  25.842   2.234   -0.63  300.96    1.35   -0.26  294.73    1.46   -0.95    376.    377.     
  1.000  17.531   2.879   -0.82  294.26    1.14   -0.45  288.37    2.86   -1.60    377.    377.     
  2.000   9.290   4.252   -0.10  288.90    1.56   -0.57  277.32    8.04   -0.76    378.    378.     
  3.000   3.506   2.898    1.28  284.95    1.65   -0.09  262.53    9.28    0.73    378.    378.     
  4.000   1.761   1.567    2.10  279.85    1.61   -0.07  254.52    7.74    1.32    378.    378.     
  5.000   0.970   0.950    2.87  274.16    1.63   -0.27  247.81    6.91    1.81    378.    378.     
  6.000   0.527   0.569    3.16  268.28    1.39   -0.34  241.14    6.54    2.14    375.    377.     
  7.000   0.264   0.306    3.85  261.83    1.19   -0.37  234.29    5.91    2.48    372.    374.     
  8.000   0.126   0.141    4.54  255.13    1.08   -0.23  227.59    5.36    2.25    364.    366.     
  9.000   0.067   0.092    3.97  247.98    1.15    0.01  220.98    6.29    1.96    364.    366.     
 10.000   0.032   0.047    3.30  240.28    1.16   -0.06  214.10    7.05    1.51    354.    364.     
 11.000   0.019   0.024    2.72  232.31    1.19   -0.15  209.64    7.67    0.77     78.    362.     
 12.000  99.999  99.999  999.99  224.17    1.20   -0.16  999.99   99.99  999.99      1.    360.     
 13.000  99.999  99.999  999.99  216.09    1.28   -0.15  999.99   99.99  999.99      0.    355.     
 14.000  99.999  99.999  999.99  208.12    1.46   -0.15  999.99   99.99  999.99      0.    353.     
 15.000  99.999  99.999  999.99  200.61    1.38   -0.15  999.99   99.99  999.99      0.    349.     
 16.000  99.999  99.999  999.99  193.97    1.56    0.04  999.99   99.99  999.99      0.    346.     
 17.000  99.999  99.999  999.99  190.84    1.98   -0.28  999.99   99.99  999.99      0.    324.     
 18.000  99.999  99.999  999.99  192.56    2.55    0.43  999.99   99.99  999.99      0.    319.     
 19.000  99.999  99.999  999.99  198.03    2.90    0.03  999.99   99.99  999.99      0.    317.     
 20.000  99.999  99.999  999.99  203.29    2.80    0.08  999.99   99.99  999.99      0.    315.     
 21.000  99.999  99.999  999.99  207.61    2.57   -0.25  999.99   99.99  999.99      0.    251.     
 22.000  99.999  99.999  999.99  211.02    2.78   -0.41  999.99   99.99  999.99      0.    250.     
 23.000  99.999  99.999  999.99  213.80    2.29   -0.27  999.99   99.99  999.99      0.    245.     
 24.000  99.999  99.999  999.99  216.45    2.01   -0.14  999.99   99.99  999.99      0.    293.     
 25.000  99.999  99.999  999.99  218.64    2.00   -0.07  999.99   99.99  999.99      0.    288.     
 26.000  99.999  99.999  999.99  220.73    2.09   -0.23  999.99   99.99  999.99      0.    286.     
 27.000  99.999  99.999  999.99  222.77    2.36    0.11  999.99   99.99  999.99      0.    215.     
 28.000  99.999  99.999  999.99  225.05    2.49    0.14  999.99   99.99  999.99      0.    188.     
 29.000  99.999  99.999  999.99  227.10    2.39   -0.05  999.99   99.99  999.99      0.    165.     
 30.000  99.999  99.999  999.99  229.05    2.59    0.01  999.99   99.99  999.99      0.    161.     
  T A B L E  III -  3.  M O I S T U R E  R E L A T E D  S T A T I S T I C A L  P A R A M E T E R S  
                                              MARCH                                                 
 STATION =   912170     TAGUAC                                                                      
      Z VAPOR P   SD VP SKEW VP      TV      TV SKEW TV DEWPT T  SD DPT SKW DPT NOBS TP NOBS TV     
           MEAN                    MEAN      SD            MEAN                                     
     KM      MB      MB           DEG K   DEG K           DEG K   DEG K                             
  0.000  27.164   2.170   -0.23  302.08    1.49   -0.23  295.55    1.34   -0.50    398.    398.     
  0.111  26.197   2.071   -0.24  301.38    1.39   -0.23  294.96    1.32   -0.52    398.    398.     
  1.000  17.500   2.907   -0.70  294.48    1.06   -0.14  288.34    2.85   -1.37    414.    416.     
  2.000   9.241   4.534   -0.14  289.14    1.43   -0.28  276.90    8.85   -0.74    416.    416.     
  3.000   4.091   3.431    0.98  284.98    1.57    0.16  263.93   10.41    0.52    416.    416.     
  4.000   1.994   1.927    1.83  279.86    1.61   -0.08  255.30    8.81    1.20    415.    416.     
  5.000   1.128   1.225    2.36  274.25    1.51   -0.08  248.66    8.13    1.63    415.    416.     
  6.000   0.569   0.675    2.93  268.37    1.27   -0.21  241.39    7.18    2.15    412.    415.     
  7.000   0.296   0.384    3.61  262.09    1.09   -0.12  234.84    6.56    2.45    411.    413.     
  8.000   0.156   0.222    3.42  255.49    1.10   -0.04  228.29    6.66    2.40    409.    410.     
  9.000   0.077   0.117    3.45  248.35    1.14   -0.02  221.50    6.88    2.09    408.    409.     
 10.000   0.039   0.060    2.85  240.74    1.18   -0.01  214.95    7.64    1.57    389.    404.     
 11.000   0.025   0.032    1.96  232.81    1.25    0.00  211.11    8.60    0.70    149.    402.     
 12.000  99.999  99.999  999.99  224.61    1.29   -0.19  999.99   99.99  999.99      2.    402.     
 13.000  99.999  99.999  999.99  216.48    1.36   -0.21  999.99   99.99  999.99      2.    399.     
 14.000  99.999  99.999  999.99  208.45    1.45    0.15  999.99   99.99  999.99      2.    399.     
 15.000  99.999  99.999  999.99  200.90    1.41    0.14  999.99   99.99  999.99      2.    395.     
 16.000  99.999  99.999  999.99  194.08    1.66   -0.21  999.99   99.99  999.99      0.    394.     
 17.000  99.999  99.999  999.99  190.06    2.18   -0.24  999.99   99.99  999.99      0.    371.     
 18.000  99.999  99.999  999.99  192.35    2.64    0.04  999.99   99.99  999.99      0.    364.     
 19.000  99.999  99.999  999.99  198.32    2.39    0.06  999.99   99.99  999.99      0.    352.     
 20.000  99.999  99.999  999.99  203.63    2.34    0.32  999.99   99.99  999.99      0.    350.     
 21.000  99.999  99.999  999.99  208.05    2.11    0.20  999.99   99.99  999.99      0.    281.     
 22.000  99.999  99.999  999.99  211.29    2.28    0.11  999.99   99.99  999.99      0.    279.     
 23.000  99.999  99.999  999.99  214.42    2.00   -0.28  999.99   99.99  999.99      0.    279.     
 24.000  99.999  99.999  999.99  217.15    2.02    0.11  999.99   99.99  999.99      0.    330.     
 25.000  99.999  99.999  999.99  219.46    2.13    0.14  999.99   99.99  999.99      0.    329.     
 26.000  99.999  99.999  999.99  221.93    2.09    0.05  999.99   99.99  999.99      0.    328.     
 27.000  99.999  99.999  999.99  224.15    2.20   -0.22  999.99   99.99  999.99      0.    228.     
 28.000  99.999  99.999  999.99  226.27    2.36   -0.18  999.99   99.99  999.99      0.    197.     
 29.000  99.999  99.999  999.99  227.87    2.69   -0.20  999.99   99.99  999.99      0.    174.     
 30.000  99.999  99.999  999.99  229.83    2.78    0.01  999.99   99.99  999.99      0.    182.     
  T A B L E  III -  4.  M O I S T U R E  R E L A T E D  S T A T I S T I C A L  P A R A M E T E R S  
                                              APRIL                                                 
 STATION =   912170     TAGUAC                                                                      
      Z VAPOR P   SD VP SKEW VP      TV      TV SKEW TV DEWPT T  SD DPT SKW DPT NOBS TP NOBS TV     
           MEAN                    MEAN      SD            MEAN                                     
     KM      MB      MB           DEG K   DEG K           DEG K   DEG K                             
  0.000  28.303   1.786    0.09  302.96    1.35   -0.15  296.25    1.05   -0.07    388.    388.     
  0.111  27.267   1.721    0.08  302.22    1.28   -0.19  295.63    1.04   -0.09    391.    391.     
  1.000  18.218   2.882   -0.78  295.15    0.94    0.11  288.99    2.72   -1.37    396.    399.     
  2.000   9.718   4.253   -0.14  289.57    1.25   -0.13  278.14    7.63   -0.76    396.    399.     
  3.000   4.233   3.178    0.88  284.65    1.24   -0.60  265.01    9.68    0.35    398.    399.     
  4.000   1.925   1.764    1.85  279.47    1.34    0.21  255.22    8.35    1.20    396.    399.     
  5.000   0.981   1.076    2.91  273.93    1.26    0.09  247.55    7.27    2.04    395.    399.     
  6.000   0.511   0.649    3.82  268.14    1.17   -0.26  240.57    6.52    2.73    397.    399.     
  7.000   0.281   0.409    4.07  261.81    1.18   -0.08  234.13    6.48    2.88    396.    398.     
  8.000   0.167   0.261    3.36  255.12    1.25   -0.28  228.19    7.33    2.34    397.    397.     
  9.000   0.085   0.131    3.08  247.99    1.30   -0.22  221.75    7.66    1.82    395.    396.     
 10.000   0.043   0.072    2.61  240.39    1.34   -0.24  214.78    8.44    1.64    371.    396.     
 11.000   0.026   0.034    1.65  232.40    1.36   -0.23  210.51    9.34    0.83    108.    396.     
 12.000  99.999  99.999  999.99  224.37    1.17   -0.03  999.99   99.99  999.99      1.    394.     
 13.000  99.999  99.999  999.99  216.38    1.16    0.07  999.99   99.99  999.99      0.    393.     
 14.000  99.999  99.999  999.99  208.51    1.23    0.39  999.99   99.99  999.99      0.    393.     
 15.000  99.999  99.999  999.99  201.31    1.33    0.08  999.99   99.99  999.99      0.    390.     
 16.000  99.999  99.999  999.99  195.27    1.71   -0.13  999.99   99.99  999.99      0.    390.     
 17.000  99.999  99.999  999.99  191.95    2.02   -0.24  999.99   99.99  999.99      0.    369.     
 18.000  99.999  99.999  999.99  192.86    2.24    0.35  999.99   99.99  999.99      0.    362.     
 19.000  99.999  99.999  999.99  198.51    2.28    0.34  999.99   99.99  999.99      0.    351.     
 20.000  99.999  99.999  999.99  204.73    2.35   -0.09  999.99   99.99  999.99      0.    348.     
 21.000  99.999  99.999  999.99  209.38    2.04    0.21  999.99   99.99  999.99      0.    282.     
 22.000  99.999  99.999  999.99  212.72    2.17    0.04  999.99   99.99  999.99      0.    279.     
 23.000  99.999  99.999  999.99  215.66    2.05    0.72  999.99   99.99  999.99      0.    276.     
 24.000  99.999  99.999  999.99  218.51    2.01    0.97  999.99   99.99  999.99      0.    315.     
 25.000  99.999  99.999  999.99  221.31    2.16    0.82  999.99   99.99  999.99      0.    321.     
 26.000  99.999  99.999  999.99  223.95    2.34    0.35  999.99   99.99  999.99      0.    316.     
 27.000  99.999  99.999  999.99  226.65    2.17    0.23  999.99   99.99  999.99      0.    218.     
 28.000  99.999  99.999  999.99  228.45    2.22    0.01  999.99   99.99  999.99      0.    191.     
 29.000  99.999  99.999  999.99  230.28    2.48    0.17  999.99   99.99  999.99      0.    167.     
 30.000  99.999  99.999  999.99  232.33    2.55   -0.26  999.99   99.99  999.99      0.    154.     
  T A B L E  III -  5.  M O I S T U R E  R E L A T E D  S T A T I S T I C A L  P A R A M E T E R S  
                                              MAY                                                   
 STATION =   912170     TAGUAC                                                                      
      Z VAPOR P   SD VP SKEW VP      TV      TV SKEW TV DEWPT T  SD DPT SKW DPT NOBS TP NOBS TV     
           MEAN                    MEAN      SD            MEAN                                     
     KM      MB      MB           DEG K   DEG K           DEG K   DEG K                             
  0.000  29.375   2.024    0.12  303.58    1.66   -0.03  296.86    1.15   -0.18    396.    396.     
  0.111  28.330   1.953    0.05  302.85    1.56   -0.02  296.26    1.15   -0.24    400.    402.     
  1.000  19.155   2.459   -0.74  296.02    1.02   -0.29  289.85    2.16   -1.17    402.    406.     
  2.000  10.764   3.620   -0.43  290.30    1.12   -0.12  280.25    6.03   -1.22    402.    406.     
  3.000   5.867   3.115    0.04  285.05    1.00    0.18  270.37    8.82   -0.55    402.    406.     
  4.000   3.089   2.285    0.66  279.25    1.00    0.27  260.79    9.90    0.16    397.    405.     
  5.000   1.697   1.502    1.09  273.51    1.23    0.13  252.89    9.95    0.51    399.    405.     
  6.000   0.844   0.836    1.50  267.76    1.18   -0.11  244.86    9.26    0.84    396.    403.     
  7.000   0.401   0.473    2.35  261.50    1.13   -0.11  237.00    8.35    1.33    393.    403.     
  8.000   0.197   0.259    2.60  254.90    1.28   -0.18  229.65    8.17    1.48    394.    401.     
  9.000   0.098   0.141    2.42  247.76    1.38   -0.17  222.59    8.44    1.46    394.    400.     
 10.000   0.048   0.071    1.96  240.10    1.34   -0.15  215.52    9.00    1.28    370.    399.     
 11.000   0.026   0.035    1.35  232.18    1.33    0.01  210.19    9.62    0.92     82.    399.     
 12.000  99.999  99.999  999.99  224.01    1.27    0.06  999.99   99.99  999.99      0.    397.     
 13.000  99.999  99.999  999.99  215.97    1.28    0.25  999.99   99.99  999.99      0.    394.     
 14.000  99.999  99.999  999.99  208.22    1.41    0.37  999.99   99.99  999.99      0.    394.     
 15.000  99.999  99.999  999.99  201.47    1.57    0.13  999.99   99.99  999.99      0.    392.     
 16.000  99.999  99.999  999.99  196.02    1.85   -0.04  999.99   99.99  999.99      0.    391.     
 17.000  99.999  99.999  999.99  193.53    1.92   -0.03  999.99   99.99  999.99      0.    359.     
 18.000  99.999  99.999  999.99  195.18    2.44    0.15  999.99   99.99  999.99      0.    354.     
 19.000  99.999  99.999  999.99  200.93    2.70    0.15  999.99   99.99  999.99      0.    340.     
 20.000  99.999  99.999  999.99  206.98    2.30    0.06  999.99   99.99  999.99      0.    335.     
 21.000  99.999  99.999  999.99  210.75    1.89   -0.07  999.99   99.99  999.99      0.    251.     
 22.000  99.999  99.999  999.99  213.75    1.84    0.06  999.99   99.99  999.99      0.    251.     
 23.000  99.999  99.999  999.99  216.74    2.03   -0.04  999.99   99.99  999.99      0.    250.     
 24.000  99.999  99.999  999.99  219.52    2.01    0.52  999.99   99.99  999.99      0.    274.     
 25.000  99.999  99.999  999.99  221.84    1.98    0.11  999.99   99.99  999.99      0.    310.     
 26.000  99.999  99.999  999.99  224.29    2.16   -0.71  999.99   99.99  999.99      0.    305.     
 27.000  99.999  99.999  999.99  226.26    2.16   -0.63  999.99   99.99  999.99      0.    205.     
 28.000  99.999  99.999  999.99  228.48    2.10    0.24  999.99   99.99  999.99      0.    182.     
 29.000  99.999  99.999  999.99  230.57    2.27   -0.28  999.99   99.99  999.99      0.    151.     
 30.000  99.999  99.999  999.99  232.16    2.32    0.01  999.99   99.99  999.99      0.    130.     
  T A B L E  III -  6.  M O I S T U R E  R E L A T E D  S T A T I S T I C A L  P A R A M E T E R S  
                                              JUNE                                                  
 STATION =   912170     TAGUAC                                                                      
      Z VAPOR P   SD VP SKEW VP      TV      TV SKEW TV DEWPT T  SD DPT SKW DPT NOBS TP NOBS TV     
           MEAN                    MEAN      SD            MEAN                                     
     KM      MB      MB           DEG K   DEG K           DEG K   DEG K                             
  0.000  30.273   1.614    0.65  303.86    1.72   -0.12  297.38    0.88    0.34    401.    401.     
  0.111  29.171   1.518    0.59  303.12    1.62   -0.12  296.76    0.86    0.29    404.    407.     
  1.000  19.772   2.464   -0.86  296.52    0.75   -0.21  290.36    2.12   -1.33    405.    409.     
  2.000  12.117   3.156   -0.81  290.50    0.89   -0.05  282.36    4.82   -1.81    407.    410.     
  3.000   6.829   2.935   -0.21  285.05    0.96    0.36  273.17    7.43   -0.91    405.    409.     
  4.000   3.788   2.223    0.25  279.20    0.94   -0.10  264.29    8.95   -0.36    404.    409.     
  5.000   2.321   1.663    0.53  273.23    1.02   -0.18  257.22    9.97   -0.10    406.    409.     
  6.000   1.197   1.092    1.01  267.49    1.14   -0.15  248.32   10.57    0.33    407.    409.     
  7.000   0.617   0.636    1.28  261.38    1.07   -0.29  240.64   10.30    0.58    404.    408.     
  8.000   0.328   0.358    1.25  254.81    1.13   -0.23  233.59   10.50    0.58    404.    407.     
  9.000   0.169   0.194    1.18  247.63    1.25   -0.16  226.68   10.68    0.56    403.    406.     
 10.000   0.082   0.090    1.01  239.91    1.25   -0.06  219.93   10.84    0.34    381.    406.     
 11.000   0.035   0.042    0.96  231.83    1.27   -0.19  212.25   10.72    0.54     47.    406.     
 12.000  99.999  99.999  999.99  223.53    1.26   -0.03  999.99   99.99  999.99      0.    404.     
 13.000  99.999  99.999  999.99  215.32    1.35    0.10  999.99   99.99  999.99      0.    404.     
 14.000  99.999  99.999  999.99  207.35    1.55   -0.03  999.99   99.99  999.99      0.    404.     
 15.000  99.999  99.999  999.99  200.53    1.77    0.06  999.99   99.99  999.99      0.    398.     
 16.000  99.999  99.999  999.99  195.76    2.24   -0.36  999.99   99.99  999.99      0.    395.     
 17.000  99.999  99.999  999.99  196.00    2.34    0.21  999.99   99.99  999.99      0.    363.     
 18.000  99.999  99.999  999.99  199.58    2.34    0.25  999.99   99.99  999.99      0.    360.     
 19.000  99.999  99.999  999.99  204.33    2.06    0.16  999.99   99.99  999.99      0.    349.     
 20.000  99.999  99.999  999.99  208.42    1.99    0.07  999.99   99.99  999.99      0.    345.     
 21.000  99.999  99.999  999.99  211.58    1.82    0.10  999.99   99.99  999.99      0.    253.     
 22.000  99.999  99.999  999.99  214.43    1.95   -0.05  999.99   99.99  999.99      0.    250.     
 23.000  99.999  99.999  999.99  216.89    1.81    0.06  999.99   99.99  999.99      0.    247.     
 24.000  99.999  99.999  999.99  219.32    1.68   -0.02  999.99   99.99  999.99      0.    260.     
 25.000  99.999  99.999  999.99  221.72    1.81   -0.05  999.99   99.99  999.99      0.    321.     
 26.000  99.999  99.999  999.99  223.78    1.91   -0.85  999.99   99.99  999.99      0.    320.     
 27.000  99.999  99.999  999.99  225.70    1.83   -0.26  999.99   99.99  999.99      0.    216.     
 28.000  99.999  99.999  999.99  227.82    2.05    0.06  999.99   99.99  999.99      0.    181.     
 29.000  99.999  99.999  999.99  229.31    2.41   -0.48  999.99   99.99  999.99      0.    150.     
 30.000  99.999  99.999  999.99  230.61    2.49    0.04  999.99   99.99  999.99      0.    124.     
  T A B L E  III -  7.  M O I S T U R E  R E L A T E D  S T A T I S T I C A L  P A R A M E T E R S  
                                              JULY                                                  
 STATION =   912170     TAGUAC                                                                      
      Z VAPOR P   SD VP SKEW VP      TV      TV SKEW TV DEWPT T  SD DPT SKW DPT NOBS TP NOBS TV     
           MEAN                    MEAN      SD            MEAN                                     
     KM      MB      MB           DEG K   DEG K           DEG K   DEG K                             
  0.000  30.894   1.826    0.92  303.63    1.94   -0.03  297.71    0.97    0.65    420.    420.     
  0.111  29.788   1.690    0.96  302.91    1.83   -0.04  297.10    0.93    0.68    420.    420.     
  1.000  20.379   2.200   -1.07  296.69    0.75   -0.46  290.86    1.85   -1.68    421.    421.     
  2.000  13.042   2.098   -0.83  290.65    0.88   -0.08  283.86    2.68   -1.48    423.    423.     
  3.000   8.106   2.239   -0.89  285.11    0.88   -0.44  276.43    5.08   -1.92    422.    423.     
  4.000   5.106   1.982   -0.57  279.07    0.83   -0.19  269.37    7.05   -1.40    422.    423.     
  5.000   3.212   1.593   -0.25  273.11    0.86    0.16  262.53    8.57   -0.99    423.    423.     
  6.000   1.822   1.188    0.18  267.39    0.98   -0.11  254.32   10.25   -0.55    416.    420.     
  7.000   1.004   0.771    0.38  261.32    1.12   -0.07  246.52   10.99   -0.26    414.    418.     
  8.000   0.515   0.437    0.51  254.80    1.19   -0.25  238.64   11.34   -0.15    413.    416.     
  9.000   0.233   0.227    0.72  247.68    1.22   -0.36  229.85   11.47    0.09    412.    416.     
 10.000   0.102   0.103    0.68  239.99    1.26   -0.06  221.72   11.47    0.11    398.    415.     
 11.000   0.069   0.045   -0.27  231.83    1.30   -0.09  220.57   10.10   -0.86     63.    414.     
 12.000  99.999  99.999  999.99  223.41    1.30   -0.08  999.99   99.99  999.99      0.    413.     
 13.000  99.999  99.999  999.99  215.07    1.38    0.02  999.99   99.99  999.99      0.    412.     
 14.000  99.999  99.999  999.99  206.95    1.61    0.37  999.99   99.99  999.99      0.    409.     
 15.000  99.999  99.999  999.99  199.79    1.82    0.32  999.99   99.99  999.99      0.    400.     
 16.000  99.999  99.999  999.99  195.11    2.56    0.20  999.99   99.99  999.99      0.    395.     
 17.000  99.999  99.999  999.99  197.85    2.60   -0.56  999.99   99.99  999.99      0.    360.     
 18.000  99.999  99.999  999.99  201.69    1.86   -0.15  999.99   99.99  999.99      0.    356.     
 19.000  99.999  99.999  999.99  205.57    1.81   -0.15  999.99   99.99  999.99      0.    346.     
 20.000  99.999  99.999  999.99  208.93    1.88    0.03  999.99   99.99  999.99      0.    344.     
 21.000  99.999  99.999  999.99  211.78    1.66    0.06  999.99   99.99  999.99      0.    227.     
 22.000  99.999  99.999  999.99  214.15    1.92   -0.01  999.99   99.99  999.99      0.    221.     
 23.000  99.999  99.999  999.99  216.45    1.92    0.11  999.99   99.99  999.99      0.    217.     
 24.000  99.999  99.999  999.99  218.83    1.89    0.43  999.99   99.99  999.99      0.    222.     
 25.000  99.999  99.999  999.99  220.88    1.82    0.09  999.99   99.99  999.99      0.    298.     
 26.000  99.999  99.999  999.99  222.90    1.99    0.10  999.99   99.99  999.99      0.    294.     
 27.000  99.999  99.999  999.99  224.72    1.97    0.00  999.99   99.99  999.99      0.    222.     
 28.000  99.999  99.999  999.99  226.79    2.17    0.08  999.99   99.99  999.99      0.    189.     
 29.000  99.999  99.999  999.99  228.24    2.47   -0.18  999.99   99.99  999.99      0.    155.     
 30.000  99.999  99.999  999.99  229.51    2.68    0.00  999.99   99.99  999.99      0.    123.     
  T A B L E  III -  8.  M O I S T U R E  R E L A T E D  S T A T I S T I C A L  P A R A M E T E R S  
                                              AUGUST                                                
 STATION =   912170     TAGUAC                                                                      
      Z VAPOR P   SD VP SKEW VP      TV      TV SKEW TV DEWPT T  SD DPT SKW DPT NOBS TP NOBS TV     
           MEAN                    MEAN      SD            MEAN                                     
     KM      MB      MB           DEG K   DEG K           DEG K   DEG K                             
  0.000  30.918   1.490   -0.16  303.37    1.84    0.20  297.73    0.81   -0.32    417.    417.     
  0.111  29.836   1.365   -0.16  302.66    1.75    0.15  297.14    0.77   -0.32    417.    418.     
  1.000  20.585   2.066   -0.51  296.72    0.88   -0.68  291.04    1.65   -0.84    419.    419.     
  2.000  13.515   1.999   -0.81  290.74    0.91   -0.21  284.43    2.45   -1.48    421.    421.     
  3.000   8.700   1.989   -0.82  285.11    0.93    0.07  277.69    3.99   -1.98    421.    421.     
  4.000   5.672   1.826   -0.84  279.17    0.89    0.23  271.21    5.91   -1.76    418.    421.     
  5.000   3.768   1.510   -0.52  273.28    0.93   -0.08  265.28    7.13   -1.42    419.    421.     
  6.000   2.243   1.136   -0.21  267.57    1.05   -0.01  257.92    8.78   -1.15    419.    421.     
  7.000   1.266   0.748   -0.02  261.57    1.17    0.06  250.48    9.58   -0.85    415.    418.     
  8.000   0.632   0.444    0.17  255.10    1.32    0.14  241.85   10.50   -0.55    415.    417.     
  9.000   0.296   0.228    0.31  247.98    1.43    0.09  233.59   10.64   -0.42    413.    416.     
 10.000   0.132   0.104    0.29  240.30    1.53   -0.05  225.56   10.76   -0.46    401.    415.     
 11.000   0.070   0.047   -0.13  232.14    1.58   -0.08  220.56   10.27   -0.84    101.    415.     
 12.000  99.999  99.999  999.99  223.67    1.59   -0.25  999.99   99.99  999.99      0.    414.     
 13.000  99.999  99.999  999.99  215.22    1.61   -0.29  999.99   99.99  999.99      0.    413.     
 14.000  99.999  99.999  999.99  206.94    1.61   -0.03  999.99   99.99  999.99      0.    413.     
 15.000  99.999  99.999  999.99  199.69    1.71    0.19  999.99   99.99  999.99      0.    408.     
 16.000  99.999  99.999  999.99  195.22    2.81    0.38  999.99   99.99  999.99      0.    405.     
 17.000  99.999  99.999  999.99  197.94    2.72   -0.78  999.99   99.99  999.99      0.    368.     
 18.000  99.999  99.999  999.99  201.82    2.07   -0.16  999.99   99.99  999.99      0.    358.     
 19.000  99.999  99.999  999.99  205.67    1.94    0.10  999.99   99.99  999.99      0.    351.     
 20.000  99.999  99.999  999.99  208.72    1.88    0.04  999.99   99.99  999.99      0.    348.     
 21.000  99.999  99.999  999.99  211.62    1.75    0.25  999.99   99.99  999.99      0.    254.     
 22.000  99.999  99.999  999.99  213.97    1.83   -0.05  999.99   99.99  999.99      0.    245.     
 23.000  99.999  99.999  999.99  215.89    1.89    0.02  999.99   99.99  999.99      0.    240.     
 24.000  99.999  99.999  999.99  217.74    1.95    0.53  999.99   99.99  999.99      0.    251.     
 25.000  99.999  99.999  999.99  219.70    2.01    0.65  999.99   99.99  999.99      0.    294.     
 26.000  99.999  99.999  999.99  221.88    2.20    0.17  999.99   99.99  999.99      0.    290.     
 27.000  99.999  99.999  999.99  223.80    2.31    0.08  999.99   99.99  999.99      0.    187.     
 28.000  99.999  99.999  999.99  225.70    2.39    0.18  999.99   99.99  999.99      0.    148.     
 29.000  99.999  99.999  999.99  227.26    2.44    0.03  999.99   99.99  999.99      0.    114.     
 30.000  99.999  99.999  999.99  228.53    2.52   -0.29  999.99   99.99  999.99      0.    101.     
  T A B L E  III -  9.  M O I S T U R E  R E L A T E D  S T A T I S T I C A L  P A R A M E T E R S  
                                              SEPTEMBER                                             
 STATION =   912170     TAGUAC                                                                      
      Z VAPOR P   SD VP SKEW VP      TV      TV SKEW TV DEWPT T  SD DPT SKW DPT NOBS TP NOBS TV     
           MEAN                    MEAN      SD            MEAN                                     
     KM      MB      MB           DEG K   DEG K           DEG K   DEG K                             
  0.000  30.969   1.737   -0.39  303.54    1.89   -0.13  297.75    0.95   -0.60    398.    398.     
  0.111  29.888   1.606   -0.38  302.84    1.78   -0.13  297.16    0.91   -0.59    399.    399.     
  1.000  20.622   2.180   -0.63  296.89    0.85   -0.38  291.06    1.76   -1.04    400.    401.     
  2.000  13.595   2.013   -0.62  290.96    0.94    0.44  284.52    2.41   -1.19    402.    403.     
  3.000   8.550   2.081   -0.63  285.33    1.00    0.14  277.40    4.12   -1.59    402.    403.     
  4.000   5.422   1.879   -0.56  279.29    0.93    0.08  270.52    6.06   -1.45    402.    403.     
  5.000   3.475   1.542   -0.29  273.24    1.02    0.06  263.99    7.65   -1.20    403.    403.     
  6.000   2.038   1.150   -0.09  267.45    1.11    0.03  256.22    9.67   -0.92    402.    403.     
  7.000   1.088   0.745    0.19  261.39    1.17    0.27  248.00   10.49   -0.53    402.    403.     
  8.000   0.572   0.421    0.28  254.87    1.26    0.31  240.57   10.67   -0.45    401.    403.     
  9.000   0.270   0.214    0.35  247.76    1.39    0.02  232.56   10.62   -0.33    399.    402.     
 10.000   0.115   0.098    0.39  240.14    1.46    0.02  223.83   10.94   -0.24    383.    400.     
 11.000   0.071   0.044   -0.41  232.01    1.48   -0.03  220.88   10.11   -0.97     76.    400.     
 12.000  99.999  99.999  999.99  223.56    1.42   -0.06  999.99   99.99  999.99      0.    399.     
 13.000  99.999  99.999  999.99  215.18    1.43   -0.08  999.99   99.99  999.99      0.    397.     
 14.000  99.999  99.999  999.99  207.06    1.57    0.08  999.99   99.99  999.99      0.    393.     
 15.000  99.999  99.999  999.99  200.00    1.70    0.46  999.99   99.99  999.99      0.    391.     
 16.000  99.999  99.999  999.99  195.36    2.49   -0.16  999.99   99.99  999.99      0.    388.     
 17.000  99.999  99.999  999.99  196.47    2.80   -0.52  999.99   99.99  999.99      0.    344.     
 18.000  99.999  99.999  999.99  200.30    2.10   -0.01  999.99   99.99  999.99      0.    334.     
 19.000  99.999  99.999  999.99  204.38    2.00   -0.38  999.99   99.99  999.99      0.    323.     
 20.000  99.999  99.999  999.99  207.76    1.79    0.14  999.99   99.99  999.99      0.    321.     
 21.000  99.999  99.999  999.99  210.90    1.78    0.15  999.99   99.99  999.99      0.    226.     
 22.000  99.999  99.999  999.99  213.12    2.01    0.04  999.99   99.99  999.99      0.    220.     
 23.000  99.999  99.999  999.99  215.16    1.85    0.09  999.99   99.99  999.99      0.    216.     
 24.000  99.999  99.999  999.99  217.22    1.94   -0.03  999.99   99.99  999.99      0.    239.     
 25.000  99.999  99.999  999.99  219.63    1.82   -0.06  999.99   99.99  999.99      0.    286.     
 26.000  99.999  99.999  999.99  221.74    2.00   -0.17  999.99   99.99  999.99      0.    285.     
 27.000  99.999  99.999  999.99  223.95    2.04    0.06  999.99   99.99  999.99      0.    183.     
 28.000  99.999  99.999  999.99  226.07    2.14    0.15  999.99   99.99  999.99      0.    149.     
 29.000  99.999  99.999  999.99  228.38    2.44   -0.16  999.99   99.99  999.99      0.    127.     
 30.000  99.999  99.999  999.99  229.89    2.49   -0.07  999.99   99.99  999.99      0.    125.     
  T A B L E  III - 10.  M O I S T U R E  R E L A T E D  S T A T I S T I C A L  P A R A M E T E R S  
                                              OCTOBER                                               
 STATION =   912170     TAGUAC                                                                      
      Z VAPOR P   SD VP SKEW VP      TV      TV SKEW TV DEWPT T  SD DPT SKW DPT NOBS TP NOBS TV     
           MEAN                    MEAN      SD            MEAN                                     
     KM      MB      MB           DEG K   DEG K           DEG K   DEG K                             
  0.000  31.106   1.657    0.07  303.61    1.78   -0.10  297.83    0.89   -0.16    406.    406.     
  0.111  30.006   1.554    0.06  302.90    1.69   -0.13  297.23    0.87   -0.17    407.    407.     
  1.000  20.656   2.350   -0.97  296.85    0.85   -0.45  291.07    1.95   -1.62    409.    410.     
  2.000  13.256   2.666   -0.96  290.87    0.92    0.04  283.96    3.60   -1.92    410.    411.     
  3.000   8.177   2.608   -0.60  285.34    0.95   -0.19  276.36    5.74   -1.52    410.    411.     
  4.000   4.819   2.270   -0.23  279.49    1.02    0.38  268.08    8.12   -0.90    410.    411.     
  5.000   2.928   1.762    0.10  273.57    1.09    0.35  260.62    9.71   -0.58    406.    411.     
  6.000   1.706   1.294    0.42  267.86    1.20    0.33  252.73   11.11   -0.22    407.    410.     
  7.000   0.949   0.804    0.62  261.67    1.40    0.09  245.46   11.25   -0.05    407.    409.     
  8.000   0.523   0.455    0.66  255.08    1.59    0.19  238.80   11.27   -0.12    403.    407.     
  9.000   0.260   0.243    0.72  247.93    1.75    0.23  231.21   11.42   -0.04    402.    405.     
 10.000   0.115   0.109    0.72  240.21    1.83    0.47  223.28   11.41   -0.11    384.    404.     
 11.000   0.072   0.051   -0.02  232.19    1.85    0.59  220.40   10.72   -0.73    109.    402.     
 12.000  99.999  99.999  999.99  223.87    1.61    0.05  999.99   99.99  999.99      1.    401.     
 13.000  99.999  99.999  999.99  215.63    1.53    0.04  999.99   99.99  999.99      0.    400.     
 14.000  99.999  99.999  999.99  207.62    1.60    0.23  999.99   99.99  999.99      0.    400.     
 15.000  99.999  99.999  999.99  200.76    1.78    0.24  999.99   99.99  999.99      1.    398.     
 16.000  99.999  99.999  999.99  195.22    2.26    0.07  999.99   99.99  999.99      0.    394.     
 17.000  99.999  99.999  999.99  193.51    2.58    0.01  999.99   99.99  999.99      0.    341.     
 18.000  99.999  99.999  999.99  196.81    3.05   -0.25  999.99   99.99  999.99      0.    328.     
 19.000  99.999  99.999  999.99  202.42    2.51   -0.22  999.99   99.99  999.99      0.    305.     
 20.000  99.999  99.999  999.99  206.53    2.23   -0.33  999.99   99.99  999.99      0.    302.     
 21.000  99.999  99.999  999.99  210.19    1.81   -0.15  999.99   99.99  999.99      0.    230.     
 22.000  99.999  99.999  999.99  213.15    2.17   -0.01  999.99   99.99  999.99      0.    226.     
 23.000  99.999  99.999  999.99  215.18    2.12   -0.13  999.99   99.99  999.99      0.    224.     
 24.000  99.999  99.999  999.99  217.53    2.18    0.10  999.99   99.99  999.99      0.    248.     
 25.000  99.999  99.999  999.99  220.07    2.06    0.25  999.99   99.99  999.99      0.    265.     
 26.000  99.999  99.999  999.99  222.80    2.14    0.07  999.99   99.99  999.99      0.    264.     
 27.000  99.999  99.999  999.99  225.12    2.16   -0.01  999.99   99.99  999.99      0.    191.     
 28.000  99.999  99.999  999.99  227.13    2.60   -0.42  999.99   99.99  999.99      0.    170.     
 29.000  99.999  99.999  999.99  229.21    2.84   -1.07  999.99   99.99  999.99      0.    137.     
 30.000  99.999  99.999  999.99  231.29    2.55   -0.07  999.99   99.99  999.99      0.    117.     
  T A B L E  III - 11.  M O I S T U R E  R E L A T E D  S T A T I S T I C A L  P A R A M E T E R S  
                                              NOVEMBER                                              
 STATION =   912170     TAGUAC                                                                      
      Z VAPOR P   SD VP SKEW VP      TV      TV SKEW TV DEWPT T  SD DPT SKW DPT NOBS TP NOBS TV     
           MEAN                    MEAN      SD            MEAN                                     
     KM      MB      MB           DEG K   DEG K           DEG K   DEG K                             
  0.000  30.629   1.733   -0.54  303.57    1.47   -0.33  297.57    0.96   -0.72    397.    397.     
  0.111  29.570   1.628   -0.58  302.88    1.39   -0.33  296.98    0.93   -0.77    397.    398.     
  1.000  20.228   2.457   -0.85  296.56    0.81   -0.30  290.72    2.06   -1.27    401.    401.     
  2.000  11.851   3.956   -0.85  290.85    0.98   -0.31  281.55    6.60   -1.54    401.    401.     
  3.000   6.753   3.599   -0.18  285.47    0.98   -0.47  272.03    9.58   -0.67    400.    401.     
  4.000   3.850   2.491    0.25  279.80    0.99    0.37  263.91    9.95   -0.23    400.    401.     
  5.000   2.233   1.857    0.68  273.97    1.07    0.18  255.84   10.97    0.20    401.    401.     
  6.000   1.278   1.216    0.93  268.06    1.16   -0.06  248.54   11.21    0.40    401.    401.     
  7.000   0.659   0.759    1.35  261.89    1.32   -0.22  240.48   10.99    0.79    400.    400.     
  8.000   0.337   0.427    1.54  255.29    1.47   -0.44  233.07   10.82    0.91    396.    397.     
  9.000   0.161   0.216    1.59  248.19    1.63   -0.17  225.57   10.66    0.93    394.    395.     
 10.000   0.078   0.102    1.40  240.61    1.62   -0.14  218.69   10.81    0.75    372.    392.     
 11.000   0.049   0.052    0.61  232.68    1.59   -0.30  214.75   11.60    0.22    134.    392.     
 12.000  99.999  99.999  999.99  224.53    1.42   -0.29  999.99   99.99  999.99      0.    390.     
 13.000  99.999  99.999  999.99  216.45    1.38   -0.07  999.99   99.99  999.99      0.    387.     
 14.000  99.999  99.999  999.99  208.51    1.50    0.18  999.99   99.99  999.99      0.    387.     
 15.000  99.999  99.999  999.99  201.22    1.64    0.12  999.99   99.99  999.99      0.    381.     
 16.000  99.999  99.999  999.99  194.79    2.03   -0.30  999.99   99.99  999.99      0.    380.     
 17.000  99.999  99.999  999.99  191.36    2.07   -0.03  999.99   99.99  999.99      0.    350.     
 18.000  99.999  99.999  999.99  193.13    2.95    0.26  999.99   99.99  999.99      0.    343.     
 19.000  99.999  99.999  999.99  199.46    2.94   -0.01  999.99   99.99  999.99      0.    319.     
 20.000  99.999  99.999  999.99  205.38    2.35   -0.27  999.99   99.99  999.99      0.    317.     
 21.000  99.999  99.999  999.99  209.31    2.11    0.01  999.99   99.99  999.99      0.    249.     
 22.000  99.999  99.999  999.99  212.31    2.30   -0.11  999.99   99.99  999.99      0.    248.     
 23.000  99.999  99.999  999.99  215.21    2.23    0.04  999.99   99.99  999.99      0.    248.     
 24.000  99.999  99.999  999.99  217.87    2.07    0.34  999.99   99.99  999.99      0.    283.     
 25.000  99.999  99.999  999.99  220.49    2.31    0.35  999.99   99.99  999.99      0.    287.     
 26.000  99.999  99.999  999.99  223.08    2.31    0.32  999.99   99.99  999.99      0.    287.     
 27.000  99.999  99.999  999.99  225.16    2.58    0.18  999.99   99.99  999.99      0.    210.     
 28.000  99.999  99.999  999.99  227.35    2.70   -0.09  999.99   99.99  999.99      0.    176.     
 29.000  99.999  99.999  999.99  229.45    2.83   -0.58  999.99   99.99  999.99      0.    155.     
 30.000  99.999  99.999  999.99  230.83    2.56   -0.58  999.99   99.99  999.99      0.    145.     
  T A B L E  III - 12.  M O I S T U R E  R E L A T E D  S T A T I S T I C A L  P A R A M E T E R S  
                                              DECEMBER                                              
 STATION =   912170     TAGUAC                                                                      
      Z VAPOR P   SD VP SKEW VP      TV      TV SKEW TV DEWPT T  SD DPT SKW DPT NOBS TP NOBS TV     
           MEAN                    MEAN      SD            MEAN                                     
     KM      MB      MB           DEG K   DEG K           DEG K   DEG K                             
  0.000  28.970   2.097   -0.28  302.85    1.38   -0.51  296.62    1.22   -0.54    420.    420.     
  0.111  27.978   2.016   -0.25  302.18    1.31   -0.46  296.05    1.21   -0.50    422.    424.     
  1.000  18.725   2.974   -1.16  295.65    1.06    0.05  289.40    2.88   -2.09    423.    425.     
  2.000   9.918   4.159   -0.27  290.22    1.25   -0.59  278.49    7.58   -0.94    425.    427.     
  3.000   4.647   3.278    0.75  285.38    1.29   -0.23  266.44    9.55    0.22    426.    427.     
  4.000   2.511   2.133    1.20  279.93    1.35   -0.17  258.12    9.39    0.70    426.    427.     
  5.000   1.332   1.357    1.88  274.02    1.27    0.14  250.24    8.95    1.16    425.    427.     
  6.000   0.706   0.790    2.05  268.07    1.25   -0.05  243.00    8.57    1.39    425.    427.     
  7.000   0.351   0.467    2.76  261.75    1.23   -0.38  235.59    7.91    1.87    423.    426.     
  8.000   0.171   0.254    3.16  255.19    1.18   -0.08  228.48    7.48    2.12    421.    422.     
  9.000   0.087   0.131    2.89  248.00    1.18   -0.28  221.85    7.76    1.79    420.    421.     
 10.000   0.040   0.065    2.66  240.33    1.19   -0.30  214.51    8.19    1.63    406.    421.     
 11.000   0.025   0.040    1.71  232.40    1.21   -0.35  209.25    9.60    1.28     93.    420.     
 12.000  99.999  99.999  999.99  224.22    1.18   -0.55  999.99   99.99  999.99      0.    418.     
 13.000  99.999  99.999  999.99  216.12    1.29   -0.55  999.99   99.99  999.99      0.    417.     
 14.000  99.999  99.999  999.99  208.20    1.52   -0.29  999.99   99.99  999.99      0.    417.     
 15.000  99.999  99.999  999.99  200.81    1.48   -0.10  999.99   99.99  999.99      0.    413.     
 16.000  99.999  99.999  999.99  194.14    1.61   -0.08  999.99   99.99  999.99      0.    410.     
 17.000  99.999  99.999  999.99  189.72    1.94    0.01  999.99   99.99  999.99      0.    390.     
 18.000  99.999  99.999  999.99  191.37    2.57    0.27  999.99   99.99  999.99      0.    385.     
 19.000  99.999  99.999  999.99  198.41    2.67   -0.02  999.99   99.99  999.99      0.    370.     
 20.000  99.999  99.999  999.99  204.75    2.63   -0.12  999.99   99.99  999.99      0.    367.     
 21.000  99.999  99.999  999.99  209.00    2.44    0.01  999.99   99.99  999.99      0.    301.     
 22.000  99.999  99.999  999.99  212.39    2.39   -0.09  999.99   99.99  999.99      0.    298.     
 23.000  99.999  99.999  999.99  215.59    2.32    0.17  999.99   99.99  999.99      0.    297.     
 24.000  99.999  99.999  999.99  218.06    2.38    0.55  999.99   99.99  999.99      0.    337.     
 25.000  99.999  99.999  999.99  220.26    2.54    0.46  999.99   99.99  999.99      0.    341.     
 26.000  99.999  99.999  999.99  222.30    2.53    0.15  999.99   99.99  999.99      0.    339.     
 27.000  99.999  99.999  999.99  224.47    2.50    0.42  999.99   99.99  999.99      0.    262.     
 28.000  99.999  99.999  999.99  226.39    2.42    0.01  999.99   99.99  999.99      0.    222.     
 29.000  99.999  99.999  999.99  228.36    2.97    0.27  999.99   99.99  999.99      0.    191.     
 30.000  99.999  99.999  999.99  229.78    3.08    0.10  999.99   99.99  999.99      0.    186.     
