      91245      19.28N  166.65E
  T A B L E  III -   1.  M O I S T U R E  R E L A T E D  S T A T I S T I C A L  P A R A M E T E R S
                                   January
 STATION =   912450     WAKE ISLAND
      Z VAPOR P   SD VP SKEW VP      TV      TV SKEW TV DEWPT T  SD DPT SKW DPT NOBS TP NOBS TV   
           MEAN                    MEAN      SD            MEAN                                   
     KM      MB      MB          KELVIN  KELVIN          KELVIN  KELVIN                           
  0.000  16.000   6.000    0.00  291.00    6.00    0.00  290.00    7.00    0.00     100     100
  0.005  23.290   3.631   -0.42  301.17    1.61   -0.11  292.91    2.66   -0.85     733     733
  0.500  20.026   3.309   -0.43  296.23    1.48   -0.49  290.48    2.78   -0.85     733     733
  1.000  16.053   2.841   -0.40  292.21    1.78   -0.44  286.99    2.97   -1.23     733     733
  1.500  12.411   3.533   -0.76  289.19    2.23   -0.51  282.56    5.51   -1.89     733     733
  2.000   7.597   4.195    0.22  287.57    2.42   -0.81  273.85    9.04   -0.40     733     733
  2.500   4.453   3.309    1.20  286.29    2.13   -0.69  266.01    9.05    0.48     732     732
  3.000   2.947   2.145    1.82  284.33    1.87   -0.45  261.25    7.64    0.79     732     732
  3.500   2.192   1.570    2.22  281.96    1.76   -0.41  257.85    6.91    0.95     732     732
  4.000   1.716   1.252    2.47  279.27    1.79   -0.28  254.92    6.71    0.99     732     732
  4.500   1.328   0.995    2.62  276.45    1.84   -0.28  251.88    6.56    1.07     733     733
  5.000   1.022   0.790    2.83  273.55    1.91   -0.30  248.85    6.48    1.07     733     733
  5.500   0.794   0.628    2.70  270.57    1.93   -0.43  245.92    6.56    1.00     733     733
  6.000   0.620   0.515    2.60  267.55    1.93   -0.54  243.05    6.80    0.93     732     732
  6.500   0.468   0.378    2.50  264.39    1.95   -0.75  240.13    6.65    0.80     732     732
  7.000   0.344   0.271    2.46  261.17    1.96   -1.00  236.95    6.57    0.66     733     733
  7.500   0.254   0.202    2.34  257.93    1.94   -1.12  233.81    6.75    0.50     732     732
  8.000   0.169   0.157    1.51  254.53    1.96   -1.13  232.06    6.61    0.19     594     594
  8.500   0.123   0.120    1.51  251.03    1.94   -1.23  229.69    6.49    0.04     554     554
  9.000   0.086   0.089    1.28  247.40    1.86   -1.20  227.91    6.01   -0.31     485     485
  9.500   0.062   0.065    1.00  243.72    1.77   -1.23  225.68    5.75   -0.64     459     459
 10.000   0.042   0.048    0.74  239.96    1.72   -1.13  225.21    3.24   -0.29     362     362
 10.500   0.027   0.033    0.84  236.14    1.68   -1.00  222.23    2.76    0.25     332     332
 11.000   0.013   0.021    1.48  232.33    1.63   -0.85  219.40    2.66    0.35     215     215
 11.500 999.900 999.900  999.90  228.46    1.59   -0.80  217.01    2.24    1.06      53      53
 12.000 999.900 999.900  999.90  224.54    1.59   -0.81  999.90  999.90  999.90       0       0
 12.500 999.900 999.900  999.90  220.67    1.59   -0.66  999.90  999.90  999.90       0       0
 13.000 999.900 999.900  999.90  216.84    1.56   -0.55  999.90  999.90  999.90       0       0
 13.500 999.900 999.900  999.90  212.99    1.55   -0.34  999.90  999.90  999.90       0       0
 14.000 999.900 999.900  999.90  209.22    1.56   -0.19  999.90  999.90  999.90       0       0
 14.500 999.900 999.900  999.90  205.62    1.58   -0.00  999.90  999.90  999.90       0       0
 15.000 999.900 999.900  999.90  202.16    1.60    0.10  999.90  999.90  999.90       0       0
 15.500 999.900 999.900  999.90  198.88    1.73    0.17  999.90  999.90  999.90       0       0
 16.000 999.900 999.900  999.90  195.97    1.88    0.27  999.90  999.90  999.90       0       0
 16.500 999.900 999.900  999.90  193.60    2.05    0.40  999.90  999.90  999.90       0       0
 17.000 999.900 999.900  999.90  192.17    2.27    0.35  999.90  999.90  999.90       0       0
 17.500 999.900 999.900  999.90  191.72    2.43    0.45  999.90  999.90  999.90       0       0
 18.000 999.900 999.900  999.90  192.51    2.58    0.46  999.90  999.90  999.90       0       0
 18.500 999.900 999.900  999.90  194.50    2.80    0.31  999.90  999.90  999.90       0       0
 19.000 999.900 999.900  999.90  197.56    2.94    0.29  999.90  999.90  999.90       0       0
 19.500 999.900 999.900  999.90  200.77    2.90    0.12  999.90  999.90  999.90       0       0
 20.000 999.900 999.900  999.90  203.79    2.84   -0.02  999.90  999.90  999.90       0       0
 20.500 999.900 999.900  999.90  206.35    2.73    0.00  999.90  999.90  999.90       0       0
 21.000 999.900 999.900  999.90  208.45    2.61    0.05  999.90  999.90  999.90       0       0
 21.500 999.900 999.900  999.90  210.18    2.53    0.15  999.90  999.90  999.90       0       0
 22.000 999.900 999.900  999.90  211.64    2.59    0.20  999.90  999.90  999.90       0       0
 22.500 999.900 999.900  999.90  213.03    2.67    0.23  999.90  999.90  999.90       0       0
 23.000 999.900 999.900  999.90  214.24    2.69    0.16  999.90  999.90  999.90       0       0
 23.500 999.900 999.900  999.90  215.39    2.65    0.07  999.90  999.90  999.90       0       0
 24.000 999.900 999.900  999.90  216.57    2.74    0.04  999.90  999.90  999.90       0       0
 24.500 999.900 999.900  999.90  217.62    2.69    0.01  999.90  999.90  999.90       0       0
 25.000 999.900 999.900  999.90  218.67    2.68    0.06  999.90  999.90  999.90       0       0
 25.500 999.900 999.900  999.90  219.69    2.66   -0.16  999.90  999.90  999.90       0       0
 26.000 999.900 999.900  999.90  220.80    2.63   -0.11  999.90  999.90  999.90       0       0
 26.500 999.900 999.900  999.90  221.79    2.64   -0.05  999.90  999.90  999.90       0       0
 27.000 999.900 999.900  999.90  222.55    2.55   -0.03  999.90  999.90  999.90       0       0
 27.500 999.900 999.900  999.90  223.41    2.58    0.14  999.90  999.90  999.90       0       0
 28.000 999.900 999.900  999.90  224.29    2.58    0.12  999.90  999.90  999.90       0       0
 28.500 999.900 999.900  999.90  225.12    2.73   -0.08  999.90  999.90  999.90       0       0
 29.000 999.900 999.900  999.90  225.81    2.90   -0.19  999.90  999.90  999.90       0       0
 29.500 999.900 999.900  999.90  226.57    3.05   -0.20  999.90  999.90  999.90       0       0
 30.000 999.900 999.900  999.90  227.33    3.10   -0.26  999.90  999.90  999.90       0       0
  T A B L E  III -   2.  M O I S T U R E  R E L A T E D  S T A T I S T I C A L  P A R A M E T E R S
                                  February
 STATION =   912450     WAKE ISLAND
      Z VAPOR P   SD VP SKEW VP      TV      TV SKEW TV DEWPT T  SD DPT SKW DPT NOBS TP NOBS TV   
           MEAN                    MEAN      SD            MEAN                                   
     KM      MB      MB          KELVIN  KELVIN          KELVIN  KELVIN                           
  0.000  16.000   6.000    0.00  291.00    6.00    0.00  290.00    7.00    0.00     100     100
  0.005  22.700   3.520   -0.54  300.68    1.61    0.16  292.54    2.49   -0.56     639     639
  0.500  19.700   3.047   -0.85  295.77    1.34   -0.41  290.28    2.49   -0.81     639     639
  1.000  15.713   2.752   -0.73  291.86    1.64   -0.40  286.70    2.83   -1.06     639     639
  1.500  11.831   3.715   -0.85  288.84    2.10   -0.28  281.73    6.11   -1.83     638     638
  2.000   7.850   4.194    0.00  287.05    2.20   -0.35  274.29    9.24   -0.56     640     640
  2.500   4.649   3.403    0.94  285.59    1.96   -0.36  266.40    9.46    0.34     640     640
  3.000   3.050   2.409    1.75  283.81    1.83   -0.23  261.32    8.15    0.89     640     640
  3.500   2.066   1.591    2.43  281.49    1.93   -0.27  256.99    6.95    1.20     640     640
  4.000   1.571   1.120    2.53  278.88    2.02   -0.30  253.98    6.41    1.09     640     640
  4.500   1.200   0.841    2.69  276.11    2.11   -0.30  250.95    6.13    1.05     639     639
  5.000   0.910   0.613    2.45  273.25    2.07   -0.30  247.89    5.95    0.93     639     639
  5.500   0.730   0.515    2.44  270.18    2.05   -0.41  245.27    6.22    0.81     639     639
  6.000   0.556   0.422    2.46  267.12    2.04   -0.43  242.15    6.43    0.82     638     638
  6.500   0.423   0.326    2.32  264.01    2.15   -0.57  239.22    6.45    0.75     638     638
  7.000   0.326   0.254    2.18  260.84    2.19   -0.75  236.43    6.59    0.64     638     638
  7.500   0.236   0.185    1.99  257.61    2.15   -1.02  233.15    6.65    0.57     638     638
  8.000   0.154   0.145    1.37  254.47    2.06   -1.25  231.23    6.62    0.24     511     511
  8.500   0.109   0.108    0.91  251.13    1.94   -1.38  228.73    6.65    0.05     471     471
  9.000   0.078   0.081    0.75  247.63    1.89   -1.35  226.71    6.51   -0.22     425     425
  9.500   0.057   0.063    0.94  243.96    1.80   -1.26  224.78    6.28   -0.41     390     390
 10.000   0.036   0.046    0.83  240.22    1.73   -1.14  225.18    3.37   -0.86     271     271
 10.500   0.024   0.032    0.85  236.41    1.67   -0.93  222.33    2.74   -0.11     257     257
 11.000   0.012   0.021    1.51  232.57    1.65   -0.60  219.70    2.64   -0.04     167     167
 11.500 999.900 999.900  999.90  228.67    1.57   -0.32  217.38    2.20    0.37      67      67
 12.000 999.900 999.900  999.90  224.73    1.51   -0.11  215.91    1.91    0.22      19      19
 12.500 999.900 999.900  999.90  220.81    1.52   -0.05  999.90  999.90  999.90       0       0
 13.000 999.900 999.900  999.90  216.89    1.52   -0.06  999.90  999.90  999.90       0       0
 13.500 999.900 999.900  999.90  213.00    1.54    0.03  999.90  999.90  999.90       0       0
 14.000 999.900 999.900  999.90  209.17    1.56    0.22  999.90  999.90  999.90       0       0
 14.500 999.900 999.900  999.90  205.52    1.62    0.45  999.90  999.90  999.90       0       0
 15.000 999.900 999.900  999.90  202.07    1.75    0.58  999.90  999.90  999.90       0       0
 15.500 999.900 999.900  999.90  198.77    1.86    0.77  999.90  999.90  999.90       0       0
 16.000 999.900 999.900  999.90  195.85    1.98    0.89  999.90  999.90  999.90       0       0
 16.500 999.900 999.900  999.90  193.53    2.09    0.87  999.90  999.90  999.90       0       0
 17.000 999.900 999.900  999.90  192.15    2.26    0.58  999.90  999.90  999.90       0       0
 17.500 999.900 999.900  999.90  191.69    2.50    0.45  999.90  999.90  999.90       0       0
 18.000 999.900 999.900  999.90  192.68    2.44    0.10  999.90  999.90  999.90       0       0
 18.500 999.900 999.900  999.90  194.89    2.43    0.09  999.90  999.90  999.90       0       0
 19.000 999.900 999.900  999.90  197.72    2.54    0.06  999.90  999.90  999.90       0       0
 19.500 999.900 999.900  999.90  200.63    2.67    0.03  999.90  999.90  999.90       0       0
 20.000 999.900 999.900  999.90  203.54    2.57    0.06  999.90  999.90  999.90       0       0
 20.500 999.900 999.900  999.90  206.01    2.38    0.14  999.90  999.90  999.90       0       0
 21.000 999.900 999.900  999.90  207.95    2.41    0.23  999.90  999.90  999.90       0       0
 21.500 999.900 999.900  999.90  209.63    2.41    0.43  999.90  999.90  999.90       0       0
 22.000 999.900 999.900  999.90  211.05    2.42    0.14  999.90  999.90  999.90       0       0
 22.500 999.900 999.900  999.90  212.28    2.34   -0.07  999.90  999.90  999.90       0       0
 23.000 999.900 999.900  999.90  213.51    2.27   -0.12  999.90  999.90  999.90       0       0
 23.500 999.900 999.900  999.90  214.79    2.27   -0.08  999.90  999.90  999.90       0       0
 24.000 999.900 999.900  999.90  216.02    2.32   -0.01  999.90  999.90  999.90       0       0
 24.500 999.900 999.900  999.90  217.21    2.30    0.05  999.90  999.90  999.90       0       0
 25.000 999.900 999.900  999.90  218.35    2.35    0.08  999.90  999.90  999.90       0       0
 25.500 999.900 999.900  999.90  219.47    2.35   -0.14  999.90  999.90  999.90       0       0
 26.000 999.900 999.900  999.90  220.57    2.35   -0.12  999.90  999.90  999.90       0       0
 26.500 999.900 999.900  999.90  221.62    2.41   -0.24  999.90  999.90  999.90       0       0
 27.000 999.900 999.900  999.90  222.49    2.41   -0.30  999.90  999.90  999.90       0       0
 27.500 999.900 999.900  999.90  223.48    2.49   -0.35  999.90  999.90  999.90       0       0
 28.000 999.900 999.900  999.90  224.38    2.67   -0.27  999.90  999.90  999.90       0       0
 28.500 999.900 999.900  999.90  225.26    2.78   -0.26  999.90  999.90  999.90       0       0
 29.000 999.900 999.900  999.90  226.20    2.87   -0.36  999.90  999.90  999.90       0       0
 29.500 999.900 999.900  999.90  227.13    2.97   -0.35  999.90  999.90  999.90       0       0
 30.000 999.900 999.900  999.90  227.93    3.04   -0.30  999.90  999.90  999.90       0       0
  T A B L E  III -   3.  M O I S T U R E  R E L A T E D  S T A T I S T I C A L  P A R A M E T E R S
                                     March
 STATION =   912450     WAKE ISLAND
      Z VAPOR P   SD VP SKEW VP      TV      TV SKEW TV DEWPT T  SD DPT SKW DPT NOBS TP NOBS TV   
           MEAN                    MEAN      SD            MEAN                                   
     KM      MB      MB          KELVIN  KELVIN          KELVIN  KELVIN                           
  0.000  16.000   6.000    0.00  291.00    6.00    0.00  290.00    7.00    0.00     100     100
  0.005  24.136   3.234   -0.38  301.43    1.58   -0.17  293.54    2.27   -0.83     711     711
  0.500  20.904   2.885   -1.25  296.39    1.25   -0.69  291.25    2.27   -1.24     710     710
  1.000  16.225   2.625   -0.70  292.51    1.48   -0.72  287.19    2.74   -1.34     711     711
  1.500  12.200   3.324   -0.86  289.43    1.71   -0.92  282.42    5.11   -1.87     710     710
  2.000   8.109   4.089   -0.07  287.23    1.87   -0.98  275.02    8.86   -0.72     709     709
  2.500   5.016   3.376    0.77  285.39    1.80   -0.16  267.73    9.18    0.16     710     710
  3.000   3.398   2.627    1.26  283.32    1.75   -0.01  262.43    8.92    0.57     709     709
  3.500   2.357   1.907    1.90  280.88    1.87    0.06  258.20    7.99    0.87     706     706
  4.000   1.785   1.557    2.21  278.23    1.95    0.15  254.75    7.80    1.08     705     705
  4.500   1.335   1.251    2.57  275.47    1.97    0.11  251.28    7.57    1.27     705     705
  5.000   1.025   0.970    2.83  272.63    2.06   -0.00  248.34    7.31    1.27     705     705
  5.500   0.788   0.749    2.96  269.64    2.15   -0.09  245.40    7.26    1.14     704     704
  6.000   0.618   0.608    2.98  266.57    2.22   -0.14  242.46    7.50    1.03     708     708
  6.500   0.451   0.443    3.34  263.41    2.32   -0.39  239.27    7.23    0.96     707     707
  7.000   0.335   0.343    3.35  260.14    2.39   -0.44  236.04    7.34    0.92     708     708
  7.500   0.246   0.248    3.21  256.81    2.51   -0.48  232.93    7.39    0.76     706     706
  8.000   0.171   0.197    2.60  253.43    2.57   -0.53  231.69    7.46    0.42     562     562
  8.500   0.121   0.138    2.32  249.96    2.61   -0.68  229.32    7.14    0.20     523     523
  9.000   0.088   0.102    1.81  246.37    2.62   -0.75  227.76    6.70   -0.06     468     468
  9.500   0.066   0.076    1.58  242.74    2.56   -0.82  225.87    6.24   -0.30     446     446
 10.000   0.044   0.055    1.33  239.09    2.43   -0.84  225.84    3.64    0.41     336     336
 10.500   0.027   0.038    1.33  235.42    2.28   -0.92  223.11    3.26    0.52     289     289
 11.000   0.011   0.021    1.93  231.80    2.13   -0.89  220.07    2.75    0.48     160     160
 11.500 999.900 999.900  999.90  228.09    1.94   -0.78  217.35    2.27    0.69      92      92
 12.000 999.900 999.900  999.90  224.33    1.81   -0.59  216.17    1.62    0.36      27      27
 12.500 999.900 999.900  999.90  220.60    1.74   -0.26  999.90  999.90  999.90       0       0
 13.000 999.900 999.900  999.90  216.87    1.67   -0.05  999.90  999.90  999.90       0       0
 13.500 999.900 999.900  999.90  213.17    1.69    0.08  999.90  999.90  999.90       0       0
 14.000 999.900 999.900  999.90  209.57    1.78    0.22  999.90  999.90  999.90       0       0
 14.500 999.900 999.900  999.90  206.18    1.88    0.27  999.90  999.90  999.90       0       0
 15.000 999.900 999.900  999.90  202.94    2.02    0.26  999.90  999.90  999.90       0       0
 15.500 999.900 999.900  999.90  199.91    2.20    0.14  999.90  999.90  999.90       0       0
 16.000 999.900 999.900  999.90  197.17    2.35    0.11  999.90  999.90  999.90       0       0
 16.500 999.900 999.900  999.90  195.00    2.49    0.14  999.90  999.90  999.90       0       0
 17.000 999.900 999.900  999.90  193.65    2.65    0.18  999.90  999.90  999.90       0       0
 17.500 999.900 999.900  999.90  193.15    2.63    0.21  999.90  999.90  999.90       0       0
 18.000 999.900 999.900  999.90  193.71    2.64    0.11  999.90  999.90  999.90       0       0
 18.500 999.900 999.900  999.90  195.48    2.78    0.16  999.90  999.90  999.90       0       0
 19.000 999.900 999.900  999.90  198.01    2.74    0.13  999.90  999.90  999.90       0       0
 19.500 999.900 999.900  999.90  200.85    2.81    0.20  999.90  999.90  999.90       0       0
 20.000 999.900 999.900  999.90  203.60    2.78    0.18  999.90  999.90  999.90       0       0
 20.500 999.900 999.900  999.90  206.14    2.59   -0.01  999.90  999.90  999.90       0       0
 21.000 999.900 999.900  999.90  208.20    2.49    0.06  999.90  999.90  999.90       0       0
 21.500 999.900 999.900  999.90  209.86    2.44   -0.04  999.90  999.90  999.90       0       0
 22.000 999.900 999.900  999.90  211.39    2.48   -0.04  999.90  999.90  999.90       0       0
 22.500 999.900 999.900  999.90  212.83    2.52   -0.09  999.90  999.90  999.90       0       0
 23.000 999.900 999.900  999.90  214.16    2.53   -0.22  999.90  999.90  999.90       0       0
 23.500 999.900 999.900  999.90  215.41    2.58   -0.15  999.90  999.90  999.90       0       0
 24.000 999.900 999.900  999.90  216.69    2.54   -0.08  999.90  999.90  999.90       0       0
 24.500 999.900 999.900  999.90  217.87    2.48   -0.12  999.90  999.90  999.90       0       0
 25.000 999.900 999.900  999.90  219.09    2.57   -0.16  999.90  999.90  999.90       0       0
 25.500 999.900 999.900  999.90  220.26    2.62   -0.07  999.90  999.90  999.90       0       0
 26.000 999.900 999.900  999.90  221.46    2.63    0.07  999.90  999.90  999.90       0       0
 26.500 999.900 999.900  999.90  222.61    2.62    0.04  999.90  999.90  999.90       0       0
 27.000 999.900 999.900  999.90  223.75    2.67   -0.07  999.90  999.90  999.90       0       0
 27.500 999.900 999.900  999.90  224.83    2.75   -0.10  999.90  999.90  999.90       0       0
 28.000 999.900 999.900  999.90  225.84    2.84   -0.12  999.90  999.90  999.90       0       0
 28.500 999.900 999.900  999.90  226.93    3.00   -0.15  999.90  999.90  999.90       0       0
 29.000 999.900 999.900  999.90  227.96    3.14   -0.11  999.90  999.90  999.90       0       0
 29.500 999.900 999.900  999.90  228.88    3.15   -0.28  999.90  999.90  999.90       0       0
 30.000 999.900 999.900  999.90  229.89    3.27   -0.23  999.90  999.90  999.90       0       0
  T A B L E  III -   4.  M O I S T U R E  R E L A T E D  S T A T I S T I C A L  P A R A M E T E R S
                                     April
 STATION =   912450     WAKE ISLAND
      Z VAPOR P   SD VP SKEW VP      TV      TV SKEW TV DEWPT T  SD DPT SKW DPT NOBS TP NOBS TV   
           MEAN                    MEAN      SD            MEAN                                   
     KM      MB      MB          KELVIN  KELVIN          KELVIN  KELVIN                           
  0.000  16.000   6.000    0.00  291.00    6.00    0.00  290.00    7.00    0.00     100     100
  0.005  25.398   2.953   -0.79  302.19    1.75    0.10  294.39    2.01   -1.20     717     717
  0.500  22.137   2.507   -1.90  297.06    1.14   -0.77  292.21    1.85   -1.56     716     716
  1.000  16.993   2.557   -1.15  293.22    1.33   -0.83  287.96    2.47   -1.40     716     716
  1.500  13.061   3.136   -1.11  290.13    1.45   -0.95  283.67    4.34   -2.14     714     714
  2.000   9.161   3.780   -0.41  287.65    1.62   -0.78  277.30    7.75   -1.15     717     717
  2.500   5.785   3.507    0.44  285.67    1.59   -0.02  269.86    9.15   -0.18     716     716
  3.000   3.767   2.700    1.08  283.44    1.67   -0.04  263.93    8.90    0.34     715     715
  3.500   2.607   1.968    1.46  281.00    1.67   -0.17  259.29    8.37    0.57     717     717
  4.000   1.952   1.562    1.83  278.34    1.71   -0.01  255.79    7.99    0.78     716     716
  4.500   1.476   1.192    1.98  275.57    1.74    0.02  252.51    7.70    0.82     717     717
  5.000   1.133   0.947    2.11  272.60    1.76   -0.11  249.40    7.59    0.86     717     717
  5.500   0.855   0.737    2.22  269.53    1.76   -0.15  246.20    7.53    0.85     716     716
  6.000   0.655   0.563    2.11  266.38    1.84   -0.10  243.19    7.63    0.70     716     716
  6.500   0.477   0.424    2.40  263.16    1.97   -0.09  239.77    7.46    0.74     717     717
  7.000   0.358   0.331    2.34  259.82    2.09   -0.16  236.61    7.65    0.68     717     717
  7.500   0.267   0.243    2.12  256.35    2.19   -0.29  233.53    7.92    0.46     716     716
  8.000   0.176   0.204    1.89  252.73    2.21   -0.30  232.91    7.85    0.07     512     512
  8.500   0.123   0.152    1.97  249.05    2.27   -0.32  230.58    7.54   -0.04     465     465
  9.000   0.088   0.108    1.75  245.31    2.35   -0.25  228.95    6.54   -0.30     421     421
  9.500   0.064   0.076    1.44  241.57    2.46   -0.25  227.39    5.16   -0.32     389     389
 10.000   0.041   0.053    1.27  237.88    2.51   -0.26  225.58    3.72    0.34     326     326
 10.500   0.022   0.034    1.51  234.22    2.49   -0.39  222.36    3.41    0.37     255     255
 11.000 999.900 999.900  999.90  230.60    2.43   -0.41  219.59    2.81    0.13     156     156
 11.500 999.900 999.900  999.90  226.97    2.32   -0.49  217.79    2.20    0.14      57      57
 12.000 999.900 999.900  999.90  223.34    2.20   -0.60  216.45    1.53   -0.11      11      11
 12.500 999.900 999.900  999.90  219.83    2.05   -0.51  999.90  999.90  999.90       0       0
 13.000 999.900 999.900  999.90  216.35    1.89   -0.49  999.90  999.90  999.90       0       0
 13.500 999.900 999.900  999.90  212.90    1.81   -0.31  999.90  999.90  999.90       0       0
 14.000 999.900 999.900  999.90  209.53    1.88   -0.19  999.90  999.90  999.90       0       0
 14.500 999.900 999.900  999.90  206.36    2.01   -0.03  999.90  999.90  999.90       0       0
 15.000 999.900 999.900  999.90  203.36    2.17    0.20  999.90  999.90  999.90       0       0
 15.500 999.900 999.900  999.90  200.60    2.34    0.30  999.90  999.90  999.90       0       0
 16.000 999.900 999.900  999.90  198.21    2.48    0.20  999.90  999.90  999.90       0       0
 16.500 999.900 999.900  999.90  196.38    2.54    0.14  999.90  999.90  999.90       0       0
 17.000 999.900 999.900  999.90  195.31    2.70    0.08  999.90  999.90  999.90       0       0
 17.500 999.900 999.900  999.90  195.05    2.67    0.18  999.90  999.90  999.90       0       0
 18.000 999.900 999.900  999.90  195.74    2.67    0.22  999.90  999.90  999.90       0       0
 18.500 999.900 999.900  999.90  197.31    2.83    0.11  999.90  999.90  999.90       0       0
 19.000 999.900 999.900  999.90  199.74    2.82   -0.16  999.90  999.90  999.90       0       0
 19.500 999.900 999.900  999.90  202.51    2.84   -0.18  999.90  999.90  999.90       0       0
 20.000 999.900 999.900  999.90  205.41    2.65   -0.08  999.90  999.90  999.90       0       0
 20.500 999.900 999.900  999.90  207.94    2.44   -0.05  999.90  999.90  999.90       0       0
 21.000 999.900 999.900  999.90  209.96    2.28   -0.08  999.90  999.90  999.90       0       0
 21.500 999.900 999.900  999.90  211.56    2.28   -0.06  999.90  999.90  999.90       0       0
 22.000 999.900 999.900  999.90  213.01    2.26   -0.25  999.90  999.90  999.90       0       0
 22.500 999.900 999.900  999.90  214.38    2.22   -0.10  999.90  999.90  999.90       0       0
 23.000 999.900 999.900  999.90  215.77    2.27   -0.18  999.90  999.90  999.90       0       0
 23.500 999.900 999.900  999.90  217.21    2.31   -0.26  999.90  999.90  999.90       0       0
 24.000 999.900 999.900  999.90  218.64    2.46   -0.14  999.90  999.90  999.90       0       0
 24.500 999.900 999.900  999.90  219.86    2.36   -0.15  999.90  999.90  999.90       0       0
 25.000 999.900 999.900  999.90  221.08    2.44   -0.23  999.90  999.90  999.90       0       0
 25.500 999.900 999.900  999.90  222.37    2.42   -0.31  999.90  999.90  999.90       0       0
 26.000 999.900 999.900  999.90  223.58    2.38   -0.27  999.90  999.90  999.90       0       0
 26.500 999.900 999.900  999.90  224.85    2.45   -0.26  999.90  999.90  999.90       0       0
 27.000 999.900 999.900  999.90  225.94    2.62   -0.14  999.90  999.90  999.90       0       0
 27.500 999.900 999.900  999.90  226.98    2.72   -0.01  999.90  999.90  999.90       0       0
 28.000 999.900 999.900  999.90  228.00    2.75   -0.20  999.90  999.90  999.90       0       0
 28.500 999.900 999.900  999.90  228.93    2.75   -0.48  999.90  999.90  999.90       0       0
 29.000 999.900 999.900  999.90  229.81    2.67   -0.60  999.90  999.90  999.90       0       0
 29.500 999.900 999.900  999.90  230.75    2.65   -0.71  999.90  999.90  999.90       0       0
 30.000 999.900 999.900  999.90  231.68    2.63   -0.93  999.90  999.90  999.90       0       0
  T A B L E  III -   5.  M O I S T U R E  R E L A T E D  S T A T I S T I C A L  P A R A M E T E R S
                                       May
 STATION =   912450     WAKE ISLAND
      Z VAPOR P   SD VP SKEW VP      TV      TV SKEW TV DEWPT T  SD DPT SKW DPT NOBS TP NOBS TV   
           MEAN                    MEAN      SD            MEAN                                   
     KM      MB      MB          KELVIN  KELVIN          KELVIN  KELVIN                           
  0.000  16.000   6.000    0.00  291.00    6.00    0.00  290.00    7.00    0.00     100     100
  0.005  26.744   2.742   -1.70  303.18    1.77    0.39  295.30    1.60   -0.72     664     664
  0.500  23.485   2.164   -0.78  298.01    1.07   -0.40  293.17    1.56   -1.16     665     665
  1.000  17.986   2.444   -0.79  294.21    1.17   -0.51  288.85    2.30   -1.36     665     665
  1.500  14.233   2.906   -1.12  291.09    1.24   -0.51  285.01    3.84   -2.32     665     665
  2.000  10.007   3.787   -0.53  288.51    1.32   -0.75  278.85    7.20   -1.37     664     664
  2.500   6.571   3.619    0.15  286.28    1.19    0.09  271.82    9.06   -0.47     664     664
  3.000   4.479   2.832    0.59  283.91    1.24    0.07  266.35    8.98   -0.03     665     665
  3.500   3.099   2.149    0.99  281.35    1.32   -0.20  261.59    8.55    0.30     663     663
  4.000   2.270   1.679    1.24  278.63    1.38   -0.06  257.65    8.28    0.51     663     663
  4.500   1.666   1.316    1.57  275.84    1.44    0.03  253.85    8.07    0.68     663     663
  5.000   1.197   0.969    1.83  272.98    1.47   -0.02  250.05    7.68    0.79     664     664
  5.500   0.891   0.736    1.94  269.97    1.50   -0.03  246.69    7.56    0.77     664     664
  6.000   0.669   0.564    1.97  266.85    1.54   -0.10  243.49    7.61    0.69     662     662
  6.500   0.520   0.460    1.91  263.60    1.60   -0.05  240.59    7.74    0.70     662     662
  7.000   0.387   0.357    1.99  260.26    1.64    0.00  237.32    7.88    0.67     662     662
  7.500   0.295   0.283    1.91  256.76    1.66   -0.01  234.21    8.28    0.57     662     662
  8.000   0.189   0.231    1.80  253.19    1.73   -0.07  233.50    8.19    0.22     467     467
  8.500   0.135   0.177    1.94  249.50    1.78   -0.10  231.11    8.05    0.12     429     429
  9.000   0.096   0.124    1.64  245.69    1.81   -0.17  230.13    6.65   -0.11     373     373
  9.500   0.067   0.085    1.44  241.82    1.83   -0.14  228.29    5.01    0.24     344     344
 10.000   0.045   0.060    1.40  237.96    1.81   -0.11  225.85    4.39    0.29     313     313
 10.500   0.023   0.037    1.68  234.08    1.72   -0.12  222.73    4.02    0.37     231     231
 11.000 999.900 999.900  999.90  230.19    1.75   -0.14  219.17    3.44    0.55      97      97
 11.500 999.900 999.900  999.90  226.34    1.70   -0.16  217.67    2.16    0.21      31      31
 12.000 999.900 999.900  999.90  222.51    1.73   -0.19  215.80    1.33    0.31      10      10
 12.500 999.900 999.900  999.90  218.76    1.79   -0.08  999.90  999.90  999.90       0       0
 13.000 999.900 999.900  999.90  215.20    1.79   -0.01  999.90  999.90  999.90       0       0
 13.500 999.900 999.900  999.90  211.74    1.84    0.07  999.90  999.90  999.90       0       0
 14.000 999.900 999.900  999.90  208.50    1.94    0.24  999.90  999.90  999.90       0       0
 14.500 999.900 999.900  999.90  205.66    2.07    0.24  999.90  999.90  999.90       0       0
 15.000 999.900 999.900  999.90  203.11    2.17    0.16  999.90  999.90  999.90       0       0
 15.500 999.900 999.900  999.90  200.92    2.19    0.10  999.90  999.90  999.90       0       0
 16.000 999.900 999.900  999.90  199.17    2.24   -0.01  999.90  999.90  999.90       0       0
 16.500 999.900 999.900  999.90  197.92    2.43    0.05  999.90  999.90  999.90       0       0
 17.000 999.900 999.900  999.90  197.22    2.71    0.13  999.90  999.90  999.90       0       0
 17.500 999.900 999.900  999.90  197.28    2.86    0.35  999.90  999.90  999.90       0       0
 18.000 999.900 999.900  999.90  198.32    2.96    0.41  999.90  999.90  999.90       0       0
 18.500 999.900 999.900  999.90  200.17    3.07    0.11  999.90  999.90  999.90       0       0
 19.000 999.900 999.900  999.90  202.66    2.96   -0.21  999.90  999.90  999.90       0       0
 19.500 999.900 999.900  999.90  205.23    2.50   -0.22  999.90  999.90  999.90       0       0
 20.000 999.900 999.900  999.90  207.60    2.13   -0.06  999.90  999.90  999.90       0       0
 20.500 999.900 999.900  999.90  209.57    1.91    0.06  999.90  999.90  999.90       0       0
 21.000 999.900 999.900  999.90  211.18    1.94    0.11  999.90  999.90  999.90       0       0
 21.500 999.900 999.900  999.90  212.67    1.97    0.17  999.90  999.90  999.90       0       0
 22.000 999.900 999.900  999.90  214.06    2.06    0.22  999.90  999.90  999.90       0       0
 22.500 999.900 999.900  999.90  215.35    2.10    0.09  999.90  999.90  999.90       0       0
 23.000 999.900 999.900  999.90  216.69    2.11   -0.01  999.90  999.90  999.90       0       0
 23.500 999.900 999.900  999.90  218.07    2.14   -0.08  999.90  999.90  999.90       0       0
 24.000 999.900 999.900  999.90  219.47    2.21   -0.05  999.90  999.90  999.90       0       0
 24.500 999.900 999.900  999.90  220.69    2.16   -0.02  999.90  999.90  999.90       0       0
 25.000 999.900 999.900  999.90  221.84    2.20   -0.06  999.90  999.90  999.90       0       0
 25.500 999.900 999.900  999.90  223.03    2.22   -0.13  999.90  999.90  999.90       0       0
 26.000 999.900 999.900  999.90  224.14    2.23   -0.13  999.90  999.90  999.90       0       0
 26.500 999.900 999.900  999.90  225.22    2.26   -0.10  999.90  999.90  999.90       0       0
 27.000 999.900 999.900  999.90  226.23    2.32   -0.11  999.90  999.90  999.90       0       0
 27.500 999.900 999.900  999.90  227.26    2.39   -0.24  999.90  999.90  999.90       0       0
 28.000 999.900 999.900  999.90  228.26    2.47   -0.34  999.90  999.90  999.90       0       0
 28.500 999.900 999.900  999.90  229.14    2.55   -0.35  999.90  999.90  999.90       0       0
 29.000 999.900 999.900  999.90  229.90    2.56   -0.50  999.90  999.90  999.90       0       0
 29.500 999.900 999.900  999.90  230.70    2.52   -0.63  999.90  999.90  999.90       0       0
 30.000 999.900 999.900  999.90  231.53    2.64   -0.67  999.90  999.90  999.90       0       0
  T A B L E  III -   6.  M O I S T U R E  R E L A T E D  S T A T I S T I C A L  P A R A M E T E R S
                                      June
 STATION =   912450     WAKE ISLAND
      Z VAPOR P   SD VP SKEW VP      TV      TV SKEW TV DEWPT T  SD DPT SKW DPT NOBS TP NOBS TV   
           MEAN                    MEAN      SD            MEAN                                   
     KM      MB      MB          KELVIN  KELVIN          KELVIN  KELVIN                           
  0.000  16.000   6.000    0.00  291.00    6.00    0.00  290.00    7.00    0.00     100     100
  0.005  28.229   2.270   -3.17  304.28    1.59    0.44  296.23    1.16   -0.31     615     615
  0.500  25.119   2.143   -3.04  299.19    0.85   -0.40  294.30    1.26   -0.95     615     615
  1.000  18.951   2.522   -1.71  295.39    0.86   -0.50  289.76    1.98   -0.99     614     614
  1.500  15.044   2.809   -1.29  292.15    0.91   -0.54  286.07    2.96   -1.56     613     613
  2.000  11.391   3.254   -0.73  289.46    0.97   -0.12  281.36    5.23   -1.67     615     615
  2.500   7.690   3.287   -0.05  287.03    1.01   -0.06  274.89    7.30   -0.86     616     616
  3.000   5.148   2.867    0.44  284.51    1.13   -0.58  268.68    8.31   -0.26     616     616
  3.500   3.622   2.267    0.79  281.88    1.20   -0.08  263.81    8.36    0.04     616     616
  4.000   2.565   1.705    1.00  279.09    1.36   -0.30  259.42    8.08    0.25     615     615
  4.500   1.903   1.379    1.24  276.17    1.48   -0.28  255.52    8.15    0.41     616     616
  5.000   1.429   1.069    1.36  273.24    1.58   -0.29  252.11    7.95    0.49     616     616
  5.500   1.119   0.870    1.38  270.22    1.64   -0.32  249.07    8.20    0.43     616     616
  6.000   0.893   0.734    1.22  267.10    1.69   -0.28  246.08    8.78    0.37     616     616
  6.500   0.652   0.546    1.32  263.90    1.72   -0.39  242.72    8.47    0.40     615     615
  7.000   0.497   0.416    1.24  260.59    1.75   -0.47  239.76    8.53    0.29     615     615
  7.500   0.371   0.320    1.24  257.17    1.80   -0.47  236.51    8.75    0.24     614     614
  8.000   0.248   0.261    1.22  253.64    1.87   -0.44  235.10    8.49    0.04     484     484
  8.500   0.179   0.193    1.18  249.96    1.89   -0.50  232.78    8.13   -0.12     451     451
  9.000   0.125   0.134    1.11  246.22    1.89   -0.61  230.85    6.86   -0.23     417     417
  9.500   0.089   0.091    0.96  242.39    1.89   -0.63  228.97    5.23   -0.20     392     392
 10.000   0.059   0.062    0.82  238.49    1.85   -0.53  226.69    3.94    0.22     351     351
 10.500   0.030   0.040    1.17  234.51    1.77   -0.38  223.32    3.73    0.24     260     260
 11.000 999.900 999.900  999.90  230.52    1.74   -0.33  219.39    3.37    0.44     118     118
 11.500 999.900 999.900  999.90  226.53    1.65   -0.24  217.91    2.10    0.23      24      24
 12.000 999.900 999.900  999.90  222.54    1.61   -0.19  999.90  999.90  999.90       0       0
 12.500 999.900 999.900  999.90  218.61    1.63    0.01  999.90  999.90  999.90       0       0
 13.000 999.900 999.900  999.90  214.89    1.63    0.14  999.90  999.90  999.90       0       0
 13.500 999.900 999.900  999.90  211.25    1.74    0.34  999.90  999.90  999.90       0       0
 14.000 999.900 999.900  999.90  207.88    1.89    0.54  999.90  999.90  999.90       0       0
 14.500 999.900 999.900  999.90  204.95    2.16    0.63  999.90  999.90  999.90       0       0
 15.000 999.900 999.900  999.90  202.49    2.42    0.64  999.90  999.90  999.90       0       0
 15.500 999.900 999.900  999.90  200.52    2.65    0.47  999.90  999.90  999.90       0       0
 16.000 999.900 999.900  999.90  199.28    2.80    0.29  999.90  999.90  999.90       0       0
 16.500 999.900 999.900  999.90  199.02    2.77    0.09  999.90  999.90  999.90       0       0
 17.000 999.900 999.900  999.90  199.45    2.71   -0.12  999.90  999.90  999.90       0       0
 17.500 999.900 999.900  999.90  200.57    2.44   -0.34  999.90  999.90  999.90       0       0
 18.000 999.900 999.900  999.90  202.00    2.19   -0.08  999.90  999.90  999.90       0       0
 18.500 999.900 999.900  999.90  203.51    2.09    0.00  999.90  999.90  999.90       0       0
 19.000 999.900 999.900  999.90  205.19    2.02   -0.02  999.90  999.90  999.90       0       0
 19.500 999.900 999.900  999.90  206.89    1.99   -0.01  999.90  999.90  999.90       0       0
 20.000 999.900 999.900  999.90  208.59    1.87   -0.14  999.90  999.90  999.90       0       0
 20.500 999.900 999.900  999.90  210.21    1.77   -0.04  999.90  999.90  999.90       0       0
 21.000 999.900 999.900  999.90  211.76    1.85   -0.02  999.90  999.90  999.90       0       0
 21.500 999.900 999.900  999.90  213.14    1.85   -0.11  999.90  999.90  999.90       0       0
 22.000 999.900 999.900  999.90  214.53    1.94    0.09  999.90  999.90  999.90       0       0
 22.500 999.900 999.900  999.90  215.88    1.98    0.05  999.90  999.90  999.90       0       0
 23.000 999.900 999.900  999.90  217.23    2.01   -0.15  999.90  999.90  999.90       0       0
 23.500 999.900 999.900  999.90  218.55    2.03   -0.20  999.90  999.90  999.90       0       0
 24.000 999.900 999.900  999.90  219.81    1.99   -0.23  999.90  999.90  999.90       0       0
 24.500 999.900 999.900  999.90  220.96    1.99   -0.16  999.90  999.90  999.90       0       0
 25.000 999.900 999.900  999.90  222.04    2.01   -0.05  999.90  999.90  999.90       0       0
 25.500 999.900 999.900  999.90  223.13    2.09   -0.09  999.90  999.90  999.90       0       0
 26.000 999.900 999.900  999.90  224.13    2.14   -0.07  999.90  999.90  999.90       0       0
 26.500 999.900 999.900  999.90  225.12    2.13   -0.17  999.90  999.90  999.90       0       0
 27.000 999.900 999.900  999.90  225.99    2.22   -0.20  999.90  999.90  999.90       0       0
 27.500 999.900 999.900  999.90  226.88    2.24   -0.29  999.90  999.90  999.90       0       0
 28.000 999.900 999.900  999.90  227.72    2.34   -0.42  999.90  999.90  999.90       0       0
 28.500 999.900 999.900  999.90  228.46    2.40   -0.46  999.90  999.90  999.90       0       0
 29.000 999.900 999.900  999.90  229.23    2.39   -0.56  999.90  999.90  999.90       0       0
 29.500 999.900 999.900  999.90  229.98    2.40   -0.58  999.90  999.90  999.90       0       0
 30.000 999.900 999.900  999.90  230.62    2.51   -0.52  999.90  999.90  999.90       0       0
  T A B L E  III -   7.  M O I S T U R E  R E L A T E D  S T A T I S T I C A L  P A R A M E T E R S
                                      July
 STATION =   912450     WAKE ISLAND
      Z VAPOR P   SD VP SKEW VP      TV      TV SKEW TV DEWPT T  SD DPT SKW DPT NOBS TP NOBS TV   
           MEAN                    MEAN      SD            MEAN                                   
     KM      MB      MB          KELVIN  KELVIN          KELVIN  KELVIN                           
  0.000  16.000   6.000    0.00  291.00    6.00    0.00  290.00    7.00    0.00     100     100
  0.005  29.688   1.853   -0.12  305.01    1.49    0.30  297.04    1.05   -0.32     627     627
  0.500  26.020   2.131   -3.20  299.91    0.67   -0.27  294.88    1.19   -0.71     626     626
  1.000  19.783   2.187   -0.62  296.11    0.71    0.03  290.40    1.83   -0.97     627     627
  1.500  15.831   2.255   -0.74  292.83    0.80    0.21  286.86    2.38   -1.35     627     627
  2.000  12.390   2.837   -0.93  289.95    0.91    0.15  282.85    4.14   -1.80     627     627
  2.500   9.055   2.954   -0.58  287.28    0.97    0.05  277.77    5.89   -1.38     627     627
  3.000   6.604   2.611   -0.32  284.60    1.00    0.02  273.00    6.76   -1.06     625     625
  3.500   4.907   2.311   -0.04  281.75    1.07    0.20  268.46    7.71   -0.77     626     626
  4.000   3.641   1.943    0.18  278.75    1.19    0.35  264.14    8.23   -0.52     627     627
  4.500   2.818   1.653    0.43  275.74    1.23    0.28  260.60    8.51   -0.36     627     627
  5.000   2.184   1.397    0.59  272.81    1.27    0.14  257.15    8.78   -0.22     627     627
  5.500   1.684   1.136    0.68  269.80    1.35    0.07  253.84    8.88   -0.15     627     627
  6.000   1.346   0.935    0.66  266.78    1.45    0.03  250.96    9.23   -0.22     627     627
  6.500   1.024   0.737    0.75  263.64    1.53   -0.05  247.77    9.09   -0.16     627     627
  7.000   0.756   0.564    0.78  260.44    1.59   -0.16  244.23    9.21   -0.16     626     626
  7.500   0.562   0.435    0.78  257.13    1.63   -0.23  240.75    9.56   -0.21     625     625
  8.000   0.383   0.331    0.74  253.65    1.69   -0.33  239.10    8.47   -0.37     533     533
  8.500   0.265   0.236    0.73  250.07    1.71   -0.38  236.14    7.93   -0.45     505     505
  9.000   0.180   0.164    0.68  246.35    1.71   -0.45  233.35    7.08   -0.54     472     472
  9.500   0.122   0.107    0.61  242.51    1.69   -0.48  230.63    5.52   -0.42     456     456
 10.000   0.076   0.070    0.55  238.58    1.67   -0.46  227.62    4.31   -0.13     414     414
 10.500   0.039   0.045    0.77  234.59    1.68   -0.43  224.07    3.80   -0.04     320     320
 11.000 999.900 999.900  999.90  230.55    1.71   -0.30  220.07    3.48    0.26      91      91
 11.500 999.900 999.900  999.90  226.47    1.66   -0.20  217.75    2.26    0.64      31      31
 12.000 999.900 999.900  999.90  222.40    1.66   -0.08  999.90  999.90  999.90       0       0
 12.500 999.900 999.900  999.90  218.37    1.66    0.10  999.90  999.90  999.90       0       0
 13.000 999.900 999.900  999.90  214.57    1.68    0.24  999.90  999.90  999.90       0       0
 13.500 999.900 999.900  999.90  210.86    1.82    0.41  999.90  999.90  999.90       0       0
 14.000 999.900 999.900  999.90  207.40    2.02    0.55  999.90  999.90  999.90       0       0
 14.500 999.900 999.900  999.90  204.48    2.24    0.58  999.90  999.90  999.90       0       0
 15.000 999.900 999.900  999.90  202.27    2.50    0.38  999.90  999.90  999.90       0       0
 15.500 999.900 999.900  999.90  200.89    2.74    0.28  999.90  999.90  999.90       0       0
 16.000 999.900 999.900  999.90  200.32    2.94    0.11  999.90  999.90  999.90       0       0
 16.500 999.900 999.900  999.90  200.78    2.76   -0.14  999.90  999.90  999.90       0       0
 17.000 999.900 999.900  999.90  201.61    2.42   -0.17  999.90  999.90  999.90       0       0
 17.500 999.900 999.900  999.90  202.66    2.15    0.00  999.90  999.90  999.90       0       0
 18.000 999.900 999.900  999.90  203.94    1.85    0.05  999.90  999.90  999.90       0       0
 18.500 999.900 999.900  999.90  205.28    1.67    0.01  999.90  999.90  999.90       0       0
 19.000 999.900 999.900  999.90  206.64    1.70    0.20  999.90  999.90  999.90       0       0
 19.500 999.900 999.900  999.90  208.08    1.73    0.02  999.90  999.90  999.90       0       0
 20.000 999.900 999.900  999.90  209.56    1.67    0.05  999.90  999.90  999.90       0       0
 20.500 999.900 999.900  999.90  211.04    1.69    0.14  999.90  999.90  999.90       0       0
 21.000 999.900 999.900  999.90  212.39    1.77    0.13  999.90  999.90  999.90       0       0
 21.500 999.900 999.900  999.90  213.66    1.79   -0.09  999.90  999.90  999.90       0       0
 22.000 999.900 999.900  999.90  214.90    1.84   -0.25  999.90  999.90  999.90       0       0
 22.500 999.900 999.900  999.90  216.11    1.87   -0.18  999.90  999.90  999.90       0       0
 23.000 999.900 999.900  999.90  217.30    1.93   -0.11  999.90  999.90  999.90       0       0
 23.500 999.900 999.900  999.90  218.42    2.00    0.05  999.90  999.90  999.90       0       0
 24.000 999.900 999.900  999.90  219.50    2.07    0.05  999.90  999.90  999.90       0       0
 24.500 999.900 999.900  999.90  220.51    2.05    0.02  999.90  999.90  999.90       0       0
 25.000 999.900 999.900  999.90  221.52    2.08    0.04  999.90  999.90  999.90       0       0
 25.500 999.900 999.900  999.90  222.55    2.13   -0.04  999.90  999.90  999.90       0       0
 26.000 999.900 999.900  999.90  223.56    2.23   -0.18  999.90  999.90  999.90       0       0
 26.500 999.900 999.900  999.90  224.48    2.29   -0.25  999.90  999.90  999.90       0       0
 27.000 999.900 999.900  999.90  225.30    2.38   -0.09  999.90  999.90  999.90       0       0
 27.500 999.900 999.900  999.90  226.08    2.39   -0.17  999.90  999.90  999.90       0       0
 28.000 999.900 999.900  999.90  226.77    2.43   -0.25  999.90  999.90  999.90       0       0
 28.500 999.900 999.900  999.90  227.56    2.51   -0.31  999.90  999.90  999.90       0       0
 29.000 999.900 999.900  999.90  228.38    2.62   -0.51  999.90  999.90  999.90       0       0
 29.500 999.900 999.900  999.90  229.20    2.67   -0.36  999.90  999.90  999.90       0       0
 30.000 999.900 999.900  999.90  229.89    2.79   -0.48  999.90  999.90  999.90       0       0
  T A B L E  III -   8.  M O I S T U R E  R E L A T E D  S T A T I S T I C A L  P A R A M E T E R S
                                    August
 STATION =   912450     WAKE ISLAND
      Z VAPOR P   SD VP SKEW VP      TV      TV SKEW TV DEWPT T  SD DPT SKW DPT NOBS TP NOBS TV   
           MEAN                    MEAN      SD            MEAN                                   
     KM      MB      MB          KELVIN  KELVIN          KELVIN  KELVIN                           
  0.000  16.000   6.000    0.00  291.00    6.00    0.00  290.00    7.00    0.00     100     100
  0.005  29.986   2.124    0.00  305.08    1.45    0.29  297.20    1.19   -0.25     603     603
  0.500  26.851   1.908   -1.06  300.42    0.67   -0.34  295.37    1.22   -1.37     603     603
  1.000  20.564   2.265   -0.65  296.64    0.70   -0.28  291.01    1.84   -1.02     603     603
  1.500  16.565   2.167   -1.29  293.32    0.79   -0.09  287.62    2.04   -1.14     602     602
  2.000  13.120   2.522   -1.06  290.46    0.89   -0.04  283.85    3.40   -1.82     603     603
  2.500   9.998   2.621   -0.80  287.78    0.96    0.05  279.52    4.80   -1.87     603     603
  3.000   7.482   2.473   -0.31  285.02    0.96   -0.26  275.15    5.51   -1.18     602     602
  3.500   5.619   2.238   -0.05  282.12    0.95   -0.10  270.80    6.43   -0.89     603     603
  4.000   4.367   2.027    0.11  279.11    0.99    0.10  267.02    7.27   -0.72     603     603
  4.500   3.383   1.768    0.27  276.05    1.02    0.30  263.35    7.85   -0.55     603     603
  5.000   2.669   1.515    0.39  273.10    1.11    0.09  260.02    8.37   -0.52     603     603
  5.500   2.053   1.251    0.55  270.11    1.20    0.05  256.61    8.53   -0.42     602     602
  6.000   1.575   1.026    0.62  267.08    1.30   -0.10  253.10    9.00   -0.42     602     602
  6.500   1.166   0.824    0.73  264.01    1.34   -0.21  249.37    9.10   -0.24     601     601
  7.000   0.853   0.631    0.82  260.88    1.44   -0.25  245.63    9.21   -0.21     602     602
  7.500   0.641   0.485    0.78  257.64    1.55   -0.02  242.28    9.44   -0.25     602     602
  8.000   0.442   0.368    0.81  254.24    1.65   -0.07  240.11    8.54   -0.35     535     535
  8.500   0.303   0.264    0.81  250.71    1.73   -0.02  237.19    7.97   -0.43     500     500
  9.000   0.212   0.186    0.76  247.03    1.78    0.02  234.47    7.19   -0.55     476     476
  9.500   0.146   0.127    0.73  243.25    1.81    0.05  231.80    5.99   -0.50     456     456
 10.000   0.091   0.083    0.63  239.33    1.81   -0.01  228.79    4.71   -0.16     412     412
 10.500   0.053   0.056    0.71  235.33    1.79    0.03  225.45    4.26   -0.02     352     352
 11.000   0.016   0.031    1.94  231.29    1.79    0.08  221.82    4.01    0.28     162     162
 11.500 999.900 999.900  999.90  227.16    1.70    0.23  218.49    2.65    0.72      40      40
 12.000 999.900 999.900  999.90  223.04    1.65    0.26  216.29    2.21    0.13      12      12
 12.500 999.900 999.900  999.90  218.93    1.65    0.30  999.90  999.90  999.90       0       0
 13.000 999.900 999.900  999.90  215.04    1.58    0.18  999.90  999.90  999.90       0       0
 13.500 999.900 999.900  999.90  211.25    1.64    0.09  999.90  999.90  999.90       0       0
 14.000 999.900 999.900  999.90  207.65    1.76    0.06  999.90  999.90  999.90       0       0
 14.500 999.900 999.900  999.90  204.55    1.96    0.11  999.90  999.90  999.90       0       0
 15.000 999.900 999.900  999.90  202.25    2.35    0.21  999.90  999.90  999.90       0       0
 15.500 999.900 999.900  999.90  200.62    2.81    0.16  999.90  999.90  999.90       0       0
 16.000 999.900 999.900  999.90  200.04    3.08   -0.12  999.90  999.90  999.90       0       0
 16.500 999.900 999.900  999.90  200.45    3.01   -0.68  999.90  999.90  999.90       0       0
 17.000 999.900 999.900  999.90  201.65    2.68   -0.58  999.90  999.90  999.90       0       0
 17.500 999.900 999.900  999.90  202.78    2.37   -0.30  999.90  999.90  999.90       0       0
 18.000 999.900 999.900  999.90  203.95    2.23   -0.19  999.90  999.90  999.90       0       0
 18.500 999.900 999.900  999.90  205.36    1.99    0.07  999.90  999.90  999.90       0       0
 19.000 999.900 999.900  999.90  206.79    1.93    0.28  999.90  999.90  999.90       0       0
 19.500 999.900 999.900  999.90  208.04    1.83    0.14  999.90  999.90  999.90       0       0
 20.000 999.900 999.900  999.90  209.39    1.84   -0.00  999.90  999.90  999.90       0       0
 20.500 999.900 999.900  999.90  210.68    1.83   -0.14  999.90  999.90  999.90       0       0
 21.000 999.900 999.900  999.90  211.94    1.86   -0.09  999.90  999.90  999.90       0       0
 21.500 999.900 999.900  999.90  213.14    1.80   -0.11  999.90  999.90  999.90       0       0
 22.000 999.900 999.900  999.90  214.31    1.81    0.07  999.90  999.90  999.90       0       0
 22.500 999.900 999.900  999.90  215.50    1.85    0.23  999.90  999.90  999.90       0       0
 23.000 999.900 999.900  999.90  216.57    1.92    0.11  999.90  999.90  999.90       0       0
 23.500 999.900 999.900  999.90  217.67    1.98    0.11  999.90  999.90  999.90       0       0
 24.000 999.900 999.900  999.90  218.80    2.01    0.08  999.90  999.90  999.90       0       0
 24.500 999.900 999.900  999.90  219.82    2.05    0.10  999.90  999.90  999.90       0       0
 25.000 999.900 999.900  999.90  220.83    2.07    0.05  999.90  999.90  999.90       0       0
 25.500 999.900 999.900  999.90  221.82    2.16    0.02  999.90  999.90  999.90       0       0
 26.000 999.900 999.900  999.90  222.75    2.16    0.03  999.90  999.90  999.90       0       0
 26.500 999.900 999.900  999.90  223.66    2.21    0.03  999.90  999.90  999.90       0       0
 27.000 999.900 999.900  999.90  224.50    2.32    0.10  999.90  999.90  999.90       0       0
 27.500 999.900 999.900  999.90  225.25    2.29   -0.00  999.90  999.90  999.90       0       0
 28.000 999.900 999.900  999.90  226.02    2.38    0.05  999.90  999.90  999.90       0       0
 28.500 999.900 999.900  999.90  226.76    2.44    0.05  999.90  999.90  999.90       0       0
 29.000 999.900 999.900  999.90  227.52    2.43   -0.03  999.90  999.90  999.90       0       0
 29.500 999.900 999.900  999.90  228.28    2.47    0.00  999.90  999.90  999.90       0       0
 30.000 999.900 999.900  999.90  229.03    2.64   -0.16  999.90  999.90  999.90       0       0
  T A B L E  III -   9.  M O I S T U R E  R E L A T E D  S T A T I S T I C A L  P A R A M E T E R S
                                 September
 STATION =   912450     WAKE ISLAND
      Z VAPOR P   SD VP SKEW VP      TV      TV SKEW TV DEWPT T  SD DPT SKW DPT NOBS TP NOBS TV   
           MEAN                    MEAN      SD            MEAN                                   
     KM      MB      MB          KELVIN  KELVIN          KELVIN  KELVIN                           
  0.000  16.000   6.000    0.00  291.00    6.00    0.00  290.00    7.00    0.00     100     100
  0.005  30.493   2.202    0.10  305.40    1.45    0.13  297.48    1.21   -0.14     565     565
  0.500  26.591   2.392   -3.01  300.51    0.69   -0.12  295.23    1.36   -1.14     564     564
  1.000  20.466   2.671   -1.93  296.68    0.75   -0.04  290.98    1.93   -0.91     563     563
  1.500  16.350   2.609   -1.30  293.39    0.86   -0.04  287.40    2.45   -1.12     563     563
  2.000  12.845   2.873   -0.99  290.56    1.00   -0.22  283.46    3.93   -1.73     564     564
  2.500   9.543   2.924   -0.70  287.91    1.06   -0.22  278.67    5.54   -1.55     564     564
  3.000   6.940   2.615   -0.29  285.30    1.01   -0.10  273.85    6.31   -1.04     563     563
  3.500   5.106   2.404    0.15  282.48    1.06    0.03  269.06    7.44   -0.65     565     565
  4.000   3.940   2.109    0.33  279.49    1.05    0.10  265.25    8.04   -0.44     565     565
  4.500   3.003   1.760    0.57  276.46    1.11    0.10  261.54    8.20   -0.26     565     565
  5.000   2.281   1.533    0.81  273.43    1.14    0.06  257.63    8.77   -0.07     565     565
  5.500   1.752   1.275    0.87  270.38    1.22   -0.03  254.09    9.17   -0.01     564     564
  6.000   1.297   0.999    0.95  267.38    1.33   -0.16  250.26    9.44    0.00     564     564
  6.500   0.976   0.807    1.15  264.27    1.42   -0.22  246.78    9.43    0.13     565     565
  7.000   0.710   0.619    1.21  261.04    1.47   -0.18  243.03    9.51    0.18     565     565
  7.500   0.541   0.482    1.22  257.67    1.53   -0.21  239.88    9.74    0.10     565     565
  8.000   0.370   0.370    1.19  254.19    1.62   -0.08  238.44    8.96   -0.07     470     470
  8.500   0.265   0.269    1.20  250.60    1.74   -0.01  235.76    8.52   -0.18     448     448
  9.000   0.189   0.192    1.09  246.85    1.79    0.02  233.85    7.39   -0.28     414     414
  9.500   0.136   0.131    0.97  243.04    1.87    0.07  231.46    6.10   -0.16     406     406
 10.000   0.091   0.088    0.85  239.16    1.89    0.08  228.67    5.13    0.01     381     381
 10.500   0.053   0.059    0.86  235.22    1.88    0.05  225.66    4.48    0.02     317     317
 11.000   0.018   0.033    1.88  231.22    1.89    0.05  222.36    4.11    0.12     159     159
 11.500 999.900 999.900  999.90  227.20    1.75    0.14  219.88    3.06   -0.28      50      50
 12.000 999.900 999.900  999.90  223.20    1.67    0.12  218.09    1.67   -0.09      23      23
 12.500 999.900 999.900  999.90  219.23    1.62    0.09  214.58    0.92    1.32      18      18
 13.000 999.900 999.900  999.90  215.42    1.52    0.14  999.90  999.90  999.90       0       0
 13.500 999.900 999.900  999.90  211.72    1.53    0.13  999.90  999.90  999.90       0       0
 14.000 999.900 999.900  999.90  208.23    1.64    0.02  999.90  999.90  999.90       0       0
 14.500 999.900 999.900  999.90  205.13    1.77   -0.05  999.90  999.90  999.90       0       0
 15.000 999.900 999.900  999.90  202.52    1.93    0.04  999.90  999.90  999.90       0       0
 15.500 999.900 999.900  999.90  200.32    2.16    0.08  999.90  999.90  999.90       0       0
 16.000 999.900 999.900  999.90  198.78    2.43   -0.01  999.90  999.90  999.90       0       0
 16.500 999.900 999.900  999.90  198.27    2.58    0.07  999.90  999.90  999.90       0       0
 17.000 999.900 999.900  999.90  198.83    2.89   -0.06  999.90  999.90  999.90       0       0
 17.500 999.900 999.900  999.90  200.15    2.90   -0.11  999.90  999.90  999.90       0       0
 18.000 999.900 999.900  999.90  201.98    2.58   -0.25  999.90  999.90  999.90       0       0
 18.500 999.900 999.900  999.90  203.94    2.30   -0.12  999.90  999.90  999.90       0       0
 19.000 999.900 999.900  999.90  205.71    2.18    0.07  999.90  999.90  999.90       0       0
 19.500 999.900 999.900  999.90  207.33    2.00    0.22  999.90  999.90  999.90       0       0
 20.000 999.900 999.900  999.90  208.80    1.91    0.27  999.90  999.90  999.90       0       0
 20.500 999.900 999.900  999.90  210.25    1.82   -0.00  999.90  999.90  999.90       0       0
 21.000 999.900 999.900  999.90  211.63    1.85   -0.08  999.90  999.90  999.90       0       0
 21.500 999.900 999.900  999.90  212.92    1.85   -0.06  999.90  999.90  999.90       0       0
 22.000 999.900 999.900  999.90  214.15    1.95    0.03  999.90  999.90  999.90       0       0
 22.500 999.900 999.900  999.90  215.37    1.99    0.14  999.90  999.90  999.90       0       0
 23.000 999.900 999.900  999.90  216.56    2.07    0.18  999.90  999.90  999.90       0       0
 23.500 999.900 999.900  999.90  217.74    2.10    0.20  999.90  999.90  999.90       0       0
 24.000 999.900 999.900  999.90  218.97    2.21    0.25  999.90  999.90  999.90       0       0
 24.500 999.900 999.900  999.90  219.94    2.26    0.13  999.90  999.90  999.90       0       0
 25.000 999.900 999.900  999.90  220.84    2.25    0.06  999.90  999.90  999.90       0       0
 25.500 999.900 999.900  999.90  221.71    2.22    0.11  999.90  999.90  999.90       0       0
 26.000 999.900 999.900  999.90  222.57    2.27   -0.01  999.90  999.90  999.90       0       0
 26.500 999.900 999.900  999.90  223.47    2.36   -0.25  999.90  999.90  999.90       0       0
 27.000 999.900 999.900  999.90  224.36    2.49   -0.08  999.90  999.90  999.90       0       0
 27.500 999.900 999.900  999.90  225.30    2.55    0.12  999.90  999.90  999.90       0       0
 28.000 999.900 999.900  999.90  226.19    2.57    0.23  999.90  999.90  999.90       0       0
 28.500 999.900 999.900  999.90  226.98    2.61    0.02  999.90  999.90  999.90       0       0
 29.000 999.900 999.900  999.90  227.77    2.70   -0.06  999.90  999.90  999.90       0       0
 29.500 999.900 999.900  999.90  228.56    2.78   -0.10  999.90  999.90  999.90       0       0
 30.000 999.900 999.900  999.90  229.31    2.84   -0.15  999.90  999.90  999.90       0       0
  T A B L E  III -  10.  M O I S T U R E  R E L A T E D  S T A T I S T I C A L  P A R A M E T E R S
                                   October
 STATION =   912450     WAKE ISLAND
      Z VAPOR P   SD VP SKEW VP      TV      TV SKEW TV DEWPT T  SD DPT SKW DPT NOBS TP NOBS TV   
           MEAN                    MEAN      SD            MEAN                                   
     KM      MB      MB          KELVIN  KELVIN          KELVIN  KELVIN                           
  0.000  16.000   6.000    0.00  291.00    6.00    0.00  290.00    7.00    0.00     100     100
  0.005  29.524   2.216   -0.38  304.82    1.45    0.21  296.93    1.27   -0.61     615     615
  0.500  25.666   2.470   -2.36  299.95    0.80   -0.57  294.64    1.48   -0.99     614     614
  1.000  19.801   2.642   -1.19  296.11    0.91   -0.50  290.41    2.13   -1.02     614     614
  1.500  15.646   2.848   -1.01  292.85    1.04   -0.42  286.55    3.26   -1.89     615     615
  2.000  11.760   3.465   -0.66  290.20    1.14   -0.42  281.75    5.44   -1.53     615     615
  2.500   8.446   3.504   -0.27  287.70    1.21   -0.21  276.23    7.35   -0.95     615     615
  3.000   6.036   3.024    0.08  285.06    1.24   -0.37  271.05    8.15   -0.55     615     615
  3.500   4.427   2.536    0.42  282.27    1.32   -0.14  266.59    8.43   -0.26     614     614
  4.000   3.320   2.131    0.62  279.39    1.37    0.06  262.49    8.76   -0.03     614     614
  4.500   2.559   1.816    0.83  276.49    1.44    0.07  258.85    9.03    0.15     615     615
  5.000   1.931   1.530    1.05  273.59    1.47    0.01  254.99    9.32    0.32     615     615
  5.500   1.494   1.263    1.14  270.58    1.49   -0.16  251.64    9.51    0.39     615     615
  6.000   1.140   0.980    1.26  267.39    1.51   -0.39  248.48    9.47    0.31     614     614
  6.500   0.891   0.791    1.32  264.18    1.58   -0.37  245.58    9.47    0.32     614     614
  7.000   0.666   0.603    1.34  260.89    1.62   -0.37  242.29    9.47    0.28     614     614
  7.500   0.501   0.445    1.32  257.45    1.71   -0.38  239.26    9.43    0.13     614     614
  8.000   0.352   0.333    1.21  253.91    1.79   -0.37  237.90    8.56   -0.09     525     525
  8.500   0.260   0.245    1.16  250.26    1.88   -0.37  235.51    7.98   -0.19     507     507
  9.000   0.185   0.171    1.06  246.54    1.91   -0.44  233.15    7.01   -0.26     483     483
  9.500   0.127   0.113    0.99  242.76    1.91   -0.42  230.48    5.61   -0.02     467     467
 10.000   0.082   0.076    0.90  238.93    1.83   -0.36  227.66    4.64    0.26     426     426
 10.500   0.045   0.050    0.99  235.02    1.76   -0.34  224.32    4.22    0.27     346     346
 11.000   0.016   0.028    1.74  231.12    1.75   -0.44  221.00    3.76    0.26     183     183
 11.500 999.900 999.900  999.90  227.22    1.67   -0.54  218.82    2.78    0.47      69      69
 12.000 999.900 999.900  999.90  223.33    1.69   -0.55  217.27    2.09   -0.19      21      21
 12.500 999.900 999.900  999.90  219.48    1.71   -0.44  214.51    0.69    0.19      10      10
 13.000 999.900 999.900  999.90  215.83    1.71   -0.27  999.90  999.90  999.90       0       0
 13.500 999.900 999.900  999.90  212.26    1.80   -0.16  999.90  999.90  999.90       0       0
 14.000 999.900 999.900  999.90  208.82    1.86   -0.00  999.90  999.90  999.90       0       0
 14.500 999.900 999.900  999.90  205.72    1.95    0.01  999.90  999.90  999.90       0       0
 15.000 999.900 999.900  999.90  202.90    2.00   -0.07  999.90  999.90  999.90       0       0
 15.500 999.900 999.900  999.90  200.44    1.99    0.17  999.90  999.90  999.90       0       0
 16.000 999.900 999.900  999.90  198.30    2.06    0.05  999.90  999.90  999.90       0       0
 16.500 999.900 999.900  999.90  196.80    2.27    0.19  999.90  999.90  999.90       0       0
 17.000 999.900 999.900  999.90  196.31    2.61    0.34  999.90  999.90  999.90       0       0
 17.500 999.900 999.900  999.90  196.75    3.03    0.17  999.90  999.90  999.90       0       0
 18.000 999.900 999.900  999.90  198.34    3.27    0.03  999.90  999.90  999.90       0       0
 18.500 999.900 999.900  999.90  200.79    3.03   -0.00  999.90  999.90  999.90       0       0
 19.000 999.900 999.900  999.90  203.36    2.67    0.25  999.90  999.90  999.90       0       0
 19.500 999.900 999.900  999.90  205.63    2.43    0.20  999.90  999.90  999.90       0       0
 20.000 999.900 999.900  999.90  207.65    2.22    0.26  999.90  999.90  999.90       0       0
 20.500 999.900 999.900  999.90  209.40    2.08    0.31  999.90  999.90  999.90       0       0
 21.000 999.900 999.900  999.90  211.13    1.96    0.37  999.90  999.90  999.90       0       0
 21.500 999.900 999.900  999.90  212.64    1.95    0.29  999.90  999.90  999.90       0       0
 22.000 999.900 999.900  999.90  214.01    2.08    0.34  999.90  999.90  999.90       0       0
 22.500 999.900 999.900  999.90  215.32    2.10    0.36  999.90  999.90  999.90       0       0
 23.000 999.900 999.900  999.90  216.57    2.20    0.03  999.90  999.90  999.90       0       0
 23.500 999.900 999.900  999.90  217.79    2.18   -0.12  999.90  999.90  999.90       0       0
 24.000 999.900 999.900  999.90  218.88    2.23   -0.24  999.90  999.90  999.90       0       0
 24.500 999.900 999.900  999.90  219.88    2.19   -0.30  999.90  999.90  999.90       0       0
 25.000 999.900 999.900  999.90  220.86    2.17   -0.12  999.90  999.90  999.90       0       0
 25.500 999.900 999.900  999.90  221.82    2.26   -0.03  999.90  999.90  999.90       0       0
 26.000 999.900 999.900  999.90  222.78    2.28   -0.08  999.90  999.90  999.90       0       0
 26.500 999.900 999.900  999.90  223.76    2.41   -0.07  999.90  999.90  999.90       0       0
 27.000 999.900 999.900  999.90  224.85    2.47    0.00  999.90  999.90  999.90       0       0
 27.500 999.900 999.900  999.90  225.87    2.62   -0.21  999.90  999.90  999.90       0       0
 28.000 999.900 999.900  999.90  226.81    2.70   -0.18  999.90  999.90  999.90       0       0
 28.500 999.900 999.900  999.90  227.76    2.64   -0.26  999.90  999.90  999.90       0       0
 29.000 999.900 999.900  999.90  228.70    2.58   -0.28  999.90  999.90  999.90       0       0
 29.500 999.900 999.900  999.90  229.53    2.65   -0.34  999.90  999.90  999.90       0       0
 30.000 999.900 999.900  999.90  230.26    2.76   -0.35  999.90  999.90  999.90       0       0
  T A B L E  III -  11.  M O I S T U R E  R E L A T E D  S T A T I S T I C A L  P A R A M E T E R S
                                  November
 STATION =   912450     WAKE ISLAND
      Z VAPOR P   SD VP SKEW VP      TV      TV SKEW TV DEWPT T  SD DPT SKW DPT NOBS TP NOBS TV   
           MEAN                    MEAN      SD            MEAN                                   
     KM      MB      MB          KELVIN  KELVIN          KELVIN  KELVIN                           
  0.000  16.000   6.000    0.00  291.00    6.00    0.00  290.00    7.00    0.00     100     100
  0.005  27.379   2.735   -0.37  303.69    1.38    0.04  295.66    1.69   -0.62     634     634
  0.500  23.740   2.887   -1.49  298.80    1.01   -0.41  293.33    1.97   -1.16     633     633
  1.000  18.760   2.689   -0.76  294.82    1.25   -0.46  289.49    2.44   -1.29     634     634
  1.500  14.249   3.866   -1.04  291.82    1.50   -0.75  284.68    5.44   -2.01     634     634
  2.000   9.646   4.513   -0.19  289.79    1.56   -0.96  277.71    8.43   -0.76     634     634
  2.500   6.526   3.762    0.38  287.76    1.57   -0.45  271.77    8.73   -0.15     633     633
  3.000   4.718   2.960    0.76  285.29    1.53   -0.49  267.30    8.48    0.12     633     633
  3.500   3.430   2.313    1.06  282.65    1.52   -0.29  263.05    8.27    0.33     633     633
  4.000   2.594   1.855    1.27  279.89    1.57   -0.07  259.41    8.12    0.50     634     634
  4.500   1.923   1.436    1.50  277.06    1.60   -0.18  255.75    7.88    0.60     633     633
  5.000   1.432   1.117    1.81  274.15    1.52   -0.21  252.25    7.65    0.70     633     633
  5.500   1.124   0.916    1.94  271.06    1.47   -0.28  249.33    7.69    0.69     633     633
  6.000   0.887   0.740    1.84  267.82    1.52   -0.32  246.49    7.94    0.56     632     632
  6.500   0.642   0.539    2.08  264.51    1.47   -0.29  243.06    7.59    0.56     632     632
  7.000   0.476   0.394    2.04  261.10    1.46   -0.33  239.93    7.46    0.45     632     632
  7.500   0.368   0.312    1.84  257.56    1.48   -0.29  236.95    7.90    0.29     632     632
  8.000   0.259   0.244    1.38  253.97    1.50   -0.13  235.83    7.32    0.01     521     521
  8.500   0.187   0.180    1.38  250.29    1.53   -0.08  233.09    6.99   -0.06     504     504
  9.000   0.131   0.124    1.21  246.57    1.53   -0.14  230.61    6.14   -0.16     477     477
  9.500   0.094   0.089    1.11  242.81    1.52   -0.12  228.61    5.05   -0.02     444     444
 10.000   0.065   0.059    0.78  239.01    1.49   -0.13  226.14    3.85    0.48     421     421
 10.500   0.037   0.039    0.79  235.16    1.45   -0.16  222.79    3.54    0.35     354     354
 11.000   0.010   0.020    2.10  231.35    1.47   -0.19  219.10    3.29    0.67     154     154
 11.500 999.900 999.900  999.90  227.52    1.42   -0.23  217.88    2.48    0.51      46      46
 12.000 999.900 999.900  999.90  223.71    1.41   -0.25  216.53    1.74    0.05      10      10
 12.500 999.900 999.900  999.90  219.92    1.46   -0.22  999.90  999.90  999.90       0       0
 13.000 999.900 999.900  999.90  216.25    1.48   -0.18  999.90  999.90  999.90       0       0
 13.500 999.900 999.900  999.90  212.63    1.50   -0.17  999.90  999.90  999.90       0       0
 14.000 999.900 999.900  999.90  209.17    1.56   -0.09  999.90  999.90  999.90       0       0
 14.500 999.900 999.900  999.90  205.90    1.67    0.06  999.90  999.90  999.90       0       0
 15.000 999.900 999.900  999.90  202.80    1.71    0.17  999.90  999.90  999.90       0       0
 15.500 999.900 999.900  999.90  199.91    1.84    0.19  999.90  999.90  999.90       0       0
 16.000 999.900 999.900  999.90  197.34    1.91    0.35  999.90  999.90  999.90       0       0
 16.500 999.900 999.900  999.90  195.25    2.00    0.40  999.90  999.90  999.90       0       0
 17.000 999.900 999.900  999.90  194.08    2.16    0.38  999.90  999.90  999.90       0       0
 17.500 999.900 999.900  999.90  194.03    2.29    0.65  999.90  999.90  999.90       0       0
 18.000 999.900 999.900  999.90  195.03    2.57    0.45  999.90  999.90  999.90       0       0
 18.500 999.900 999.900  999.90  197.00    2.82    0.38  999.90  999.90  999.90       0       0
 19.000 999.900 999.900  999.90  199.80    2.94    0.28  999.90  999.90  999.90       0       0
 19.500 999.900 999.900  999.90  202.74    2.92    0.25  999.90  999.90  999.90       0       0
 20.000 999.900 999.900  999.90  205.64    2.69    0.17  999.90  999.90  999.90       0       0
 20.500 999.900 999.900  999.90  208.00    2.54   -0.09  999.90  999.90  999.90       0       0
 21.000 999.900 999.900  999.90  209.99    2.45    0.14  999.90  999.90  999.90       0       0
 21.500 999.900 999.900  999.90  211.67    2.48    0.20  999.90  999.90  999.90       0       0
 22.000 999.900 999.900  999.90  213.17    2.57    0.06  999.90  999.90  999.90       0       0
 22.500 999.900 999.900  999.90  214.60    2.65   -0.16  999.90  999.90  999.90       0       0
 23.000 999.900 999.900  999.90  215.93    2.61   -0.37  999.90  999.90  999.90       0       0
 23.500 999.900 999.900  999.90  217.13    2.58   -0.44  999.90  999.90  999.90       0       0
 24.000 999.900 999.900  999.90  218.25    2.64   -0.54  999.90  999.90  999.90       0       0
 24.500 999.900 999.900  999.90  219.35    2.56   -0.60  999.90  999.90  999.90       0       0
 25.000 999.900 999.900  999.90  220.33    2.60   -0.35  999.90  999.90  999.90       0       0
 25.500 999.900 999.900  999.90  221.29    2.59   -0.21  999.90  999.90  999.90       0       0
 26.000 999.900 999.900  999.90  222.31    2.65   -0.10  999.90  999.90  999.90       0       0
 26.500 999.900 999.900  999.90  223.33    2.59   -0.15  999.90  999.90  999.90       0       0
 27.000 999.900 999.900  999.90  224.30    2.61   -0.09  999.90  999.90  999.90       0       0
 27.500 999.900 999.900  999.90  225.19    2.63   -0.19  999.90  999.90  999.90       0       0
 28.000 999.900 999.900  999.90  226.01    2.68   -0.32  999.90  999.90  999.90       0       0
 28.500 999.900 999.900  999.90  226.86    2.74   -0.44  999.90  999.90  999.90       0       0
 29.000 999.900 999.900  999.90  227.75    2.86   -0.43  999.90  999.90  999.90       0       0
 29.500 999.900 999.900  999.90  228.45    2.92   -0.43  999.90  999.90  999.90       0       0
 30.000 999.900 999.900  999.90  229.20    3.04   -0.26  999.90  999.90  999.90       0       0
  T A B L E  III -  12.  M O I S T U R E  R E L A T E D  S T A T I S T I C A L  P A R A M E T E R S
                                  December
 STATION =   912450     WAKE ISLAND
      Z VAPOR P   SD VP SKEW VP      TV      TV SKEW TV DEWPT T  SD DPT SKW DPT NOBS TP NOBS TV   
           MEAN                    MEAN      SD            MEAN                                   
     KM      MB      MB          KELVIN  KELVIN          KELVIN  KELVIN                           
  0.000  16.000   6.000    0.00  291.00    6.00    0.00  290.00    7.00    0.00     100     100
  0.005  25.191   3.415   -0.29  302.27    1.56    0.07  294.23    2.29   -0.67     663     663
  0.500  21.694   3.413   -1.61  297.40    1.22   -0.46  291.87    2.43   -1.13     660     660
  1.000  17.117   2.911   -0.80  293.47    1.49   -0.39  288.03    2.82   -1.37     662     662
  1.500  12.530   4.096   -0.67  290.50    2.09   -0.48  282.54    6.22   -1.59     661     661
  2.000   7.659   4.441    0.39  289.02    2.22   -0.86  273.92    9.02   -0.20     662     662
  2.500   4.779   3.336    1.18  287.40    2.08   -0.99  267.30    8.57    0.45     661     661
  3.000   3.372   2.459    1.71  285.28    1.75   -0.85  262.88    7.84    0.78     663     663
  3.500   2.538   1.963    2.03  282.69    1.71   -0.86  259.33    7.55    0.98     661     661
  4.000   1.959   1.569    2.38  279.99    1.68   -0.73  256.18    7.25    1.11     662     662
  4.500   1.501   1.241    2.59  277.09    1.74   -0.47  252.97    7.16    1.10     662     662
  5.000   1.188   1.020    2.59  274.19    1.80   -0.28  250.14    7.20    1.12     662     662
  5.500   0.896   0.796    2.79  271.15    1.74   -0.19  246.93    7.11    1.12     661     661
  6.000   0.674   0.608    2.92  268.05    1.68   -0.23  243.74    7.13    1.00     660     660
  6.500   0.518   0.456    2.88  264.83    1.58   -0.33  240.99    7.01    0.85     660     660
  7.000   0.394   0.347    2.89  261.50    1.57   -0.41  238.09    7.05    0.72     659     659
  7.500   0.296   0.258    2.62  258.01    1.62   -0.47  235.07    7.22    0.52     659     659
  8.000   0.201   0.213    2.06  254.52    1.65   -0.52  234.17    6.99    0.16     503     503
  8.500   0.143   0.154    1.75  250.95    1.67   -0.59  231.59    6.87   -0.07     472     472
  9.000   0.101   0.106    1.24  247.33    1.64   -0.64  229.54    6.05   -0.37     435     435
  9.500   0.071   0.075    1.04  243.60    1.61   -0.60  227.14    5.45   -0.61     410     410
 10.000   0.049   0.052    0.83  239.80    1.59   -0.41  225.51    3.58   -0.03     361     361
 10.500   0.032   0.036    0.80  235.94    1.57   -0.30  222.45    3.07    0.50     339     339
 11.000   0.013   0.021    1.43  232.11    1.58   -0.35  219.05    3.01    0.43     211     211
 11.500 999.900 999.900  999.90  228.25    1.49   -0.24  217.49    2.24    0.27      56      56
 12.000 999.900 999.900  999.90  224.37    1.44   -0.07  216.39    1.22   -0.60      17      17
 12.500 999.900 999.900  999.90  220.54    1.43    0.24  999.90  999.90  999.90       0       0
 13.000 999.900 999.900  999.90  216.76    1.40    0.35  999.90  999.90  999.90       0       0
 13.500 999.900 999.900  999.90  212.98    1.46    0.34  999.90  999.90  999.90       0       0
 14.000 999.900 999.900  999.90  209.26    1.52    0.35  999.90  999.90  999.90       0       0
 14.500 999.900 999.900  999.90  205.75    1.61    0.44  999.90  999.90  999.90       0       0
 15.000 999.900 999.900  999.90  202.38    1.70    0.44  999.90  999.90  999.90       0       0
 15.500 999.900 999.900  999.90  199.20    1.83    0.42  999.90  999.90  999.90       0       0
 16.000 999.900 999.900  999.90  196.32    2.00    0.45  999.90  999.90  999.90       0       0
 16.500 999.900 999.900  999.90  193.84    2.14    0.46  999.90  999.90  999.90       0       0
 17.000 999.900 999.900  999.90  192.27    2.33    0.38  999.90  999.90  999.90       0       0
 17.500 999.900 999.900  999.90  191.63    2.40    0.32  999.90  999.90  999.90       0       0
 18.000 999.900 999.900  999.90  192.29    2.52    0.22  999.90  999.90  999.90       0       0
 18.500 999.900 999.900  999.90  194.25    2.69    0.02  999.90  999.90  999.90       0       0
 19.000 999.900 999.900  999.90  197.27    2.95   -0.02  999.90  999.90  999.90       0       0
 19.500 999.900 999.900  999.90  200.45    3.05   -0.14  999.90  999.90  999.90       0       0
 20.000 999.900 999.900  999.90  203.69    2.75   -0.27  999.90  999.90  999.90       0       0
 20.500 999.900 999.900  999.90  206.57    2.60   -0.48  999.90  999.90  999.90       0       0
 21.000 999.900 999.900  999.90  208.80    2.56   -0.31  999.90  999.90  999.90       0       0
 21.500 999.900 999.900  999.90  210.67    2.59   -0.24  999.90  999.90  999.90       0       0
 22.000 999.900 999.900  999.90  212.35    2.61   -0.30  999.90  999.90  999.90       0       0
 22.500 999.900 999.900  999.90  213.79    2.53   -0.24  999.90  999.90  999.90       0       0
 23.000 999.900 999.900  999.90  215.10    2.57   -0.17  999.90  999.90  999.90       0       0
 23.500 999.900 999.900  999.90  216.33    2.68   -0.13  999.90  999.90  999.90       0       0
 24.000 999.900 999.900  999.90  217.48    2.83   -0.14  999.90  999.90  999.90       0       0
 24.500 999.900 999.900  999.90  218.54    2.89   -0.25  999.90  999.90  999.90       0       0
 25.000 999.900 999.900  999.90  219.57    3.11   -0.23  999.90  999.90  999.90       0       0
 25.500 999.900 999.900  999.90  220.46    3.27   -0.31  999.90  999.90  999.90       0       0
 26.000 999.900 999.900  999.90  221.28    3.36   -0.38  999.90  999.90  999.90       0       0
 26.500 999.900 999.900  999.90  222.20    3.46   -0.59  999.90  999.90  999.90       0       0
 27.000 999.900 999.900  999.90  223.05    3.37   -0.50  999.90  999.90  999.90       0       0
 27.500 999.900 999.900  999.90  224.00    3.28   -0.48  999.90  999.90  999.90       0       0
 28.000 999.900 999.900  999.90  224.91    3.24   -0.41  999.90  999.90  999.90       0       0
 28.500 999.900 999.900  999.90  225.68    3.31   -0.46  999.90  999.90  999.90       0       0
 29.000 999.900 999.900  999.90  226.38    3.43   -0.31  999.90  999.90  999.90       0       0
 29.500 999.900 999.900  999.90  227.21    3.64   -0.25  999.90  999.90  999.90       0       0
 30.000 999.900 999.900  999.90  227.92    3.68   -0.30  999.90  999.90  999.90       0       0
  T A B L E  III -  13.  M O I S T U R E  R E L A T E D  S T A T I S T I C A L  P A R A M E T E R S
                                    Annual
 STATION =   912450     WAKE ISLAND
      Z VAPOR P   SD VP SKEW VP      TV      TV SKEW TV DEWPT T  SD DPT SKW DPT NOBS TP NOBS TV   
           MEAN                    MEAN      SD            MEAN                                   
     KM      MB      MB          KELVIN  KELVIN          KELVIN  KELVIN                           
  0.000  16.000   6.000    0.00  291.00    6.00    0.00  290.00    7.00    0.00     100     100
  0.005  26.741   3.851   -0.70  303.17    2.24   -0.06  295.19    2.49   -1.03    7786    7786
  0.500  23.348   3.622   -0.94  298.20    1.95   -0.44  292.98    2.61   -1.09    7778    7778
  1.000  18.098   3.095   -0.65  294.33    2.09   -0.58  288.89    2.84   -1.13    7781    7781
  1.500  14.065   3.574   -0.99  291.20    2.19   -0.83  284.65    4.88   -2.16    7775    7775
  2.000  10.009   4.242   -0.44  288.88    2.05   -1.01  278.47    8.12   -1.14    7783    7783
  2.500   6.761   3.834    0.16  286.79    1.79   -0.66  272.05    9.35   -0.42    7781    7781
  3.000   4.736   3.052    0.56  284.45    1.63   -0.47  266.97    9.27   -0.05    7778    7778
  3.500   3.427   2.409    0.91  281.85    1.61   -0.37  262.65    9.02    0.21    7776    7776
  4.000   2.587   1.939    1.14  279.07    1.64   -0.21  259.00    8.84    0.38    7776    7776
  4.500   1.967   1.568    1.36  276.20    1.69   -0.13  255.52    8.74    0.50    7778    7778
  5.000   1.502   1.269    1.57  273.28    1.72   -0.15  252.18    8.67    0.60    7779    7779
  5.500   1.157   1.018    1.68  270.26    1.74   -0.24  249.04    8.68    0.61    7774    7774
  6.000   0.892   0.808    1.70  267.16    1.77   -0.31  245.92    8.82    0.55    7771    7771
  6.500   0.670   0.627    1.84  263.98    1.82   -0.46  242.75    8.67    0.58    7770    7770
  7.000   0.498   0.474    1.88  260.71    1.87   -0.55  239.51    8.65    0.53    7771    7771
  7.500   0.374   0.361    1.84  257.33    1.92   -0.60  236.35    8.82    0.43    7765    7765
  8.000   0.254   0.278    1.67  253.86    1.98   -0.59  235.13    8.39    0.15    6217    6217
  8.500   0.181   0.202    1.63  250.28    2.02   -0.61  232.62    8.03    0.02    5829    5829
  9.000   0.127   0.142    1.49  246.60    2.05   -0.61  230.64    7.14   -0.15    5346    5346
  9.500   0.090   0.098    1.34  242.84    2.05   -0.60  228.47    6.07   -0.27    5059    5059
 10.000   0.059   0.066    1.14  239.03    2.03   -0.54  226.67    4.30    0.28    4374    4374
 10.500   0.034   0.043    1.23  235.17    1.98   -0.50  223.47    3.84    0.42    3652    3652
 11.000   0.012   0.023    2.17  231.32    1.96   -0.41  220.07    3.44    0.53    1873    1873
 11.500 999.900 999.900  999.90  227.43    1.89   -0.34  217.92    2.52    0.58     616     616
 12.000 999.900 999.900  999.90  223.53    1.86   -0.30  216.54    1.89    0.30     166     166
 12.500 999.900 999.900  999.90  219.68    1.86   -0.19  214.43    0.86    1.32      59      59
 13.000 999.900 999.900  999.90  215.95    1.83   -0.14  999.90  999.90  999.90       0       0
 13.500 999.900 999.900  999.90  212.27    1.84   -0.08  999.90  999.90  999.90       0       0
 14.000 999.900 999.900  999.90  208.74    1.89    0.01  999.90  999.90  999.90       0       0
 14.500 999.900 999.900  999.90  205.51    1.97    0.14  999.90  999.90  999.90       0       0
 15.000 999.900 999.900  999.90  202.61    2.08    0.30  999.90  999.90  999.90       0       0
 15.500 999.900 999.900  999.90  200.06    2.33    0.42  999.90  999.90  999.90       0       0
 16.000 999.900 999.900  999.90  198.01    2.79    0.42  999.90  999.90  999.90       0       0
 16.500 999.900 999.900  999.90  196.64    3.46    0.35  999.90  999.90  999.90       0       0
 17.000 999.900 999.900  999.90  196.09    4.22    0.29  999.90  999.90  999.90       0       0
 17.500 999.900 999.900  999.90  196.30    4.78    0.24  999.90  999.90  999.90       0       0
 18.000 999.900 999.900  999.90  197.39    5.01    0.16  999.90  999.90  999.90       0       0
 18.500 999.900 999.900  999.90  199.23    4.88    0.04  999.90  999.90  999.90       0       0
 19.000 999.900 999.900  999.90  201.58    4.43   -0.09  999.90  999.90  999.90       0       0
 19.500 999.900 999.900  999.90  204.00    3.88   -0.24  999.90  999.90  999.90       0       0
 20.000 999.900 999.900  999.90  206.37    3.32   -0.33  999.90  999.90  999.90       0       0
 20.500 999.900 999.900  999.90  208.46    2.89   -0.38  999.90  999.90  999.90       0       0
 21.000 999.900 999.900  999.90  210.24    2.68   -0.32  999.90  999.90  999.90       0       0
 21.500 999.900 999.900  999.90  211.77    2.58   -0.29  999.90  999.90  999.90       0       0
 22.000 999.900 999.900  999.90  213.18    2.58   -0.28  999.90  999.90  999.90       0       0
 22.500 999.900 999.900  999.90  214.50    2.57   -0.27  999.90  999.90  999.90       0       0
 23.000 999.900 999.900  999.90  215.77    2.59   -0.30  999.90  999.90  999.90       0       0
 23.500 999.900 999.900  999.90  217.02    2.62   -0.30  999.90  999.90  999.90       0       0
 24.000 999.900 999.900  999.90  218.24    2.67   -0.29  999.90  999.90  999.90       0       0
 24.500 999.900 999.900  999.90  219.34    2.64   -0.31  999.90  999.90  999.90       0       0
 25.000 999.900 999.900  999.90  220.41    2.68   -0.29  999.90  999.90  999.90       0       0
 25.500 999.900 999.900  999.90  221.46    2.72   -0.31  999.90  999.90  999.90       0       0
 26.000 999.900 999.900  999.90  222.49    2.75   -0.30  999.90  999.90  999.90       0       0
 26.500 999.900 999.900  999.90  223.51    2.79   -0.35  999.90  999.90  999.90       0       0
 27.000 999.900 999.900  999.90  224.44    2.85   -0.25  999.90  999.90  999.90       0       0
 27.500 999.900 999.900  999.90  225.38    2.89   -0.22  999.90  999.90  999.90       0       0
 28.000 999.900 999.900  999.90  226.27    2.95   -0.22  999.90  999.90  999.90       0       0
 28.500 999.900 999.900  999.90  227.12    3.02   -0.31  999.90  999.90  999.90       0       0
 29.000 999.900 999.900  999.90  227.95    3.08   -0.38  999.90  999.90  999.90       0       0
 29.500 999.900 999.900  999.90  228.77    3.14   -0.43  999.90  999.90  999.90       0       0
 30.000 999.900 999.900  999.90  229.54    3.23   -0.43  999.90  999.90  999.90       0       0
