                 19.28N  166.65E                                      
  T A B L E  III - 13.  M O I S T U R E  R E L A T E D  S T A T I S T I C A L  P A R A M E T E R S
                                              ANNUAL    
 STATION =   912450     WAKE ISLAND                   
      Z VAPOR P   SD VP SKEW VP      TV      TV SKEW TV DEWPT T  SD DPT SKW DPT NOBS TP NOBS TV
           MEAN                    MEAN      SD            MEAN
     KM      MB      MB           DEG K   DEG K           DEG K   DEG K
   .000  27.096   3.786    -.76  303.18    2.41   -1.90  295.43    2.36    -.98   9904.   9928.   9888.
   .005  27.053   3.723    -.61  303.19    2.16    -.17  295.41    2.37    -.98   9948.   9962.   9941.
  1.000  17.536   3.121    -.60  294.23    1.99    -.51  288.40    2.95   -1.16   9927.   9928.   9903.
  2.000   9.555   4.178    -.41  288.62    1.95    -.79  277.68    8.39   -1.09   9924.   9924.   9920.
  3.000   4.456   3.039     .56  284.03    1.68    -.36  265.83    9.76     .03   9924.   9924.   9924.
  4.000   2.341   1.909    1.20  278.63    1.71    -.26  257.38    9.24     .55   9928.   9928.   9928.
  5.000   1.314   1.241    1.68  272.78    1.80    -.28  250.19    9.06     .85   9913.   9931.   9931.
  6.000    .752    .795    1.86  266.64    1.88    -.41  243.43    9.25     .94   9877.   9901.   9901.
  7.000    .405    .461    2.05  260.11    1.96    -.53  236.67    9.08    1.00   9836.   9870.   9870.
  8.000    .211    .258    2.06  253.19    2.08    -.54  229.70    9.22     .97   9791.   9820.   9820.
  9.000    .102    .129    1.99  245.86    2.13    -.50  222.54    9.26     .89   9773.   9794.   9794.
 10.000    .048    .060    1.73  238.46    1.91    -.10  215.37    9.47     .77   8893.   8903.   8903.
 11.000    .030    .033    1.25  234.00     .81     .08  211.97    9.43     .45    562.    563.    563.
 12.000    .000    .000     .00  222.74    1.99    -.23     .00     .00     .00      0.      0.      0.
 13.000    .000    .000     .00  215.18    1.97    -.14     .00     .00     .00      0.      0.      0.
 14.000    .000    .000     .00  208.04    2.05    -.01     .00     .00     .00      0.      0.      0.
 15.000    .000    .000     .00  202.17    2.22     .41     .00     .00     .00      0.      0.      0.
 16.000    .000    .000     .00  197.91    3.05     .56     .00     .00     .00      0.      0.      0.
 17.000    .000    .000     .00  196.35    4.53     .22     .00     .00     .00      0.      0.      0.
 18.000    .000    .000     .00  197.96    5.24     .04     .00     .00     .00      0.      0.      0.
 19.000    .000    .000     .00  202.42    4.44    -.17     .00     .00     .00      0.      0.      0.
 20.000    .000    .000     .00  207.19    3.20    -.38     .00     .00     .00      0.      0.      0.
 21.000    .000    .000     .00  210.95    2.56    -.36     .00     .00     .00      0.      0.      0.
 22.000    .000    .000     .00  213.85    2.47    -.30     .00     .00     .00      0.      0.      0.
 23.000    .000    .000     .00  216.46    2.47    -.36     .00     .00     .00      0.      0.      0.
 24.000    .000    .000     .00  218.91    2.50    -.27     .00     .00     .00      0.      0.      0.
 25.000    .000    .000     .00  221.02    2.51    -.20     .00     .00     .00      0.      0.      0.
 26.000    .000    .000     .00  223.08    2.58    -.23     .00     .00     .00      0.      0.      0.
 27.000    .000    .000     .00  225.01    2.67    -.23     .00     .00     .00      0.      0.      0.
 28.000    .000    .000     .00  226.77    2.83    -.23     .00     .00     .00      0.      0.      0.
 29.000    .000    .000     .00  228.47    2.99    -.26     .00     .00     .00      0.      0.      0.
 30.000    .000    .000     .00  230.08    3.12    -.30     .00     .00     .00      0.      0.      0.
  T A B L E  III -  1.  M O I S T U R E  R E L A T E D  S T A T I S T I C A L  P A R A M E T E R S
                                              JANUARY   
 STATION =   912450     WAKE ISLAND                   
      Z VAPOR P   SD VP SKEW VP      TV      TV SKEW TV DEWPT T  SD DPT SKW DPT NOBS TP NOBS TV
           MEAN                    MEAN      SD            MEAN
     KM      MB      MB           DEG K   DEG K           DEG K   DEG K
   .000  23.602   3.591    -.57  301.18    1.64    -.27  293.16    2.56    -.93    846.    845.    845.
   .005  23.539   3.588    -.57  301.16    1.63    -.26  293.12    2.57    -.92    846.    845.    845.
  1.000  15.530   2.888    -.56  292.15    1.72    -.33  286.47    3.14   -1.47    844.    844.    843.
  2.000   7.045   4.267     .29  287.63    2.39    -.67  272.39    9.67    -.23    845.    845.    845.
  3.000   2.813   2.330    1.80  284.17    1.89    -.44  260.21    8.17    1.08    845.    845.    845.
  4.000   1.532   1.383    2.73  279.18    1.73    -.37  253.12    7.07    1.65    842.    842.    842.
  5.000    .875    .834    3.28  273.37    1.71    -.29  246.86    6.57    1.90    841.    842.    842.
  6.000    .487    .474    3.09  267.19    1.84    -.37  240.56    6.69    1.84    836.    841.    841.
  7.000    .249    .222    3.02  260.83    1.96    -.60  234.30    6.53    1.83    825.    838.    838.
  8.000    .135    .144    3.27  254.27    1.98    -.91  227.70    6.49    1.69    833.    838.    838.
  9.000    .062    .066    2.97  247.15    1.85    -.87  220.61    6.48    1.54    828.    835.    835.
 10.000    .032    .041    2.66  239.79    1.60    -.50  213.78    7.18    1.32    802.    803.    803.
 11.000    .025    .025    1.27  234.15     .91    1.22  211.38    8.46     .34    126.    126.    126.
 12.000    .000    .000     .00  224.36    1.47    -.31     .00     .00     .00      0.      0.      0.
 13.000    .000    .000     .00  216.57    1.50    -.26     .00     .00     .00      0.      0.      0.
 14.000    .000    .000     .00  208.89    1.64    -.08     .00     .00     .00      0.      0.      0.
 15.000    .000    .000     .00  201.77    1.65    -.06     .00     .00     .00      0.      0.      0.
 16.000    .000    .000     .00  195.49    1.85     .02     .00     .00     .00      0.      0.      0.
 17.000    .000    .000     .00  191.45    2.35     .16     .00     .00     .00      0.      0.      0.
 18.000    .000    .000     .00  192.02    2.80     .18     .00     .00     .00      0.      0.      0.
 19.000    .000    .000     .00  197.93    2.83     .09     .00     .00     .00      0.      0.      0.
 20.000    .000    .000     .00  204.51    2.65    -.17     .00     .00     .00      0.      0.      0.
 21.000    .000    .000     .00  209.04    2.35     .20     .00     .00     .00      0.      0.      0.
 22.000    .000    .000     .00  212.22    2.43     .21     .00     .00     .00      0.      0.      0.
 23.000    .000    .000     .00  214.79    2.46    -.05     .00     .00     .00      0.      0.      0.
 24.000    .000    .000     .00  217.01    2.46    -.07     .00     .00     .00      0.      0.      0.
 25.000    .000    .000     .00  218.97    2.40    -.15     .00     .00     .00      0.      0.      0.
 26.000    .000    .000     .00  220.93    2.39    -.02     .00     .00     .00      0.      0.      0.
 27.000    .000    .000     .00  222.66    2.35     .14     .00     .00     .00      0.      0.      0.
 28.000    .000    .000     .00  224.29    2.44     .32     .00     .00     .00      0.      0.      0.
 29.000    .000    .000     .00  225.86    2.60     .03     .00     .00     .00      0.      0.      0.
 30.000    .000    .000     .00  227.48    2.79     .04     .00     .00     .00      0.      0.      0.
  T A B L E  III -  2.  M O I S T U R E  R E L A T E D  S T A T I S T I C A L  P A R A M E T E R S
                                              FEBRUARY  
 STATION =   912450     WAKE ISLAND                   
      Z VAPOR P   SD VP SKEW VP      TV      TV SKEW TV DEWPT T  SD DPT SKW DPT NOBS TP NOBS TV
           MEAN                    MEAN      SD            MEAN
     KM      MB      MB           DEG K   DEG K           DEG K   DEG K
   .000  23.328   3.305    -.86  300.97    1.64    -.11  293.03    2.26    -.79    768.    767.    765.
   .005  23.281   3.234    -.69  300.93    1.63    -.10  292.99    2.27    -.79    768.    768.    766.
  1.000  15.180   2.715    -.56  291.93    1.51    -.45  286.13    3.00   -1.20    767.    767.    767.
  2.000   7.272   3.919     .04  286.80    2.03    -.24  273.21    9.21    -.55    768.    768.    768.
  3.000   2.747   2.340    1.82  283.33    1.92     .04  259.82    8.25    1.14    767.    767.    767.
  4.000   1.342   1.106    3.16  278.44    2.10    -.24  252.07    6.22    1.77    767.    767.    767.
  5.000    .691    .439    2.78  272.70    2.29    -.34  245.60    5.81    1.81    755.    767.    767.
  6.000    .399    .304    3.17  266.60    2.41    -.60  239.39    5.92    1.76    755.    764.    764.
  7.000    .212    .158    2.89  260.24    2.42    -.88  233.13    5.93    1.62    751.    763.    763.
  8.000    .104    .081    2.73  253.61    2.50   -1.38  226.35    5.78    1.53    751.    762.    762.
  9.000    .054    .056    3.11  246.60    2.39   -1.71  219.58    6.01    1.45    756.    760.    760.
 10.000    .026    .030    2.43  239.57    1.54    -.66  212.80    6.37    1.50    704.    706.    706.
 11.000    .015    .017    1.95  234.13     .69    1.01  208.18    7.18    1.40     79.     80.     80.
 12.000    .000    .000     .00  224.16    1.44    -.24     .00     .00     .00      0.      0.      0.
 13.000    .000    .000     .00  216.37    1.37     .25     .00     .00     .00      0.      0.      0.
 14.000    .000    .000     .00  208.70    1.43     .55     .00     .00     .00      0.      0.      0.
 15.000    .000    .000     .00  201.65    1.53     .51     .00     .00     .00      0.      0.      0.
 16.000    .000    .000     .00  195.59    1.79     .63     .00     .00     .00      0.      0.      0.
 17.000    .000    .000     .00  192.26    2.44     .47     .00     .00     .00      0.      0.      0.
 18.000    .000    .000     .00  193.20    2.56    -.06     .00     .00     .00      0.      0.      0.
 19.000    .000    .000     .00  198.26    2.62     .02     .00     .00     .00      0.      0.      0.
 20.000    .000    .000     .00  204.15    2.59     .06     .00     .00     .00      0.      0.      0.
 21.000    .000    .000     .00  208.34    2.53     .10     .00     .00     .00      0.      0.      0.
 22.000    .000    .000     .00  211.44    2.57     .00     .00     .00     .00      0.      0.      0.
 23.000    .000    .000     .00  214.16    2.50    -.19     .00     .00     .00      0.      0.      0.
 24.000    .000    .000     .00  216.77    2.29    -.20     .00     .00     .00      0.      0.      0.
 25.000    .000    .000     .00  218.95    2.25    -.14     .00     .00     .00      0.      0.      0.
 26.000    .000    .000     .00  221.15    2.30    -.36     .00     .00     .00      0.      0.      0.
 27.000    .000    .000     .00  223.24    2.45    -.33     .00     .00     .00      0.      0.      0.
 28.000    .000    .000     .00  225.05    2.67    -.08     .00     .00     .00      0.      0.      0.
 29.000    .000    .000     .00  226.90    3.00     .14     .00     .00     .00      0.      0.      0.
 30.000    .000    .000     .00  228.59    3.12     .17     .00     .00     .00      0.      0.      0.
  T A B L E  III -  3.  M O I S T U R E  R E L A T E D  S T A T I S T I C A L  P A R A M E T E R S
                                              MARCH     
 STATION =   912450     WAKE ISLAND                   
      Z VAPOR P   SD VP SKEW VP      TV      TV SKEW TV DEWPT T  SD DPT SKW DPT NOBS TP NOBS TV
           MEAN                    MEAN      SD            MEAN
     KM      MB      MB           DEG K   DEG K           DEG K   DEG K
   .000  24.623   3.035   -1.18  301.53    1.54    -.35  293.94    1.94   -1.00    850.    849.    846.
   .005  24.582   2.967    -.99  301.50    1.53    -.35  293.91    1.95   -1.00    854.    854.    851.
  1.000  15.743   2.684   -1.01  292.48    1.33    -.78  286.83    2.61   -1.09    845.    845.    839.
  2.000   7.736   3.872    -.05  286.97    1.57    -.45  274.35    8.77    -.71    849.    849.    849.
  3.000   3.074   2.495    1.35  282.84    1.75    -.42  260.99    8.97     .74    849.    849.    849.
  4.000   1.502   1.337    2.38  277.86    2.03    -.26  252.74    7.40    1.40    849.    849.    849.
  5.000    .757    .640    3.19  272.35    2.20    -.28  245.71    6.26    1.78    848.    852.    852.
  6.000    .428    .386    3.13  266.29    2.38    -.35  239.41    6.30    1.68    849.    852.    852.
  7.000    .218    .185    2.98  259.87    2.34    -.52  232.96    6.09    1.64    836.    844.    844.
  8.000    .114    .105    2.72  253.22    2.38    -.69  226.56    6.34    1.55    831.    839.    839.
  9.000    .056    .054    2.22  246.27    2.37   -1.00  219.98    6.56    1.33    829.    838.    838.
 10.000    .028    .033    2.36  239.25    1.84    -.55  213.20    7.07    1.29    744.    750.    750.
 11.000    .018    .024    2.38  233.86     .60     .80  209.31    7.71     .93     75.     75.     75.
 12.000    .000    .000     .00  224.04    1.49    -.17     .00     .00     .00      0.      0.      0.
 13.000    .000    .000     .00  216.38    1.45     .04     .00     .00     .00      0.      0.      0.
 14.000    .000    .000     .00  208.86    1.57     .20     .00     .00     .00      0.      0.      0.
 15.000    .000    .000     .00  202.15    1.68     .41     .00     .00     .00      0.      0.      0.
 16.000    .000    .000     .00  196.32    2.04     .41     .00     .00     .00      0.      0.      0.
 17.000    .000    .000     .00  192.91    2.53     .34     .00     .00     .00      0.      0.      0.
 18.000    .000    .000     .00  193.67    2.70     .13     .00     .00     .00      0.      0.      0.
 19.000    .000    .000     .00  198.54    2.69     .12     .00     .00     .00      0.      0.      0.
 20.000    .000    .000     .00  204.26    2.46    -.07     .00     .00     .00      0.      0.      0.
 21.000    .000    .000     .00  208.82    2.24     .13     .00     .00     .00      0.      0.      0.
 22.000    .000    .000     .00  211.98    2.34     .06     .00     .00     .00      0.      0.      0.
 23.000    .000    .000     .00  214.82    2.49     .06     .00     .00     .00      0.      0.      0.
 24.000    .000    .000     .00  217.52    2.49     .16     .00     .00     .00      0.      0.      0.
 25.000    .000    .000     .00  219.85    2.37     .22     .00     .00     .00      0.      0.      0.
 26.000    .000    .000     .00  222.11    2.32     .03     .00     .00     .00      0.      0.      0.
 27.000    .000    .000     .00  224.42    2.45    -.06     .00     .00     .00      0.      0.      0.
 28.000    .000    .000     .00  226.58    2.74     .03     .00     .00     .00      0.      0.      0.
 29.000    .000    .000     .00  228.63    3.01     .10     .00     .00     .00      0.      0.      0.
 30.000    .000    .000     .00  230.48    3.23    -.08     .00     .00     .00      0.      0.      0.
  T A B L E  III -  4.  M O I S T U R E  R E L A T E D  S T A T I S T I C A L  P A R A M E T E R S
                                              APRIL     
 STATION =   912450     WAKE ISLAND                   
      Z VAPOR P   SD VP SKEW VP      TV      TV SKEW TV DEWPT T  SD DPT SKW DPT NOBS TP NOBS TV
           MEAN                    MEAN      SD            MEAN
     KM      MB      MB           DEG K   DEG K           DEG K   DEG K
   .000  25.253   2.820    -.86  301.96    1.63    -.23  294.30    1.93   -1.25    821.    821.    821.
   .005  25.180   2.812    -.85  301.92    1.63    -.22  294.27    1.93   -1.25    824.    824.    824.
  1.000  16.194   2.632    -.78  292.86    1.30    -.58  287.18    2.71   -1.28    823.    823.    822.
  2.000   8.303   3.893    -.19  287.19    1.54    -.65  275.52    8.53    -.89    824.    824.    824.
  3.000   3.361   2.736    1.12  282.76    1.46    -.33  261.81    9.62     .58    822.    822.    822.
  4.000   1.617   1.518    2.13  277.68    1.64    -.21  253.18    8.05    1.33    825.    825.    825.
  5.000    .887    .926    2.71  271.90    1.76    -.18  246.29    7.48    1.68    825.    825.    825.
  6.000    .479    .547    2.95  265.56    1.83    -.37  239.40    7.39    1.74    823.    823.    823.
  7.000    .245    .321    3.39  258.69    1.95    -.34  232.31    7.24    1.88    820.    820.    820.
  8.000    .128    .176    2.97  251.49    2.03    -.23  225.54    7.69    1.62    815.    815.    815.
  9.000    .063    .092    2.62  244.06    2.10    -.01  218.49    8.17    1.46    814.    814.    814.
 10.000    .031    .047    2.23  237.22    1.90     .27  211.81    8.51    1.37    669.    669.    669.
 11.000    .035    .030     .85  233.65     .57    1.38  214.99    9.13    -.43     11.     11.     11.
 12.000    .000    .000     .00  222.33    2.16    -.41     .00     .00     .00      0.      0.      0.
 13.000    .000    .000     .00  215.48    1.92    -.29     .00     .00     .00      0.      0.      0.
 14.000    .000    .000     .00  208.94    1.99    -.09     .00     .00     .00      0.      0.      0.
 15.000    .000    .000     .00  203.21    2.29     .14     .00     .00     .00      0.      0.      0.
 16.000    .000    .000     .00  198.39    2.69     .43     .00     .00     .00      0.      0.      0.
 17.000    .000    .000     .00  195.68    2.75     .00     .00     .00     .00      0.      0.      0.
 18.000    .000    .000     .00  196.03    2.92     .32     .00     .00     .00      0.      0.      0.
 19.000    .000    .000     .00  200.58    2.72     .15     .00     .00     .00      0.      0.      0.
 20.000    .000    .000     .00  206.32    2.59     .09     .00     .00     .00      0.      0.      0.
 21.000    .000    .000     .00  210.61    2.09    -.01     .00     .00     .00      0.      0.      0.
 22.000    .000    .000     .00  213.78    2.11    -.05     .00     .00     .00      0.      0.      0.
 23.000    .000    .000     .00  216.66    2.21    -.18     .00     .00     .00      0.      0.      0.
 24.000    .000    .000     .00  219.39    2.20    -.11     .00     .00     .00      0.      0.      0.
 25.000    .000    .000     .00  221.83    2.21     .15     .00     .00     .00      0.      0.      0.
 26.000    .000    .000     .00  224.31    2.12     .59     .00     .00     .00      0.      0.      0.
 27.000    .000    .000     .00  226.64    2.33     .54     .00     .00     .00      0.      0.      0.
 28.000    .000    .000     .00  228.71    2.43     .20     .00     .00     .00      0.      0.      0.
 29.000    .000    .000     .00  230.73    2.38    -.01     .00     .00     .00      0.      0.      0.
 30.000    .000    .000     .00  232.57    2.30    -.23     .00     .00     .00      0.      0.      0.
  T A B L E  III -  5.  M O I S T U R E  R E L A T E D  S T A T I S T I C A L  P A R A M E T E R S
                                              MAY       
 STATION =   912450     WAKE ISLAND                   
      Z VAPOR P   SD VP SKEW VP      TV      TV SKEW TV DEWPT T  SD DPT SKW DPT NOBS TP NOBS TV
           MEAN                    MEAN      SD            MEAN
     KM      MB      MB           DEG K   DEG K           DEG K   DEG K
   .000  26.770   2.540    -.51  302.84    3.00   -5.39  295.28    1.61    -.85    839.    853.    839.
   .005  26.692   2.539    -.50  303.07    1.65     .09  295.25    1.61    -.84    849.    853.    849.
  1.000  17.170   2.707   -1.07  293.98    1.17    -.41  288.12    2.64   -1.57    848.    848.    846.
  2.000   9.516   3.683    -.45  288.20    1.31    -.73  278.06    7.24   -1.25    845.    845.    845.
  3.000   4.155   2.754     .63  283.43    1.35    -.02  265.17    9.26     .04    847.    847.    847.
  4.000   1.919   1.565    1.58  278.29    1.47     .00  255.41    8.25     .82    848.    848.    848.
  5.000   1.047    .986    2.08  272.43    1.59    -.03  248.10    7.97    1.18    850.    850.    850.
  6.000    .558    .606    2.49  266.23    1.70    -.06  240.83    7.89    1.42    850.    850.    850.
  7.000    .318    .378    2.43  259.48    1.79    -.12  234.50    8.20    1.35    850.    850.    850.
  8.000    .165    .218    2.42  252.38    1.86    -.15  227.42    8.49    1.36    844.    844.    844.
  9.000    .080    .113    2.28  244.84    1.87    -.10  220.12    8.83    1.26    839.    839.    839.
 10.000    .038    .056    2.03  237.25    1.70     .12  212.85    9.34    1.16    750.    750.    750.
 11.000    .000    .000     .00  229.29    1.79    -.04     .00     .00     .00      5.      0.      5.
 12.000    .000    .000     .00  221.62    1.77    -.02     .00     .00     .00      0.      0.      0.
 13.000    .000    .000     .00  214.34    1.89     .27     .00     .00     .00      0.      0.      0.
 14.000    .000    .000     .00  207.74    2.19     .35     .00     .00     .00      0.      0.      0.
 15.000    .000    .000     .00  202.60    2.42     .19     .00     .00     .00      0.      0.      0.
 16.000    .000    .000     .00  198.95    2.45     .02     .00     .00     .00      0.      0.      0.
 17.000    .000    .000     .00  197.51    2.66    -.10     .00     .00     .00      0.      0.      0.
 18.000    .000    .000     .00  199.15    2.85    -.16     .00     .00     .00      0.      0.      0.
 19.000    .000    .000     .00  203.90    2.69    -.38     .00     .00     .00      0.      0.      0.
 20.000    .000    .000     .00  208.66    2.02    -.20     .00     .00     .00      0.      0.      0.
 21.000    .000    .000     .00  212.08    1.75    -.03     .00     .00     .00      0.      0.      0.
 22.000    .000    .000     .00  214.98    1.87     .01     .00     .00     .00      0.      0.      0.
 23.000    .000    .000     .00  217.80    1.82     .01     .00     .00     .00      0.      0.      0.
 24.000    .000    .000     .00  220.42    1.82    -.11     .00     .00     .00      0.      0.      0.
 25.000    .000    .000     .00  222.76    1.83     .06     .00     .00     .00      0.      0.      0.
 26.000    .000    .000     .00  225.04    1.78     .05     .00     .00     .00      0.      0.      0.
 27.000    .000    .000     .00  227.13    1.82     .12     .00     .00     .00      0.      0.      0.
 28.000    .000    .000     .00  229.07    1.98     .09     .00     .00     .00      0.      0.      0.
 29.000    .000    .000     .00  230.80    2.12    -.31     .00     .00     .00      0.      0.      0.
 30.000    .000    .000     .00  232.40    2.15    -.20     .00     .00     .00      0.      0.      0.
  T A B L E  III -  6.  M O I S T U R E  R E L A T E D  S T A T I S T I C A L  P A R A M E T E R S
                                              JUNE      
 STATION =   912450     WAKE ISLAND                   
      Z VAPOR P   SD VP SKEW VP      TV      TV SKEW TV DEWPT T  SD DPT SKW DPT NOBS TP NOBS TV
           MEAN                    MEAN      SD            MEAN
     KM      MB      MB           DEG K   DEG K           DEG K   DEG K
   .000  28.271   2.028    -.11  303.84    3.00   -5.95  296.21    1.19    -.30    793.    804.    793.
   .005  28.210   2.037    -.09  304.09    1.45     .25  296.19    1.20    -.29    802.    804.    802.
  1.000  17.997   2.526    -.79  295.04     .85    -.37  288.88    2.33   -1.26    798.    798.    797.
  2.000  10.275   3.561    -.59  289.05     .97     .00  279.44    6.56   -1.45    801.    801.    801.
  3.000   4.572   2.840     .58  284.06    1.18     .11  266.72    8.89    -.07    806.    806.    806.
  4.000   2.369   1.789    1.20  278.49    1.43     .04  257.94    8.72     .45    808.    808.    808.
  5.000   1.281   1.135    1.67  272.76    1.61    -.07  250.27    8.53     .82    808.    808.    808.
  6.000    .810    .776    1.46  266.72    1.67    -.30  244.39    9.28     .71    804.    804.    804.
  7.000    .421    .419    1.63  260.21    1.74    -.57  237.47    8.76     .76    802.    802.    802.
  8.000    .206    .227    1.78  253.15    1.82    -.66  229.86    8.79     .87    793.    793.    793.
  9.000    .098    .119    1.84  245.58    1.85    -.75  222.40    8.96     .89    790.    790.    790.
 10.000    .045    .057    1.67  237.92    1.59    -.02  214.76    9.39     .84    698.    698.    698.
 11.000    .041    .038     .32  233.77     .53    1.11  214.57   10.74    -.08     13.     13.     13.
 12.000    .000    .000     .00  221.72    1.62    -.13     .00     .00     .00      0.      0.      0.
 13.000    .000    .000     .00  214.16    1.79     .08     .00     .00     .00      0.      0.      0.
 14.000    .000    .000     .00  207.22    2.21     .55     .00     .00     .00      0.      0.      0.
 15.000    .000    .000     .00  201.93    2.72     .61     .00     .00     .00      0.      0.      0.
 16.000    .000    .000     .00  199.10    2.92     .61     .00     .00     .00      0.      0.      0.
 17.000    .000    .000     .00  199.75    2.64    -.02     .00     .00     .00      0.      0.      0.
 18.000    .000    .000     .00  202.62    2.18     .09     .00     .00     .00      0.      0.      0.
 19.000    .000    .000     .00  206.19    1.95     .00     .00     .00     .00      0.      0.      0.
 20.000    .000    .000     .00  209.60    1.71    -.13     .00     .00     .00      0.      0.      0.
 21.000    .000    .000     .00  212.77    1.70     .14     .00     .00     .00      0.      0.      0.
 22.000    .000    .000     .00  215.41    1.83     .24     .00     .00     .00      0.      0.      0.
 23.000    .000    .000     .00  217.91    1.83     .11     .00     .00     .00      0.      0.      0.
 24.000    .000    .000     .00  220.41    1.88    -.05     .00     .00     .00      0.      0.      0.
 25.000    .000    .000     .00  222.66    1.87     .21     .00     .00     .00      0.      0.      0.
 26.000    .000    .000     .00  224.79    1.85     .26     .00     .00     .00      0.      0.      0.
 27.000    .000    .000     .00  226.66    1.90     .31     .00     .00     .00      0.      0.      0.
 28.000    .000    .000     .00  228.30    1.95     .00     .00     .00     .00      0.      0.      0.
 29.000    .000    .000     .00  229.92    2.06     .02     .00     .00     .00      0.      0.      0.
 30.000    .000    .000     .00  231.34    2.14     .03     .00     .00     .00      0.      0.      0.
  T A B L E  III -  7.  M O I S T U R E  R E L A T E D  S T A T I S T I C A L  P A R A M E T E R S
                                              JULY      
 STATION =   912450     WAKE ISLAND                   
      Z VAPOR P   SD VP SKEW VP      TV      TV SKEW TV DEWPT T  SD DPT SKW DPT NOBS TP NOBS TV
           MEAN                    MEAN      SD            MEAN
     KM      MB      MB           DEG K   DEG K           DEG K   DEG K
   .000  29.642   2.000    -.26  304.88    1.56    -.01  296.99    1.14    -.53    840.    844.    840.
   .005  29.570   1.997    -.26  304.84    1.56     .00  296.98    1.14    -.52    845.    849.    845.
  1.000  19.224   2.301    -.53  295.83     .84     .08  289.93    1.98    -.99    848.    848.    848.
  2.000  11.805   2.825    -.92  289.55    1.01     .10  282.08    4.40   -1.94    846.    846.    846.
  3.000   6.364   2.637    -.21  284.15    1.16    -.36  272.30    7.19   -1.05    845.    845.    845.
  4.000   3.430   1.932     .31  278.31    1.22     .16  263.22    8.50    -.44    844.    844.    844.
  5.000   2.064   1.388     .66  272.33    1.32     .10  256.25    9.13    -.17    847.    847.    847.
  6.000   1.224    .953     .78  266.34    1.52     .03  249.23   10.06    -.05    841.    841.    841.
  7.000    .680    .584     .89  260.00    1.67    -.04  242.19   10.24     .08    841.    841.    841.
  8.000    .342    .322    1.02  253.14    1.78    -.08  234.42   10.45     .15    840.    840.    840.
  9.000    .155    .157    1.10  245.76    1.86    -.20  226.29   10.35     .25    838.    838.    838.
 10.000    .068    .070     .90  238.10    1.74    -.02  218.49   10.54     .17    752.    752.    752.
 11.000    .029    .031     .70  233.49    1.39   -3.63  211.69   10.02     .49     20.     20.     20.
 12.000    .000    .000     .00  221.64    1.81    -.14     .00     .00     .00      0.      0.      0.
 13.000    .000    .000     .00  213.77    1.83     .19     .00     .00     .00      0.      0.      0.
 14.000    .000    .000     .00  206.67    2.09     .50     .00     .00     .00      0.      0.      0.
 15.000    .000    .000     .00  201.92    2.77     .43     .00     .00     .00      0.      0.      0.
 16.000    .000    .000     .00  200.31    3.38    -.15     .00     .00     .00      0.      0.      0.
 17.000    .000    .000     .00  201.96    2.47    -.22     .00     .00     .00      0.      0.      0.
 18.000    .000    .000     .00  204.51    1.84    -.19     .00     .00     .00      0.      0.      0.
 19.000    .000    .000     .00  207.40    1.68     .28     .00     .00     .00      0.      0.      0.
 20.000    .000    .000     .00  210.25    1.50     .15     .00     .00     .00      0.      0.      0.
 21.000    .000    .000     .00  212.99    1.62     .10     .00     .00     .00      0.      0.      0.
 22.000    .000    .000     .00  215.46    1.70     .01     .00     .00     .00      0.      0.      0.
 23.000    .000    .000     .00  217.83    1.74     .04     .00     .00     .00      0.      0.      0.
 24.000    .000    .000     .00  220.07    1.96    -.02     .00     .00     .00      0.      0.      0.
 25.000    .000    .000     .00  222.10    1.99     .17     .00     .00     .00      0.      0.      0.
 26.000    .000    .000     .00  224.15    2.07     .19     .00     .00     .00      0.      0.      0.
 27.000    .000    .000     .00  225.72    2.08    -.07     .00     .00     .00      0.      0.      0.
 28.000    .000    .000     .00  227.22    2.11    -.13     .00     .00     .00      0.      0.      0.
 29.000    .000    .000     .00  228.77    2.21    -.04     .00     .00     .00      0.      0.      0.
 30.000    .000    .000     .00  230.12    2.45    -.09     .00     .00     .00      0.      0.      0.
  T A B L E  III -  8.  M O I S T U R E  R E L A T E D  S T A T I S T I C A L  P A R A M E T E R S
                                              AUGUST    
 STATION =   912450     WAKE ISLAND                   
      Z VAPOR P   SD VP SKEW VP      TV      TV SKEW TV DEWPT T  SD DPT SKW DPT NOBS TP NOBS TV
           MEAN                    MEAN      SD            MEAN
     KM      MB      MB           DEG K   DEG K           DEG K   DEG K
   .000  30.103   2.227    -.08  304.83    1.55    -.27  297.24    1.24    -.35    840.    840.    840.
   .005  30.045   2.218    -.08  304.79    1.55    -.27  297.24    1.24    -.34    845.    845.    845.
  1.000  19.673   2.351    -.68  296.17     .88     .41  290.33    1.92    -.91    841.    842.    839.
  2.000  12.528   2.543   -1.03  289.99    1.06     .40  283.20    3.45   -1.82    840.    840.    837.
  3.000   7.118   2.539    -.40  284.52    1.19     .47  274.19    6.37   -1.39    837.    837.    837.
  4.000   4.121   2.094     .14  278.59    1.24     .16  265.93    8.02    -.65    841.    841.    841.
  5.000   2.485   1.586     .45  272.60    1.33     .05  258.57    9.33    -.36    837.    837.    837.
  6.000   1.493   1.089     .59  266.58    1.53     .09  251.68   10.23    -.27    833.    834.    834.
  7.000    .813    .651     .76  260.25    1.68     .03  244.35   10.29    -.14    830.    830.    830.
  8.000    .415    .369     .87  253.50    1.90     .12  236.46   10.76    -.04    829.    829.    829.
  9.000    .196    .180     .88  246.15    2.04     .08  228.77   10.63    -.06    829.    829.    829.
 10.000    .089    .082     .80  238.47    2.01     .36  221.10   10.83    -.15    766.    766.    766.
 11.000    .073    .038    -.48  234.41     .90     .78  222.05    8.25   -1.47     60.     60.     60.
 12.000    .000    .000     .00  221.96    1.93     .32     .00     .00     .00      0.      0.      0.
 13.000    .000    .000     .00  214.01    1.89     .29     .00     .00     .00      0.      0.      0.
 14.000    .000    .000     .00  206.81    2.10     .53     .00     .00     .00      0.      0.      0.
 15.000    .000    .000     .00  201.94    2.71     .56     .00     .00     .00      0.      0.      0.
 16.000    .000    .000     .00  200.55    3.49    -.23     .00     .00     .00      0.      0.      0.
 17.000    .000    .000     .00  202.35    2.74    -.69     .00     .00     .00      0.      0.      0.
 18.000    .000    .000     .00  204.66    2.11    -.22     .00     .00     .00      0.      0.      0.
 19.000    .000    .000     .00  207.49    1.78     .14     .00     .00     .00      0.      0.      0.
 20.000    .000    .000     .00  210.10    1.75    -.19     .00     .00     .00      0.      0.      0.
 21.000    .000    .000     .00  212.68    1.69    -.11     .00     .00     .00      0.      0.      0.
 22.000    .000    .000     .00  214.91    1.73     .00     .00     .00     .00      0.      0.      0.
 23.000    .000    .000     .00  217.10    1.80     .04     .00     .00     .00      0.      0.      0.
 24.000    .000    .000     .00  219.32    1.97    -.05     .00     .00     .00      0.      0.      0.
 25.000    .000    .000     .00  221.29    2.01     .19     .00     .00     .00      0.      0.      0.
 26.000    .000    .000     .00  223.15    2.10     .17     .00     .00     .00      0.      0.      0.
 27.000    .000    .000     .00  224.86    2.16     .10     .00     .00     .00      0.      0.      0.
 28.000    .000    .000     .00  226.41    2.27    -.10     .00     .00     .00      0.      0.      0.
 29.000    .000    .000     .00  227.98    2.32    -.02     .00     .00     .00      0.      0.      0.
 30.000    .000    .000     .00  229.54    2.49    -.14     .00     .00     .00      0.      0.      0.
  T A B L E  III -  9.  M O I S T U R E  R E L A T E D  S T A T I S T I C A L  P A R A M E T E R S
                                              SEPTEMBER 
 STATION =   912450     WAKE ISLAND                   
      Z VAPOR P   SD VP SKEW VP      TV      TV SKEW TV DEWPT T  SD DPT SKW DPT NOBS TP NOBS TV
           MEAN                    MEAN      SD            MEAN
     KM      MB      MB           DEG K   DEG K           DEG K   DEG K
   .000  30.592   2.254     .00  305.25    1.54   -1.29  297.51    1.24    -.22    802.    805.    802.
   .005  30.534   2.245     .00  305.22    1.52   -1.25  297.51    1.24    -.23    804.    807.    804.
  1.000  19.583   2.587    -.69  296.36     .85    -.25  290.22    2.19   -1.21    804.    804.    803.
  2.000  12.307   2.631    -.86  290.10    1.01     .10  282.85    3.75   -1.86    804.    804.    803.
  3.000   6.658   2.396    -.26  284.67    1.13    -.14  273.32    6.06   -1.11    804.    804.    804.
  4.000   3.611   1.908     .29  278.73    1.17    -.17  264.17    7.96    -.50    804.    804.    804.
  5.000   2.008   1.408     .80  272.62    1.29    -.22  255.86    9.08    -.03    804.    804.    804.
  6.000   1.090    .921    1.00  266.61    1.41    -.10  247.74    9.93     .20    802.    802.    802.
  7.000    .570    .535    1.24  260.19    1.54    -.25  240.30    9.75     .37    799.    799.    799.
  8.000    .313    .318    1.20  253.28    1.65    -.38  233.31   10.34     .38    793.    793.    793.
  9.000    .149    .158    1.26  245.87    1.76    -.36  225.81   10.29     .35    790.    790.    790.
 10.000    .070    .072    1.05  238.27    1.66     .03  218.80   10.36     .17    727.    727.    727.
 11.000    .056    .046     .47  233.91     .75    1.45  217.94   10.44    -.52     27.     27.     27.
 12.000    .000    .000     .00  222.06    1.66     .19     .00     .00     .00      0.      0.      0.
 13.000    .000    .000     .00  214.34    1.65     .29     .00     .00     .00      0.      0.      0.
 14.000    .000    .000     .00  207.25    1.96     .11     .00     .00     .00      0.      0.      0.
 15.000    .000    .000     .00  202.01    2.37     .22     .00     .00     .00      0.      0.      0.
 16.000    .000    .000     .00  199.03    2.71     .11     .00     .00     .00      0.      0.      0.
 17.000    .000    .000     .00  199.64    2.81     .01     .00     .00     .00      0.      0.      0.
 18.000    .000    .000     .00  202.58    2.31    -.22     .00     .00     .00      0.      0.      0.
 19.000    .000    .000     .00  206.19    1.92     .10     .00     .00     .00      0.      0.      0.
 20.000    .000    .000     .00  209.32    1.78     .12     .00     .00     .00      0.      0.      0.
 21.000    .000    .000     .00  212.13    1.69     .01     .00     .00     .00      0.      0.      0.
 22.000    .000    .000     .00  214.54    1.81     .15     .00     .00     .00      0.      0.      0.
 23.000    .000    .000     .00  216.86    1.94     .30     .00     .00     .00      0.      0.      0.
 24.000    .000    .000     .00  219.17    2.19     .34     .00     .00     .00      0.      0.      0.
 25.000    .000    .000     .00  221.02    2.07     .36     .00     .00     .00      0.      0.      0.
 26.000    .000    .000     .00  222.92    2.10     .31     .00     .00     .00      0.      0.      0.
 27.000    .000    .000     .00  224.88    2.10     .49     .00     .00     .00      0.      0.      0.
 28.000    .000    .000     .00  226.62    2.35     .44     .00     .00     .00      0.      0.      0.
 29.000    .000    .000     .00  228.32    2.45     .21     .00     .00     .00      0.      0.      0.
 30.000    .000    .000     .00  229.80    2.59     .11     .00     .00     .00      0.      0.      0.
  T A B L E  III - 10.  M O I S T U R E  R E L A T E D  S T A T I S T I C A L  P A R A M E T E R S
                                              OCTOBER   
 STATION =   912450     WAKE ISLAND                   
      Z VAPOR P   SD VP SKEW VP      TV      TV SKEW TV DEWPT T  SD DPT SKW DPT NOBS TP NOBS TV
           MEAN                    MEAN      SD            MEAN
     KM      MB      MB           DEG K   DEG K           DEG K   DEG K
   .000  29.943   2.416    -.25  304.91    1.47    -.11  297.15    1.37    -.53    831.    831.    831.
   .005  29.879   2.407    -.25  304.88    1.45     .01  297.14    1.37    -.54    834.    834.    834.
  1.000  19.226   2.905   -1.39  295.88    1.00    -.88  290.00    2.26   -1.10    832.    832.    825.
  2.000  11.152   3.595    -.66  289.87    1.21    -.71  280.78    6.13   -1.57    831.    831.    831.
  3.000   5.496   3.043     .20  284.64    1.26    -.30  269.41    8.83    -.41    830.    830.    830.
  4.000   2.848   2.014     .78  278.95    1.34    -.41  260.16    9.20     .15    830.    830.    830.
  5.000   1.581   1.377    1.28  273.13    1.54    -.20  252.34    9.40     .57    830.    830.    830.
  6.000    .913    .891    1.47  266.87    1.62    -.31  245.48    9.66     .66    826.    826.    826.
  7.000    .493    .527    1.66  260.20    1.68    -.25  238.44    9.63     .74    823.    823.    823.
  8.000    .287    .307    1.43  253.06    1.88    -.11  232.38   10.19     .49    820.    820.    820.
  9.000    .157    .164    1.18  245.56    1.99    -.10  226.17   10.64     .25    816.    816.    816.
 10.000    .072    .073    1.03  238.06    1.85     .07  218.90   10.67     .10    736.    736.    736.
 11.000    .049    .039     .14  233.71     .91   -2.59  216.63   10.18    -.40     29.     29.     29.
 12.000    .000    .000     .00  222.31    1.83    -.26     .00     .00     .00      0.      0.      0.
 13.000    .000    .000     .00  214.91    1.80     .08     .00     .00     .00      0.      0.      0.
 14.000    .000    .000     .00  208.07    1.88     .19     .00     .00     .00      0.      0.      0.
 15.000    .000    .000     .00  202.46    1.99     .38     .00     .00     .00      0.      0.      0.
 16.000    .000    .000     .00  197.96    2.21     .11     .00     .00     .00      0.      0.      0.
 17.000    .000    .000     .00  196.35    2.73     .43     .00     .00     .00      0.      0.      0.
 18.000    .000    .000     .00  199.03    3.15     .13     .00     .00     .00      0.      0.      0.
 19.000    .000    .000     .00  203.94    2.43     .01     .00     .00     .00      0.      0.      0.
 20.000    .000    .000     .00  208.02    2.11    -.13     .00     .00     .00      0.      0.      0.
 21.000    .000    .000     .00  211.43    1.90     .03     .00     .00     .00      0.      0.      0.
 22.000    .000    .000     .00  214.32    2.07     .15     .00     .00     .00      0.      0.      0.
 23.000    .000    .000     .00  216.86    2.08    -.06     .00     .00     .00      0.      0.      0.
 24.000    .000    .000     .00  219.16    2.13    -.01     .00     .00     .00      0.      0.      0.
 25.000    .000    .000     .00  221.18    2.09    -.18     .00     .00     .00      0.      0.      0.
 26.000    .000    .000     .00  223.20    2.22    -.29     .00     .00     .00      0.      0.      0.
 27.000    .000    .000     .00  225.34    2.18    -.21     .00     .00     .00      0.      0.      0.
 28.000    .000    .000     .00  227.18    2.37    -.09     .00     .00     .00      0.      0.      0.
 29.000    .000    .000     .00  228.94    2.42    -.06     .00     .00     .00      0.      0.      0.
 30.000    .000    .000     .00  230.66    2.56    -.04     .00     .00     .00      0.      0.      0.
  T A B L E  III - 11.  M O I S T U R E  R E L A T E D  S T A T I S T I C A L  P A R A M E T E R S
                                              NOVEMBER  
 STATION =   912450     WAKE ISLAND                   
      Z VAPOR P   SD VP SKEW VP      TV      TV SKEW TV DEWPT T  SD DPT SKW DPT NOBS TP NOBS TV
           MEAN                    MEAN      SD            MEAN
     KM      MB      MB           DEG K   DEG K           DEG K   DEG K
   .000  27.870   2.880    -.52  303.59    1.50    -.60  295.94    1.76    -.83    818.    818.    818.
   .005  27.800   2.889    -.52  303.56    1.50    -.60  295.91    1.78    -.82    823.    823.    823.
  1.000  18.311   2.898    -.84  294.77    1.29    -.49  289.08    2.74   -1.47    822.    822.    822.
  2.000   9.271   4.555    -.17  289.52    1.55    -.73  276.92    8.92    -.73    821.    821.    821.
  3.000   4.229   2.964     .78  284.94    1.54    -.35  265.29    9.29     .26    820.    820.    820.
  4.000   2.289   1.861    1.33  279.40    1.68    -.29  257.33    8.78     .71    819.    819.    819.
  5.000   1.211   1.142    2.02  273.55    1.74    -.51  249.64    8.25    1.11    819.    819.    819.
  6.000    .680    .718    2.34  267.29    1.76    -.48  242.83    8.30    1.19    814.    814.    814.
  7.000    .374    .438    2.42  260.60    1.76    -.61  236.15    8.35    1.26    811.    811.    811.
  8.000    .199    .240    2.18  253.45    1.76    -.44  229.35    8.72    1.09    805.    805.    805.
  9.000    .095    .115    2.01  245.98    1.76    -.32  222.33    8.71     .90    805.    805.    805.
 10.000    .045    .054    1.56  238.41    1.67    -.06  215.11    9.18     .74    751.    751.    751.
 11.000    .015    .020    1.77  233.89     .61     .92  207.37    7.13    1.60     46.     46.     46.
 12.000    .000    .000     .00  223.16    1.66    -.41     .00     .00     .00      0.      0.      0.
 13.000    .000    .000     .00  215.76    1.63    -.37     .00     .00     .00      0.      0.      0.
 14.000    .000    .000     .00  208.68    1.54    -.24     .00     .00     .00      0.      0.      0.
 15.000    .000    .000     .00  202.44    1.71     .03     .00     .00     .00      0.      0.      0.
 16.000    .000    .000     .00  197.14    2.01     .35     .00     .00     .00      0.      0.      0.
 17.000    .000    .000     .00  194.08    2.33     .32     .00     .00     .00      0.      0.      0.
 18.000    .000    .000     .00  195.10    2.82     .47     .00     .00     .00      0.      0.      0.
 19.000    .000    .000     .00  200.13    3.05     .07     .00     .00     .00      0.      0.      0.
 20.000    .000    .000     .00  206.02    2.57    -.07     .00     .00     .00      0.      0.      0.
 21.000    .000    .000     .00  210.47    2.15     .29     .00     .00     .00      0.      0.      0.
 22.000    .000    .000     .00  213.62    2.30     .27     .00     .00     .00      0.      0.      0.
 23.000    .000    .000     .00  216.45    2.42     .03     .00     .00     .00      0.      0.      0.
 24.000    .000    .000     .00  218.87    2.39    -.10     .00     .00     .00      0.      0.      0.
 25.000    .000    .000     .00  220.91    2.47    -.21     .00     .00     .00      0.      0.      0.
 26.000    .000    .000     .00  222.87    2.53    -.15     .00     .00     .00      0.      0.      0.
 27.000    .000    .000     .00  224.83    2.67    -.19     .00     .00     .00      0.      0.      0.
 28.000    .000    .000     .00  226.51    2.83    -.35     .00     .00     .00      0.      0.      0.
 29.000    .000    .000     .00  228.16    3.00    -.28     .00     .00     .00      0.      0.      0.
 30.000    .000    .000     .00  229.83    3.21    -.43     .00     .00     .00      0.      0.      0.
  T A B L E  III - 12.  M O I S T U R E  R E L A T E D  S T A T I S T I C A L  P A R A M E T E R S
                                              DECEMBER  
 STATION =   912450     WAKE ISLAND                   
      Z VAPOR P   SD VP SKEW VP      TV      TV SKEW TV DEWPT T  SD DPT SKW DPT NOBS TP NOBS TV
           MEAN                    MEAN      SD            MEAN
     KM      MB      MB           DEG K   DEG K           DEG K   DEG K
   .000  25.159   3.861   -1.62  302.30    1.50    -.16  294.35    2.23    -.88    856.    851.    848.
   .005  25.262   3.373    -.63  302.28    1.46     .06  294.30    2.24    -.87    854.    856.    853.
  1.000  16.536   2.868    -.68  293.28    1.43    -.25  287.52    2.82   -1.27    855.    855.    852.
  2.000   7.434   4.363     .30  288.57    2.18    -.62  273.33    9.35    -.23    850.    850.    850.
  3.000   2.871   2.324    1.89  284.86    1.92    -.79  260.63    7.91    1.14    852.    852.    852.
  4.000   1.492   1.257    2.90  279.62    1.94   -1.01  253.15    6.54    1.71    851.    851.    851.
  5.000    .848    .741    3.08  273.68    1.98   -1.16  246.73    6.30    1.77    849.    850.    850.
  6.000    .454    .399    3.11  267.45    1.88   -1.24  240.23    6.25    1.85    844.    850.    850.
  7.000    .259    .256    2.95  260.75    1.87   -1.49  233.92    6.39    1.62    848.    849.    849.
  8.000    .125    .124    2.55  253.71    1.91   -1.13  226.98    6.41    1.58    837.    842.    842.
  9.000    .060    .068    2.49  246.46    1.80    -.78  219.84    6.57    1.51    839.    840.    840.
 10.000    .027    .033    2.11  238.97    1.67    -.34  212.57    6.88    1.43    794.    795.    795.
 11.000    .022    .024     .96  233.90     .62    1.57  209.94    8.57     .72     71.     71.     71.
 12.000    .000    .000     .00  223.61    1.58    -.52     .00     .00     .00      0.      0.      0.
 13.000    .000    .000     .00  216.09    1.54     .00     .00     .00     .00      0.      0.      0.
 14.000    .000    .000     .00  208.71    1.66     .62     .00     .00     .00      0.      0.      0.
 15.000    .000    .000     .00  201.92    1.82     .73     .00     .00     .00      0.      0.      0.
 16.000    .000    .000     .00  196.03    2.09     .62     .00     .00     .00      0.      0.      0.
 17.000    .000    .000     .00  192.34    2.47     .47     .00     .00     .00      0.      0.      0.
 18.000    .000    .000     .00  192.89    2.64     .38     .00     .00     .00      0.      0.      0.
 19.000    .000    .000     .00  198.24    2.87     .14     .00     .00     .00      0.      0.      0.
 20.000    .000    .000     .00  204.92    2.54    -.13     .00     .00     .00      0.      0.      0.
 21.000    .000    .000     .00  209.85    2.22    -.34     .00     .00     .00      0.      0.      0.
 22.000    .000    .000     .00  213.31    2.30     .04     .00     .00     .00      0.      0.      0.
 23.000    .000    .000     .00  216.10    2.40    -.29     .00     .00     .00      0.      0.      0.
 24.000    .000    .000     .00  218.60    2.58    -.24     .00     .00     .00      0.      0.      0.
 25.000    .000    .000     .00  220.54    2.69    -.19     .00     .00     .00      0.      0.      0.
 26.000    .000    .000     .00  222.17    2.92    -.28     .00     .00     .00      0.      0.      0.
 27.000    .000    .000     .00  223.74    3.01    -.38     .00     .00     .00      0.      0.      0.
 28.000    .000    .000     .00  225.29    3.16    -.29     .00     .00     .00      0.      0.      0.
 29.000    .000    .000     .00  226.74    3.32    -.28     .00     .00     .00      0.      0.      0.
 30.000    .000    .000     .00  228.41    3.50    -.25     .00     .00     .00      0.      0.      0.
