 0 1WAL 724020   37.85N   75.48W   3 1641279   11080   0  30                                        
1 T A B L E  III - 13.  M O I S T U R E  R E L A T E D  S T A T I S T I C A L  P A R A M E T E R S  
                                              ANNUAL                                                
 STATION =   724020     WALLOP ISLAND, MD                                                           
      Z VAPOR P   SD VP SKEW VP      TV      TV SKEW TV DEWPT T  SD DPT SKW DPT NOBS TP NOBS TV     
           MEAN                    MEAN      SD            MEAN                                     
     KM      MB      MB           DEG K   DEG K           DEG K   DEG K                             
  0.000  13.209   7.685    0.41  286.33    9.77   -0.21  281.54   10.13   -0.46   6447.   6447.     
  0.003  13.206   7.679    0.41  286.33    9.76   -0.21  281.54   10.12   -0.46   6471.   6473.     
  1.000   8.345   5.398    0.47  283.45    9.45   -0.57  274.16   11.11   -0.52   6449.   6471.     
  2.000   5.332   3.750    0.59  278.88    8.07   -0.72  267.63   11.21   -0.36   6449.   6469.     
  3.000   3.224   2.429    0.87  274.07    7.31   -0.83  261.14   10.45   -0.15   6446.   6468.     
  4.000   1.946   1.589    1.25  268.73    7.09   -0.83  254.93    9.85    0.03   6445.   6466.     
  5.000   1.148   0.996    1.60  262.81    7.21   -0.77  248.78    9.41    0.08   6442.   6464.     
  6.000   0.651   0.586    1.87  256.39    7.38   -0.65  242.61    8.91    0.10   6406.   6455.     
  7.000   0.365   0.323    2.01  249.51    7.41   -0.49  236.89    8.20    0.06   6166.   6435.     
  8.000   0.207   0.170    1.96  242.44    7.25   -0.31  231.78    7.26    0.00   5417.   6415.     
  9.000   0.127   0.087    1.60  235.28    6.82   -0.14  227.88    6.15   -0.30   3307.   6405.     
 10.000   0.073   0.043    1.37  228.41    6.04   -0.05  223.30    5.42   -0.51    991.   6398.     
 11.000  99.999  99.999  999.99  222.39    5.21   -0.14  999.99   99.99  999.99      9.   6385.     
 12.000  99.999  99.999  999.99  217.87    4.73   -0.12  999.99   99.99  999.99      0.   6354.     
 13.000  99.999  99.999  999.99  214.98    4.62    0.16  999.99   99.99  999.99      0.   6318.     
 14.000  99.999  99.999  999.99  212.96    4.52    0.21  999.99   99.99  999.99      0.   6284.     
 15.000  99.999  99.999  999.99  211.33    4.46    0.10  999.99   99.99  999.99      0.   6247.     
 16.000  99.999  99.999  999.99  210.40    4.16    0.02  999.99   99.99  999.99      0.   6216.     
 17.000  99.999  99.999  999.99  210.54    3.70   -0.04  999.99   99.99  999.99      0.   6136.     
 18.000  99.999  99.999  999.99  211.42    3.25   -0.19  999.99   99.99  999.99      0.   6070.     
 19.000  99.999  99.999  999.99  212.81    3.00   -0.32  999.99   99.99  999.99      0.   6005.     
 20.000  99.999  99.999  999.99  214.25    2.98   -0.45  999.99   99.99  999.99      0.   5953.     
 21.000  99.999  99.999  999.99  215.73    3.15   -0.42  999.99   99.99  999.99      0.   5768.     
 22.000  99.999  99.999  999.99  217.02    3.38   -0.41  999.99   99.99  999.99      0.   5644.     
 23.000  99.999  99.999  999.99  218.34    3.56   -0.42  999.99   99.99  999.99      0.   5560.     
 24.000  99.999  99.999  999.99  219.64    3.81   -0.45  999.99   99.99  999.99      0.   5529.     
 25.000  99.999  99.999  999.99  220.94    4.04   -0.50  999.99   99.99  999.99      0.   5481.     
 26.000  99.999  99.999  999.99  222.27    4.25   -0.51  999.99   99.99  999.99      0.   5331.     
 27.000  99.999  99.999  999.99  223.67    4.44   -0.53  999.99   99.99  999.99      0.   4971.     
 28.000  99.999  99.999  999.99  225.06    4.58   -0.56  999.99   99.99  999.99      0.   4652.     
 29.000  99.999  99.999  999.99  226.58    4.68   -0.56  999.99   99.99  999.99      0.   4270.     
 30.000  99.999  99.999  999.99  228.19    4.75   -0.60  999.99   99.99  999.99      0.   3793.     
1 T A B L E  III -  1.  M O I S T U R E  R E L A T E D  S T A T I S T I C A L  P A R A M E T E R S  
                                              JANUARY                                               
 STATION =   724020     WALLOP ISLAND, MD                                                           
      Z VAPOR P   SD VP SKEW VP      TV      TV SKEW TV DEWPT T  SD DPT SKW DPT NOBS TP NOBS TV     
           MEAN                    MEAN      SD            MEAN                                     
     KM      MB      MB           DEG K   DEG K           DEG K   DEG K                             
  0.000   5.426   2.885    0.68  274.31    5.84   -0.05  269.77    7.50   -0.13    516.    516.     
  0.003   5.427   2.882    0.68  274.30    5.83   -0.05  269.77    7.49   -0.13    517.    517.     
  1.000   4.160   3.387    1.13  273.37    8.14   -0.07  264.15   10.77    0.13    515.    517.     
  2.000   2.900   2.478    1.15  270.75    7.26   -0.49  259.36   10.66    0.19    516.    517.     
  3.000   1.892   1.630    1.38  266.98    6.58   -0.70  254.47    9.83    0.23    516.    517.     
  4.000   1.222   1.044    1.41  261.88    6.35   -0.81  249.49    9.43    0.12    517.    517.     
  5.000   0.766   0.667    1.37  255.94    6.15   -0.86  244.18    9.37    0.04    517.    517.     
  6.000   0.437   0.383    1.52  249.35    6.13   -0.80  238.49    8.66    0.09    506.    516.     
  7.000   0.258   0.205    1.28  242.55    5.71   -0.62  233.73    7.79   -0.07    457.    516.     
  8.000   0.148   0.097    0.97  235.64    5.09   -0.42  229.21    6.42   -0.35    325.    514.     
  9.000   0.102   0.046    0.46  228.96    4.20   -0.31  226.82    4.28   -0.24     56.    513.     
 10.000  99.999  99.999  999.99  223.03    3.67   -0.02  999.99   99.99  999.99      0.    513.     
 11.000  99.999  99.999  999.99  218.58    4.71    0.58  999.99   99.99  999.99      0.    512.     
 12.000  99.999  99.999  999.99  216.59    5.90    0.15  999.99   99.99  999.99      0.    502.     
 13.000  99.999  99.999  999.99  216.12    5.22   -0.24  999.99   99.99  999.99      0.    499.     
 14.000  99.999  99.999  999.99  214.96    4.10    0.01  999.99   99.99  999.99      0.    494.     
 15.000  99.999  99.999  999.99  213.03    3.84    0.00  999.99   99.99  999.99      0.    486.     
 16.000  99.999  99.999  999.99  211.30    3.82    0.03  999.99   99.99  999.99      0.    482.     
 17.000  99.999  99.999  999.99  210.42    3.88    0.03  999.99   99.99  999.99      0.    464.     
 18.000  99.999  99.999  999.99  210.36    3.70    0.00  999.99   99.99  999.99      0.    456.     
 19.000  99.999  99.999  999.99  211.06    3.31    0.32  999.99   99.99  999.99      0.    445.     
 20.000  99.999  99.999  999.99  212.14    3.25    0.53  999.99   99.99  999.99      0.    438.     
 21.000  99.999  99.999  999.99  213.24    3.47    1.02  999.99   99.99  999.99      0.    421.     
 22.000  99.999  99.999  999.99  214.23    3.74    1.24  999.99   99.99  999.99      0.    417.     
 23.000  99.999  99.999  999.99  215.36    3.98    1.16  999.99   99.99  999.99      0.    411.     
 24.000  99.999  99.999  999.99  216.37    4.15    0.94  999.99   99.99  999.99      0.    419.     
 25.000  99.999  99.999  999.99  217.32    4.26    0.84  999.99   99.99  999.99      0.    406.     
 26.000  99.999  99.999  999.99  218.42    4.19    0.59  999.99   99.99  999.99      0.    394.     
 27.000  99.999  99.999  999.99  219.34    4.13    0.48  999.99   99.99  999.99      0.    361.     
 28.000  99.999  99.999  999.99  220.62    4.26    0.45  999.99   99.99  999.99      0.    336.     
 29.000  99.999  99.999  999.99  222.21    4.43    0.48  999.99   99.99  999.99      0.    303.     
 30.000  99.999  99.999  999.99  223.99    4.71    0.30  999.99   99.99  999.99      0.    266.     
1 T A B L E  III -  2.  M O I S T U R E  R E L A T E D  S T A T I S T I C A L  P A R A M E T E R S  
                                              FEBRUARY                                              
 STATION =   724020     WALLOP ISLAND, MD                                                           
      Z VAPOR P   SD VP SKEW VP      TV      TV SKEW TV DEWPT T  SD DPT SKW DPT NOBS TP NOBS TV     
           MEAN                    MEAN      SD            MEAN                                     
     KM      MB      MB           DEG K   DEG K           DEG K   DEG K                             
  0.000   5.200   2.620    0.68  274.28    5.57    0.05  269.33    7.25   -0.31    482.    482.     
  0.003   5.200   2.620    0.68  274.27    5.57    0.05  269.33    7.25   -0.31    482.    482.     
  1.000   3.730   2.907    1.37  272.57    7.71    0.03  263.22   10.03    0.02    482.    482.     
  2.000   2.628   2.143    1.28  269.43    6.73   -0.23  258.58   10.01    0.12    482.    482.     
  3.000   1.716   1.442    1.45  265.33    6.35   -0.44  253.48    9.58    0.12    482.    482.     
  4.000   1.042   0.879    1.58  260.14    5.94   -0.47  247.97    8.85    0.20    482.    482.     
  5.000   0.636   0.549    1.61  254.03    5.97   -0.49  242.55    8.61    0.19    481.    482.     
  6.000   0.386   0.338    1.68  247.58    5.82   -0.36  237.25    8.59    0.07    473.    482.     
  7.000   0.225   0.177    1.54  240.85    5.55   -0.11  232.54    7.48   -0.08    407.    482.     
  8.000   0.143   0.090    1.09  234.09    5.08    0.15  229.02    6.26   -0.48    230.    479.     
  9.000   0.094   0.047   -0.01  227.68    4.66    0.32  225.11    7.26   -1.66     34.    479.     
 10.000  99.999  99.999  999.99  222.35    4.65    0.51  999.99   99.99  999.99      4.    478.     
 11.000  99.999  99.999  999.99  219.22    5.52    0.48  999.99   99.99  999.99      2.    478.     
 12.000  99.999  99.999  999.99  218.46    6.06   -0.22  999.99   99.99  999.99      0.    474.     
 13.000  99.999  99.999  999.99  218.14    5.06   -0.74  999.99   99.99  999.99      0.    469.     
 14.000  99.999  99.999  999.99  216.77    3.94   -0.41  999.99   99.99  999.99      0.    464.     
 15.000  99.999  99.999  999.99  214.85    3.80    0.02  999.99   99.99  999.99      0.    460.     
 16.000  99.999  99.999  999.99  213.02    3.78    0.08  999.99   99.99  999.99      0.    458.     
 17.000  99.999  99.999  999.99  212.07    3.74    0.02  999.99   99.99  999.99      0.    449.     
 18.000  99.999  99.999  999.99  212.07    3.58   -0.12  999.99   99.99  999.99      0.    443.     
 19.000  99.999  99.999  999.99  212.64    3.36    0.12  999.99   99.99  999.99      0.    438.     
 20.000  99.999  99.999  999.99  213.30    3.03    0.16  999.99   99.99  999.99      0.    434.     
 21.000  99.999  99.999  999.99  213.99    2.92    0.24  999.99   99.99  999.99      0.    412.     
 22.000  99.999  99.999  999.99  214.85    3.00    0.11  999.99   99.99  999.99      0.    407.     
 23.000  99.999  99.999  999.99  215.67    2.93   -0.07  999.99   99.99  999.99      0.    398.     
 24.000  99.999  99.999  999.99  216.75    2.96   -0.02  999.99   99.99  999.99      0.    401.     
 25.000  99.999  99.999  999.99  217.73    3.03   -0.23  999.99   99.99  999.99      0.    393.     
 26.000  99.999  99.999  999.99  218.87    3.18   -0.08  999.99   99.99  999.99      0.    386.     
 27.000  99.999  99.999  999.99  219.97    3.27    0.04  999.99   99.99  999.99      0.    357.     
 28.000  99.999  99.999  999.99  221.30    3.43   -0.10  999.99   99.99  999.99      0.    330.     
 29.000  99.999  99.999  999.99  223.06    3.74    0.21  999.99   99.99  999.99      0.    296.     
 30.000  99.999  99.999  999.99  224.97    3.92    0.52  999.99   99.99  999.99      0.    261.     
1 T A B L E  III -  3.  M O I S T U R E  R E L A T E D  S T A T I S T I C A L  P A R A M E T E R S  
                                              MARCH                                                 
 STATION =   724020     WALLOP ISLAND, MD                                                           
      Z VAPOR P   SD VP SKEW VP      TV      TV SKEW TV DEWPT T  SD DPT SKW DPT NOBS TP NOBS TV     
           MEAN                    MEAN      SD            MEAN                                     
     KM      MB      MB           DEG K   DEG K           DEG K   DEG K                             
  0.000   7.042   2.960    0.50  278.40    4.60    0.02  273.94    6.30   -0.42    527.    527.     
  0.003   7.045   2.959    0.50  278.40    4.60    0.01  273.95    6.30   -0.42    528.    528.     
  1.000   4.972   3.419    0.89  276.87    7.58   -0.09  267.40    9.67   -0.06    527.    528.     
  2.000   3.409   2.454    0.69  273.06    6.91   -0.45  261.97   10.36   -0.17    527.    528.     
  3.000   2.227   1.750    0.95  268.48    6.20   -0.70  256.50   10.11   -0.01    527.    528.     
  4.000   1.340   1.118    1.32  262.91    5.97   -0.79  250.56    9.55    0.06    528.    528.     
  5.000   0.767   0.687    1.56  256.68    5.81   -0.76  244.19    9.27    0.14    528.    528.     
  6.000   0.426   0.407    1.94  250.01    5.73   -0.63  237.96    8.90    0.15    523.    527.     
  7.000   0.238   0.211    1.97  242.91    5.54   -0.34  232.77    7.91   -0.03    471.    527.     
  8.000   0.141   0.104    1.63  235.81    5.02   -0.10  228.60    6.63   -0.28    333.    527.     
  9.000   0.115   0.055    0.24  228.98    4.33    0.05  227.53    5.40   -1.11     58.    526.     
 10.000  99.999  99.999  999.99  223.10    3.85    0.21  999.99   99.99  999.99      1.    525.     
 11.000  99.999  99.999  999.99  218.72    5.03    0.65  999.99   99.99  999.99      1.    524.     
 12.000  99.999  99.999  999.99  216.90    6.26    0.25  999.99   99.99  999.99      0.    520.     
 13.000  99.999  99.999  999.99  217.22    5.25   -0.29  999.99   99.99  999.99      0.    516.     
 14.000  99.999  99.999  999.99  216.40    4.09   -0.24  999.99   99.99  999.99      0.    511.     
 15.000  99.999  99.999  999.99  214.67    3.77   -0.06  999.99   99.99  999.99      0.    508.     
 16.000  99.999  99.999  999.99  213.20    3.76   -0.05  999.99   99.99  999.99      0.    505.     
 17.000  99.999  99.999  999.99  212.62    3.67   -0.10  999.99   99.99  999.99      0.    499.     
 18.000  99.999  99.999  999.99  212.56    3.50   -0.12  999.99   99.99  999.99      0.    494.     
 19.000  99.999  99.999  999.99  213.01    3.12   -0.16  999.99   99.99  999.99      0.    488.     
 20.000  99.999  99.999  999.99  213.88    2.97   -0.28  999.99   99.99  999.99      0.    487.     
 21.000  99.999  99.999  999.99  214.87    2.99   -0.12  999.99   99.99  999.99      0.    468.     
 22.000  99.999  99.999  999.99  215.86    3.11    0.23  999.99   99.99  999.99      0.    462.     
 23.000  99.999  99.999  999.99  216.90    3.03    0.28  999.99   99.99  999.99      0.    456.     
 24.000  99.999  99.999  999.99  217.85    2.96    0.12  999.99   99.99  999.99      0.    454.     
 25.000  99.999  99.999  999.99  218.70    2.92    0.00  999.99   99.99  999.99      0.    442.     
 26.000  99.999  99.999  999.99  219.89    2.96    0.02  999.99   99.99  999.99      0.    428.     
 27.000  99.999  99.999  999.99  221.22    3.18    0.16  999.99   99.99  999.99      0.    393.     
 28.000  99.999  99.999  999.99  222.74    3.38    0.53  999.99   99.99  999.99      0.    359.     
 29.000  99.999  99.999  999.99  224.55    3.56    0.56  999.99   99.99  999.99      0.    334.     
 30.000  99.999  99.999  999.99  226.61    3.64    0.56  999.99   99.99  999.99      0.    301.     
1 T A B L E  III -  4.  M O I S T U R E  R E L A T E D  S T A T I S T I C A L  P A R A M E T E R S  
                                              APRIL                                                 
 STATION =   724020     WALLOP ISLAND, MD                                                           
      Z VAPOR P   SD VP SKEW VP      TV      TV SKEW TV DEWPT T  SD DPT SKW DPT NOBS TP NOBS TV     
           MEAN                    MEAN      SD            MEAN                                     
     KM      MB      MB           DEG K   DEG K           DEG K   DEG K                             
  0.000   9.579   3.394    0.29  283.66    4.54    0.43  278.62    5.55   -0.56    527.    527.     
  0.003   9.583   3.421    0.29  283.65    4.55    0.42  278.61    5.60   -0.56    533.    533.     
  1.000   6.142   3.577    0.75  281.57    6.56   -0.18  271.11    8.22   -0.02    529.    533.     
  2.000   4.194   2.662    0.68  276.46    5.96   -0.42  265.51    9.04   -0.20    527.    533.     
  3.000   2.636   1.862    0.82  271.22    5.12   -0.64  259.23    9.20    0.00    527.    533.     
  4.000   1.528   1.169    1.12  265.68    4.83   -0.75  252.59    8.82    0.17    528.    533.     
  5.000   0.864   0.709    1.47  259.51    4.84   -0.71  246.08    8.41    0.29    527.    533.     
  6.000   0.460   0.391    1.78  252.86    4.95   -0.71  239.46    7.91    0.28    524.    532.     
  7.000   0.248   0.209    1.77  245.89    5.00   -0.59  233.36    7.53    0.19    513.    532.     
  8.000   0.134   0.101    1.76  238.82    4.71   -0.32  228.09    6.55   -0.05    437.    532.     
  9.000   0.090   0.054    1.28  231.62    4.25   -0.26  224.83    6.34   -1.08    126.    531.     
 10.000  99.999  99.999  999.99  224.98    3.61   -0.16  999.99   99.99  999.99      0.    531.     
 11.000  99.999  99.999  999.99  219.50    3.81    0.64  999.99   99.99  999.99      0.    528.     
 12.000  99.999  99.999  999.99  216.23    5.25    0.60  999.99   99.99  999.99      0.    526.     
 13.000  99.999  99.999  999.99  215.45    5.85   -0.12  999.99   99.99  999.99      0.    525.     
 14.000  99.999  99.999  999.99  215.32    4.70   -0.68  999.99   99.99  999.99      0.    524.     
 15.000  99.999  99.999  999.99  214.48    3.63   -0.31  999.99   99.99  999.99      0.    524.     
 16.000  99.999  99.999  999.99  213.31    3.23   -0.18  999.99   99.99  999.99      0.    521.     
 17.000  99.999  99.999  999.99  212.67    3.17   -0.04  999.99   99.99  999.99      0.    513.     
 18.000  99.999  99.999  999.99  212.48    3.09   -0.05  999.99   99.99  999.99      0.    505.     
 19.000  99.999  99.999  999.99  213.11    2.90    0.08  999.99   99.99  999.99      0.    501.     
 20.000  99.999  99.999  999.99  214.29    2.63    0.16  999.99   99.99  999.99      0.    497.     
 21.000  99.999  99.999  999.99  215.82    2.67    0.25  999.99   99.99  999.99      0.    480.     
 22.000  99.999  99.999  999.99  217.12    2.73    0.29  999.99   99.99  999.99      0.    465.     
 23.000  99.999  99.999  999.99  218.37    2.73    0.28  999.99   99.99  999.99      0.    461.     
 24.000  99.999  99.999  999.99  219.68    2.79    0.22  999.99   99.99  999.99      0.    454.     
 25.000  99.999  99.999  999.99  220.91    2.80    0.09  999.99   99.99  999.99      0.    445.     
 26.000  99.999  99.999  999.99  222.32    2.94   -0.01  999.99   99.99  999.99      0.    432.     
 27.000  99.999  99.999  999.99  223.76    2.92   -0.30  999.99   99.99  999.99      0.    400.     
 28.000  99.999  99.999  999.99  225.36    2.94   -0.46  999.99   99.99  999.99      0.    378.     
 29.000  99.999  99.999  999.99  227.05    2.81   -0.41  999.99   99.99  999.99      0.    336.     
 30.000  99.999  99.999  999.99  228.99    2.92   -0.26  999.99   99.99  999.99      0.    303.     
1 T A B L E  III -  5.  M O I S T U R E  R E L A T E D  S T A T I S T I C A L  P A R A M E T E R S  
                                              MAY                                                   
 STATION =   724020     WALLOP ISLAND, MD                                                           
      Z VAPOR P   SD VP SKEW VP      TV      TV SKEW TV DEWPT T  SD DPT SKW DPT NOBS TP NOBS TV     
           MEAN                    MEAN      SD            MEAN                                     
     KM      MB      MB           DEG K   DEG K           DEG K   DEG K                             
  0.000  14.174   3.739   -0.05  289.48    4.10    0.24  284.80    4.35   -0.78    540.    540.     
  0.003  14.141   3.765   -0.06  289.46    4.08    0.25  284.75    4.40   -0.78    550.    550.     
  1.000   8.779   3.880    0.33  286.47    4.96   -0.37  276.86    6.93   -0.44    541.    548.     
  2.000   5.678   2.928    0.24  280.94    4.44   -0.69  270.21    8.12   -0.49    540.    547.     
  3.000   3.395   2.014    0.46  275.48    3.94   -0.98  263.06    8.39   -0.20    539.    546.     
  4.000   1.954   1.336    1.01  269.91    3.71   -1.14  256.03    8.14    0.16    539.    546.     
  5.000   1.115   0.799    1.29  263.94    3.93   -1.16  249.53    7.68    0.23    539.    546.     
  6.000   0.614   0.460    1.58  257.38    4.18   -1.09  242.98    7.33    0.24    539.    546.     
  7.000   0.330   0.250    1.64  250.28    4.42   -0.97  236.57    7.12    0.08    535.    546.     
  8.000   0.168   0.125    1.77  242.94    4.39   -0.74  230.23    6.60   -0.15    514.    545.     
  9.000   0.096   0.057    1.40  235.40    4.10   -0.49  225.87    5.07   -0.10    302.    544.     
 10.000   0.065   0.040    1.01  227.97    3.50   -0.28  222.54    4.71    0.70     13.    543.     
 11.000  99.999  99.999  999.99  221.13    3.18    0.08  999.99   99.99  999.99      0.    542.     
 12.000  99.999  99.999  999.99  215.64    3.94    0.95  999.99   99.99  999.99      0.    540.     
 13.000  99.999  99.999  999.99  212.78    5.11    0.61  999.99   99.99  999.99      0.    540.     
 14.000  99.999  99.999  999.99  212.81    4.74    0.06  999.99   99.99  999.99      0.    539.     
 15.000  99.999  99.999  999.99  213.07    3.59    0.00  999.99   99.99  999.99      0.    535.     
 16.000  99.999  99.999  999.99  212.53    3.27   -0.01  999.99   99.99  999.99      0.    534.     
 17.000  99.999  99.999  999.99  212.27    3.03    0.05  999.99   99.99  999.99      0.    532.     
 18.000  99.999  99.999  999.99  212.76    2.73    0.09  999.99   99.99  999.99      0.    530.     
 19.000  99.999  99.999  999.99  213.97    2.49    0.05  999.99   99.99  999.99      0.    526.     
 20.000  99.999  99.999  999.99  215.50    2.25    0.03  999.99   99.99  999.99      0.    521.     
 21.000  99.999  99.999  999.99  217.27    2.14    0.01  999.99   99.99  999.99      0.    501.     
 22.000  99.999  99.999  999.99  218.77    2.00    0.17  999.99   99.99  999.99      0.    497.     
 23.000  99.999  99.999  999.99  220.13    1.85    0.24  999.99   99.99  999.99      0.    485.     
 24.000  99.999  99.999  999.99  221.54    1.77    0.37  999.99   99.99  999.99      0.    476.     
 25.000  99.999  99.999  999.99  222.93    1.71    0.32  999.99   99.99  999.99      0.    474.     
 26.000  99.999  99.999  999.99  224.45    1.80    0.24  999.99   99.99  999.99      0.    459.     
 27.000  99.999  99.999  999.99  226.02    1.86    0.14  999.99   99.99  999.99      0.    425.     
 28.000  99.999  99.999  999.99  227.75    1.88    0.25  999.99   99.99  999.99      0.    394.     
 29.000  99.999  99.999  999.99  229.56    2.00    0.29  999.99   99.99  999.99      0.    358.     
 30.000  99.999  99.999  999.99  231.38    2.01   -0.01  999.99   99.99  999.99      0.    319.     
1 T A B L E  III -  6.  M O I S T U R E  R E L A T E D  S T A T I S T I C A L  P A R A M E T E R S  
                                              JUNE                                                  
 STATION =   724020     WALLOP ISLAND, MD                                                           
      Z VAPOR P   SD VP SKEW VP      TV      TV SKEW TV DEWPT T  SD DPT SKW DPT NOBS TP NOBS TV     
           MEAN                    MEAN      SD            MEAN                                     
     KM      MB      MB           DEG K   DEG K           DEG K   DEG K                             
  0.000  19.639   3.984   -0.28  294.73    3.39   -0.22  290.05    3.45   -0.87    523.    523.     
  0.003  19.636   3.980   -0.28  294.72    3.38   -0.23  290.05    3.45   -0.87    524.    524.     
  1.000  11.941   4.132   -0.18  291.09    3.82   -0.70  281.79    5.96   -0.90    523.    524.     
  2.000   7.520   3.295   -0.13  284.95    3.47   -0.95  274.46    7.61   -0.91    523.    524.     
  3.000   4.240   2.307    0.33  279.32    3.07   -1.43  266.21    8.10   -0.37    523.    524.     
  4.000   2.432   1.568    0.86  273.87    2.83   -1.70  258.83    8.10    0.04    523.    524.     
  5.000   1.395   0.974    1.44  268.19    2.78   -1.76  252.26    7.48    0.28    523.    524.     
  6.000   0.780   0.585    1.77  261.93    2.94   -1.30  245.73    7.07    0.43    523.    524.     
  7.000   0.431   0.318    1.81  255.19    3.19   -1.17  239.55    6.71    0.23    522.    523.     
  8.000   0.234   0.165    1.79  248.11    3.32   -0.94  233.65    6.20    0.11    519.    523.     
  9.000   0.116   0.076    1.92  240.64    3.30   -0.65  227.40    5.53   -0.26    482.    522.     
 10.000   0.070   0.040    0.92  232.96    3.12   -0.43  223.00    5.33   -0.53    128.    520.     
 11.000  99.999  99.999  999.99  225.34    2.89   -0.35  999.99   99.99  999.99      0.    520.     
 12.000  99.999  99.999  999.99  218.21    2.65    0.07  999.99   99.99  999.99      0.    519.     
 13.000  99.999  99.999  999.99  212.94    3.21    0.81  999.99   99.99  999.99      0.    516.     
 14.000  99.999  99.999  999.99  210.74    3.90    0.41  999.99   99.99  999.99      0.    514.     
 15.000  99.999  99.999  999.99  210.11    3.74   -0.05  999.99   99.99  999.99      0.    513.     
 16.000  99.999  99.999  999.99  209.95    3.31   -0.21  999.99   99.99  999.99      0.    512.     
 17.000  99.999  99.999  999.99  210.57    2.85    0.01  999.99   99.99  999.99      0.    511.     
 18.000  99.999  99.999  999.99  211.86    2.51    0.08  999.99   99.99  999.99      0.    509.     
 19.000  99.999  99.999  999.99  213.78    2.10   -0.23  999.99   99.99  999.99      0.    507.     
 20.000  99.999  99.999  999.99  215.65    1.82   -0.10  999.99   99.99  999.99      0.    500.     
 21.000  99.999  99.999  999.99  217.55    1.66    0.03  999.99   99.99  999.99      0.    490.     
 22.000  99.999  99.999  999.99  219.36    1.57    0.04  999.99   99.99  999.99      0.    475.     
 23.000  99.999  99.999  999.99  221.07    1.52    0.22  999.99   99.99  999.99      0.    472.     
 24.000  99.999  99.999  999.99  222.78    1.52    0.03  999.99   99.99  999.99      0.    465.     
 25.000  99.999  99.999  999.99  224.41    1.57   -0.03  999.99   99.99  999.99      0.    472.     
 26.000  99.999  99.999  999.99  226.01    1.65   -0.27  999.99   99.99  999.99      0.    464.     
 27.000  99.999  99.999  999.99  227.68    1.73   -0.38  999.99   99.99  999.99      0.    451.     
 28.000  99.999  99.999  999.99  229.49    1.64   -0.12  999.99   99.99  999.99      0.    435.     
 29.000  99.999  99.999  999.99  231.25    1.80   -0.20  999.99   99.99  999.99      0.    401.     
 30.000  99.999  99.999  999.99  232.96    1.75   -0.40  999.99   99.99  999.99      0.    363.     
1 T A B L E  III -  7.  M O I S T U R E  R E L A T E D  S T A T I S T I C A L  P A R A M E T E R S  
                                              JULY                                                  
 STATION =   724020     WALLOP ISLAND, MD                                                           
      Z VAPOR P   SD VP SKEW VP      TV      TV SKEW TV DEWPT T  SD DPT SKW DPT NOBS TP NOBS TV     
           MEAN                    MEAN      SD            MEAN                                     
     KM      MB      MB           DEG K   DEG K           DEG K   DEG K                             
  0.000  23.157   4.091   -0.37  298.03    3.08    0.37  292.76    3.04   -0.86    567.    567.     
  0.003  23.148   4.086   -0.37  298.02    3.08    0.36  292.75    3.04   -0.86    568.    568.     
  1.000  13.996   4.268   -0.18  293.49    3.17   -0.26  284.40    5.19   -0.83    567.    568.     
  2.000   8.888   3.390   -0.26  287.05    2.77   -0.53  277.23    6.63   -0.97    567.    568.     
  3.000   5.271   2.639    0.13  281.38    2.15   -0.40  269.30    7.87   -0.50    566.    568.     
  4.000   3.234   1.883    0.46  275.78    1.89   -0.27  262.57    8.10   -0.18    567.    568.     
  5.000   1.890   1.248    0.83  270.11    1.94   -0.50  255.73    7.98    0.13    567.    568.     
  6.000   1.064   0.755    1.13  264.15    2.20   -0.57  248.97    7.77    0.15    568.    568.     
  7.000   0.577   0.413    1.38  257.62    2.51   -0.60  242.47    7.08    0.22    567.    568.     
  8.000   0.306   0.206    1.35  250.65    2.76   -0.64  236.28    6.38    0.07    566.    568.     
  9.000   0.153   0.094    1.35  243.29    2.89   -0.73  229.89    5.69   -0.17    552.    567.     
 10.000   0.074   0.044    1.42  235.66    2.82   -0.68  223.50    5.44   -0.61    289.    567.     
 11.000  99.999  99.999  999.99  228.00    2.58   -0.33  999.99   99.99  999.99      4.    566.     
 12.000  99.999  99.999  999.99  220.70    2.37    0.00  999.99   99.99  999.99      0.    565.     
 13.000  99.999  99.999  999.99  214.81    2.62    0.40  999.99   99.99  999.99      0.    563.     
 14.000  99.999  99.999  999.99  210.84    3.17    0.35  999.99   99.99  999.99      0.    561.     
 15.000  99.999  99.999  999.99  208.55    3.57    0.23  999.99   99.99  999.99      0.    560.     
 16.000  99.999  99.999  999.99  208.55    3.34    0.00  999.99   99.99  999.99      0.    560.     
 17.000  99.999  99.999  999.99  210.15    2.62   -0.06  999.99   99.99  999.99      0.    557.     
 18.000  99.999  99.999  999.99  212.05    2.08   -0.03  999.99   99.99  999.99      0.    552.     
 19.000  99.999  99.999  999.99  214.24    1.86    0.11  999.99   99.99  999.99      0.    539.     
 20.000  99.999  99.999  999.99  216.26    1.72    0.05  999.99   99.99  999.99      0.    536.     
 21.000  99.999  99.999  999.99  218.23    1.64   -0.16  999.99   99.99  999.99      0.    530.     
 22.000  99.999  99.999  999.99  219.93    1.59    0.04  999.99   99.99  999.99      0.    509.     
 23.000  99.999  99.999  999.99  221.64    1.50   -0.04  999.99   99.99  999.99      0.    500.     
 24.000  99.999  99.999  999.99  223.36    1.49    0.14  999.99   99.99  999.99      0.    495.     
 25.000  99.999  99.999  999.99  224.96    1.54    0.25  999.99   99.99  999.99      0.    501.     
 26.000  99.999  99.999  999.99  226.53    1.59    0.44  999.99   99.99  999.99      0.    492.     
 27.000  99.999  99.999  999.99  228.08    1.70    0.37  999.99   99.99  999.99      0.    473.     
 28.000  99.999  99.999  999.99  229.48    1.63   -0.16  999.99   99.99  999.99      0.    430.     
 29.000  99.999  99.999  999.99  231.00    1.79   -0.25  999.99   99.99  999.99      0.    407.     
 30.000  99.999  99.999  999.99  232.64    1.94   -0.28  999.99   99.99  999.99      0.    349.     
1 T A B L E  III -  8.  M O I S T U R E  R E L A T E D  S T A T I S T I C A L  P A R A M E T E R S  
                                              AUGUST                                                
 STATION =   724020     WALLOP ISLAND, MD                                                           
      Z VAPOR P   SD VP SKEW VP      TV      TV SKEW TV DEWPT T  SD DPT SKW DPT NOBS TP NOBS TV     
           MEAN                    MEAN      SD            MEAN                                     
     KM      MB      MB           DEG K   DEG K           DEG K   DEG K                             
  0.000  23.411   4.623   -0.36  297.86    3.47   -0.20  292.87    3.44   -0.86    586.    586.     
  0.003  23.419   4.623   -0.36  297.86    3.47   -0.21  292.88    3.44   -0.86    588.    589.     
  1.000  14.365   4.194   -0.35  293.24    3.29   -0.66  284.83    5.12   -1.09    587.    589.     
  2.000   8.960   3.636   -0.30  287.14    2.57   -0.71  277.12    7.35   -1.11    587.    588.     
  3.000   5.217   2.686    0.11  281.67    1.97   -0.65  269.03    8.16   -0.51    587.    588.     
  4.000   3.131   1.904    0.52  276.17    1.72   -0.45  261.99    8.37   -0.13    584.    587.     
  5.000   1.825   1.260    0.93  270.56    1.66   -0.28  255.17    8.13    0.21    584.    586.     
  6.000   1.025   0.717    1.27  264.53    1.77   -0.23  248.71    7.41    0.26    580.    581.     
  7.000   0.576   0.400    1.48  257.96    2.04   -0.38  242.61    6.79    0.25    562.    564.     
  8.000   0.311   0.208    1.41  251.00    2.23   -0.42  236.44    6.36    0.07    558.    559.     
  9.000   0.155   0.097    1.32  243.64    2.30   -0.47  229.94    5.83   -0.21    557.    559.     
 10.000   0.075   0.043    1.15  235.91    2.32   -0.44  223.59    5.33   -0.58    289.    558.     
 11.000  99.999  99.999  999.99  228.11    2.20   -0.25  999.99   99.99  999.99      0.    557.     
 12.000  99.999  99.999  999.99  220.59    2.11    0.09  999.99   99.99  999.99      0.    557.     
 13.000  99.999  99.999  999.99  214.35    2.38    0.26  999.99   99.99  999.99      0.    551.     
 14.000  99.999  99.999  999.99  210.15    2.83    0.45  999.99   99.99  999.99      0.    547.     
 15.000  99.999  99.999  999.99  208.04    3.04    0.14  999.99   99.99  999.99      0.    547.     
 16.000  99.999  99.999  999.99  208.01    2.78   -0.17  999.99   99.99  999.99      0.    546.     
 17.000  99.999  99.999  999.99  209.55    2.41    0.15  999.99   99.99  999.99      0.    544.     
 18.000  99.999  99.999  999.99  211.73    2.10    0.04  999.99   99.99  999.99      0.    542.     
 19.000  99.999  99.999  999.99  214.03    1.88    0.25  999.99   99.99  999.99      0.    540.     
 20.000  99.999  99.999  999.99  216.07    1.69    0.26  999.99   99.99  999.99      0.    538.     
 21.000  99.999  99.999  999.99  217.95    1.59    0.15  999.99   99.99  999.99      0.    534.     
 22.000  99.999  99.999  999.99  219.65    1.51    0.45  999.99   99.99  999.99      0.    509.     
 23.000  99.999  99.999  999.99  221.26    1.54    0.06  999.99   99.99  999.99      0.    504.     
 24.000  99.999  99.999  999.99  222.92    1.45    0.14  999.99   99.99  999.99      0.    501.     
 25.000  99.999  99.999  999.99  224.42    1.44    0.01  999.99   99.99  999.99      0.    509.     
 26.000  99.999  99.999  999.99  225.87    1.48    0.03  999.99   99.99  999.99      0.    496.     
 27.000  99.999  99.999  999.99  227.34    1.59   -0.08  999.99   99.99  999.99      0.    477.     
 28.000  99.999  99.999  999.99  228.70    1.58   -0.05  999.99   99.99  999.99      0.    446.     
 29.000  99.999  99.999  999.99  230.09    1.62   -0.14  999.99   99.99  999.99      0.    412.     
 30.000  99.999  99.999  999.99  231.44    1.68   -0.52  999.99   99.99  999.99      0.    369.     
1 T A B L E  III -  9.  M O I S T U R E  R E L A T E D  S T A T I S T I C A L  P A R A M E T E R S  
                                              SEPTEMBER                                             
 STATION =   724020     WALLOP ISLAND, MD                                                           
      Z VAPOR P   SD VP SKEW VP      TV      TV SKEW TV DEWPT T  SD DPT SKW DPT NOBS TP NOBS TV     
           MEAN                    MEAN      SD            MEAN                                     
     KM      MB      MB           DEG K   DEG K           DEG K   DEG K                             
  0.000  19.195   5.175   -0.05  294.40    4.40   -0.42  289.46    4.55   -0.55    544.    544.     
  0.003  19.188   5.171   -0.05  294.39    4.40   -0.42  289.45    4.54   -0.55    544.    544.     
  1.000  11.831   4.634   -0.05  290.05    4.01   -0.49  281.38    6.73   -0.77    544.    544.     
  2.000   7.146   3.710    0.09  284.97    3.17   -0.79  273.22    8.62   -0.52    544.    544.     
  3.000   4.220   2.484    0.52  279.99    2.59   -0.97  266.00    8.18   -0.02    544.    544.     
  4.000   2.593   1.722    0.92  274.75    2.32   -0.75  259.62    7.97    0.33    542.    544.     
  5.000   1.563   1.138    1.21  269.03    2.41   -0.50  253.37    7.80    0.50    541.    543.     
  6.000   0.902   0.698    1.45  262.78    2.77   -0.58  247.05    7.52    0.56    542.    543.     
  7.000   0.499   0.387    1.64  255.94    3.01   -0.57  240.86    6.98    0.51    540.    543.     
  8.000   0.267   0.202    1.70  248.82    3.21   -0.53  234.64    6.67    0.24    537.    540.     
  9.000   0.134   0.093    1.57  241.32    3.28   -0.48  228.40    6.06   -0.07    507.    538.     
 10.000   0.073   0.046    1.35  233.73    3.09   -0.38  223.28    5.30   -0.04    201.    538.     
 11.000  99.999  99.999  999.99  226.38    2.78   -0.26  999.99   99.99  999.99      1.    536.     
 12.000  99.999  99.999  999.99  219.77    2.59    0.10  999.99   99.99  999.99      0.    536.     
 13.000  99.999  99.999  999.99  214.51    2.79    0.36  999.99   99.99  999.99      0.    534.     
 14.000  99.999  99.999  999.99  210.50    3.04    0.48  999.99   99.99  999.99      0.    534.     
 15.000  99.999  99.999  999.99  207.84    3.36    0.32  999.99   99.99  999.99      0.    533.     
 16.000  99.999  99.999  999.99  207.04    3.65    0.15  999.99   99.99  999.99      0.    530.     
 17.000  99.999  99.999  999.99  208.18    3.41    0.07  999.99   99.99  999.99      0.    528.     
 18.000  99.999  99.999  999.99  210.36    2.95    0.18  999.99   99.99  999.99      0.    526.     
 19.000  99.999  99.999  999.99  212.91    2.50    0.33  999.99   99.99  999.99      0.    525.     
 20.000  99.999  99.999  999.99  215.11    2.15    0.29  999.99   99.99  999.99      0.    519.     
 21.000  99.999  99.999  999.99  217.15    1.87    0.20  999.99   99.99  999.99      0.    505.     
 22.000  99.999  99.999  999.99  218.72    1.74    0.08  999.99   99.99  999.99      0.    493.     
 23.000  99.999  99.999  999.99  220.31    1.63    0.00  999.99   99.99  999.99      0.    488.     
 24.000  99.999  99.999  999.99  221.88    1.63   -0.01  999.99   99.99  999.99      0.    478.     
 25.000  99.999  99.999  999.99  223.39    1.60   -0.03  999.99   99.99  999.99      0.    484.     
 26.000  99.999  99.999  999.99  224.86    1.57    0.09  999.99   99.99  999.99      0.    465.     
 27.000  99.999  99.999  999.99  226.29    1.65    0.36  999.99   99.99  999.99      0.    429.     
 28.000  99.999  99.999  999.99  227.48    1.69    0.45  999.99   99.99  999.99      0.    406.     
 29.000  99.999  99.999  999.99  228.51    1.71    0.25  999.99   99.99  999.99      0.    373.     
 30.000  99.999  99.999  999.99  229.71    1.78    0.05  999.99   99.99  999.99      0.    330.     
1 T A B L E  III - 10.  M O I S T U R E  R E L A T E D  S T A T I S T I C A L  P A R A M E T E R S  
                                              OCTOBER                                               
 STATION =   724020     WALLOP ISLAND, MD                                                           
      Z VAPOR P   SD VP SKEW VP      TV      TV SKEW TV DEWPT T  SD DPT SKW DPT NOBS TP NOBS TV     
           MEAN                    MEAN      SD            MEAN                                     
     KM      MB      MB           DEG K   DEG K           DEG K   DEG K                             
  0.000  13.109   5.158    0.27  287.69    5.79   -0.34  283.02    6.34   -0.36    565.    565.     
  0.003  13.104   5.151    0.27  287.67    5.78   -0.34  283.01    6.33   -0.36    566.    567.     
  1.000   7.863   4.276    0.56  284.06    5.55   -0.47  274.62    8.41   -0.35    564.    567.     
  2.000   4.766   3.246    0.77  280.11    4.87   -0.89  266.91    9.49    0.00    566.    567.     
  3.000   2.903   2.129    1.23  275.80    4.22   -1.04  260.66    8.64    0.34    566.    567.     
  4.000   1.795   1.396    1.65  270.68    4.15   -1.18  254.89    8.02    0.51    566.    567.     
  5.000   1.070   0.902    2.01  264.86    4.23   -1.17  248.77    7.87    0.52    566.    567.     
  6.000   0.613   0.560    2.46  258.28    4.33   -1.06  242.65    7.47    0.63    566.    567.     
  7.000   0.348   0.320    2.38  251.15    4.36   -0.82  236.75    7.33    0.54    565.    566.     
  8.000   0.184   0.167    2.40  243.85    4.25   -0.39  230.77    6.77    0.53    542.    562.     
  9.000   0.108   0.088    1.80  236.42    3.95   -0.03  225.95    6.64    0.09    348.    561.     
 10.000   0.068   0.046    0.73  229.18    3.69    0.10  222.00    7.09   -0.81     49.    561.     
 11.000  99.999  99.999  999.99  222.77    3.54    0.26  999.99   99.99  999.99      0.    561.     
 12.000  99.999  99.999  999.99  217.80    3.68    0.24  999.99   99.99  999.99      0.    560.     
 13.000  99.999  99.999  999.99  214.35    3.66    0.13  999.99   99.99  999.99      0.    559.     
 14.000  99.999  99.999  999.99  211.67    3.61    0.13  999.99   99.99  999.99      0.    556.     
 15.000  99.999  99.999  999.99  209.70    3.78    0.19  999.99   99.99  999.99      0.    554.     
 16.000  99.999  99.999  999.99  208.60    3.92    0.05  999.99   99.99  999.99      0.    550.     
 17.000  99.999  99.999  999.99  209.22    3.72    0.06  999.99   99.99  999.99      0.    544.     
 18.000  99.999  99.999  999.99  210.72    3.30    0.05  999.99   99.99  999.99      0.    537.     
 19.000  99.999  99.999  999.99  212.63    2.81    0.09  999.99   99.99  999.99      0.    532.     
 20.000  99.999  99.999  999.99  214.21    2.62   -0.01  999.99   99.99  999.99      0.    529.     
 21.000  99.999  99.999  999.99  215.66    2.50   -0.01  999.99   99.99  999.99      0.    507.     
 22.000  99.999  99.999  999.99  216.97    2.41   -0.02  999.99   99.99  999.99      0.    501.     
 23.000  99.999  99.999  999.99  218.25    2.32    0.07  999.99   99.99  999.99      0.    495.     
 24.000  99.999  99.999  999.99  219.49    2.36    0.19  999.99   99.99  999.99      0.    492.     
 25.000  99.999  99.999  999.99  220.64    2.47    0.31  999.99   99.99  999.99      0.    491.     
 26.000  99.999  99.999  999.99  221.81    2.50    0.19  999.99   99.99  999.99      0.    475.     
 27.000  99.999  99.999  999.99  223.02    2.59    0.17  999.99   99.99  999.99      0.    435.     
 28.000  99.999  99.999  999.99  224.17    2.53    0.35  999.99   99.99  999.99      0.    407.     
 29.000  99.999  99.999  999.99  225.37    2.55    0.26  999.99   99.99  999.99      0.    373.     
 30.000  99.999  99.999  999.99  226.73    2.75    0.08  999.99   99.99  999.99      0.    332.     
1 T A B L E  III - 11.  M O I S T U R E  R E L A T E D  S T A T I S T I C A L  P A R A M E T E R S  
                                              NOVEMBER                                              
 STATION =   724020     WALLOP ISLAND, MD                                                           
      Z VAPOR P   SD VP SKEW VP      TV      TV SKEW TV DEWPT T  SD DPT SKW DPT NOBS TP NOBS TV     
           MEAN                    MEAN      SD            MEAN                                     
     KM      MB      MB           DEG K   DEG K           DEG K   DEG K                             
  0.000   9.148   4.252    0.56  282.16    6.01   -0.07  277.39    7.03   -0.24    537.    537.     
  0.003   9.146   4.251    0.56  282.15    6.01   -0.07  277.39    7.03   -0.24    537.    537.     
  1.000   5.847   3.736    0.88  279.54    6.87   -0.24  270.07    8.86    0.03    537.    537.     
  2.000   3.739   2.802    0.98  275.79    6.08   -0.60  263.27   10.03    0.03    537.    537.     
  3.000   2.293   1.831    1.32  271.57    5.66   -0.76  257.27    9.25    0.26    536.    537.     
  4.000   1.427   1.198    1.68  266.44    5.45   -0.76  251.75    8.62    0.40    536.    536.     
  5.000   0.865   0.734    1.83  260.33    5.39   -0.71  246.16    8.24    0.36    536.    536.     
  6.000   0.487   0.415    2.02  253.72    5.28   -0.55  240.16    7.72    0.33    533.    535.     
  7.000   0.264   0.234    2.09  246.69    5.14   -0.32  233.94    7.55    0.27    526.    534.     
  8.000   0.154   0.130    1.90  239.62    4.84   -0.10  229.08    6.94    0.28    446.    533.     
  9.000   0.103   0.071    0.98  232.57    4.45    0.01  225.74    6.83   -0.56    176.    533.     
 10.000   0.056   0.029    1.17  226.05    3.97    0.15  221.74    3.83    0.68     12.    532.     
 11.000  99.999  99.999  999.99  220.58    3.96    0.44  999.99   99.99  999.99      0.    530.     
 12.000  99.999  99.999  999.99  216.94    4.50    0.44  999.99   99.99  999.99      0.    528.     
 13.000  99.999  99.999  999.99  214.58    4.61    0.17  999.99   99.99  999.99      0.    526.     
 14.000  99.999  99.999  999.99  212.59    4.30    0.05  999.99   99.99  999.99      0.    524.     
 15.000  99.999  99.999  999.99  210.85    4.01    0.22  999.99   99.99  999.99      0.    521.     
 16.000  99.999  99.999  999.99  209.73    4.08    0.07  999.99   99.99  999.99      0.    518.     
 17.000  99.999  99.999  999.99  209.34    4.12   -0.14  999.99   99.99  999.99      0.    512.     
 18.000  99.999  99.999  999.99  210.04    3.67   -0.10  999.99   99.99  999.99      0.    509.     
 19.000  99.999  99.999  999.99  211.14    3.15   -0.05  999.99   99.99  999.99      0.    504.     
 20.000  99.999  99.999  999.99  212.17    2.83    0.19  999.99   99.99  999.99      0.    501.     
 21.000  99.999  99.999  999.99  213.20    2.64    0.31  999.99   99.99  999.99      0.    484.     
 22.000  99.999  99.999  999.99  214.20    2.56    0.47  999.99   99.99  999.99      0.    482.     
 23.000  99.999  99.999  999.99  215.30    2.67    0.76  999.99   99.99  999.99      0.    477.     
 24.000  99.999  99.999  999.99  216.44    2.95    0.89  999.99   99.99  999.99      0.    476.     
 25.000  99.999  99.999  999.99  217.49    3.15    0.81  999.99   99.99  999.99      0.    460.     
 26.000  99.999  99.999  999.99  218.56    3.34    0.78  999.99   99.99  999.99      0.    448.     
 27.000  99.999  99.999  999.99  219.71    3.37    0.69  999.99   99.99  999.99      0.    412.     
 28.000  99.999  99.999  999.99  220.83    3.38    0.62  999.99   99.99  999.99      0.    387.     
 29.000  99.999  99.999  999.99  222.00    3.47    0.78  999.99   99.99  999.99      0.    356.     
 30.000  99.999  99.999  999.99  223.04    3.38    0.60  999.99   99.99  999.99      0.    316.     
1 T A B L E  III - 12.  M O I S T U R E  R E L A T E D  S T A T I S T I C A L  P A R A M E T E R S  
                                              DECEMBER                                              
 STATION =   724020     WALLOP ISLAND, MD                                                           
      Z VAPOR P   SD VP SKEW VP      TV      TV SKEW TV DEWPT T  SD DPT SKW DPT NOBS TP NOBS TV     
           MEAN                    MEAN      SD            MEAN                                     
     KM      MB      MB           DEG K   DEG K           DEG K   DEG K                             
  0.000   6.679   3.294    0.61  277.35    5.55    0.00  272.83    7.14   -0.20    533.    533.     
  0.003   6.678   3.291    0.61  277.34    5.55    0.00  272.83    7.14   -0.20    534.    534.     
  1.000   4.947   3.739    1.12  275.85    7.59   -0.09  266.88   10.33    0.01    533.    534.     
  2.000   3.237   2.676    1.17  273.16    6.51   -0.48  260.96   10.46    0.17    533.    534.     
  3.000   2.168   1.805    1.21  269.06    6.03   -0.65  256.15    9.92    0.19    533.    534.     
  4.000   1.355   1.144    1.44  264.04    5.65   -0.70  250.84    9.15    0.27    533.    534.     
  5.000   0.844   0.727    1.50  257.99    5.56   -0.76  245.47    9.00    0.17    533.    534.     
  6.000   0.508   0.451    1.55  251.55    5.46   -0.67  240.01    8.70    0.21    529.    534.     
  7.000   0.288   0.239    1.48  244.76    5.26   -0.41  234.66    8.01    0.00    501.    534.     
  8.000   0.160   0.120    1.50  237.74    4.88   -0.14  229.50    7.26   -0.38    410.    533.     
  9.000   0.115   0.062    0.75  230.78    4.29    0.05  227.18    6.34   -1.34    109.    532.     
 10.000  99.999  99.999  999.99  224.30    3.94    0.17  999.99   99.99  999.99      5.    532.     
 11.000  99.999  99.999  999.99  219.20    4.37    0.57  999.99   99.99  999.99      1.    531.     
 12.000  99.999  99.999  999.99  216.26    5.32    0.36  999.99   99.99  999.99      0.    527.     
 13.000  99.999  99.999  999.99  215.03    5.21   -0.18  999.99   99.99  999.99      0.    520.     
 14.000  99.999  99.999  999.99  213.74    4.33   -0.19  999.99   99.99  999.99      0.    516.     
 15.000  99.999  99.999  999.99  211.87    4.23   -0.22  999.99   99.99  999.99      0.    506.     
 16.000  99.999  99.999  999.99  210.32    4.05   -0.03  999.99   99.99  999.99      0.    500.     
 17.000  99.999  99.999  999.99  209.74    4.00   -0.19  999.99   99.99  999.99      0.    483.     
 18.000  99.999  99.999  999.99  209.92    3.66   -0.26  999.99   99.99  999.99      0.    467.     
 19.000  99.999  99.999  999.99  210.56    3.40   -0.21  999.99   99.99  999.99      0.    460.     
 20.000  99.999  99.999  999.99  211.38    3.19   -0.27  999.99   99.99  999.99      0.    453.     
 21.000  99.999  99.999  999.99  212.23    3.04    0.23  999.99   99.99  999.99      0.    436.     
 22.000  99.999  99.999  999.99  213.02    3.10    0.60  999.99   99.99  999.99      0.    427.     
 23.000  99.999  99.999  999.99  213.95    3.08    0.88  999.99   99.99  999.99      0.    413.     
 24.000  99.999  99.999  999.99  214.82    3.27    1.10  999.99   99.99  999.99      0.    418.     
 25.000  99.999  99.999  999.99  215.76    3.51    1.15  999.99   99.99  999.99      0.    404.     
 26.000  99.999  99.999  999.99  216.85    3.86    1.28  999.99   99.99  999.99      0.    392.     
 27.000  99.999  99.999  999.99  218.01    4.21    1.34  999.99   99.99  999.99      0.    358.     
 28.000  99.999  99.999  999.99  219.16    4.45    1.19  999.99   99.99  999.99      0.    344.     
 29.000  99.999  99.999  999.99  220.57    4.62    0.89  999.99   99.99  999.99      0.    321.     
 30.000  99.999  99.999  999.99  222.21    4.77    0.54  999.99   99.99  999.99      0.    284.     
