      72269      32.94N  106.42W
  T A B L E  III -   1.  M O I S T U R E  R E L A T E D  S T A T I S T I C A L  P A R A M E T E R S
                                   January
 Station =   72269      White Sands Missile Range
      Z VAPOR P   SD VP SKEW VP      TV      TV SKEW TV DEWPT T  SD DPT SKW DPT NOBS TP NOBS TV   
           MEAN                    MEAN      SD            MEAN                                   
     KM      MB      MB          KELVIN  KELVIN          KELVIN  KELVIN                           
  0.000  16.000   6.000    0.00  291.00    6.00    0.00  290.00    7.00    0.00     100     100
  1.251   4.181   1.744    1.09  278.76    6.92   -0.01  267.07    5.32    0.10     575     575
  1.500   3.698   1.784    0.34  279.54    4.96   -0.38  266.45    4.95    0.18     538     538
  2.000   3.398   1.442    0.85  277.32    4.38   -0.35  264.29    5.51   -0.16     575     575
  2.500   2.823   1.379    0.71  274.82    4.22   -0.31  261.42    7.00   -0.88     575     575
  3.000   2.060   1.320    0.75  272.29    4.27   -0.31  256.20    9.60   -0.82     575     575
  3.500   1.499   1.152    0.88  269.69    4.34   -0.24  251.33   10.96   -0.54     575     575
  4.000   1.117   0.954    1.05  266.82    4.38   -0.21  247.37   11.37   -0.34     574     574
  4.500   0.877   0.748    1.13  263.68    4.36   -0.29  244.81   11.07   -0.41     573     573
  5.000   0.652   0.586    1.25  260.38    4.35   -0.36  241.91   10.63   -0.35     561     561
  5.500   0.504   0.474    1.11  257.10    4.40   -0.49  239.90   10.72   -0.47     522     522
  6.000   0.385   0.353    1.07  253.51    4.36   -0.45  237.46   10.32   -0.56     517     517
  6.500   0.273   0.270    1.16  249.86    4.42   -0.41  233.81   10.30   -0.35     510     510
  7.000   0.197   0.207    1.22  246.25    4.50   -0.36  230.36   10.44   -0.24     505     505
  7.500   0.130   0.151    1.43  242.51    4.39   -0.22  227.34   10.21   -0.26     458     458
  8.000   0.079   0.107    1.51  238.87    4.13   -0.07  225.14    9.92   -0.38     360     360
  8.500   0.047   0.074    1.65  235.40    3.89    0.14  222.46   10.00   -0.47     288     288
  9.000   0.018   0.041    2.57  231.96    3.69    0.36  219.12   10.07   -0.56     162     162
  9.500   0.004   0.015  999.90  228.73    3.73    0.55  212.44    8.85   -0.13      90      90
 10.000   0.003   0.009  999.90  225.73    4.00    1.01  208.78    8.03    0.12      90      90
 10.500   0.002   0.005  999.90  223.08    4.41    1.21  205.78    6.85    0.14      86      86
 11.000   0.001   0.002  999.90  221.04    4.90    1.03  201.45    5.51    0.30      76      76
 11.500   0.000   0.001  999.90  219.45    5.18    0.71  197.27    4.13    0.22      65      65
 12.000   0.000   0.000  999.90  218.38    5.16    0.41  193.95    2.89    0.21      57      57
 12.500   0.000   0.000  999.90  217.60    4.95    0.06  191.62    2.31    0.43      53      53
 13.000   0.000   0.000  999.90  216.86    4.46   -0.26  189.72    2.00   -0.01      53      53
 13.500   0.000   0.000  999.90  216.05    3.92   -0.38  188.26    1.88    0.15      48      48
 14.000   0.000   0.000  999.90  214.78    3.51   -0.20  186.93    2.01    0.23      41      41
 14.500   0.000   0.000  999.90  213.45    3.45   -0.19  186.11    1.90    0.38      19      19
 15.000   0.000   0.000  999.90  212.00    3.54   -0.10  999.90  999.90  999.90       0       0
 15.500   0.000   0.000  999.90  210.50    3.64    0.02  999.90  999.90  999.90       0       0
 16.000   0.000   0.000  999.90  209.16    3.67    0.11  999.90  999.90  999.90       0       0
 16.500   0.000   0.000  999.90  207.82    3.59    0.23  999.90  999.90  999.90       0       0
 17.000   0.000   0.000  999.90  207.01    3.55    0.27  999.90  999.90  999.90       0       0
 17.500   0.000   0.000  999.90  206.57    3.51    0.37  999.90  999.90  999.90       0       0
 18.000   0.000   0.000  999.90  206.40    3.58    0.32  999.90  999.90  999.90       0       0
 18.500   0.000   0.000  999.90  206.78    3.35    0.19  999.90  999.90  999.90       0       0
 19.000   0.000   0.000  999.90  207.05    2.94    0.16  999.90  999.90  999.90       0       0
 19.500   0.000   0.000  999.90  207.30    3.20   -0.02  999.90  999.90  999.90       0       0
 20.000   0.000   0.000  999.90  207.90    3.18   -0.18  999.90  999.90  999.90       0       0
 20.500   0.000   0.000  999.90  208.64    3.33   -0.69  999.90  999.90  999.90       0       0
 21.000   0.000   0.000  999.90  209.60    3.28   -0.89  999.90  999.90  999.90       0       0
 21.500   0.000   0.000  999.90  211.08    2.78   -0.65  999.90  999.90  999.90       0       0
 22.000   0.000   0.000  999.90  212.05    2.58   -0.81  999.90  999.90  999.90       0       0
 22.500   0.000   0.000  999.90  212.57    2.74   -0.65  184.34    1.43    0.35      11      11
 23.000   0.000   0.000  999.90  213.17    2.53   -0.42  183.82    1.24    1.09      12      12
 23.500   0.000   0.000  999.90  213.79    2.65   -0.83  184.38    1.13    1.07      12      12
 24.000   0.000   0.000  999.90  214.34    2.85   -0.76  185.10    1.58    0.54      14      14
 24.500   0.000   0.000  999.90  215.11    2.87   -0.47  185.11    1.26    0.43      13      13
 25.000   0.000   0.000  999.90  215.74    2.73   -0.10  185.19    1.31    0.25      14      14
 25.500   0.000   0.000  999.90  216.36    2.44   -0.24  185.76    1.17   -0.25      14      14
 26.000   0.000   0.000  999.90  217.02    2.30   -0.17  186.25    1.36    0.05      14      14
 26.500   0.000   0.000  999.90  217.65    2.41   -0.05  186.59    1.50    0.69      14      14
 27.000   0.000   0.000  999.90  218.37    2.38   -0.41  187.01    1.50    1.14      13      13
 27.500   0.000   0.000  999.90  219.09    2.48   -0.26  187.29    1.78    0.67      13      13
 28.000   0.000   0.000  999.90  219.47    2.71   -0.61  187.99    2.04   -0.01      13      13
 28.500   0.000   0.000  999.90  219.77    2.57   -0.84  188.52    1.78   -0.20      13      13
 29.000   0.000   0.000  999.90  220.49    2.71   -1.10  189.39    1.64   -0.51      13      13
 29.500   0.000   0.000  999.90  221.29    2.95   -0.93  190.21    1.78    0.26      13      13
 30.000   0.000   0.000  999.90  222.04    3.30   -0.77  190.65    2.35    0.50      10      10
  T A B L E  III -   2.  M O I S T U R E  R E L A T E D  S T A T I S T I C A L  P A R A M E T E R S
                                  February
 Station =   72269      White Sands Missile Range
      Z VAPOR P   SD VP SKEW VP      TV      TV SKEW TV DEWPT T  SD DPT SKW DPT NOBS TP NOBS TV   
           MEAN                    MEAN      SD            MEAN                                   
     KM      MB      MB          KELVIN  KELVIN          KELVIN  KELVIN                           
  0.000  16.000   6.000    0.00  291.00    6.00    0.00  290.00    7.00    0.00     100     100
  1.251   3.913   1.683    0.62  279.32    7.33   -0.03  266.01    5.99   -0.41     777     777
  1.500   3.257   1.826    0.03  280.81    5.51   -0.35  265.28    5.61   -0.31     690     690
  2.000   3.184   1.369    0.43  278.37    4.79   -0.05  263.41    5.84   -0.43     774     774
  2.500   2.708   1.331    0.43  275.59    4.40   -0.00  260.78    7.29   -0.90     777     777
  3.000   2.104   1.281    0.55  272.78    4.32   -0.15  256.58    9.51   -0.95     777     777
  3.500   1.547   1.114    0.70  269.85    4.19   -0.15  251.95   10.74   -0.67     777     777
  4.000   1.131   0.916    0.90  266.79    4.11   -0.16  247.80   11.13   -0.45     775     775
  4.500   0.855   0.730    1.08  263.63    4.00   -0.14  244.61   10.88   -0.35     774     774
  5.000   0.607   0.582    1.35  260.37    4.06   -0.25  241.26   10.80   -0.28     736     736
  5.500   0.471   0.469    1.34  257.00    4.15   -0.29  238.70   10.93   -0.31     716     716
  6.000   0.357   0.368    1.40  253.47    4.19   -0.32  235.93   10.78   -0.28     704     704
  6.500   0.266   0.287    1.47  249.85    4.15   -0.35  233.14   10.63   -0.23     688     688
  7.000   0.196   0.219    1.52  246.16    4.10   -0.33  230.03   10.68   -0.23     684     684
  7.500   0.138   0.163    1.63  242.46    4.14   -0.24  227.26   10.30   -0.16     650     650
  8.000   0.085   0.117    1.81  238.67    4.09   -0.14  225.13    9.84   -0.20     522     522
  8.500   0.053   0.078    1.75  235.03    4.13    0.06  222.89    9.28   -0.37     437     437
  9.000   0.020   0.045    2.76  231.50    3.98    0.15  219.72    8.98   -0.22     235     235
  9.500   0.006   0.019  999.90  228.12    3.72    0.21  214.51    7.67   -0.05     145     145
 10.000   0.003   0.010  999.90  225.13    3.66    0.47  210.80    6.69   -0.02     141     141
 10.500   0.002   0.007  999.90  222.53    3.91    0.69  207.13    6.34    0.34     140     140
 11.000   0.001   0.004  999.90  220.44    4.59    0.63  203.37    6.96    0.49     117     117
 11.500   0.001   0.003  999.90  219.17    5.31    0.43  199.97    6.49    0.78     108     108
 12.000   0.000   0.001  999.90  218.42    5.60    0.16  196.34    5.17    1.18     102     102
 12.500   0.000   0.001  999.90  217.82    5.30   -0.13  192.99    3.65    1.23      93      93
 13.000   0.000   0.000  999.90  217.20    4.64   -0.46  190.70    2.55    0.74     104     104
 13.500   0.000   0.000  999.90  216.12    4.10   -0.80  188.84    2.24    0.02      99      99
 14.000   0.000   0.000  999.90  214.75    3.77   -0.67  187.47    2.07   -0.19      83      83
 14.500   0.000   0.000  999.90  213.33    3.56   -0.24  186.73    1.79   -0.27      52      52
 15.000   0.000   0.000  999.90  211.84    3.48   -0.01  186.36    1.35   -0.05      22      22
 15.500   0.000   0.000  999.90  210.34    3.57    0.04  185.50    1.57    0.51      14      14
 16.000   0.000   0.000  999.90  209.06    3.59    0.17  999.90  999.90  999.90       0       0
 16.500   0.000   0.000  999.90  208.07    3.70    0.36  999.90  999.90  999.90       0       0
 17.000   0.000   0.000  999.90  207.39    3.86    0.48  999.90  999.90  999.90       0       0
 17.500   0.000   0.000  999.90  206.99    3.84    0.25  999.90  999.90  999.90       0       0
 18.000   0.000   0.000  999.90  206.89    3.96   -0.04  999.90  999.90  999.90       0       0
 18.500   0.000   0.000  999.90  207.12    3.91   -0.28  999.90  999.90  999.90       0       0
 19.000   0.000   0.000  999.90  207.27    3.94   -0.54  999.90  999.90  999.90       0       0
 19.500   0.000   0.000  999.90  207.30    3.73   -0.50  999.90  999.90  999.90       0       0
 20.000   0.000   0.000  999.90  208.01    3.67   -0.43  185.86    2.34    0.71      10      10
 20.500   0.000   0.000  999.90  208.70    3.38   -0.61  999.90  999.90  999.90       0       0
 21.000   0.000   0.000  999.90  209.45    3.04   -0.83  999.90  999.90  999.90       0       0
 21.500   0.000   0.000  999.90  210.14    2.79   -0.68  184.17    1.63    0.74      13      13
 22.000   0.000   0.000  999.90  210.81    2.76   -0.80  184.46    1.62    0.58      24      24
 22.500   0.000   0.000  999.90  211.59    2.60   -0.66  185.01    1.74    0.24      30      30
 23.000   0.000   0.000  999.90  212.27    2.57   -0.65  184.94    1.70    0.66      40      40
 23.500   0.000   0.000  999.90  212.94    2.60   -0.49  185.17    1.88    1.12      46      46
 24.000   0.000   0.000  999.90  213.74    2.62   -0.61  185.97    2.28    1.74      52      52
 24.500   0.000   0.000  999.90  214.41    2.55   -0.47  186.42    2.15    1.09      72      72
 25.000   0.000   0.000  999.90  215.21    2.63   -0.05  186.80    2.16    0.71      76      76
 25.500   0.000   0.000  999.90  215.93    2.68   -0.05  187.26    2.29    0.84      78      78
 26.000   0.000   0.000  999.90  216.55    2.73    0.08  187.50    2.51    0.81      81      81
 26.500   0.000   0.000  999.90  217.24    2.83    0.20  187.90    2.64    0.85      82      82
 27.000   0.000   0.000  999.90  218.13    2.59    0.27  188.31    2.51    0.37      82      82
 27.500   0.000   0.000  999.90  218.97    2.64    0.43  188.76    2.51    0.30      81      81
 28.000   0.000   0.000  999.90  219.93    2.72    0.68  189.20    2.64    0.18      80      80
 28.500   0.000   0.000  999.90  220.77    2.83    0.54  189.62    2.57    0.23      75      75
 29.000   0.000   0.000  999.90  221.81    3.07    0.48  190.31    2.55    0.13      71      71
 29.500   0.000   0.000  999.90  222.77    3.14    0.52  191.14    2.29    0.07      67      67
 30.000   0.000   0.000  999.90  223.79    3.31    0.52  191.93    2.39    0.34      56      56
  T A B L E  III -   3.  M O I S T U R E  R E L A T E D  S T A T I S T I C A L  P A R A M E T E R S
                                     March
 Station =   72269      White Sands Missile Range
      Z VAPOR P   SD VP SKEW VP      TV      TV SKEW TV DEWPT T  SD DPT SKW DPT NOBS TP NOBS TV   
           MEAN                    MEAN      SD            MEAN                                   
     KM      MB      MB          KELVIN  KELVIN          KELVIN  KELVIN                           
  0.000  16.000   6.000    0.00  291.00    6.00    0.00  290.00    7.00    0.00     100     100
  1.251   3.997   1.760    0.55  283.34    7.45   -0.00  266.16    6.40   -0.65     811     811
  1.500   3.418   1.902    0.04  284.14    5.35   -0.32  265.67    6.06   -0.72     727     727
  2.000   3.374   1.401    0.35  281.10    4.72   -0.19  264.13    5.99   -0.81     809     809
  2.500   2.865   1.241    0.36  277.72    4.45   -0.31  261.89    6.30   -0.87     811     811
  3.000   2.256   1.108    0.36  274.31    4.26   -0.45  258.43    7.47   -1.07     811     811
  3.500   1.599   1.027    0.53  271.09    4.08   -0.62  253.01    9.76   -0.79     811     811
  4.000   1.131   0.890    0.81  267.83    4.02   -0.62  247.80   11.15   -0.48     811     811
  4.500   0.782   0.691    1.15  264.53    3.98   -0.57  243.35   11.08   -0.27     810     810
  5.000   0.535   0.533    1.38  261.29    3.96   -0.68  239.50   11.15   -0.19     770     770
  5.500   0.390   0.409    1.59  257.90    3.79   -0.62  236.38   10.90   -0.18     756     756
  6.000   0.288   0.297    1.55  254.27    3.74   -0.56  233.80   10.28   -0.24     749     749
  6.500   0.206   0.222    1.60  250.77    3.71   -0.57  231.31    9.72   -0.21     709     709
  7.000   0.154   0.174    1.80  247.04    3.78   -0.48  228.42    9.70   -0.16     705     705
  7.500   0.109   0.124    1.68  243.35    3.71   -0.33  225.69    9.43   -0.18     673     673
  8.000   0.072   0.091    1.67  239.72    3.58   -0.23  223.07    9.50   -0.25     585     585
  8.500   0.043   0.062    1.73  235.97    3.55   -0.07  220.57    9.04   -0.29     483     483
  9.000   0.016   0.037    2.61  232.31    3.49    0.31  218.75    8.91   -0.29     224     224
  9.500   0.006   0.020  999.90  228.75    3.39    0.58  214.85    8.76   -0.17     142     142
 10.000   0.004   0.012  999.90  225.35    3.40    0.78  211.55    7.45    0.02     138     138
 10.500   0.002   0.007  999.90  222.35    3.61    0.94  208.13    6.43    0.20     133     133
 11.000   0.001   0.005  999.90  219.94    4.04    1.01  205.71    6.09    0.21     122     122
 11.500   0.001   0.003  999.90  218.16    4.63    0.74  202.28    5.92    0.12     112     112
 12.000   0.000   0.001  999.90  217.09    5.11    0.44  197.48    5.69    0.48      83      83
 12.500   0.000   0.000  999.90  216.53    5.27    0.00  192.55    3.77    0.89      66      66
 13.000   0.000   0.000  999.90  216.19    4.74   -0.41  189.58    2.29    0.28      68      68
 13.500   0.000   0.000  999.90  215.52    3.86   -0.34  187.69    1.83   -0.14      68      68
 14.000   0.000   0.000  999.90  214.57    3.32   -0.40  186.44    1.96    0.40      62      62
 14.500   0.000   0.000  999.90  213.19    3.20   -0.36  186.25    2.17    0.14      39      39
 15.000   0.000   0.000  999.90  211.66    3.19   -0.11  186.13    2.29    0.03      18      18
 15.500   0.000   0.000  999.90  210.43    3.20    0.11  186.10    2.28    0.52      11      11
 16.000   0.000   0.000  999.90  209.41    3.29    0.18  999.90  999.90  999.90       0       0
 16.500   0.000   0.000  999.90  208.51    3.72    0.23  999.90  999.90  999.90       0       0
 17.000   0.000   0.000  999.90  207.74    3.86    0.03  999.90  999.90  999.90       0       0
 17.500   0.000   0.000  999.90  207.48    3.85    0.03  999.90  999.90  999.90       0       0
 18.000   0.000   0.000  999.90  207.38    3.68    0.14  999.90  999.90  999.90       0       0
 18.500   0.000   0.000  999.90  207.35    3.40    0.04  999.90  999.90  999.90       0       0
 19.000   0.000   0.000  999.90  207.60    3.14    0.01  999.90  999.90  999.90       0       0
 19.500   0.000   0.000  999.90  208.08    2.97   -0.23  999.90  999.90  999.90       0       0
 20.000   0.000   0.000  999.90  208.66    2.76   -0.03  999.90  999.90  999.90       0       0
 20.500   0.000   0.000  999.90  209.43    2.78   -0.21  999.90  999.90  999.90       0       0
 21.000   0.000   0.000  999.90  210.41    2.65   -0.44  999.90  999.90  999.90       0       0
 21.500   0.000   0.000  999.90  211.00    2.57   -0.61  184.10    0.85   -0.52      12      12
 22.000   0.000   0.000  999.90  211.76    2.50   -0.44  184.56    1.47    0.94      18      18
 22.500   0.000   0.000  999.90  212.66    2.23   -0.24  184.48    1.80    1.30      29      29
 23.000   0.000   0.000  999.90  213.33    2.17   -0.00  184.86    1.78    1.53      39      39
 23.500   0.000   0.000  999.90  214.02    2.03   -0.17  185.31    1.87    0.99      52      52
 24.000   0.000   0.000  999.90  214.84    1.98    0.01  185.59    2.03    0.64      61      61
 24.500   0.000   0.000  999.90  215.57    2.04    0.00  185.87    2.05    0.78      73      73
 25.000   0.000   0.000  999.90  216.32    2.17    0.11  186.32    2.15    0.86      77      77
 25.500   0.000   0.000  999.90  217.24    2.09    0.13  187.05    2.00    0.97      79      79
 26.000   0.000   0.000  999.90  218.19    2.23    0.63  187.62    2.22    0.63      82      82
 26.500   0.000   0.000  999.90  219.15    2.44    1.05  188.44    2.27    0.92      80      80
 27.000   0.000   0.000  999.90  220.13    2.64    1.11  189.20    2.41    1.01      77      77
 27.500   0.000   0.000  999.90  221.09    2.78    0.79  190.10    2.45    0.97      77      77
 28.000   0.000   0.000  999.90  222.19    2.91    0.58  190.71    2.45    0.96      77      77
 28.500   0.000   0.000  999.90  223.37    3.32    1.01  191.79    2.88    1.12      77      77
 29.000   0.000   0.000  999.90  224.56    3.78    1.23  192.76    3.43    1.08      73      73
 29.500   0.000   0.000  999.90  225.86    3.76    0.99  193.59    3.45    0.89      72      72
 30.000   0.000   0.001  999.90  226.96    3.78    0.91  194.44    3.41    0.70      67      67
  T A B L E  III -   4.  M O I S T U R E  R E L A T E D  S T A T I S T I C A L  P A R A M E T E R S
                                     April
 Station =   72269      White Sands Missile Range
      Z VAPOR P   SD VP SKEW VP      TV      TV SKEW TV DEWPT T  SD DPT SKW DPT NOBS TP NOBS TV   
           MEAN                    MEAN      SD            MEAN                                   
     KM      MB      MB          KELVIN  KELVIN          KELVIN  KELVIN                           
  0.000  16.000   6.000    0.00  291.00    6.00    0.00  290.00    7.00    0.00     100     100
  1.251   4.517   2.086    1.91  288.43    7.20    0.09  267.98    5.60    0.23     712     712
  1.500   3.990   2.042    0.94  288.91    4.99   -0.13  267.23    5.28    0.33     671     671
  2.000   3.658   1.479    1.12  285.55    4.68   -0.35  265.39    5.07    0.07     712     712
  2.500   3.129   1.332    1.24  281.79    4.57   -0.49  263.25    5.55   -0.67     712     712
  3.000   2.571   1.166    0.98  277.86    4.51   -0.57  260.43    6.69   -1.45     712     712
  3.500   1.974   1.046    0.47  274.07    4.38   -0.68  256.51    8.07   -1.06     712     712
  4.000   1.466   0.932    0.47  270.43    4.25   -0.83  251.88   10.12   -0.99     711     711
  4.500   1.045   0.772    0.75  266.84    4.17   -0.94  247.48   10.49   -0.65     708     708
  5.000   0.701   0.603    1.12  263.34    4.13   -1.02  243.16   10.30   -0.39     685     685
  5.500   0.490   0.463    1.54  259.82    4.06   -1.05  239.27   10.18   -0.28     678     678
  6.000   0.343   0.340    1.86  256.35    4.00   -1.12  235.76    9.57   -0.14     677     677
  6.500   0.252   0.267    2.00  252.73    4.01   -1.10  232.80    9.43   -0.00     661     661
  7.000   0.188   0.205    2.01  249.05    4.00   -1.03  229.79    9.49    0.00     657     657
  7.500   0.137   0.157    2.13  245.31    3.85   -0.87  227.04    9.35    0.03     638     638
  8.000   0.090   0.113    2.23  241.60    3.63   -0.49  223.99    9.55   -0.12     571     571
  8.500   0.059   0.080    2.25  237.92    3.39   -0.24  220.97    9.28   -0.11     532     532
  9.000   0.026   0.053    2.81  234.26    3.22   -0.07  218.64    9.39    0.06     299     299
  9.500   0.007   0.025    5.81  230.59    3.16    0.01  214.21    9.77    0.16     116     116
 10.000   0.003   0.012  999.90  227.11    3.22    0.22  209.71    8.55    0.32      91      91
 10.500   0.001   0.005  999.90  223.77    3.39    0.52  206.11    7.03    0.30      86      86
 11.000   0.001   0.003  999.90  220.64    3.73    0.76  203.46    5.95    0.33      82      82
 11.500   0.000   0.002  999.90  217.95    4.26    0.91  200.77    5.03    0.43      76      76
 12.000   0.000   0.001  999.90  215.99    4.82    0.95  196.80    3.47    0.94      54      54
 12.500   0.000   0.000  999.90  214.79    5.17    0.71  194.33    2.54    0.22      47      47
 13.000   0.000   0.000  999.90  214.32    5.02    0.32  192.58    2.12   -0.21      47      47
 13.500   0.000   0.000  999.90  213.99    4.63   -0.00  190.74    1.97   -0.10      46      46
 14.000   0.000   0.000  999.90  213.43    4.15   -0.13  189.18    2.13   -0.57      46      46
 14.500   0.000   0.000  999.90  212.58    3.83   -0.28  188.34    2.18   -0.72      43      43
 15.000   0.000   0.000  999.90  211.59    3.65   -0.11  188.02    2.19   -0.05      34      34
 15.500   0.000   0.000  999.90  210.63    3.56    0.04  187.74    2.55    0.12      25      25
 16.000   0.000   0.000  999.90  209.84    3.69    0.11  188.06    1.78   -0.64      18      18
 16.500   0.000   0.000  999.90  208.93    3.63    0.25  187.85    1.86   -0.40      10      10
 17.000   0.000   0.000  999.90  208.08    3.64    0.22  186.74    2.41   -0.43      10      10
 17.500   0.000   0.000  999.90  207.75    3.76    0.14  999.90  999.90  999.90       0       0
 18.000   0.000   0.000  999.90  207.75    3.71    0.15  999.90  999.90  999.90       0       0
 18.500   0.000   0.000  999.90  207.94    3.39   -0.31  999.90  999.90  999.90       0       0
 19.000   0.000   0.000  999.90  208.35    2.92   -0.40  999.90  999.90  999.90       0       0
 19.500   0.000   0.000  999.90  209.14    3.11   -0.10  999.90  999.90  999.90       0       0
 20.000   0.000   0.000  999.90  210.00    2.71    0.20  999.90  999.90  999.90       0       0
 20.500   0.000   0.000  999.90  211.05    2.59    0.30  999.90  999.90  999.90       0       0
 21.000   0.000   0.000  999.90  211.99    2.67    0.06  186.15    2.11   -0.29      21      21
 21.500   0.000   0.000  999.90  213.04    2.33    0.00  185.98    1.67    0.38      36      36
 22.000   0.000   0.000  999.90  214.15    2.09    0.20  186.35    1.74   -0.12      48      48
 22.500   0.000   0.000  999.90  215.03    1.98   -0.23  186.88    1.97   -0.05      50      50
 23.000   0.000   0.000  999.90  215.88    1.89    0.17  187.15    2.06   -0.02      52      52
 23.500   0.000   0.000  999.90  216.73    1.97    0.54  187.65    2.36   -0.06      55      55
 24.000   0.000   0.000  999.90  217.48    2.09    0.75  188.16    2.35    0.13      55      55
 24.500   0.000   0.000  999.90  218.25    2.19    0.76  188.60    2.59    0.11      55      55
 25.000   0.000   0.000  999.90  219.21    2.61    0.52  189.18    2.83    0.05      55      55
 25.500   0.000   0.000  999.90  220.18    2.59    0.52  189.81    2.68    0.14      55      55
 26.000   0.000   0.000  999.90  221.17    2.72    0.68  190.46    2.52    0.23      54      54
 26.500   0.000   0.000  999.90  222.15    2.79    0.44  191.02    2.56    0.08      53      53
 27.000   0.000   0.000  999.90  222.98    2.58    0.40  191.68    2.49   -0.03      53      53
 27.500   0.000   0.000  999.90  224.03    2.53    0.41  192.45    2.37   -0.10      52      52
 28.000   0.000   0.000  999.90  225.20    2.80    0.33  193.39    2.49   -0.07      51      51
 28.500   0.000   0.000  999.90  226.28    2.87    0.27  194.15    2.60    0.05      51      51
 29.000   0.000   0.000  999.90  227.25    2.96    0.19  194.95    2.78    0.12      52      52
 29.500   0.000   0.001  999.90  228.50    3.25    0.31  195.96    3.08    0.03      51      51
 30.000   0.000   0.001  999.90  229.62    3.29    0.08  197.04    3.01   -0.28      49      49
  T A B L E  III -   5.  M O I S T U R E  R E L A T E D  S T A T I S T I C A L  P A R A M E T E R S
                                       May
 Station =   72269      White Sands Missile Range
      Z VAPOR P   SD VP SKEW VP      TV      TV SKEW TV DEWPT T  SD DPT SKW DPT NOBS TP NOBS TV   
           MEAN                    MEAN      SD            MEAN                                   
     KM      MB      MB          KELVIN  KELVIN          KELVIN  KELVIN                           
  0.000  16.000   6.000    0.00  291.00    6.00    0.00  290.00    7.00    0.00     100     100
  1.251   6.309   3.134    0.78  294.44    6.74    0.17  272.09    6.88    0.03     661     661
  1.500   5.410   2.948    0.36  294.29    4.63   -0.07  270.97    6.57   -0.12     621     621
  2.000   5.021   2.269    0.62  290.86    4.22   -0.25  269.21    6.26   -0.13     661     661
  2.500   4.328   1.911    0.52  286.99    3.90   -0.28  267.28    6.09   -0.18     661     661
  3.000   3.674   1.682    0.61  282.99    3.70   -0.34  265.05    6.26   -0.32     661     661
  3.500   3.056   1.485    0.48  279.01    3.44   -0.41  262.40    7.03   -0.73     661     661
  4.000   2.410   1.264    0.28  275.14    3.18   -0.44  258.91    8.57   -1.30     658     658
  4.500   1.838   1.049    0.18  271.37    2.85   -0.29  255.15    9.39   -1.16     657     657
  5.000   1.327   0.904    0.25  267.69    2.60   -0.14  251.09   10.47   -1.02     630     630
  5.500   0.953   0.726    0.46  264.02    2.50   -0.13  247.04   10.87   -0.84     619     619
  6.000   0.659   0.556    0.89  260.49    2.46   -0.03  242.86   10.37   -0.55     619     619
  6.500   0.442   0.404    1.14  256.93    2.50   -0.04  238.76    9.88   -0.32     610     610
  7.000   0.301   0.295    1.30  253.37    2.56   -0.10  234.61    9.82   -0.17     609     609
  7.500   0.198   0.199    1.38  249.63    2.56   -0.09  230.81    9.33   -0.14     597     597
  8.000   0.130   0.142    1.69  245.85    2.64   -0.16  227.29    8.97   -0.08     569     569
  8.500   0.091   0.102    1.67  241.95    2.74   -0.23  224.29    8.69   -0.07     560     560
  9.000   0.057   0.072    1.79  238.01    2.77   -0.28  221.49    8.52   -0.11     481     481
  9.500   0.018   0.044    3.00  234.03    2.74   -0.18  220.17    8.60    0.00     175     175
 10.000   0.007   0.023    4.77  230.08    2.70   -0.02  216.36    8.08    0.30     100     100
 10.500   0.002   0.007  999.90  226.28    2.60    0.19  211.03    5.00    0.62      67      67
 11.000   0.001   0.004  999.90  222.69    2.50    0.37  208.18    4.21    0.52      66      66
 11.500   0.001   0.003  999.90  219.32    2.58    0.48  204.73    4.07    0.47      66      66
 12.000   0.000   0.002  999.90  216.39    2.73    0.57  202.14    3.80    0.07      58      58
 12.500   0.000   0.001  999.90  214.26    3.33    0.67  197.99    3.58   -0.04      37      37
 13.000   0.000   0.000  999.90  212.86    3.76    0.46  194.19    2.64   -0.82      35      35
 13.500   0.000   0.000  999.90  212.00    3.89    0.25  192.05    1.74   -2.35      29      29
 14.000   0.000   0.000  999.90  211.61    4.05    0.10  190.25    1.60   -0.59      31      31
 14.500   0.000   0.000  999.90  211.01    3.74    0.10  188.36    1.67   -1.06      22      22
 15.000   0.000   0.000  999.90  210.33    3.42   -0.02  187.06    1.75   -0.91      16      16
 15.500   0.000   0.000  999.90  209.29    3.20    0.05  999.90  999.90  999.90       0       0
 16.000   0.000   0.000  999.90  208.30    3.20   -0.10  999.90  999.90  999.90       0       0
 16.500   0.000   0.000  999.90  207.63    3.16   -0.09  999.90  999.90  999.90       0       0
 17.000   0.000   0.000  999.90  207.08    3.33   -0.14  999.90  999.90  999.90       0       0
 17.500   0.000   0.000  999.90  206.78    3.37   -0.10  999.90  999.90  999.90       0       0
 18.000   0.000   0.000  999.90  206.97    3.21    0.05  999.90  999.90  999.90       0       0
 18.500   0.000   0.000  999.90  207.35    3.19    0.19  999.90  999.90  999.90       0       0
 19.000   0.000   0.000  999.90  207.99    3.17    0.01  999.90  999.90  999.90       0       0
 19.500   0.000   0.000  999.90  208.98    3.05   -0.37  999.90  999.90  999.90       0       0
 20.000   0.000   0.000  999.90  210.26    2.67    0.01  186.01    2.11   -0.68      10      10
 20.500   0.000   0.000  999.90  211.66    2.36    0.21  186.04    1.39   -0.43      13      13
 21.000   0.000   0.000  999.90  212.82    2.13    0.07  186.46    1.90   -0.55      19      19
 21.500   0.000   0.000  999.90  213.74    1.80    0.16  186.77    1.62   -0.54      28      28
 22.000   0.000   0.000  999.90  214.69    1.91    0.14  186.70    2.01   -0.12      34      34
 22.500   0.000   0.000  999.90  216.06    1.83    0.14  187.16    2.01    0.06      38      38
 23.000   0.000   0.000  999.90  217.07    1.66    0.20  187.81    1.98   -0.13      38      38
 23.500   0.000   0.000  999.90  218.02    1.72   -0.03  188.35    2.06   -0.01      38      38
 24.000   0.000   0.000  999.90  219.16    1.82   -0.01  189.16    1.96   -0.25      38      38
 24.500   0.000   0.000  999.90  220.28    1.66   -0.20  189.79    1.95   -0.31      38      38
 25.000   0.000   0.000  999.90  221.25    1.72   -0.32  190.29    2.01   -0.18      37      37
 25.500   0.000   0.000  999.90  222.28    1.82   -0.16  191.17    1.89   -0.07      36      36
 26.000   0.000   0.000  999.90  223.21    2.05    0.65  191.88    1.90   -0.22      35      35
 26.500   0.000   0.000  999.90  224.30    2.23    0.19  192.62    2.12   -0.03      35      35
 27.000   0.000   0.000  999.90  225.11    2.17    0.32  193.26    2.06   -0.10      34      34
 27.500   0.000   0.000  999.90  226.07    2.20    0.13  193.98    2.25   -0.24      33      33
 28.000   0.000   0.000  999.90  227.28    2.36   -0.05  194.63    2.36   -0.18      32      32
 28.500   0.000   0.000  999.90  228.04    2.48   -0.19  195.15    2.33   -0.18      29      29
 29.000   0.000   0.000  999.90  228.81    2.62   -0.05  195.96    2.54   -0.32      29      29
 29.500   0.000   0.000  999.90  229.89    2.52    0.15  196.28    3.13   -0.43      31      31
 30.000   0.000   0.001  999.90  230.80    2.47   -0.28  197.58    2.40    0.59      28      28
  T A B L E  III -   6.  M O I S T U R E  R E L A T E D  S T A T I S T I C A L  P A R A M E T E R S
                                      June
 Station =   72269      White Sands Missile Range
      Z VAPOR P   SD VP SKEW VP      TV      TV SKEW TV DEWPT T  SD DPT SKW DPT NOBS TP NOBS TV   
           MEAN                    MEAN      SD            MEAN                                   
     KM      MB      MB          KELVIN  KELVIN          KELVIN  KELVIN                           
  0.000  16.000   6.000    0.00  291.00    6.00    0.00  290.00    7.00    0.00     100     100
  1.251   8.421   3.638    0.63  299.57    6.58   -0.02  276.41    6.45   -0.27     803     803
  1.500   6.842   3.756    0.05  299.03    4.27    0.06  274.98    6.25   -0.31     725     725
  2.000   6.506   2.699    0.48  295.78    3.65   -0.02  272.91    6.04   -0.29     802     802
  2.500   5.552   2.291    0.62  291.97    3.46   -0.13  270.77    5.83   -0.24     803     803
  3.000   4.713   1.943    0.56  287.92    3.29   -0.22  268.51    6.00   -0.67     803     803
  3.500   4.013   1.687    0.33  283.81    3.06   -0.25  266.16    6.87   -1.56     803     803
  4.000   3.375   1.467    0.09  279.65    2.81   -0.29  263.66    7.61   -1.73     803     803
  4.500   2.829   1.299   -0.04  275.47    2.55   -0.31  261.18    8.06   -1.51     803     803
  5.000   2.224   1.220   -0.08  271.45    2.27   -0.39  257.95    9.23   -1.37     781     781
  5.500   1.657   1.104    0.11  267.61    2.06   -0.30  253.61   11.03   -1.12     763     763
  6.000   1.132   0.892    0.44  264.01    2.01   -0.17  248.61   11.33   -0.64     755     755
  6.500   0.716   0.670    0.97  260.64    2.18   -0.17  243.10   11.27   -0.30     745     745
  7.000   0.438   0.478    1.46  257.33    2.41   -0.17  237.38   11.14   -0.00     741     741
  7.500   0.278   0.328    1.87  253.85    2.53   -0.10  233.24   10.35    0.15     723     723
  8.000   0.188   0.244    2.06  250.25    2.54   -0.19  229.89   10.08    0.27     681     681
  8.500   0.133   0.175    2.08  246.50    2.62   -0.19  226.73    9.97    0.20     672     672
  9.000   0.090   0.116    2.13  242.69    2.72   -0.14  223.81    9.17    0.16     659     659
  9.500   0.055   0.078    2.11  238.88    2.77   -0.09  220.90    8.87    0.13     569     569
 10.000   0.029   0.051    2.52  235.06    2.80    0.00  218.30    8.49    0.17     418     418
 10.500   0.007   0.025    4.62  231.24    2.82    0.11  215.85    8.98    0.17     131     131
 11.000   0.003   0.012  999.90  227.55    2.83    0.16  212.23    7.91    0.19      91      91
 11.500   0.002   0.007  999.90  224.11    2.72    0.23  208.51    7.00    0.33      87      87
 12.000   0.001   0.004  999.90  220.85    2.63    0.17  205.07    5.90    0.39      87      87
 12.500   0.000   0.002  999.90  217.92    2.55   -0.06  201.05    5.22    1.06      69      69
 13.000   0.000   0.001  999.90  215.18    2.49   -0.24  197.72    4.07    1.34      64      64
 13.500   0.000   0.000  999.90  212.73    2.49   -0.28  192.99    1.42   -0.70      22      22
 14.000   0.000   0.000  999.90  210.68    2.47    0.15  191.03    1.49   -0.29      13      13
 14.500   0.000   0.000  999.90  208.86    2.68    0.44  999.90  999.90  999.90       0       0
 15.000   0.000   0.000  999.90  207.15    2.93    0.32  999.90  999.90  999.90       0       0
 15.500   0.000   0.000  999.90  205.81    3.27    0.04  999.90  999.90  999.90       0       0
 16.000   0.000   0.000  999.90  204.80    3.46   -0.10  999.90  999.90  999.90       0       0
 16.500   0.000   0.000  999.90  204.11    3.57   -0.13  999.90  999.90  999.90       0       0
 17.000   0.000   0.000  999.90  203.91    3.15   -0.02  999.90  999.90  999.90       0       0
 17.500   0.000   0.000  999.90  204.20    2.69    0.06  999.90  999.90  999.90       0       0
 18.000   0.000   0.000  999.90  205.17    2.64    0.12  999.90  999.90  999.90       0       0
 18.500   0.000   0.000  999.90  206.62    2.40    0.01  999.90  999.90  999.90       0       0
 19.000   0.000   0.000  999.90  208.12    2.04    0.20  999.90  999.90  999.90       0       0
 19.500   0.000   0.000  999.90  209.55    2.03    0.04  999.90  999.90  999.90       0       0
 20.000   0.000   0.000  999.90  211.21    1.84   -0.10  999.90  999.90  999.90       0       0
 20.500   0.000   0.000  999.90  212.54    1.77    0.19  184.77    1.51   -0.12      11      11
 21.000   0.000   0.000  999.90  213.61    1.83    0.16  185.30    1.72   -0.04      21      21
 21.500   0.000   0.000  999.90  214.63    1.66    0.09  185.34    1.62   -0.00      41      41
 22.000   0.000   0.000  999.90  215.65    1.56   -0.04  185.79    1.67   -0.09      53      53
 22.500   0.000   0.000  999.90  216.71    1.63   -0.02  186.57    1.72   -0.13      54      54
 23.000   0.000   0.000  999.90  217.72    1.60   -0.03  187.14    1.71   -0.25      53      53
 23.500   0.000   0.000  999.90  218.76    1.49   -0.06  188.10    1.65   -0.32      53      53
 24.000   0.000   0.000  999.90  220.04    1.64    0.26  188.85    1.80   -0.60      53      53
 24.500   0.000   0.000  999.90  221.02    1.58    0.70  189.49    1.63   -0.43      53      53
 25.000   0.000   0.000  999.90  221.87    1.71    0.63  190.01    1.52   -0.34      52      52
 25.500   0.000   0.000  999.90  222.75    1.76    1.06  190.73    1.53   -0.48      52      52
 26.000   0.000   0.000  999.90  223.60    1.77    0.74  191.31    1.49   -0.05      52      52
 26.500   0.000   0.000  999.90  224.64    1.71    0.64  192.16    1.52    0.55      51      51
 27.000   0.000   0.000  999.90  225.58    1.63    0.54  192.82    1.54    0.44      51      51
 27.500   0.000   0.000  999.90  226.33    1.53    0.14  193.18    1.33    0.35      49      49
 28.000   0.000   0.000  999.90  227.09    1.63    0.14  193.65    1.37    0.48      49      49
 28.500   0.000   0.000  999.90  228.01    1.48    0.01  194.24    1.33    0.49      49      49
 29.000   0.000   0.000  999.90  228.83    1.58   -0.15  194.82    1.42   -0.09      47      47
 29.500   0.000   0.000  999.90  229.51    1.73    0.01  195.13    1.62    0.26      45      45
 30.000   0.000   0.000  999.90  230.30    1.85    0.06  195.80    1.97    0.44      45      45
  T A B L E  III -   7.  M O I S T U R E  R E L A T E D  S T A T I S T I C A L  P A R A M E T E R S
                                      July
 Station =   72269      White Sands Missile Range
      Z VAPOR P   SD VP SKEW VP      TV      TV SKEW TV DEWPT T  SD DPT SKW DPT NOBS TP NOBS TV   
           MEAN                    MEAN      SD            MEAN                                   
     KM      MB      MB          KELVIN  KELVIN          KELVIN  KELVIN                           
  0.000  16.000   6.000    0.00  291.00    6.00    0.00  290.00    7.00    0.00     100     100
  1.251  13.166   3.650   -0.03  300.49    5.39    0.34  283.63    4.60   -0.86     887     887
  1.500  10.735   4.627   -0.91  299.64    3.54    0.42  282.14    4.43   -1.09     801     801
  2.000  10.427   2.778   -0.11  296.20    2.83    0.32  280.20    4.40   -1.14     887     887
  2.500   9.071   2.492   -0.01  292.48    2.53    0.28  278.16    4.42   -1.05     887     887
  3.000   7.771   2.182   -0.13  288.68    2.23    0.37  275.92    4.51   -1.10     887     887
  3.500   6.565   1.844   -0.26  284.73    1.97    0.35  273.55    4.51   -1.18     887     887
  4.000   5.508   1.557   -0.57  280.73    1.71    0.29  271.16    4.52   -1.34     885     885
  4.500   4.435   1.355   -0.55  276.83    1.48    0.09  268.12    4.99   -1.62     885     885
  5.000   3.255   1.416   -0.47  273.17    1.33   -0.25  264.09    6.47   -1.64     853     853
  5.500   2.353   1.322   -0.21  269.79    1.35   -0.26  259.22    9.07   -1.56     834     834
  6.000   1.644   1.090    0.07  266.62    1.46   -0.46  254.34    9.97   -1.13     823     823
  6.500   1.139   0.880    0.31  263.54    1.59   -0.54  249.44   10.88   -0.80     808     808
  7.000   0.810   0.678    0.44  260.42    1.70   -0.65  244.98   11.68   -0.73     803     803
  7.500   0.571   0.503    0.55  257.20    1.73   -0.47  241.44   11.16   -0.59     788     788
  8.000   0.386   0.375    0.68  253.86    1.77   -0.44  237.78   11.11   -0.49     740     740
  8.500   0.276   0.272    0.76  250.37    1.84   -0.44  234.49   10.78   -0.51     735     735
  9.000   0.190   0.188    0.79  246.74    1.83   -0.32  231.25   10.17   -0.55     725     725
  9.500   0.129   0.129    0.79  243.01    1.86   -0.26  227.88    9.87   -0.63     710     710
 10.000   0.087   0.086    0.75  239.20    1.86   -0.09  224.62    9.44   -0.72     700     700
 10.500   0.036   0.057    1.41  235.31    1.87    0.21  221.90    9.65   -0.82     387     387
 11.000   0.006   0.021    3.69  231.41    1.86    0.47  215.93    9.94   -0.53     126     126
 11.500   0.004   0.012  999.90  227.48    1.85    0.54  212.31    8.97   -0.54     121     121
 12.000   0.002   0.007  999.90  223.60    1.84    0.56  208.93    8.01   -0.61     121     121
 12.500   0.001   0.004  999.90  219.88    1.84    0.84  205.78    7.32   -0.73     117     117
 13.000   0.001   0.003  999.90  216.21    1.87    0.96  202.70    6.49   -0.73     110     110
 13.500   0.000   0.001  999.90  212.79    1.87    0.82  195.09    5.81    0.17      37      37
 14.000   0.000   0.000  999.90  209.70    1.94    0.52  188.88    2.38    0.58      14      14
 14.500   0.000   0.000  999.90  206.99    2.04    0.26  999.90  999.90  999.90       0       0
 15.000   0.000   0.000  999.90  204.79    2.04    0.22  999.90  999.90  999.90       0       0
 15.500   0.000   0.000  999.90  203.27    2.14    0.17  999.90  999.90  999.90       0       0
 16.000   0.000   0.000  999.90  202.41    2.19    0.23  999.90  999.90  999.90       0       0
 16.500   0.000   0.000  999.90  202.20    2.41   -0.08  999.90  999.90  999.90       0       0
 17.000   0.000   0.000  999.90  202.81    2.30   -0.29  999.90  999.90  999.90       0       0
 17.500   0.000   0.000  999.90  203.94    2.14   -0.04  999.90  999.90  999.90       0       0
 18.000   0.000   0.000  999.90  205.10    2.03   -0.14  999.90  999.90  999.90       0       0
 18.500   0.000   0.000  999.90  206.64    1.78    0.05  999.90  999.90  999.90       0       0
 19.000   0.000   0.000  999.90  208.16    1.68    0.01  999.90  999.90  999.90       0       0
 19.500   0.000   0.000  999.90  209.48    1.64    0.11  999.90  999.90  999.90       0       0
 20.000   0.000   0.000  999.90  210.96    1.47    0.13  999.90  999.90  999.90       0       0
 20.500   0.000   0.000  999.90  212.20    1.41    0.14  999.90  999.90  999.90       0       0
 21.000   0.000   0.000  999.90  213.46    1.54   -0.16  185.02    1.79    0.16      31      31
 21.500   0.000   0.000  999.90  214.63    1.41   -0.04  185.08    1.83    0.59      53      53
 22.000   0.000   0.000  999.90  215.59    1.42    0.10  185.46    1.75    0.65      58      58
 22.500   0.000   0.000  999.90  216.53    1.46   -0.15  186.02    1.85    0.78      56      56
 23.000   0.000   0.000  999.90  217.65    1.57   -0.07  186.71    1.92    0.76      48      48
 23.500   0.000   0.000  999.90  218.60    1.51   -0.12  187.42    1.95    0.64      48      48
 24.000   0.000   0.000  999.90  219.57    1.44   -0.03  188.16    1.97    0.55      47      47
 24.500   0.000   0.000  999.90  220.41    1.42   -0.01  188.74    1.95    0.62      46      46
 25.000   0.000   0.000  999.90  221.17    1.65   -0.00  189.32    1.88    0.59      44      44
 25.500   0.000   0.000  999.90  222.20    1.63    0.12  189.92    1.89    0.70      44      44
 26.000   0.000   0.000  999.90  223.08    1.67    0.07  190.41    1.93    0.78      44      44
 26.500   0.000   0.000  999.90  223.96    1.83    0.16  190.88    1.97    1.02      44      44
 27.000   0.000   0.000  999.90  224.78    1.62    0.13  191.31    2.01    1.11      44      44
 27.500   0.000   0.000  999.90  225.65    1.65   -0.18  191.78    1.91    1.07      43      43
 28.000   0.000   0.000  999.90  226.48    1.84    0.35  192.36    1.90    0.57      43      43
 28.500   0.000   0.000  999.90  227.34    1.73    0.63  193.22    1.90    0.87      43      43
 29.000   0.000   0.000  999.90  228.25    1.65    0.17  193.79    1.70    0.92      41      41
 29.500   0.000   0.000  999.90  228.97    1.84   -0.00  194.10    1.83    0.76      40      40
 30.000   0.000   0.000  999.90  229.82    1.90    0.20  194.78    1.86    0.60      39      39
  T A B L E  III -   8.  M O I S T U R E  R E L A T E D  S T A T I S T I C A L  P A R A M E T E R S
                                    August
 Station =   72269      White Sands Missile Range
      Z VAPOR P   SD VP SKEW VP      TV      TV SKEW TV DEWPT T  SD DPT SKW DPT NOBS TP NOBS TV   
           MEAN                    MEAN      SD            MEAN                                   
     KM      MB      MB          KELVIN  KELVIN          KELVIN  KELVIN                           
  0.000  16.000   6.000    0.00  291.00    6.00    0.00  290.00    7.00    0.00     100     100
  1.251  13.990   3.272    0.08  299.26    5.51    0.34  284.73    3.73   -0.57     905     905
  1.500  11.438   4.561   -1.22  298.47    3.58    0.21  283.24    3.51   -0.67     819     819
  2.000  11.022   2.461   -0.08  295.42    2.82    0.03  281.20    3.52   -0.76     905     905
  2.500   9.490   2.152   -0.04  291.79    2.44   -0.02  279.01    3.50   -0.71     905     905
  3.000   8.106   1.908   -0.02  287.94    2.14   -0.02  276.72    3.58   -0.75     905     905
  3.500   6.880   1.577   -0.12  283.97    1.90   -0.04  274.43    3.45   -0.81     905     905
  4.000   5.645   1.418   -0.56  280.05    1.72   -0.18  271.64    3.90   -1.38     903     903
  4.500   4.435   1.424   -0.75  276.28    1.54   -0.19  268.01    5.62   -1.99     901     901
  5.000   3.166   1.565   -0.54  272.92    1.38   -0.29  263.48    8.08   -1.87     853     853
  5.500   2.281   1.391   -0.21  269.70    1.49   -0.43  258.99    9.61   -1.53     825     825
  6.000   1.667   1.144    0.03  266.70    1.54   -0.58  254.70   10.16   -1.10     820     820
  6.500   1.146   0.896    0.35  263.80    1.55   -0.78  250.13   10.47   -0.86     801     801
  7.000   0.813   0.676    0.54  260.82    1.60   -0.92  246.01   10.57   -0.75     798     798
  7.500   0.566   0.503    0.79  257.52    1.66   -0.85  242.36    9.94   -0.55     782     782
  8.000   0.387   0.375    1.03  254.08    1.74   -0.68  238.81    9.89   -0.53     740     740
  8.500   0.274   0.272    1.09  250.47    1.83   -0.83  235.44    9.70   -0.56     729     729
  9.000   0.192   0.187    0.81  246.76    1.83   -0.99  232.26    9.13   -0.54     722     722
  9.500   0.133   0.131    0.80  242.99    1.88   -0.95  229.15    8.88   -0.68     697     697
 10.000   0.086   0.087    0.81  239.13    1.89   -0.99  225.61    8.40   -0.64     674     674
 10.500   0.038   0.057    1.37  235.19    1.87   -0.99  222.58    8.38   -0.67     416     416
 11.000   0.008   0.025    3.32  231.24    1.80   -1.00  219.25    8.26   -0.56     129     129
 11.500   0.005   0.015  999.90  227.38    1.71   -0.94  214.49    7.49   -0.11     128     128
 12.000   0.002   0.008  999.90  223.59    1.58   -0.61  209.91    6.95    0.12     126     126
 12.500   0.001   0.005  999.90  219.91    1.50   -0.30  205.84    6.41    0.31     118     118
 13.000   0.001   0.003  999.90  216.37    1.48    0.08  202.10    5.45    0.45     117     117
 13.500   0.000   0.001  999.90  213.05    1.59    0.58  196.92    4.49    0.61      33      33
 14.000   0.000   0.000  999.90  209.96    1.81    0.82  999.90  999.90  999.90       0       0
 14.500   0.000   0.000  999.90  207.09    1.99    0.96  999.90  999.90  999.90       0       0
 15.000   0.000   0.000  999.90  204.57    2.17    0.80  999.90  999.90  999.90       0       0
 15.500   0.000   0.000  999.90  202.72    2.26    0.51  999.90  999.90  999.90       0       0
 16.000   0.000   0.000  999.90  201.87    2.14    0.41  999.90  999.90  999.90       0       0
 16.500   0.000   0.000  999.90  201.95    2.27    0.16  999.90  999.90  999.90       0       0
 17.000   0.000   0.000  999.90  202.60    2.22   -0.14  999.90  999.90  999.90       0       0
 17.500   0.000   0.000  999.90  203.99    2.10   -0.16  999.90  999.90  999.90       0       0
 18.000   0.000   0.000  999.90  205.63    2.14    0.03  999.90  999.90  999.90       0       0
 18.500   0.000   0.000  999.90  207.21    1.97   -0.10  999.90  999.90  999.90       0       0
 19.000   0.000   0.000  999.90  208.70    1.65    0.06  999.90  999.90  999.90       0       0
 19.500   0.000   0.000  999.90  210.00    1.62   -0.35  999.90  999.90  999.90       0       0
 20.000   0.000   0.000  999.90  211.30    1.40   -0.17  999.90  999.90  999.90       0       0
 20.500   0.000   0.000  999.90  212.49    1.40   -0.34  185.26    2.34    0.54      22      22
 21.000   0.000   0.000  999.90  213.50    1.32   -0.33  185.31    2.26    0.61      38      38
 21.500   0.000   0.000  999.90  214.49    1.26    0.05  185.44    2.24    1.11      72      72
 22.000   0.000   0.000  999.90  215.48    1.36    0.01  185.98    2.26    0.97      83      83
 22.500   0.000   0.000  999.90  216.33    1.37   -0.27  186.47    2.38    1.09      84      84
 23.000   0.000   0.000  999.90  217.24    1.29   -0.37  187.00    2.18    0.65      85      85
 23.500   0.000   0.000  999.90  218.17    1.38   -0.18  187.68    2.09    0.57      84      84
 24.000   0.000   0.000  999.90  219.00    1.43   -0.03  188.20    2.25    0.65      84      84
 24.500   0.000   0.000  999.90  219.80    1.42    0.13  188.71    2.40    0.74      83      83
 25.000   0.000   0.000  999.90  220.64    1.45   -0.03  189.29    2.47    0.57      81      81
 25.500   0.000   0.000  999.90  221.52    1.51    0.06  189.99    2.30    0.53      81      81
 26.000   0.000   0.000  999.90  222.34    1.46   -0.06  190.56    2.34    0.73      78      78
 26.500   0.000   0.000  999.90  223.14    1.46   -0.06  191.07    2.18    1.18      76      76
 27.000   0.000   0.000  999.90  223.98    1.51    0.25  191.59    2.27    1.40      75      75
 27.500   0.000   0.000  999.90  224.80    1.64    0.07  192.17    2.33    1.13      74      74
 28.000   0.000   0.000  999.90  225.69    1.82   -0.13  192.80    2.46    0.93      74      74
 28.500   0.000   0.000  999.90  226.62    1.87   -0.16  193.48    2.32    0.48      71      71
 29.000   0.000   0.000  999.90  227.53    1.90   -0.09  194.07    2.26    0.25      68      68
 29.500   0.000   0.000  999.90  228.40    1.96   -0.04  194.61    2.32    0.32      66      66
 30.000   0.000   0.000  999.90  229.13    1.94    0.20  195.29    2.53    0.35      63      63
  T A B L E  III -   9.  M O I S T U R E  R E L A T E D  S T A T I S T I C A L  P A R A M E T E R S
                                 September
 Station =   72269      White Sands Missile Range
      Z VAPOR P   SD VP SKEW VP      TV      TV SKEW TV DEWPT T  SD DPT SKW DPT NOBS TP NOBS TV   
           MEAN                    MEAN      SD            MEAN                                   
     KM      MB      MB          KELVIN  KELVIN          KELVIN  KELVIN                           
  0.000  16.000   6.000    0.00  291.00    6.00    0.00  290.00    7.00    0.00     100     100
  1.251  11.324   3.734    0.29  295.01    5.66    0.16  281.20    5.14   -0.39     736     736
  1.500   8.811   4.646   -0.50  295.31    3.62   -0.30  279.79    4.90   -0.47     633     633
  2.000   9.060   2.868    0.13  292.23    3.28   -0.58  277.99    4.92   -0.56     736     736
  2.500   7.780   2.446    0.15  288.81    2.87   -0.53  275.83    4.82   -0.61     736     736
  3.000   6.452   2.069    0.04  285.13    2.51   -0.48  273.15    5.06   -1.05     736     736
  3.500   5.259   1.856   -0.21  281.25    2.30   -0.50  270.11    5.92   -1.40     736     736
  4.000   4.140   1.759   -0.29  277.45    2.15   -0.63  266.36    7.79   -1.74     733     733
  4.500   3.059   1.677   -0.14  273.85    2.04   -0.72  261.38   10.06   -1.23     729     729
  5.000   2.145   1.476    0.18  270.58    2.03   -0.63  255.95   11.61   -0.82     719     719
  5.500   1.449   1.226    0.62  267.60    2.17   -0.61  250.30   12.26   -0.38     715     715
  6.000   1.002   0.944    0.94  264.59    2.25   -0.60  245.69   12.13   -0.18     715     715
  6.500   0.684   0.728    1.27  261.41    2.28   -0.44  241.23   11.93    0.05     707     707
  7.000   0.499   0.546    1.43  258.02    2.38   -0.32  237.76   11.91   -0.00     706     706
  7.500   0.343   0.406    1.62  254.51    2.48   -0.33  233.94   11.54    0.13     694     694
  8.000   0.239   0.298    1.73  250.95    2.61   -0.26  230.90   11.30    0.14     658     658
  8.500   0.166   0.211    1.77  247.39    2.76   -0.18  227.65   10.90    0.06     652     652
  9.000   0.112   0.144    1.84  243.76    2.89   -0.09  224.33   10.36    0.08     644     644
  9.500   0.075   0.101    1.82  240.15    2.98   -0.05  221.42   10.32    0.03     593     593
 10.000   0.046   0.069    1.88  236.52    2.92   -0.03  218.84   10.12   -0.02     496     496
 10.500   0.012   0.035    3.72  232.97    2.83   -0.04  214.68    9.86    0.08     213     213
 11.000   0.002   0.011  999.90  229.51    2.64   -0.05  211.26    7.47    0.95      64      64
 11.500   0.001   0.006  999.90  226.17    2.39   -0.07  207.61    6.60    0.93      61      61
 12.000   0.001   0.003  999.90  223.01    2.24   -0.02  203.96    5.11    0.98      60      60
 12.500   0.000   0.001  999.90  219.90    2.09   -0.37  200.70    3.81    1.92      47      47
 13.000   0.000   0.001  999.90  216.77    2.00   -0.35  197.51    2.70    1.38      43      43
 13.500   0.000   0.000  999.90  213.72    1.94   -0.09  194.90    2.53    1.01      29      29
 14.000   0.000   0.000  999.90  210.87    1.97    0.16  192.72    1.90   -0.41      15      15
 14.500   0.000   0.000  999.90  208.29    2.06    0.18  999.90  999.90  999.90       0       0
 15.000   0.000   0.000  999.90  205.90    2.29    0.14  999.90  999.90  999.90       0       0
 15.500   0.000   0.000  999.90  204.02    2.58    0.02  999.90  999.90  999.90       0       0
 16.000   0.000   0.000  999.90  202.78    2.77   -0.06  999.90  999.90  999.90       0       0
 16.500   0.000   0.000  999.90  202.24    2.84   -0.29  999.90  999.90  999.90       0       0
 17.000   0.000   0.000  999.90  202.43    2.91   -0.15  999.90  999.90  999.90       0       0
 17.500   0.000   0.000  999.90  203.25    2.68   -0.19  999.90  999.90  999.90       0       0
 18.000   0.000   0.000  999.90  204.61    2.48   -0.06  999.90  999.90  999.90       0       0
 18.500   0.000   0.000  999.90  206.39    2.34   -0.11  999.90  999.90  999.90       0       0
 19.000   0.000   0.000  999.90  207.96    2.11   -0.27  999.90  999.90  999.90       0       0
 19.500   0.000   0.000  999.90  209.43    1.94   -0.54  999.90  999.90  999.90       0       0
 20.000   0.000   0.000  999.90  210.89    1.76   -0.40  999.90  999.90  999.90       0       0
 20.500   0.000   0.000  999.90  212.11    1.58   -0.25  999.90  999.90  999.90       0       0
 21.000   0.000   0.000  999.90  213.01    1.63    0.19  999.90  999.90  999.90       0       0
 21.500   0.000   0.000  999.90  213.95    1.48    0.20  999.90  999.90  999.90       0       0
 22.000   0.000   0.000  999.90  214.86    1.50    0.15  186.51    2.27   -0.16      16      16
 22.500   0.000   0.000  999.90  215.86    1.73    0.04  187.35    2.45   -0.05      16      16
 23.000   0.000   0.000  999.90  216.96    1.71   -0.09  187.49    2.50   -0.04      16      16
 23.500   0.000   0.000  999.90  217.87    1.70   -0.04  188.08    2.38    0.16      16      16
 24.000   0.000   0.000  999.90  218.67    1.63    0.32  189.19    2.52    0.62      16      16
 24.500   0.000   0.000  999.90  219.52    1.59    0.47  189.13    1.71   -0.30      15      15
 25.000   0.000   0.000  999.90  220.49    1.67    0.29  189.88    2.01   -0.35      14      14
 25.500   0.000   0.000  999.90  221.44    1.84    0.24  190.66    2.32   -0.03      14      14
 26.000   0.000   0.000  999.90  222.15    1.76    0.23  191.10    2.42   -0.28      14      14
 26.500   0.000   0.000  999.90  223.00    1.72    0.07  191.87    2.27   -0.18      14      14
 27.000   0.000   0.000  999.90  223.68    1.72   -0.06  192.42    2.24   -0.27      14      14
 27.500   0.000   0.000  999.90  224.45    1.82   -0.08  192.93    2.11   -0.24      14      14
 28.000   0.000   0.000  999.90  225.25    1.95   -0.24  193.39    1.71   -0.24      14      14
 28.500   0.000   0.000  999.90  225.84    1.85   -0.34  193.61    1.73   -0.60      14      14
 29.000   0.000   0.000  999.90  226.47    1.92   -0.31  193.88    1.97   -0.29      12      12
 29.500   0.000   0.000  999.90  227.16    1.89   -0.13  194.22    1.97   -0.44      12      12
 30.000   0.000   0.000  999.90  227.85    1.90    0.08  194.11    1.83   -0.04      10      10
  T A B L E  III -  10.  M O I S T U R E  R E L A T E D  S T A T I S T I C A L  P A R A M E T E R S
                                   October
 Station =   72269      White Sands Missile Range
      Z VAPOR P   SD VP SKEW VP      TV      TV SKEW TV DEWPT T  SD DPT SKW DPT NOBS TP NOBS TV   
           MEAN                    MEAN      SD            MEAN                                   
     KM      MB      MB          KELVIN  KELVIN          KELVIN  KELVIN                           
  0.000  16.000   6.000    0.00  291.00    6.00    0.00  290.00    7.00    0.00     100     100
  1.251   7.378   3.153    0.74  288.23    6.76    0.01  274.63    6.09   -0.13     851     851
  1.500   6.370   3.304    0.16  289.74    4.61   -0.42  273.85    5.83   -0.21     782     782
  2.000   6.049   2.502    0.65  287.26    4.23   -0.65  271.92    5.91   -0.32     851     851
  2.500   5.184   2.281    0.56  284.08    3.85   -0.70  269.57    6.70   -0.88     851     851
  3.000   4.194   2.110    0.43  280.76    3.48   -0.81  266.10    8.40   -1.22     851     851
  3.500   3.206   1.934    0.47  277.35    3.18   -0.89  261.80    9.75   -0.82     851     851
  4.000   2.283   1.698    0.68  274.29    3.14   -0.85  256.41   11.19   -0.48     850     850
  4.500   1.531   1.353    1.12  271.35    3.17   -0.76  251.09   11.26   -0.14     847     847
  5.000   1.077   1.046    1.40  268.17    3.12   -0.73  247.13   11.14   -0.04     825     825
  5.500   0.778   0.826    1.74  264.97    3.09   -0.70  243.32   11.14    0.03     818     818
  6.000   0.581   0.630    1.71  261.57    3.12   -0.72  240.16   10.88    0.12     815     815
  6.500   0.445   0.501    1.68  258.08    3.16   -0.76  237.44   10.89    0.13     796     796
  7.000   0.324   0.364    1.75  254.42    3.19   -0.66  234.39   10.48    0.10     795     795
  7.500   0.233   0.271    1.85  250.69    3.19   -0.55  231.27   10.16    0.15     786     786
  8.000   0.156   0.188    1.94  246.95    3.20   -0.53  228.29    9.52    0.18     743     743
  8.500   0.106   0.127    2.02  243.16    3.20   -0.46  225.14    9.04    0.11     733     733
  9.000   0.068   0.085    2.08  239.45    3.20   -0.25  222.41    8.35    0.09     668     668
  9.500   0.029   0.053    2.63  235.77    3.20   -0.09  219.79    7.95    0.17     396     396
 10.000   0.011   0.026    3.49  232.11    3.18    0.09  215.67    7.28    0.29     256     256
 10.500   0.004   0.011  999.90  228.66    3.19    0.21  211.56    6.21    0.29     149     149
 11.000   0.002   0.007  999.90  225.45    3.14    0.21  209.16    5.47    0.17     121     121
 11.500   0.001   0.004  999.90  222.47    3.14    0.18  206.11    5.28    0.23     118     118
 12.000   0.001   0.003  999.90  219.71    3.13   -0.02  202.77    4.75    0.52     116     116
 12.500   0.000   0.002  999.90  217.15    3.21   -0.36  199.56    4.22    0.88     103     103
 13.000   0.000   0.001  999.90  214.94    3.00   -0.55  196.39    3.55    1.21      93      93
 13.500   0.000   0.000  999.90  212.80    2.76   -0.21  192.28    2.66    1.18      36      36
 14.000   0.000   0.000  999.90  210.67    2.73    0.10  190.26    1.51   -0.53      26      26
 14.500   0.000   0.000  999.90  208.61    2.99    0.53  189.19    0.88   -1.02      12      12
 15.000   0.000   0.000  999.90  206.75    3.27    0.52  999.90  999.90  999.90       0       0
 15.500   0.000   0.000  999.90  205.29    3.42    0.34  999.90  999.90  999.90       0       0
 16.000   0.000   0.000  999.90  204.15    3.41    0.04  999.90  999.90  999.90       0       0
 16.500   0.000   0.000  999.90  203.61    3.43   -0.16  999.90  999.90  999.90       0       0
 17.000   0.000   0.000  999.90  203.70    3.50    0.06  999.90  999.90  999.90       0       0
 17.500   0.000   0.000  999.90  204.01    3.50   -0.02  999.90  999.90  999.90       0       0
 18.000   0.000   0.000  999.90  204.67    3.35    0.07  999.90  999.90  999.90       0       0
 18.500   0.000   0.000  999.90  205.84    2.95    0.13  999.90  999.90  999.90       0       0
 19.000   0.000   0.000  999.90  207.39    2.82    0.20  999.90  999.90  999.90       0       0
 19.500   0.000   0.000  999.90  208.70    2.72    0.49  999.90  999.90  999.90       0       0
 20.000   0.000   0.000  999.90  209.97    2.24    0.52  999.90  999.90  999.90       0       0
 20.500   0.000   0.000  999.90  211.28    2.12    0.16  186.67    0.94   -0.04      11      11
 21.000   0.000   0.000  999.90  212.63    2.06    0.09  186.86    1.85   -0.65      14      14
 21.500   0.000   0.000  999.90  213.55    1.93   -0.26  186.99    1.76   -0.43      24      24
 22.000   0.000   0.000  999.90  214.51    2.10    0.19  186.55    2.35    0.11      31      31
 22.500   0.000   0.000  999.90  215.24    1.83   -0.10  186.82    2.20   -0.33      31      31
 23.000   0.000   0.000  999.90  216.32    1.84    0.14  187.69    2.12   -0.41      34      34
 23.500   0.000   0.000  999.90  217.25    1.87   -0.22  188.48    2.01   -0.57      33      33
 24.000   0.000   0.000  999.90  218.21    1.91   -0.27  188.77    1.86   -0.29      33      33
 24.500   0.000   0.000  999.90  219.02    2.10   -0.35  189.34    1.90   -0.36      33      33
 25.000   0.000   0.000  999.90  219.93    2.10   -0.36  189.62    1.92   -0.13      33      33
 25.500   0.000   0.000  999.90  220.40    2.13   -0.47  190.01    2.10   -0.13      33      33
 26.000   0.000   0.000  999.90  220.97    2.30   -0.37  190.33    2.29   -0.50      33      33
 26.500   0.000   0.000  999.90  221.85    2.48   -0.27  190.92    2.15   -0.23      33      33
 27.000   0.000   0.000  999.90  222.55    2.56   -0.11  191.37    2.01   -0.12      33      33
 27.500   0.000   0.000  999.90  223.23    2.63   -0.00  191.68    1.84    0.17      33      33
 28.000   0.000   0.000  999.90  223.88    2.56   -0.07  192.19    1.73    0.17      33      33
 28.500   0.000   0.000  999.90  224.51    2.56   -0.15  192.69    1.85   -0.01      32      32
 29.000   0.000   0.000  999.90  225.23    2.48   -0.68  193.32    1.87   -0.09      32      32
 29.500   0.000   0.000  999.90  225.76    2.51   -0.90  193.76    1.95   -0.19      32      32
 30.000   0.000   0.000  999.90  226.19    2.59   -0.75  194.10    1.79   -0.39      30      30
  T A B L E  III -  11.  M O I S T U R E  R E L A T E D  S T A T I S T I C A L  P A R A M E T E R S
                                  November
 Station =   72269      White Sands Missile Range
      Z VAPOR P   SD VP SKEW VP      TV      TV SKEW TV DEWPT T  SD DPT SKW DPT NOBS TP NOBS TV   
           MEAN                    MEAN      SD            MEAN                                   
     KM      MB      MB          KELVIN  KELVIN          KELVIN  KELVIN                           
  0.000  16.000   6.000    0.00  291.00    6.00    0.00  290.00    7.00    0.00     100     100
  1.251   4.643   1.839    0.83  282.28    7.62    0.04  268.52    5.32   -0.19     652     652
  1.500   4.012   2.199   -0.01  284.03    5.46   -0.33  268.06    5.82   -1.13     652     652
  2.000   3.966   1.578    0.69  281.86    5.32   -0.57  266.38    5.38   -0.29     579     579
  2.500   3.248   1.565    0.67  279.42    5.11   -0.66  263.25    6.89   -0.73     653     653
  3.000   2.497   1.586    0.52  277.02    4.87   -0.85  258.33   10.26   -0.89     653     653
  3.500   1.830   1.388    0.81  274.46    4.64   -1.06  253.58   11.38   -0.62     653     653
  4.000   1.346   1.152    1.06  271.73    4.54   -1.14  249.15   12.17   -0.47     653     653
  4.500   0.982   0.918    1.47  268.85    4.49   -1.20  245.48   11.80   -0.39     653     653
  5.000   0.777   0.733    1.44  265.66    4.43   -1.23  243.10   11.80   -0.62     653     653
  5.500   0.600   0.589    1.51  262.37    4.42   -1.04  240.34   11.61   -0.47     642     642
  6.000   0.440   0.440    1.64  258.96    4.32   -0.80  237.15   11.21   -0.31     635     635
  6.500   0.330   0.347    1.65  255.47    4.21   -0.68  234.37   11.02   -0.26     633     633
  7.000   0.252   0.269    1.71  251.81    4.08   -0.60  231.74   10.75   -0.22     620     620
  7.500   0.174   0.195    1.83  248.10    4.00   -0.57  228.64   10.08   -0.14     618     618
  8.000   0.125   0.143    1.78  244.31    3.98   -0.58  226.18    9.70   -0.13     604     604
  8.500   0.087   0.101    1.67  240.51    3.94   -0.58  223.61    9.42   -0.23     574     574
  9.000   0.053   0.070    1.67  236.76    3.81   -0.57  221.54    8.75   -0.22     540     540
  9.500   0.021   0.045    2.54  232.98    3.72   -0.48  219.07    9.20   -0.22     440     440
 10.000   0.006   0.021    4.76  229.49    3.59   -0.32  213.90    8.63    0.30     223     223
 10.500   0.003   0.011  999.90  226.13    3.41   -0.17  211.03    7.40    0.56     117     117
 11.000   0.002   0.007  999.90  222.90    3.37   -0.01  207.82    6.96    0.36      82      82
 11.500   0.001   0.004  999.90  219.94    3.45    0.22  204.87    6.35    0.28      81      81
 12.000   0.001   0.002  999.90  217.38    3.60    0.38  201.23    5.93    0.40      80      80
 12.500   0.000   0.001  999.90  215.21    3.79    0.34  196.78    4.07    0.41      66      66
 13.000   0.000   0.000  999.90  213.45    3.91    0.14  192.80    2.60    1.32      52      52
 13.500   0.000   0.000  999.90  212.00    3.76    0.06  190.11    1.75   -0.79      34      34
 14.000   0.000   0.000  999.90  210.67    3.69    0.05  188.83    1.42   -0.91      21      21
 14.500   0.000   0.000  999.90  209.22    3.60    0.20  187.73    1.32   -1.18      20      20
 15.000   0.000   0.000  999.90  207.87    3.60    0.38  999.90  999.90  999.90      14      14
 15.500   0.000   0.000  999.90  206.73    3.70    0.39  999.90  999.90  999.90       0       0
 16.000   0.000   0.000  999.90  205.89    3.74    0.38  999.90  999.90  999.90       0       0
 16.500   0.000   0.000  999.90  205.24    3.86    0.22  999.90  999.90  999.90       0       0
 17.000   0.000   0.000  999.90  205.02    3.90    0.23  999.90  999.90  999.90       0       0
 17.500   0.000   0.000  999.90  205.10    4.05    0.31  999.90  999.90  999.90       0       0
 18.000   0.000   0.000  999.90  205.50    3.96    0.28  999.90  999.90  999.90       0       0
 18.500   0.000   0.000  999.90  206.02    3.65    0.09  999.90  999.90  999.90       0       0
 19.000   0.000   0.000  999.90  206.96    3.49    0.22  999.90  999.90  999.90       0       0
 19.500   0.000   0.000  999.90  207.90    3.27    0.11  999.90  999.90  999.90       0       0
 20.000   0.000   0.000  999.90  208.90    2.79   -0.04  999.90  999.90  999.90       0       0
 20.500   0.000   0.000  999.90  210.15    2.58    0.10  183.90    1.20    0.60       0       0
 21.000   0.000   0.000  999.90  211.17    2.63    0.14  184.44    1.13    0.18      14      14
 21.500   0.000   0.000  999.90  212.19    2.39   -0.03  184.47    1.07    0.24      19      19
 22.000   0.000   0.000  999.90  213.02    2.43    0.21  184.31    1.24    0.54      24      24
 22.500   0.000   0.000  999.90  213.71    2.17   -0.09  184.29    1.04    0.14      30      30
 23.000   0.000   0.000  999.90  214.44    2.06   -0.15  184.66    1.03    0.21      31      31
 23.500   0.000   0.000  999.90  215.33    1.92   -0.01  184.99    1.14    0.38      31      31
 24.000   0.000   0.000  999.90  216.07    2.01    0.38  185.59    1.50    0.28      38      38
 24.500   0.000   0.000  999.90  216.83    2.15    0.31  186.22    1.77    0.22      41      41
 25.000   0.000   0.000  999.90  217.68    2.40    0.25  187.04    1.81   -0.38      43      43
 25.500   0.000   0.000  999.90  218.27    2.59    0.26  187.52    2.03   -0.06      43      43
 26.000   0.000   0.000  999.90  218.75    2.74    0.27  187.83    1.91   -0.14      42      42
 26.500   0.000   0.000  999.90  219.24    2.89    0.26  188.06    1.73   -0.32      42      42
 27.000   0.000   0.000  999.90  219.68    2.83    0.32  188.14    1.43   -0.39      42      42
 27.500   0.000   0.000  999.90  220.11    3.00    0.57  188.37    1.56   -0.30      42      42
 28.000   0.000   0.000  999.90  220.47    3.16    0.36  188.34    1.86   -0.36      42      42
 28.500   0.000   0.000  999.90  220.98    3.12    0.36  188.45    1.94   -0.22      41      41
 29.000   0.000   0.000  999.90  221.57    3.31    0.46  188.63    2.07    0.25      40      40
 29.500   0.000   0.000  999.90  221.87    3.37    0.43  188.63    2.25    0.58      40      40
 30.000   0.000   0.000  999.90  222.55    3.46    0.37  189.11    2.51    0.72      40      40
  T A B L E  III -  12.  M O I S T U R E  R E L A T E D  S T A T I S T I C A L  P A R A M E T E R S
                                  December
 Station =   72269      White Sands Missile Range
      Z VAPOR P   SD VP SKEW VP      TV      TV SKEW TV DEWPT T  SD DPT SKW DPT NOBS TP NOBS TV   
           MEAN                    MEAN      SD            MEAN                                   
     KM      MB      MB          KELVIN  KELVIN          KELVIN  KELVIN                           
  0.000  16.000   6.000    0.00  291.00    6.00    0.00  290.00    7.00    0.00     100     100
  1.251   3.995   1.699    0.92  278.09    6.61    0.00  266.36    5.75   -0.35     544     544
  1.500   3.502   1.730    0.19  279.55    5.01   -0.34  265.76    5.28   -0.32     544     544
  2.000   3.213   1.396    0.60  277.80    4.67   -0.19  263.39    6.18   -0.77     505     505
  2.500   2.494   1.433    0.70  275.91    4.70   -0.35  259.04    8.90   -1.01     544     544
  3.000   1.880   1.373    0.97  273.77    4.78   -0.61  254.13   11.19   -0.74     544     544
  3.500   1.371   1.190    1.40  271.27    4.76   -0.74  249.58   11.81   -0.42     544     544
  4.000   0.983   0.994    1.83  268.62    4.67   -0.91  245.10   12.13   -0.20     544     544
  4.500   0.755   0.798    2.01  265.69    4.57   -1.00  242.10   11.85   -0.08     543     543
  5.000   0.585   0.646    2.14  262.49    4.57   -1.02  239.51   11.59   -0.03     543     543
  5.500   0.473   0.530    2.16  259.14    4.63   -1.00  237.35   11.46   -0.08     535     535
  6.000   0.366   0.416    2.33  255.64    4.70   -0.92  235.05   10.94   -0.09     532     532
  6.500   0.269   0.328    2.28  252.05    4.74   -0.84  232.23   10.75    0.03     528     528
  7.000   0.206   0.256    2.19  248.45    4.72   -0.83  229.48   10.97   -0.03     509     509
  7.500   0.152   0.193    2.16  244.95    4.49   -0.62  227.22   10.53   -0.04     502     502
  8.000   0.102   0.138    2.19  241.47    4.16   -0.40  224.49   10.11    0.01     482     482
  8.500   0.069   0.096    2.11  237.94    4.00   -0.25  222.48    9.62   -0.14     443     443
  9.000   0.039   0.067    2.19  234.48    3.97   -0.11  221.62    9.57   -0.48     392     392
  9.500   0.012   0.036    3.55  231.08    4.17    0.24  217.57   11.39   -0.86     252     252
 10.000   0.003   0.012  999.90  227.70    4.29    0.60  210.84   10.06   -1.12     111     111
 10.500   0.002   0.006  999.90  224.65    4.41    0.80  207.07    8.85   -1.22      78      78
 11.000   0.001   0.004  999.90  221.76    4.38    0.93  206.67    6.47   -0.31      74      74
 11.500   0.000   0.002  999.90  219.24    4.46    0.84  202.70    6.07    0.08      50      50
 12.000   0.000   0.001  999.90  217.02    4.66    0.58  197.67    5.37    0.94      43      43
 12.500   0.000   0.000  999.90  215.43    4.82    0.27  194.13    3.12    0.06      30      30
 13.000   0.000   0.000  999.90  214.14    4.95    0.04  191.02    1.96    0.25      31      31
 13.500   0.000   0.000  999.90  213.15    4.75   -0.12  189.02    1.70    0.23      24      24
 14.000   0.000   0.000  999.90  212.32    4.37   -0.06  187.67    1.37    0.39      21      21
 14.500   0.000   0.000  999.90  211.32    4.04    0.22  186.75    1.70   -0.26      20      20
 15.000   0.000   0.000  999.90  210.05    3.93    0.56  999.90  999.90  999.90      12      12
 15.500   0.000   0.000  999.90  208.78    3.84    0.72  999.90  999.90  999.90       0       0
 16.000   0.000   0.000  999.90  207.72    3.80    0.72  999.90  999.90  999.90       0       0
 16.500   0.000   0.000  999.90  207.05    3.84    0.67  999.90  999.90  999.90       0       0
 17.000   0.000   0.000  999.90  206.62    4.07    0.72  999.90  999.90  999.90       0       0
 17.500   0.000   0.000  999.90  206.61    4.28    0.73  999.90  999.90  999.90       0       0
 18.000   0.000   0.000  999.90  206.71    4.39    0.51  999.90  999.90  999.90       0       0
 18.500   0.000   0.000  999.90  206.94    3.92    0.34  999.90  999.90  999.90       0       0
 19.000   0.000   0.000  999.90  207.29    3.43    0.31  999.90  999.90  999.90       0       0
 19.500   0.000   0.000  999.90  207.83    3.19    0.35  999.90  999.90  999.90       0       0
 20.000   0.000   0.000  999.90  208.66    3.16    0.05  999.90  999.90  999.90       0       0
 20.500   0.000   0.000  999.90  209.46    2.93    0.12  999.90  999.90  999.90       0       0
 21.000   0.000   0.000  999.90  210.31    2.78    0.19  999.90  999.90  999.90       0       0
 21.500   0.000   0.000  999.90  211.21    2.57    0.07  999.90  999.90  999.90       0       0
 22.000   0.000   0.000  999.90  212.07    2.40   -0.04  999.90  999.90  999.90       0       0
 22.500   0.000   0.000  999.90  212.72    2.39   -0.05  999.90  999.90  999.90       0       0
 23.000   0.000   0.000  999.90  213.31    2.29    0.11  999.90  999.90  999.90       0       0
 23.500   0.000   0.000  999.90  214.06    2.21   -0.03  999.90  999.90  999.90       0       0
 24.000   0.000   0.000  999.90  214.69    2.14   -0.20  184.30    1.45    0.38       0       0
 24.500   0.000   0.000  999.90  215.30    2.27   -0.02  185.01    1.84    1.09      12      12
 25.000   0.000   0.000  999.90  215.71    2.61   -0.47  185.57    1.71    0.94      14      14
 25.500   0.000   0.000  999.90  216.27    2.62   -1.00  185.89    1.28    0.10      14      14
 26.000   0.000   0.000  999.90  216.75    2.90   -1.03  186.18    1.16   -0.10      16      16
 26.500   0.000   0.000  999.90  217.31    3.15   -0.99  186.77    1.65   -0.62      16      16
 27.000   0.000   0.000  999.90  218.04    3.33   -0.74  187.55    2.04    0.19      16      16
 27.500   0.000   0.000  999.90  218.73    3.59   -0.37  188.82    2.60    0.37      16      16
 28.000   0.000   0.000  999.90  219.44    3.91    0.34  189.98    3.37    0.27      15      15
 28.500   0.000   0.000  999.90  219.98    4.17    0.58  190.67    3.73    0.28      15      15
 29.000   0.000   0.000  999.90  220.60    4.07    0.85  191.24    3.74    0.57      15      15
 29.500   0.000   0.000  999.90  221.38    4.27    1.17  191.94    4.15    0.67      13      13
 30.000   0.000   0.000  999.90  221.92    3.80    0.71  191.39    3.41    0.46      13      13
  T A B L E  III -  13.  M O I S T U R E  R E L A T E D  S T A T I S T I C A L  P A R A M E T E R S
                                    Annual
 Station =   72269      White Sands Missile Range
      Z VAPOR P   SD VP SKEW VP      TV      TV SKEW TV DEWPT T  SD DPT SKW DPT NOBS TP NOBS TV   
           MEAN                    MEAN      SD            MEAN                                   
     KM      MB      MB          KELVIN  KELVIN          KELVIN  KELVIN                           
  0.000  16.000   6.000    0.00  291.00    6.00    0.00  290.00    7.00    0.00     100     100
  1.251   7.515   4.668    0.85  289.74   10.54   -0.16  273.57    8.97   -0.04    8914    8914
  1.500   6.242   4.380    0.68  290.16    8.71   -0.28  272.54    8.53   -0.06    8914    8914
  2.000   6.022   3.604    0.79  287.34    8.12   -0.30  270.69    8.53   -0.11    8091    8091
  2.500   5.143   3.182    0.76  284.08    7.60   -0.31  268.24    9.22   -0.46    8909    8909
  3.000   4.250   2.828    0.69  280.69    7.11   -0.36  264.96   10.76   -0.80    8915    8915
  3.500   3.432   2.497    0.64  277.22    6.61   -0.42  261.27   12.19   -0.76    8915    8915
  4.000   2.713   2.157    0.65  273.76    6.20   -0.51  257.38   13.38   -0.67    8915    8915
  4.500   2.085   1.799    0.77  270.30    5.90   -0.60  253.63   13.63   -0.50    8899    8899
  5.000   1.516   1.458    0.97  266.88    5.75   -0.67  249.83   13.69   -0.38    8883    8883
  5.500   1.100   1.157    1.19  263.52    5.74   -0.66  246.08   13.56   -0.26    8590    8590
  6.000   0.786   0.880    1.42  260.14    5.86   -0.60  242.42   12.98   -0.13    8413    8413
  6.500   0.546   0.656    1.67  256.77    6.04   -0.54  238.76   12.47   -0.02    8355    8355
  7.000   0.387   0.484    1.84  253.29    6.24   -0.46  235.15   12.21    0.01    8164    8164
  7.500   0.268   0.351    2.03  249.74    6.33   -0.37  231.94   11.65    0.06    8123    8123
  8.000   0.180   0.255    2.22  246.12    6.37   -0.28  229.10   11.28    0.07    7875    7875
  8.500   0.125   0.183    2.31  242.45    6.38   -0.21  226.41   10.89    0.03    7186    7186
  9.000   0.079   0.128    2.27  238.78    6.32   -0.14  224.51   10.38   -0.03    6753    6753
  9.500   0.046   0.088    2.45  235.14    6.22   -0.09  222.50   10.50   -0.15    5511    5511
 10.000   0.027   0.058    2.65  231.56    6.03   -0.04  219.52   10.31   -0.15    3967    3967
 10.500   0.011   0.032    3.83  228.15    5.77   -0.04  215.31   10.42    0.04    3299    3299
 11.000   0.003   0.012  999.90  224.95    5.44   -0.09  209.27    8.91    0.44    1964    1964
 11.500   0.002   0.007  999.90  222.08    5.07   -0.19  205.84    8.23    0.46    1125    1125
 12.000   0.001   0.004  999.90  219.55    4.66   -0.26  202.46    7.68    0.49    1065    1065
 12.500   0.000   0.002  999.90  217.36    4.28   -0.31  198.98    7.11    0.67     960     960
 13.000   0.000   0.001  999.90  215.44    3.88   -0.23  195.86    6.31    0.78     833     833
 13.500   0.000   0.000  999.90  213.64    3.64    0.09  190.87    3.96    1.19     792     792
 14.000   0.000   0.000  999.90  211.93    3.69    0.34  188.39    2.51    0.04     489     489
 14.500   0.000   0.000  999.90  210.22    3.93    0.41  187.34    2.08   -0.35     377     377
 15.000   0.000   0.000  999.90  208.58    4.20    0.37  187.05    2.00   -0.02     221     221
 15.500   0.000   0.000  999.90  207.20    4.37    0.29  186.69    2.15    0.54     115     115
 16.000   0.000   0.000  999.90  206.17    4.38    0.29  186.51    2.35   -0.06      72      72
 16.500   0.000   0.000  999.90  205.44    4.26    0.33  186.50    2.28    0.07      43      43
 17.000   0.000   0.000  999.90  205.27    4.00    0.41  186.11    2.45    0.15      32      32
 17.500   0.000   0.000  999.90  205.53    3.72    0.46  186.24    2.07    0.02      26      26
 18.000   0.000   0.000  999.90  206.07    3.47    0.37  999.90  999.90  999.90      15      15
 18.500   0.000   0.000  999.90  206.87    3.11    0.04  186.45    1.82   -0.77       0       0
 19.000   0.000   0.000  999.90  207.80    2.88   -0.30  186.29    2.08    0.53      13      13
 19.500   0.000   0.000  999.90  208.73    2.88   -0.49  185.35    1.87    0.06      13      13
 20.000   0.000   0.000  999.90  209.84    2.78   -0.65  186.04    1.94   -0.01      14      14
 20.500   0.000   0.000  999.90  210.93    2.76   -0.79  185.48    1.92    0.29      45      45
 21.000   0.000   0.000  999.90  211.95    2.75   -0.80  185.43    2.01    0.26     102     102
 21.500   0.000   0.000  999.90  212.89    2.63   -0.82  185.46    1.93    0.60     184     184
 22.000   0.000   0.000  999.90  213.82    2.66   -0.77  185.72    2.02    0.57     315     315
 22.500   0.000   0.000  999.90  214.70    2.66   -0.70  186.12    2.16    0.55     406     406
 23.000   0.000   0.000  999.90  215.57    2.74   -0.64  186.50    2.22    0.37     435     435
 23.500   0.000   0.000  999.90  216.42    2.81   -0.63  186.97    2.36    0.27     453     453
 24.000   0.000   0.000  999.90  217.30    2.92   -0.56  187.47    2.50    0.26     483     483
 24.500   0.000   0.000  999.90  218.10    3.01   -0.51  187.83    2.57    0.22     506     506
 25.000   0.000   0.000  999.90  218.92    3.17   -0.47  188.30    2.63    0.17     538     538
 25.500   0.000   0.000  999.90  219.75    3.25   -0.44  188.90    2.65    0.18     540     540
 26.000   0.000   0.000  999.90  220.50    3.37   -0.41  189.35    2.76    0.13     544     544
 26.500   0.000   0.000  999.90  221.34    3.54   -0.43  189.91    2.82    0.16     545     545
 27.000   0.000   0.000  999.90  222.14    3.53   -0.43  190.46    2.84    0.16     540     540
 27.500   0.000   0.000  999.90  222.93    3.61   -0.45  191.01    2.86    0.08     534     534
 28.000   0.000   0.000  999.90  223.80    3.77   -0.42  191.58    2.99   -0.03     526     526
 28.500   0.000   0.000  999.90  224.61    3.88   -0.43  192.22    3.10   -0.06     522     522
 29.000   0.000   0.000  999.90  225.48    3.97   -0.39  192.89    3.24    0.01     509     509
 29.500   0.000   0.000  999.90  226.35    4.07   -0.38  193.48    3.36    0.08     491     491
 30.000   0.000   0.000  999.90  227.21    4.11   -0.42  194.32    3.41   -0.01     482     482
