 0 2 HMN722696   32.38N  106.48W1246 1691278   11281  30  70                                        
1 T A B L E  III - 13.  M O I S T U R E  R E L A T E D  S T A T I S T I C A L  P A R A M E T E R S  
                                              ANNUAL                                                
 STATION =   722696     WHITE SANDS, NM                                                             
      Z VAPOR P   SD VP SKEW VP      TV      TV SKEW TV DEWPT T  SD DPT SKW DPT NOBS TP NOBS TV     
           MEAN                    MEAN      SD            MEAN                                     
     KM      MB      MB           DEG K   DEG K           DEG K   DEG K                             
  0.000  12.246   8.107    0.95  295.30   13.77   -0.19  280.00   10.61   -0.24   4493.   4493.     
  1.000   8.675   5.329    0.89  290.04   10.82   -0.14  275.66    8.98   -0.04   4493.   4493.     
  1.246   7.882   4.816    0.92  288.74   10.18   -0.13  274.39    8.71    0.02   4637.   4638.     
  2.000   6.037   3.417    0.78  286.72    8.12   -0.31  271.00    7.99   -0.11   4555.   4632.     
  3.000   4.183   2.590    0.87  279.73    7.24   -0.37  265.78    8.38   -0.09   4501.   4625.     
  4.000   2.655   1.858    0.97  272.82    6.38   -0.50  259.44    9.03   -0.06   4384.   4598.     
  5.000   1.542   1.206    1.24  265.99    5.99   -0.59  252.57    9.06    0.10   4281.   4564.     
  6.000   0.826   0.701    1.72  259.12    6.11   -0.48  245.55    8.42    0.28   4125.   4516.     
  7.000   0.424   0.357    2.11  252.15    6.35   -0.30  238.82    7.58    0.27   4016.   4477.     
  8.000   0.221   0.184    2.21  244.97    6.42   -0.15  232.48    7.21    0.02   3778.   4446.     
  9.000   0.116   0.097    1.90  237.65    6.25    0.03  226.13    7.68   -0.29   2887.   4395.     
 10.000   0.062   0.052    1.61  230.49    5.84    0.17  220.65    7.44   -0.29   1303.   4322.     
 11.000   0.034   0.024    1.48  224.01    5.03    0.17  216.77    5.37    0.14    520.   4195.     
 12.000   0.012   0.008    1.92  218.44    4.50   -0.22  208.38    5.42   -0.79    377.   4154.     
 13.000   0.007   0.003    2.29  214.54    3.72   -0.23  205.28    2.90    3.66    277.   4026.     
 14.000   0.004   0.002    2.41  211.52    3.47    0.26  201.78    3.20    1.24    254.   3864.     
 15.000   0.004   0.002    0.91  208.75    3.90    0.24  201.24    3.40   -0.05     83.   3710.     
 16.000  99.999  99.999  999.99  207.16    3.89    0.22  999.99   99.99  999.99      0.   3444.     
 17.000  99.999  99.999  999.99  206.82    3.52    0.22  999.99   99.99  999.99      0.   3270.     
 18.000  99.999  99.999  999.99  207.91    3.11    0.00  999.99   99.99  999.99      0.   3210.     
 19.000  99.999  99.999  999.99  209.98    2.78   -0.41  999.99   99.99  999.99      0.   3098.     
 20.000  99.999  99.999  999.99  212.14    2.70   -0.61  999.99   99.99  999.99      0.   3011.     
 21.000  99.999  99.999  999.99  214.16    2.84   -0.58  999.99   99.99  999.99      0.   2908.     
 22.000  99.999  99.999  999.99  215.93    2.96   -0.59  999.99   99.99  999.99      0.   2845.     
 23.000  99.999  99.999  999.99  217.61    3.00   -0.58  999.99   99.99  999.99      0.   2709.     
 24.000  99.999  99.999  999.99  219.34    3.16   -0.60  999.99   99.99  999.99      0.   2643.     
 25.000  99.999  99.999  999.99  220.96    3.26   -0.58  999.99   99.99  999.99      0.   2514.     
 26.000  99.999  99.999  999.99  222.46    3.43   -0.53  999.99   99.99  999.99      0.   2374.     
 27.000  99.999  99.999  999.99  224.11    3.56   -0.43  999.99   99.99  999.99      0.   2146.     
 28.000  99.999  99.999  999.99  225.64    3.67   -0.44  999.99   99.99  999.99      0.   2089.     
 29.000  99.999  99.999  999.99  227.35    3.72   -0.26  999.99   99.99  999.99      0.   1465.     
 30.000  99.999  99.999  999.99  228.85    4.74   -0.13  999.99   99.99  999.99      0.   1696.     
1 T A B L E  III -  1.  M O I S T U R E  R E L A T E D  S T A T I S T I C A L  P A R A M E T E R S  
                                              JANUARY                                               
 STATION =   722696     WHITE SANDS, NM                                                             
      Z VAPOR P   SD VP SKEW VP      TV      TV SKEW TV DEWPT T  SD DPT SKW DPT NOBS TP NOBS TV     
           MEAN                    MEAN      SD            MEAN                                     
     KM      MB      MB           DEG K   DEG K           DEG K   DEG K                             
  0.000   5.935   3.818    1.82  281.09   10.98    0.30  270.42    8.66   -0.14    329.    329.     
  1.000   4.616   2.119    0.92  278.36    7.64    0.14  268.06    6.49   -0.50    329.    329.     
  1.246   4.337   1.830    0.70  277.47    6.91    0.09  267.40    6.05   -0.63    347.    348.     
  2.000   3.462   1.411    0.47  278.16    5.31   -0.98  264.56    5.67   -0.49    343.    348.     
  3.000   2.332   1.162    0.73  273.00    5.06   -0.87  259.16    6.62   -0.52    330.    347.     
  4.000   1.351   0.807    1.34  267.55    4.76   -0.42  252.32    6.91   -0.20    315.    345.     
  5.000   0.775   0.511    1.81  261.25    4.58   -0.32  245.97    6.71    0.02    301.    340.     
  6.000   0.461   0.319    1.67  254.27    4.42   -0.31  240.36    6.61    0.11    287.    330.     
  7.000   0.256   0.175    1.31  246.79    4.36   -0.29  234.44    6.40    0.13    277.    322.     
  8.000   0.130   0.084    0.98  239.28    4.23   -0.17  228.00    6.42   -0.33    246.    316.     
  9.000   0.056   0.039    0.78  231.77    3.80    0.01  219.99    7.32   -0.71    147.    308.     
 10.000   0.026   0.015    0.36  224.80    3.24    0.01  214.73    5.61   -0.81     35.    295.     
 11.000  99.999  99.999  999.99  219.39    3.16    0.32  999.99   99.99  999.99      5.    282.     
 12.000  99.999  99.999  999.99  215.43    4.76    0.47  999.99   99.99  999.99      5.    277.     
 13.000  99.999  99.999  999.99  213.97    4.99   -0.05  999.99   99.99  999.99      5.    267.     
 14.000  99.999  99.999  999.99  212.47    4.03   -0.35  999.99   99.99  999.99      3.    253.     
 15.000  99.999  99.999  999.99  210.13    3.58   -0.33  999.99   99.99  999.99      1.    235.     
 16.000  99.999  99.999  999.99  207.78    3.72   -0.42  999.99   99.99  999.99      0.    227.     
 17.000  99.999  99.999  999.99  206.75    3.89   -0.33  999.99   99.99  999.99      0.    212.     
 18.000  99.999  99.999  999.99  206.79    4.12   -0.23  999.99   99.99  999.99      0.    204.     
 19.000  99.999  99.999  999.99  207.88    3.68   -0.36  999.99   99.99  999.99      0.    200.     
 20.000  99.999  99.999  999.99  209.26    3.31   -0.41  999.99   99.99  999.99      0.    189.     
 21.000  99.999  99.999  999.99  210.75    3.16   -0.36  999.99   99.99  999.99      0.    178.     
 22.000  99.999  99.999  999.99  212.42    3.13   -0.28  999.99   99.99  999.99      0.    165.     
 23.000  99.999  99.999  999.99  213.82    3.10   -0.19  999.99   99.99  999.99      0.    162.     
 24.000  99.999  99.999  999.99  215.26    3.37    0.04  999.99   99.99  999.99      0.    149.     
 25.000  99.999  99.999  999.99  217.02    3.28    0.26  999.99   99.99  999.99      0.    137.     
 26.000  99.999  99.999  999.99  218.50    3.08    0.52  999.99   99.99  999.99      0.    134.     
 27.000  99.999  99.999  999.99  220.08    3.30    0.68  999.99   99.99  999.99      0.    119.     
 28.000  99.999  99.999  999.99  221.62    3.72    0.68  999.99   99.99  999.99      0.    117.     
 29.000  99.999  99.999  999.99  222.90    3.08   -0.01  999.99   99.99  999.99      0.     73.     
 30.000  99.999  99.999  999.99  226.70    4.88    0.18  999.99   99.99  999.99      0.    174.     
1 T A B L E  III -  2.  M O I S T U R E  R E L A T E D  S T A T I S T I C A L  P A R A M E T E R S  
                                              FEBRUARY                                              
 STATION =   722696     WHITE SANDS, NM                                                             
      Z VAPOR P   SD VP SKEW VP      TV      TV SKEW TV DEWPT T  SD DPT SKW DPT NOBS TP NOBS TV     
           MEAN                    MEAN      SD            MEAN                                     
     KM      MB      MB           DEG K   DEG K           DEG K   DEG K                             
  0.000   6.468   3.310    0.83  284.97   10.33    0.23  272.25    7.52   -0.36    379.    379.     
  1.000   4.655   1.957    0.74  280.49    7.28    0.38  268.40    5.84   -0.35    379.    379.     
  1.246   4.292   1.745    0.69  279.37    6.60    0.41  267.39    5.62   -0.39    386.    386.     
  2.000   3.310   1.342    0.91  277.91    4.96   -0.22  264.12    5.10    0.06    384.    385.     
  3.000   2.181   0.990    1.00  271.62    4.64   -0.41  258.71    5.53   -0.08    379.    384.     
  4.000   1.229   0.667    1.34  265.54    4.47   -0.61  251.62    5.97    0.05    366.    381.     
  5.000   0.709   0.437    1.35  259.12    4.57   -0.84  245.16    6.39    0.05    342.    370.     
  6.000   0.399   0.245    1.29  252.09    4.66   -0.94  239.20    6.03    0.06    336.    367.     
  7.000   0.222   0.141    1.09  244.93    4.21   -0.72  233.21    6.27   -0.22    319.    359.     
  8.000   0.118   0.074    0.84  237.67    3.87   -0.41  227.19    6.38   -0.61    261.    355.     
  9.000   0.053   0.041    1.07  230.66    3.38    0.15  219.45    7.28   -0.26    159.    347.     
 10.000   0.021   0.018    1.47  224.48    3.33    0.68  211.84    6.89    0.03     46.    338.     
 11.000  99.999  99.999  999.99  220.17    4.07    0.72  999.99   99.99  999.99      2.    326.     
 12.000  99.999  99.999  999.99  217.63    5.46   -0.06  999.99   99.99  999.99      2.    309.     
 13.000  99.999  99.999  999.99  216.45    4.91   -0.68  999.99   99.99  999.99      1.    296.     
 14.000  99.999  99.999  999.99  214.24    3.64   -0.58  999.99   99.99  999.99      1.    279.     
 15.000  99.999  99.999  999.99  211.64    3.20   -0.21  999.99   99.99  999.99      0.    263.     
 16.000  99.999  99.999  999.99  209.26    3.18    0.04  999.99   99.99  999.99      0.    252.     
 17.000  99.999  99.999  999.99  208.01    3.24    0.02  999.99   99.99  999.99      0.    241.     
 18.000  99.999  99.999  999.99  207.89    3.27   -0.10  999.99   99.99  999.99      0.    231.     
 19.000  99.999  99.999  999.99  208.95    3.09   -0.14  999.99   99.99  999.99      0.    231.     
 20.000  99.999  99.999  999.99  210.50    2.71   -0.14  999.99   99.99  999.99      0.    226.     
 21.000  99.999  99.999  999.99  212.03    2.62   -0.05  999.99   99.99  999.99      0.    218.     
 22.000  99.999  99.999  999.99  213.60    2.90    0.14  999.99   99.99  999.99      0.    206.     
 23.000  99.999  99.999  999.99  215.03    2.68    0.15  999.99   99.99  999.99      0.    203.     
 24.000  99.999  99.999  999.99  216.56    2.83    0.14  999.99   99.99  999.99      0.    192.     
 25.000  99.999  99.999  999.99  218.22    2.89   -0.05  999.99   99.99  999.99      0.    181.     
 26.000  99.999  99.999  999.99  219.75    3.13    0.07  999.99   99.99  999.99      0.    177.     
 27.000  99.999  99.999  999.99  221.42    3.15    0.19  999.99   99.99  999.99      0.    158.     
 28.000  99.999  99.999  999.99  223.16    3.28    0.45  999.99   99.99  999.99      0.    156.     
 29.000  99.999  99.999  999.99  224.90    3.14    0.50  999.99   99.99  999.99      0.    114.     
 30.000  99.999  99.999  999.99  227.07    4.76   -0.08  999.99   99.99  999.99      0.    163.     
1 T A B L E  III -  3.  M O I S T U R E  R E L A T E D  S T A T I S T I C A L  P A R A M E T E R S  
                                              MARCH                                                 
 STATION =   722696     WHITE SANDS, NM                                                             
      Z VAPOR P   SD VP SKEW VP      TV      TV SKEW TV DEWPT T  SD DPT SKW DPT NOBS TP NOBS TV     
           MEAN                    MEAN      SD            MEAN                                     
     KM      MB      MB           DEG K   DEG K           DEG K   DEG K                             
  0.000   7.329   4.473    3.61  288.57   10.28    0.24  273.76    7.95   -0.21    396.    396.     
  1.000   5.060   2.548    2.80  283.34    7.46    0.37  269.31    6.24    0.03    396.    396.     
  1.246   4.579   2.218    2.53  282.26    7.01    0.37  268.08    5.93    0.12    410.    411.     
  2.000   3.449   1.382    0.76  280.10    5.86    0.00  264.62    5.30   -0.36    402.    411.     
  3.000   2.289   0.977    0.82  273.09    5.53   -0.22  259.39    5.35   -0.24    397.    411.     
  4.000   1.347   0.722    1.05  266.23    5.15   -0.45  252.51    6.56   -0.50    387.    411.     
  5.000   0.771   0.475    1.23  259.46    4.94   -0.58  245.99    6.63   -0.02    372.    408.     
  6.000   0.429   0.290    1.53  252.45    4.75   -0.61  239.68    6.45    0.16    368.    406.     
  7.000   0.231   0.162    1.65  245.16    4.62   -0.47  233.50    6.17    0.24    359.    403.     
  8.000   0.117   0.079    1.26  237.97    4.34   -0.32  226.98    6.70   -0.64    295.    393.     
  9.000   0.054   0.041    1.00  230.91    3.79    0.04  219.58    7.14   -0.22    153.    383.     
 10.000   0.022   0.019    1.51  224.46    3.35    0.35  211.97    7.50   -0.59     43.    372.     
 11.000  99.999  99.999  999.99  219.63    3.57    0.63  999.99   99.99  999.99      5.    354.     
 12.000  99.999  99.999  999.99  216.26    4.96    0.31  999.99   99.99  999.99      5.    351.     
 13.000  99.999  99.999  999.99  215.10    4.57   -0.21  999.99   99.99  999.99      2.    338.     
 14.000  99.999  99.999  999.99  213.80    3.48   -0.12  999.99   99.99  999.99      2.    324.     
 15.000  99.999  99.999  999.99  211.69    3.30    0.00  999.99   99.99  999.99      0.    307.     
 16.000  99.999  99.999  999.99  210.11    3.39   -0.09  999.99   99.99  999.99      0.    306.     
 17.000  99.999  99.999  999.99  209.42    3.53   -0.06  999.99   99.99  999.99      0.    290.     
 18.000  99.999  99.999  999.99  209.40    3.56   -0.09  999.99   99.99  999.99      0.    284.     
 19.000  99.999  99.999  999.99  210.35    3.14   -0.10  999.99   99.99  999.99      0.    274.     
 20.000  99.999  99.999  999.99  211.82    2.61    0.03  999.99   99.99  999.99      0.    267.     
 21.000  99.999  99.999  999.99  213.55    2.61    0.24  999.99   99.99  999.99      0.    256.     
 22.000  99.999  99.999  999.99  215.20    2.82    0.30  999.99   99.99  999.99      0.    244.     
 23.000  99.999  99.999  999.99  216.86    2.79    0.49  999.99   99.99  999.99      0.    237.     
 24.000  99.999  99.999  999.99  218.57    3.12    0.57  999.99   99.99  999.99      0.    226.     
 25.000  99.999  99.999  999.99  220.26    3.30    0.43  999.99   99.99  999.99      0.    218.     
 26.000  99.999  99.999  999.99  221.81    3.62    0.18  999.99   99.99  999.99      0.    204.     
 27.000  99.999  99.999  999.99  223.50    3.72    0.14  999.99   99.99  999.99      0.    181.     
 28.000  99.999  99.999  999.99  225.28    4.01    0.27  999.99   99.99  999.99      0.    181.     
 29.000  99.999  99.999  999.99  227.50    4.11    0.37  999.99   99.99  999.99      0.    136.     
 30.000  99.999  99.999  999.99  228.96    4.21    0.67  999.99   99.99  999.99      0.    132.     
1 T A B L E  III -  4.  M O I S T U R E  R E L A T E D  S T A T I S T I C A L  P A R A M E T E R S  
                                              APRIL                                                 
 STATION =   722696     WHITE SANDS, NM                                                             
      Z VAPOR P   SD VP SKEW VP      TV      TV SKEW TV DEWPT T  SD DPT SKW DPT NOBS TP NOBS TV     
           MEAN                    MEAN      SD            MEAN                                     
     KM      MB      MB           DEG K   DEG K           DEG K   DEG K                             
  0.000   8.427   3.916    0.86  296.18    9.67    0.17  276.28    6.79   -0.21    399.    399.     
  1.000   5.613   2.272    0.78  289.71    6.79    0.24  271.01    5.58   -0.17    399.    399.     
  1.246   4.970   2.030    0.76  288.24    6.15    0.22  269.35    5.58   -0.20    429.    429.     
  2.000   4.121   1.629    0.73  285.12    4.26   -0.43  266.86    5.77   -1.11    406.    425.     
  3.000   2.664   1.097    0.96  277.07    3.96   -0.40  261.33    5.25   -0.31    399.    422.     
  4.000   1.596   0.760    1.12  269.81    3.54   -0.54  254.86    5.72   -0.35    375.    412.     
  5.000   0.898   0.519    1.54  262.86    3.41   -0.66  248.01    5.90    0.25    363.    408.     
  6.000   0.477   0.264    1.48  255.84    3.25   -0.80  241.33    5.52   -0.02    362.    406.     
  7.000   0.253   0.133    1.56  248.56    3.11   -0.73  235.12    4.85    0.05    354.    403.     
  8.000   0.129   0.068    1.17  241.26    2.89   -0.48  228.70    4.97   -0.43    335.    401.     
  9.000   0.056   0.037    1.05  233.99    2.69   -0.24  220.63    5.97   -0.39    236.    401.     
 10.000   0.021   0.014    1.29  226.87    2.41   -0.06  212.99    5.15   -0.11     68.    398.     
 11.000  99.999  99.999  999.99  220.57    2.50    0.58  999.99   99.99  999.99      5.    382.     
 12.000  99.999  99.999  999.99  215.45    3.74    0.82  999.99   99.99  999.99      4.    380.     
 13.000  99.999  99.999  999.99  213.96    4.15    0.01  999.99   99.99  999.99      0.    359.     
 14.000  99.999  99.999  999.99  213.52    3.15   -0.31  999.99   99.99  999.99      0.    351.     
 15.000  99.999  99.999  999.99  212.07    2.91   -0.09  999.99   99.99  999.99      0.    336.     
 16.000  99.999  99.999  999.99  210.76    2.95   -0.08  999.99   99.99  999.99      0.    316.     
 17.000  99.999  99.999  999.99  209.92    2.90   -0.22  999.99   99.99  999.99      0.    286.     
 18.000  99.999  99.999  999.99  209.72    2.94   -0.17  999.99   99.99  999.99      0.    281.     
 19.000  99.999  99.999  999.99  210.62    2.57   -0.26  999.99   99.99  999.99      0.    266.     
 20.000  99.999  99.999  999.99  212.51    2.62   -0.28  999.99   99.99  999.99      0.    257.     
 21.000  99.999  99.999  999.99  214.34    2.73   -0.36  999.99   99.99  999.99      0.    246.     
 22.000  99.999  99.999  999.99  216.16    2.82   -0.38  999.99   99.99  999.99      0.    245.     
 23.000  99.999  99.999  999.99  217.91    2.65   -0.53  999.99   99.99  999.99      0.    225.     
 24.000  99.999  99.999  999.99  219.63    2.76   -0.43  999.99   99.99  999.99      0.    220.     
 25.000  99.999  99.999  999.99  221.10    2.73   -0.38  999.99   99.99  999.99      0.    215.     
 26.000  99.999  99.999  999.99  222.50    2.65   -0.42  999.99   99.99  999.99      0.    206.     
 27.000  99.999  99.999  999.99  224.32    2.61   -0.40  999.99   99.99  999.99      0.    188.     
 28.000  99.999  99.999  999.99  226.43    2.62   -0.48  999.99   99.99  999.99      0.    188.     
 29.000  99.999  99.999  999.99  228.18    2.71   -0.20  999.99   99.99  999.99      0.    121.     
 30.000  99.999  99.999  999.99  230.54    4.10    0.10  999.99   99.99  999.99      0.    134.     
1 T A B L E  III -  5.  M O I S T U R E  R E L A T E D  S T A T I S T I C A L  P A R A M E T E R S  
                                              MAY                                                   
 STATION =   722696     WHITE SANDS, NM                                                             
      Z VAPOR P   SD VP SKEW VP      TV      TV SKEW TV DEWPT T  SD DPT SKW DPT NOBS TP NOBS TV     
           MEAN                    MEAN      SD            MEAN                                     
     KM      MB      MB           DEG K   DEG K           DEG K   DEG K                             
  0.000  11.836   6.518    3.70  303.86    9.98    0.15  280.97    7.45    0.01    455.    455.     
  1.000   7.816   3.865    3.00  296.68    7.17    0.15  275.28    6.47    0.06    455.    455.     
  1.246   6.867   3.446    2.63  294.92    6.63    0.12  273.42    6.55    0.05    487.    487.     
  2.000   5.611   2.121    0.49  291.11    4.37   -0.42  271.05    5.62   -0.80    459.    486.     
  3.000   3.687   1.394    0.46  282.70    4.01   -0.47  265.53    5.22   -0.47    455.    485.     
  4.000   2.331   1.007    0.46  274.49    3.54   -0.65  259.47    5.85   -0.58    453.    482.     
  5.000   1.398   0.708    0.50  266.65    3.06   -0.66  252.99    6.51   -0.42    447.    481.     
  6.000   0.703   0.417    1.12  259.28    2.93   -0.40  245.10    6.38   -0.04    431.    475.     
  7.000   0.342   0.194    1.35  251.89    2.88   -0.48  237.88    5.46    0.10    429.    472.     
  8.000   0.174   0.099    1.43  244.35    2.86   -0.21  231.31    5.21   -0.08    417.    472.     
  9.000   0.081   0.051    1.22  236.72    2.82    0.02  224.13    5.63   -0.23    335.    465.     
 10.000   0.032   0.020    1.47  229.14    2.71    0.07  216.65    4.74    0.00    157.    458.     
 11.000   0.017   0.007    0.68  222.16    2.55    0.27  212.29    3.46   -0.36     58.    449.     
 12.000   0.009   0.005    0.38  216.32    2.83    0.62  207.27    5.40   -2.26     58.    447.     
 13.000   0.008   0.004    1.08  213.27    3.46    0.53  206.48    3.31    0.01     53.    431.     
 14.000   0.007   0.003    0.75  212.57    3.49   -0.07  205.95    2.70    0.23     49.    406.     
 15.000   0.006   0.002    0.38  211.45    3.03    0.01  204.42    1.94    0.11     34.    393.     
 16.000  99.999  99.999  999.99  210.03    2.91   -0.13  999.99   99.99  999.99      0.    343.     
 17.000  99.999  99.999  999.99  209.03    2.67   -0.13  999.99   99.99  999.99      0.    316.     
 18.000  99.999  99.999  999.99  208.94    2.55   -0.04  999.99   99.99  999.99      0.    305.     
 19.000  99.999  99.999  999.99  210.69    2.26   -0.18  999.99   99.99  999.99      0.    296.     
 20.000  99.999  99.999  999.99  213.06    2.11   -0.33  999.99   99.99  999.99      0.    288.     
 21.000  99.999  99.999  999.99  215.37    2.12   -0.26  999.99   99.99  999.99      0.    276.     
 22.000  99.999  99.999  999.99  217.22    2.07   -0.25  999.99   99.99  999.99      0.    276.     
 23.000  99.999  99.999  999.99  219.08    1.98   -0.42  999.99   99.99  999.99      0.    262.     
 24.000  99.999  99.999  999.99  220.93    2.08   -0.61  999.99   99.99  999.99      0.    262.     
 25.000  99.999  99.999  999.99  222.73    2.11   -0.81  999.99   99.99  999.99      0.    246.     
 26.000  99.999  99.999  999.99  224.58    2.05   -0.58  999.99   99.99  999.99      0.    230.     
 27.000  99.999  99.999  999.99  226.33    2.19   -0.21  999.99   99.99  999.99      0.    192.     
 28.000  99.999  99.999  999.99  228.19    2.18   -0.10  999.99   99.99  999.99      0.    192.     
 29.000  99.999  99.999  999.99  229.99    2.26    0.29  999.99   99.99  999.99      0.    124.     
 30.000  99.999  99.999  999.99  231.75    2.79    0.50  999.99   99.99  999.99      0.    144.     
1 T A B L E  III -  6.  M O I S T U R E  R E L A T E D  S T A T I S T I C A L  P A R A M E T E R S  
                                              JUNE                                                  
 STATION =   722696     WHITE SANDS, NM                                                             
      Z VAPOR P   SD VP SKEW VP      TV      TV SKEW TV DEWPT T  SD DPT SKW DPT NOBS TP NOBS TV     
           MEAN                    MEAN      SD            MEAN                                     
     KM      MB      MB           DEG K   DEG K           DEG K   DEG K                             
  0.000  14.782   5.858    0.34  307.05    8.28    0.19  284.75    6.73   -0.66    380.    380.     
  1.000  10.225   3.897    0.31  300.31    5.81    0.14  279.41    6.06   -0.54    380.    380.     
  1.246   9.314   3.558    0.35  298.72    5.31    0.12  278.08    5.95   -0.49    386.    385.     
  2.000   7.260   2.490    0.46  295.35    3.45   -0.03  274.77    5.13   -0.66    378.    386.     
  3.000   5.014   1.699    0.44  287.21    3.22   -0.14  269.76    4.76   -0.40    382.    387.     
  4.000   3.362   1.267    0.30  279.02    2.80   -0.09  264.32    5.30   -0.66    381.    387.     
  5.000   2.094   0.985    0.49  270.97    2.46   -0.09  257.99    6.16   -0.35    379.    387.     
  6.000   1.124   0.623    0.94  263.62    2.53    0.09  250.46    6.22    0.10    357.    386.     
  7.000   0.529   0.287    1.65  256.73    2.75    0.03  242.56    5.11    0.42    345.    386.     
  8.000   0.261   0.147    2.09  249.49    2.89    0.00  235.48    4.60    0.73    336.    384.     
  9.000   0.121   0.070    1.95  241.86    2.96   -0.08  228.14    4.65    0.24    317.    383.     
 10.000   0.052   0.031    1.70  234.20    2.98   -0.20  220.62    4.79   -0.10    193.    374.     
 11.000   0.025   0.010    1.64  226.73    2.89   -0.32  215.48    2.94    0.38     82.    363.     
 12.000   0.010   0.004    0.07  220.05    2.85   -0.52  208.38    3.87   -1.89     75.    363.     
 13.000   0.006   0.003    1.66  214.78    2.62   -0.30  204.64    3.70   -2.03     65.    358.     
 14.000   0.004   0.002    2.90  211.06    2.60    0.38  201.78    2.91    0.84     63.    344.     
 15.000   0.004   0.002    0.67  208.14    3.04    0.36  200.83    3.38   -0.18     22.    333.     
 16.000  99.999  99.999  999.99  206.43    3.05    0.25  999.99   99.99  999.99      0.    307.     
 17.000  99.999  99.999  999.99  206.27    2.86    0.31  999.99   99.99  999.99      0.    301.     
 18.000  99.999  99.999  999.99  208.19    2.64    0.09  999.99   99.99  999.99      0.    300.     
 19.000  99.999  99.999  999.99  211.14    1.87    0.22  999.99   99.99  999.99      0.    280.     
 20.000  99.999  99.999  999.99  213.70    1.54   -0.11  999.99   99.99  999.99      0.    277.     
 21.000  99.999  99.999  999.99  216.07    1.71   -0.16  999.99   99.99  999.99      0.    269.     
 22.000  99.999  99.999  999.99  217.99    1.70   -0.20  999.99   99.99  999.99      0.    267.     
 23.000  99.999  99.999  999.99  219.94    1.53    0.17  999.99   99.99  999.99      0.    250.     
 24.000  99.999  99.999  999.99  221.85    1.58    0.05  999.99   99.99  999.99      0.    250.     
 25.000  99.999  99.999  999.99  223.68    1.55    0.04  999.99   99.99  999.99      0.    235.     
 26.000  99.999  99.999  999.99  225.52    1.57    0.31  999.99   99.99  999.99      0.    224.     
 27.000  99.999  99.999  999.99  227.32    1.89    0.54  999.99   99.99  999.99      0.    204.     
 28.000  99.999  99.999  999.99  228.81    1.72    0.23  999.99   99.99  999.99      0.    192.     
 29.000  99.999  99.999  999.99  230.31    1.98    0.37  999.99   99.99  999.99      0.    144.     
 30.000  99.999  99.999  999.99  232.19    2.61    0.69  999.99   99.99  999.99      0.    129.     
1 T A B L E  III -  7.  M O I S T U R E  R E L A T E D  S T A T I S T I C A L  P A R A M E T E R S  
                                              JULY                                                  
 STATION =   722696     WHITE SANDS, NM                                                             
      Z VAPOR P   SD VP SKEW VP      TV      TV SKEW TV DEWPT T  SD DPT SKW DPT NOBS TP NOBS TV     
           MEAN                    MEAN      SD            MEAN                                     
     KM      MB      MB           DEG K   DEG K           DEG K   DEG K                             
  0.000  24.050   5.190   -0.16  308.77    6.12    0.66  293.25    3.71   -0.63    351.    351.     
  1.000  16.807   3.256   -0.22  301.91    4.20    0.58  287.66    3.17   -0.63    351.    351.     
  1.246  15.379   2.988   -0.18  300.24    3.78    0.53  286.29    3.13   -0.60    353.    353.     
  2.000  11.198   2.307   -0.24  296.29    2.69   -0.08  281.48    3.29   -0.95    352.    353.     
  3.000   8.132   1.816   -0.02  288.64    2.21    0.04  276.82    3.36   -0.64    353.    354.     
  4.000   5.391   1.448   -0.08  280.79    1.70    0.25  270.95    4.08   -1.17    350.    352.     
  5.000   3.327   1.233   -0.06  273.36    1.38   -0.03  264.13    5.56   -0.92    342.    350.     
  6.000   1.865   0.891    0.33  266.73    1.53   -0.08  256.48    6.48   -0.51    329.    349.     
  7.000   0.925   0.502    0.84  260.56    1.51    0.02  248.24    6.33   -0.27    326.    349.     
  8.000   0.442   0.250    1.13  253.87    1.57    0.05  240.42    5.74    0.05    327.    349.     
  9.000   0.218   0.116    1.22  246.60    1.71    0.24  233.58    5.14   -0.26    309.    347.     
 10.000   0.109   0.056    1.21  238.97    1.80    0.23  227.28    4.59   -0.31    214.    344.     
 11.000   0.046   0.025    0.84  230.96    1.79    0.17  219.61    4.90   -0.39    146.    341.     
 12.000   0.016   0.011    0.79  223.12    1.52    0.26  210.96    5.64   -0.55     80.    339.     
 13.000   0.008   0.003    0.62  215.71    1.38    0.23  206.49    3.52   -1.08     51.    334.     
 14.000   0.003   0.001    0.92  209.35    1.53   -0.10  200.39    2.44    0.13     47.    320.     
 15.000  99.999  99.999  999.99  204.92    1.95    0.36  999.99   99.99  999.99      0.    308.     
 16.000  99.999  99.999  999.99  203.40    1.85    0.33  999.99   99.99  999.99      0.    277.     
 17.000  99.999  99.999  999.99  204.16    1.83    0.01  999.99   99.99  999.99      0.    265.     
 18.000  99.999  99.999  999.99  207.21    1.95   -0.33  999.99   99.99  999.99      0.    265.     
 19.000  99.999  99.999  999.99  210.51    1.72   -0.27  999.99   99.99  999.99      0.    255.     
 20.000  99.999  99.999  999.99  213.39    1.62    0.19  999.99   99.99  999.99      0.    248.     
 21.000  99.999  99.999  999.99  216.19    1.72    0.28  999.99   99.99  999.99      0.    245.     
 22.000  99.999  99.999  999.99  218.25    1.54    0.37  999.99   99.99  999.99      0.    236.     
 23.000  99.999  99.999  999.99  220.13    1.53    0.28  999.99   99.99  999.99      0.    224.     
 24.000  99.999  99.999  999.99  221.77    1.62   -0.08  999.99   99.99  999.99      0.    224.     
 25.000  99.999  99.999  999.99  223.41    1.67   -0.12  999.99   99.99  999.99      0.    212.     
 26.000  99.999  99.999  999.99  225.04    1.78    0.25  999.99   99.99  999.99      0.    192.     
 27.000  99.999  99.999  999.99  226.76    1.98    0.31  999.99   99.99  999.99      0.    182.     
 28.000  99.999  99.999  999.99  228.46    1.93    0.30  999.99   99.99  999.99      0.    164.     
 29.000  99.999  99.999  999.99  230.11    2.28    0.35  999.99   99.99  999.99      0.    116.     
 30.000  99.999  99.999  999.99  232.29    3.90    1.75  999.99   99.99  999.99      0.    114.     
1 T A B L E  III -  8.  M O I S T U R E  R E L A T E D  S T A T I S T I C A L  P A R A M E T E R S  
                                              AUGUST                                                
 STATION =   722696     WHITE SANDS, NM                                                             
      Z VAPOR P   SD VP SKEW VP      TV      TV SKEW TV DEWPT T  SD DPT SKW DPT NOBS TP NOBS TV     
           MEAN                    MEAN      SD            MEAN                                     
     KM      MB      MB           DEG K   DEG K           DEG K   DEG K                             
  0.000  23.695   4.946   -0.03  307.51    6.97    0.64  293.04    3.58   -0.73    375.    375.     
  1.000  16.557   3.025   -0.25  300.70    4.81    0.61  287.45    3.01   -0.87    375.    375.     
  1.246  15.156   2.785   -0.23  299.06    4.31    0.58  286.09    2.99   -0.85    378.    378.     
  2.000  11.102   2.148   -0.48  295.27    2.72    0.06  281.39    3.13   -1.13    375.    378.     
  3.000   8.130   1.714   -0.21  287.55    2.12    0.08  276.85    3.20   -0.71    375.    378.     
  4.000   5.417   1.361   -0.18  279.77    1.68   -0.09  271.08    3.79   -1.06    370.    376.     
  5.000   3.077   1.186   -0.10  272.70    1.47   -0.02  263.04    5.83   -0.91    367.    375.     
  6.000   1.641   0.801    0.45  266.55    1.60   -0.04  254.93    6.45   -0.46    344.    372.     
  7.000   0.830   0.456    0.95  260.39    1.64   -0.26  247.10    6.10   -0.02    327.    368.     
  8.000   0.421   0.241    1.21  253.66    1.77   -0.40  239.94    5.59    0.23    321.    367.     
  9.000   0.209   0.114    1.17  246.43    1.87   -0.45  233.15    5.07    0.02    308.    364.     
 10.000   0.103   0.054    1.02  238.85    1.96   -0.30  226.68    4.63    0.00    190.    362.     
 11.000   0.043   0.026    0.96  230.94    1.99   -0.19  218.70    5.35   -0.32    121.    358.     
 12.000   0.014   0.010    1.16  223.12    1.86    0.01  209.90    5.53   -0.41     63.    355.     
 13.000   0.007   0.004    0.67  215.87    1.70    0.22  205.22    4.47   -1.16     41.    352.     
 14.000   0.003   0.001    1.19  209.68    1.57    0.01  200.09    2.57    0.59     34.    342.     
 15.000  99.999  99.999  999.99  205.09    1.81    0.32  999.99   99.99  999.99      0.    334.     
 16.000  99.999  99.999  999.99  203.63    2.06    0.18  999.99   99.99  999.99      0.    311.     
 17.000  99.999  99.999  999.99  204.68    2.33    0.14  999.99   99.99  999.99      0.    299.     
 18.000  99.999  99.999  999.99  207.66    2.25   -0.01  999.99   99.99  999.99      0.    299.     
 19.000  99.999  99.999  999.99  210.82    1.98   -0.05  999.99   99.99  999.99      0.    289.     
 20.000  99.999  99.999  999.99  213.59    1.68    0.10  999.99   99.99  999.99      0.    285.     
 21.000  99.999  99.999  999.99  215.88    1.62    0.20  999.99   99.99  999.99      0.    281.     
 22.000  99.999  99.999  999.99  217.75    1.48   -0.06  999.99   99.99  999.99      0.    278.     
 23.000  99.999  99.999  999.99  219.48    1.43   -0.04  999.99   99.99  999.99      0.    257.     
 24.000  99.999  99.999  999.99  221.13    1.49   -0.12  999.99   99.99  999.99      0.    257.     
 25.000  99.999  99.999  999.99  222.78    1.43   -0.09  999.99   99.99  999.99      0.    241.     
 26.000  99.999  99.999  999.99  224.35    1.48    0.10  999.99   99.99  999.99      0.    213.     
 27.000  99.999  99.999  999.99  225.98    1.81   -0.02  999.99   99.99  999.99      0.    198.     
 28.000  99.999  99.999  999.99  227.51    1.65    0.02  999.99   99.99  999.99      0.    182.     
 29.000  99.999  99.999  999.99  229.16    2.00    0.08  999.99   99.99  999.99      0.    143.     
 30.000  99.999  99.999  999.99  230.36    3.35    0.47  999.99   99.99  999.99      0.    113.     
1 T A B L E  III -  9.  M O I S T U R E  R E L A T E D  S T A T I S T I C A L  P A R A M E T E R S  
                                              SEPTEMBER                                             
 STATION =   722696     WHITE SANDS, NM                                                             
      Z VAPOR P   SD VP SKEW VP      TV      TV SKEW TV DEWPT T  SD DPT SKW DPT NOBS TP NOBS TV     
           MEAN                    MEAN      SD            MEAN                                     
     KM      MB      MB           DEG K   DEG K           DEG K   DEG K                             
  0.000  18.979   7.252    0.11  301.98    8.33    0.14  288.62    6.93   -0.88    370.    370.     
  1.000  13.611   4.491   -0.10  296.28    5.85    0.00  283.84    5.70   -0.93    370.    370.     
  1.246  12.522   4.024   -0.11  294.94    5.31   -0.06  282.65    5.45   -0.92    373.    373.     
  2.000   9.301   2.590   -0.13  292.52    3.46   -0.87  278.52    4.43   -0.79    372.    373.     
  3.000   6.484   2.094    0.04  285.08    2.73   -0.67  273.25    4.97   -0.77    370.    373.     
  4.000   4.168   1.691    0.14  277.59    2.02   -0.40  266.87    6.15   -0.82    363.    371.     
  5.000   2.232   1.243    0.48  270.97    2.02   -0.58  258.16    7.55   -0.34    353.    369.     
  6.000   1.151   0.761    1.07  264.78    2.14   -0.55  250.15    7.27    0.26    325.    363.     
  7.000   0.580   0.381    1.54  258.18    2.39   -0.59  242.95    6.29    0.42    313.    362.     
  8.000   0.313   0.217    1.53  250.96    2.63   -0.54  236.46    6.32    0.28    315.    362.     
  9.000   0.166   0.114    1.58  243.52    2.77   -0.46  230.48    5.94    0.16    271.    360.     
 10.000   0.085   0.058    1.28  236.13    2.79   -0.41  224.26    6.03   -0.09    124.    359.     
 11.000   0.037   0.025    1.32  228.83    2.54   -0.32  217.52    5.47   -0.11     52.    355.     
 12.000   0.010   0.004   -0.32  222.11    2.00   -0.26  207.83    4.91   -1.64     41.    354.     
 13.000   0.005   0.002    0.13  215.77    1.78    0.06  203.34    3.83   -1.31     25.    351.     
 14.000   0.003   0.001    1.01  210.25    1.99    0.21  199.34    1.87    0.32     21.    346.     
 15.000  99.999  99.999  999.99  205.95    2.40    0.27  999.99   99.99  999.99      1.    336.     
 16.000  99.999  99.999  999.99  204.15    2.56    0.30  999.99   99.99  999.99      0.    310.     
 17.000  99.999  99.999  999.99  204.50    2.67    0.20  999.99   99.99  999.99      0.    304.     
 18.000  99.999  99.999  999.99  207.19    2.65    0.20  999.99   99.99  999.99      0.    299.     
 19.000  99.999  99.999  999.99  210.64    2.17    0.11  999.99   99.99  999.99      0.    284.     
 20.000  99.999  99.999  999.99  213.22    1.88   -0.18  999.99   99.99  999.99      0.    278.     
 21.000  99.999  99.999  999.99  215.32    1.56   -0.12  999.99   99.99  999.99      0.    265.     
 22.000  99.999  99.999  999.99  217.27    1.55    0.32  999.99   99.99  999.99      0.    265.     
 23.000  99.999  99.999  999.99  219.05    1.54    0.17  999.99   99.99  999.99      0.    253.     
 24.000  99.999  99.999  999.99  220.76    1.71    0.16  999.99   99.99  999.99      0.    253.     
 25.000  99.999  99.999  999.99  222.42    1.79    0.60  999.99   99.99  999.99      0.    245.     
 26.000  99.999  99.999  999.99  224.04    1.82    0.75  999.99   99.99  999.99      0.    227.     
 27.000  99.999  99.999  999.99  225.61    2.01    0.58  999.99   99.99  999.99      0.    218.     
 28.000  99.999  99.999  999.99  226.90    2.03    0.53  999.99   99.99  999.99      0.    211.     
 29.000  99.999  99.999  999.99  228.18    2.43    0.49  999.99   99.99  999.99      0.    158.     
 30.000  99.999  99.999  999.99  230.54    3.39    0.65  999.99   99.99  999.99      0.    152.     
1 T A B L E  III - 10.  M O I S T U R E  R E L A T E D  S T A T I S T I C A L  P A R A M E T E R S  
                                              OCTOBER                                               
 STATION =   722696     WHITE SANDS, NM                                                             
      Z VAPOR P   SD VP SKEW VP      TV      TV SKEW TV DEWPT T  SD DPT SKW DPT NOBS TP NOBS TV     
           MEAN                    MEAN      SD            MEAN                                     
     KM      MB      MB           DEG K   DEG K           DEG K   DEG K                             
  0.000  11.848   5.670    0.71  294.15    9.90    0.08  281.06    7.41   -0.23    366.    366.     
  1.000   8.672   3.372    0.67  289.50    6.91    0.06  277.11    5.64   -0.12    366.    366.     
  1.246   8.030   2.984    0.67  288.44    6.30    0.07  276.11    5.32   -0.10    374.    374.     
  2.000   6.070   2.252    0.45  287.24    4.23   -0.72  272.15    5.55   -0.77    372.    374.     
  3.000   4.179   1.824    0.66  280.31    3.58   -1.08  266.91    5.94   -0.24    368.    373.     
  4.000   2.473   1.341    0.97  273.78    3.05   -1.09  259.79    6.60    0.08    348.    371.     
  5.000   1.269   0.784    1.57  267.58    3.01   -0.70  251.71    6.42    0.34    341.    369.     
  6.000   0.654   0.380    1.97  260.96    3.00   -0.69  244.70    5.39    0.50    327.    365.     
  7.000   0.355   0.209    2.20  253.79    2.87   -0.65  238.40    5.00    0.58    319.    363.     
  8.000   0.186   0.110    2.09  246.34    2.84   -0.28  232.10    4.79    0.51    317.    363.     
  9.000   0.089   0.060    1.82  238.74    2.95   -0.01  224.84    5.85   -0.20    242.    359.     
 10.000   0.041   0.029    1.63  231.28    2.88    0.29  218.10    5.68   -0.24     94.    353.     
 11.000   0.017   0.008    0.97  224.43    2.72    0.23  212.36    3.10    0.44     19.    345.     
 12.000   0.009   0.004    0.49  218.68    2.84   -0.17  207.16    3.85   -0.60     19.    345.     
 13.000   0.005   0.002    0.44  214.00    2.96   -0.26  204.08    2.25    0.01     16.    337.     
 14.000   0.003   0.001    0.13  210.23    3.00   -0.40  200.30    2.06   -0.31     17.    334.     
 15.000   0.002   0.000   -0.26  207.42    2.93   -0.04  197.57    1.65   -0.93     16.    332.     
 16.000  99.999  99.999  999.99  206.11    2.96    0.10  999.99   99.99  999.99      0.    310.     
 17.000  99.999  99.999  999.99  206.08    2.99    0.05  999.99   99.99  999.99      0.    299.     
 18.000  99.999  99.999  999.99  207.50    2.95    0.30  999.99   99.99  999.99      0.    296.     
 19.000  99.999  99.999  999.99  210.23    2.70    0.44  999.99   99.99  999.99      0.    290.     
 20.000  99.999  99.999  999.99  212.57    2.33    0.12  999.99   99.99  999.99      0.    277.     
 21.000  99.999  99.999  999.99  214.37    1.99    0.02  999.99   99.99  999.99      0.    267.     
 22.000  99.999  99.999  999.99  215.86    1.91    0.14  999.99   99.99  999.99      0.    266.     
 23.000  99.999  99.999  999.99  217.57    1.81    0.19  999.99   99.99  999.99      0.    251.     
 24.000  99.999  99.999  999.99  219.25    1.95    0.08  999.99   99.99  999.99      0.    246.     
 25.000  99.999  99.999  999.99  220.84    2.10    0.22  999.99   99.99  999.99      0.    236.     
 26.000  99.999  99.999  999.99  222.19    2.17    0.09  999.99   99.99  999.99      0.    224.     
 27.000  99.999  99.999  999.99  223.37    2.27    0.02  999.99   99.99  999.99      0.    207.     
 28.000  99.999  99.999  999.99  224.51    2.44    0.15  999.99   99.99  999.99      0.    207.     
 29.000  99.999  99.999  999.99  225.81    2.70    0.33  999.99   99.99  999.99      0.    160.     
 30.000  99.999  99.999  999.99  228.45    3.47    0.65  999.99   99.99  999.99      0.    144.     
1 T A B L E  III - 11.  M O I S T U R E  R E L A T E D  S T A T I S T I C A L  P A R A M E T E R S  
                                              NOVEMBER                                              
 STATION =   722696     WHITE SANDS, NM                                                             
      Z VAPOR P   SD VP SKEW VP      TV      TV SKEW TV DEWPT T  SD DPT SKW DPT NOBS TP NOBS TV     
           MEAN                    MEAN      SD            MEAN                                     
     KM      MB      MB           DEG K   DEG K           DEG K   DEG K                             
  0.000   7.413   4.124    0.76  285.10    9.73   -0.01  273.78    8.40   -0.38    379.    379.     
  1.000   5.756   2.447    0.65  282.16    6.53    0.15  271.21    6.03   -0.30    379.    379.     
  1.246   5.429   2.135    0.61  281.54    5.92    0.19  270.59    5.53   -0.30    393.    393.     
  2.000   4.319   1.590    0.71  281.76    4.68   -0.39  267.68    4.96   -0.23    393.    393.     
  3.000   2.796   1.164    0.79  276.31    4.60   -0.71  261.90    5.37   -0.29    379.    392.     
  4.000   1.617   0.803    1.24  270.98    4.52   -0.84  255.00    5.62    0.10    371.    391.     
  5.000   0.929   0.492    1.33  264.84    4.36   -0.84  248.48    5.90   -0.33    373.    390.     
  6.000   0.536   0.284    1.59  257.85    4.18   -0.71  242.62    5.49   -0.29    363.    381.     
  7.000   0.313   0.172    1.39  250.74    3.95   -0.74  237.08    5.30   -0.03    356.    375.     
  8.000   0.170   0.097    1.61  243.66    3.70   -0.54  231.15    5.07   -0.01    339.    374.     
  9.000   0.085   0.049    0.99  236.37    3.37   -0.22  224.60    5.46   -0.33    230.    370.     
 10.000   0.032   0.022    1.37  229.08    3.07   -0.06  216.17    5.65   -0.24     79.    366.     
 11.000   0.015   0.006    0.32  222.47    2.75    0.33  211.26    3.15   -0.03     11.    353.     
 12.000   0.007   0.004   -0.06  216.85    3.16    0.38  204.10    6.88   -1.13     11.    351.     
 13.000   0.005   0.002    0.40  212.62    3.64    0.16  203.47    2.91    0.05      9.    339.     
 14.000   0.003   0.001    0.40  209.78    3.54   -0.01  200.42    2.82    0.15      8.    322.     
 15.000   0.002   0.001    0.18  207.51    3.50    0.05  197.93    1.56    0.09      6.    311.     
 16.000  99.999  99.999  999.99  206.30    3.38    0.22  999.99   99.99  999.99      0.    279.     
 17.000  99.999  99.999  999.99  205.85    3.22    0.33  999.99   99.99  999.99      0.    265.     
 18.000  99.999  99.999  999.99  206.32    3.02    0.29  999.99   99.99  999.99      0.    255.     
 19.000  99.999  99.999  999.99  208.11    2.22   -0.01  999.99   99.99  999.99      0.    248.     
 20.000  99.999  99.999  999.99  210.12    1.99    0.14  999.99   99.99  999.99      0.    243.     
 21.000  99.999  99.999  999.99  211.92    2.10    0.07  999.99   99.99  999.99      0.    234.     
 22.000  99.999  99.999  999.99  213.47    2.25    0.23  999.99   99.99  999.99      0.    227.     
 23.000  99.999  99.999  999.99  215.03    2.26    0.21  999.99   99.99  999.99      0.    217.     
 24.000  99.999  99.999  999.99  216.58    2.49    0.04  999.99   99.99  999.99      0.    208.     
 25.000  99.999  99.999  999.99  217.74    2.60   -0.04  999.99   99.99  999.99      0.    204.     
 26.000  99.999  99.999  999.99  219.07    2.69   -0.02  999.99   99.99  999.99      0.    199.     
 27.000  99.999  99.999  999.99  220.64    2.69   -0.01  999.99   99.99  999.99      0.    171.     
 28.000  99.999  99.999  999.99  222.05    2.89    0.16  999.99   99.99  999.99      0.    171.     
 29.000  99.999  99.999  999.99  223.82    2.97    0.52  999.99   99.99  999.99      0.    103.     
 30.000  99.999  99.999  999.99  225.31    4.47    0.09  999.99   99.99  999.99      0.    144.     
1 T A B L E  III - 12.  M O I S T U R E  R E L A T E D  S T A T I S T I C A L  P A R A M E T E R S  
                                              DECEMBER                                              
 STATION =   722696     WHITE SANDS, NM                                                             
      Z VAPOR P   SD VP SKEW VP      TV      TV SKEW TV DEWPT T  SD DPT SKW DPT NOBS TP NOBS TV     
           MEAN                    MEAN      SD            MEAN                                     
     KM      MB      MB           DEG K   DEG K           DEG K   DEG K                             
  0.000   5.915   3.410    0.89  279.54    9.48    0.20  270.62    8.27   -0.23    314.    314.     
  1.000   4.808   2.019    0.59  277.50    6.20    0.37  268.81    5.91   -0.35    314.    314.     
  1.246   4.593   1.797    0.48  277.05    5.54    0.40  268.34    5.52   -0.41    321.    321.     
  2.000   3.570   1.321    0.77  278.22    4.83   -0.44  265.20    4.93   -0.37    319.    320.     
  3.000   2.387   1.255    1.07  273.37    4.72   -0.49  259.42    6.57   -0.22    314.    319.     
  4.000   1.449   0.867    1.38  268.16    4.54   -0.62  253.24    6.55    0.17    305.    319.     
  5.000   0.868   0.562    1.82  262.07    4.36   -0.59  247.34    6.50    0.10    301.    317.     
  6.000   0.496   0.317    1.89  255.23    4.12   -0.75  241.47    5.99    0.11    296.    316.     
  7.000   0.276   0.181    1.61  248.01    4.07   -0.72  235.40    5.97    0.19    292.    315.     
  8.000   0.149   0.100    1.28  240.86    3.89   -0.70  229.36    6.09    0.01    269.    310.     
  9.000   0.073   0.053    0.85  233.61    3.53   -0.37  222.24    7.24   -0.33    180.    308.     
 10.000   0.032   0.020    0.43  226.81    3.03    0.15  216.06    6.02   -0.56     60.    303.     
 11.000   0.015   0.006    0.69  220.83    3.13    0.98  211.52    3.08   -0.02     14.    287.     
 12.000   0.006   0.004    0.06  215.79    4.19    0.75  203.11    7.24   -0.62     14.    283.     
 13.000   0.006   0.003    0.75  213.11    4.52    0.26  204.81    3.59    0.15      9.    264.     
 14.000   0.004   0.002    1.43  211.63    3.66    0.20  202.12    3.44    0.21      9.    243.     
 15.000  99.999  99.999  999.99  209.62    3.12    0.42  999.99   99.99  999.99      3.    222.     
 16.000  99.999  99.999  999.99  208.05    3.12    0.18  999.99   99.99  999.99      0.    206.     
 17.000  99.999  99.999  999.99  207.32    3.27    0.15  999.99   99.99  999.99      0.    192.     
 18.000  99.999  99.999  999.99  207.35    3.41    0.00  999.99   99.99  999.99      0.    191.     
 19.000  99.999  99.999  999.99  208.15    3.06   -0.05  999.99   99.99  999.99      0.    185.     
 20.000  99.999  99.999  999.99  209.68    2.68   -0.18  999.99   99.99  999.99      0.    176.     
 21.000  99.999  99.999  999.99  211.31    2.50   -0.01  999.99   99.99  999.99      0.    173.     
 22.000  99.999  99.999  999.99  212.65    2.49   -0.02  999.99   99.99  999.99      0.    170.     
 23.000  99.999  99.999  999.99  214.22    2.24   -0.01  999.99   99.99  999.99      0.    168.     
 24.000  99.999  99.999  999.99  215.75    2.29    0.11  999.99   99.99  999.99      0.    156.     
 25.000  99.999  99.999  999.99  217.21    2.55    0.31  999.99   99.99  999.99      0.    144.     
 26.000  99.999  99.999  999.99  218.51    2.90    0.54  999.99   99.99  999.99      0.    144.     
 27.000  99.999  99.999  999.99  219.93    3.12    0.71  999.99   99.99  999.99      0.    128.     
 28.000  99.999  99.999  999.99  221.35    3.20    0.60  999.99   99.99  999.99      0.    128.     
 29.000  99.999  99.999  999.99  222.22    2.66    0.71  999.99   99.99  999.99      0.     73.     
 30.000  99.999  99.999  999.99  224.43    4.53    0.42  999.99   99.99  999.99      0.    153.     
