981.0    317    6.2    5.3     94   5.72    105      5  280.9  296.8  281.9
  961.0    487    4.8    3.4     91   5.11    140     10  281.1  295.4  282.0
  949.0    591    6.2    2.7     78   4.92    161     13  283.6  297.5  284.4
  946.8    610    6.1    2.7     79   4.92    165     14  283.6  297.6  284.5
  925.0    803    5.0    2.2     82   4.87    170      7  284.4  298.3  285.2
  924.0    812    5.0    2.3     83   4.91    172      7  284.5  298.5  285.4
  917.0    874    5.0    1.1     76   4.54    183      6  285.1  298.1  285.9
  912.5    914    5.3   -3.1     54   3.34    190      6  285.8  295.6  286.4
  911.0    928    5.4   -4.6     49   3.00    190      6  286.1  294.9  286.6
  901.0   1018    6.8   -4.2     45   3.12    190      8  288.4  297.7  289.0
  890.0   1119    6.4   -2.6     53   3.56    190      9  289.0  299.6  289.6
  879.2   1219    6.1   -3.7     49   3.31    190     11  289.7  299.5  290.3
  851.0   1486    5.2   -6.8     42   2.71    190     16  291.5  299.7  292.0
  850.0   1496    5.4   -6.6     42   2.76    190     16  291.8  300.1  292.3
  837.0   1622    5.0   -3.0     56   3.68    194     13  292.7  303.7  293.3
  830.0   1690    5.0    1.3     77   5.09    196     11  293.4  308.4  294.3
  816.0   1829    4.1    2.0     86   5.43    200      7  293.9  309.9  294.8
  811.0   1879    3.8    2.2     89   5.56    202      8  294.0  310.4  295.0
  785.8   2134    2.2    1.0     92   5.28    215     11  295.0  310.6  295.9
  762.0   2383    0.6   -0.1     95   5.01    227     14  295.9  310.8  296.8
  756.8   2438    0.5   -0.2     95   5.01    230     15  296.3  311.3  297.2
  728.5   2743   -0.3   -0.7     97   5.00    235     21  298.7  313.8  299.6
  700.0   3063   -1.1   -1.3     99   5.00    265     25  301.2  316.5  302.1
  696.0   3109   -1.3   -1.6     98   4.91    263     25  301.5  316.6  302.4
  649.7   3658   -2.5   -4.0     90   4.42    245     21  306.1  320.0  306.9
  643.0   3741   -2.7   -4.3     89   4.35    247     25  306.8  320.5  307.6
  601.7   4267   -4.3   -5.1     94   4.38    260     47  310.9  324.9  311.7
  586.0   4476   -4.9   -5.4     96   4.39    258     48  312.5  326.6  313.3
  556.7   4877   -7.4   -7.8     97   3.84    255     49  314.1  326.6  314.9
  523.0   5364  -10.5  -10.7     98   3.25    267     55  316.1  326.9  316.7
  514.8   5486  -11.3  -11.9     95   2.99    270     56  316.6  326.6  317.2
  500.0   5710  -12.7  -14.2     89   2.56    265     58  317.5  326.1  318.0
  499.0   5725  -12.9  -14.5     88   2.50    265     58  317.4  325.9  317.9
  492.0   5833  -13.3  -14.6     90   2.52    262     60  318.2  326.8  318.7
  487.0   5911  -13.7  -16.6     79   2.16    260     62  318.7  326.0  319.1
  475.3   6096  -14.5  -15.9     89   2.34    255     65  319.9  327.9  320.4
  475.0   6100  -14.5  -15.9     89   2.34    255     65  319.9  328.0  320.4
  444.0   6609  -17.7  -18.7     92   1.98    251     73  322.1  329.0  322.5
  439.0   6694  -18.5  -22.1     73   1.49    250     75  322.2  327.4  322.5
  438.3   6706  -18.6  -22.1     74   1.49    250     75  322.2  327.5  322.5
  431.0   6831  -19.5  -22.6     76   1.45    251     75  322.6  327.8  322.9
  414.0   7128  -22.5  -29.5     53   0.81    253     75  322.5  325.4  322.6
  400.0   7380  -23.9  -28.5     66   0.92    255     75  323.8  327.2  324.0
  387.0   7620  -25.3  -27.9     79   1.00    250     73  325.1  328.8  325.3
  385.0   7657  -25.5  -27.8     81   1.02    250     73  325.3  329.0  325.5
  381.0   7733  -25.7  -28.3     79   0.98    250     73  326.0  329.6  326.2
  373.0   7886  -26.9  -31.1     68   0.77    250     74  326.4  329.3  326.6
  358.0   8179  -29.7  -34.0     66   0.61    250     74  326.5  328.8  326.6
  351.0   8320  -30.9  -39.9     41   0.34    250     75  326.7  328.1  326.8
  338.0   8585  -32.9  -43.9     32   0.23    250     76  327.5  328.5  327.6
  312.0   9142  -37.5  -45.5     43   0.21    250     77  328.7  329.6  328.7
  311.9   9144  -37.5  -45.5     43   0.21    250     77  328.7  329.6  328.7
  302.0   9365  -39.5  -47.5     42   0.17    250     75  328.9  329.7  329.0
  300.0   9410  -39.7  -47.7     42   0.17    250     75  329.3  330.0  329.3
  298.3   9449  -40.1  -47.7     44   0.17    250     74  329.3  330.0  329.4
  280.0   9879  -44.1  -48.1     64   0.18    252     84  329.5  330.2  329.6
  272.0  10073  -45.3  -51.3     51   0.13    253     89  330.5  331.1  330.6
  266.0  10223  -43.9  -55.9     25   0.07    254     93  334.7  335.0  334.7
  260.5  10363  -44.4  -61.8     13   0.04    255     96  336.0  336.1  336.0
  257.0  10455  -44.7  -65.7      8   0.02    255     96  336.8  336.9  336.8
  250.0  10640  -44.3  -66.3      7   0.02    255     95  340.1  340.2  340.1
  206.9  11887  -51.4  -70.0      9   0.01    255    106  347.8  347.9  347.8
  204.0  11980  -52.0  -70.3      9   0.01    255    106  348.4  348.4  348.4
  200.0  12110  -52.7  -70.7     10   0.01    260    104  349.1  349.2  349.2
  181.0  12750  -55.7  -72.7     10   0.01    262     88  354.4  354.4  354.4
  171.0  13110  -57.1  -74.1     10   0.01    263     79  357.9  357.9  357.9
  168.0  13222  -56.1  -75.1      8   0.01    263     76  361.3  361.4  361.3
  165.0  13337  -56.5  -75.5      7   0.01    264     74  362.5  362.6  362.5
  163.0  13414  -55.7  -74.7      8   0.01    264     72  365.1  365.2  365.1
  155.4  13716  -57.2  -76.2      7   0.01    265     64  367.6  367.6  367.6
  150.0  13940  -58.3  -77.3      7   0.01    265     66  369.4  369.5  369.4
  147.0  14067  -58.1  -77.1      7   0.01    264     65  371.9  372.0  371.9
  141.0  14328  -59.3  -77.3      8   0.01    261     62  374.3  374.3  374.3
  138.0  14463  -58.5  -77.5      7   0.01    260     61  378.0  378.0  378.0
  127.8  14935  -61.7  -79.4      8   0.01    255     56  380.6  380.6  380.6
  121.7  15240  -63.8  -80.7      8   0.00    255     63  382.3  382.3  382.3
  115.0  15587  -66.1  -82.1      9   0.00    261     68  384.1  384.1  384.1
  111.0  15801  -66.7  -82.7      9   0.00    264     71  386.9  386.9  386.9
  110.1  15850  -66.3  -82.3      9   0.00    265     72  388.5  388.5  388.5
  109.0  15910  -65.9  -81.9      9   0.00    266     69  390.4  390.4  390.4
  100.0  16430  -67.9  -82.9     10   0.00    275     44  396.3  396.3  396.3
   94.4  16775  -69.1  -84.1     10   0.00    250     37  400.5  400.5  400.5
   89.0  17130  -65.3  -81.3      9   0.01    252     41  414.9  414.9  414.9
   81.3  17678  -66.2  -81.6     10   0.01    255     48  423.9  423.9  423.9
   77.3  17984  -66.7  -81.7     10   0.01    275     41  429.0  429.1  429.0
   73.5  18288  -64.3  -80.3     10   0.01    265     31  440.2  440.3  440.2
   70.0  18593  -61.9  -78.9      9   0.01    265     24  451.7  451.8  451.7
   70.0  18590  -61.9  -78.9      9   0.01    270     24  451.6  451.7  451.6
   69.7  18617  -61.7  -78.7      9   0.01    265     24  452.6  452.7  452.6
   66.1  18945  -62.5  -78.5     10   0.01    259     24  457.8  457.9  457.8
   63.4  19202  -61.6  -78.2      9   0.01    255     24  465.2  465.3  465.2
   61.5  19393  -60.9  -77.9      9   0.02    261     26  470.9  471.0  470.9
   57.5  19812  -61.0  -78.0      9   0.02    275     29  479.8  479.9  479.8
   54.8  20117  -61.1  -78.1      9   0.02    270     21  486.4  486.5  486.4
   54.0  20203  -61.1  -78.1      9   0.02    259     19  488.2  488.3  488.2
   52.1  20422  -61.8  -77.8     10   0.02    230     14  491.4  491.6  491.5
   50.5  20618  -62.5  -77.5     12   0.02    257     22  494.4  494.5  494.4
   50.0  20680  -61.9  -76.9     12   0.02    265     24  497.2  497.4  497.2
   49.6  20726  -61.7  -77.0     11   0.02    270     24  498.8  498.9  498.8
   47.8  20959  -60.5  -77.5      9   0.02    239     17  507.0  507.1  507.0
   47.2  21031  -60.5  -77.4      9   0.02    230     15  508.8  508.9  508.8
   45.0  21336  -60.2  -77.0      9   0.02    235     20  516.5  516.6  516.5
   40.8  21946  -59.8  -76.2     10   0.03    260     16  532.2  532.5  532.2
   37.0  22555  -59.3  -75.4     11   0.04    250     15  548.4  548.7  548.4
   36.7  22606  -59.3  -75.3     11   0.04    245     15  549.8  550.1  549.8
   35.2  22860  -58.2  -74.8     10   0.04    220     15  558.9  559.2  558.9
   33.6  23165  -57.0  -74.1     10   0.05    255     22  570.0  570.4  570.0
   31.5  23570  -55.3  -73.3      9   0.06    265     17  585.1  585.6  585.1
   30.5  23774  -56.2  -72.9     11   0.07    270     15  588.0  588.5  588.0
   30.0  23880  -56.7  -72.7     12   0.07    255     17  589.5  590.0  589.5
   29.1  24079  -57.0  -72.5     12   0.07    240     18  594.0  594.7  594.1
   28.0  24316  -57.3  -72.3     13   0.08    252     16  599.5  600.2  599.6
   27.7  24384  -56.8  -72.2     13   0.08    255     15  602.9  603.6  602.9
   26.7  24617  -54.9  -71.9     10   0.09    270     13  614.5  615.2  614.5
   26.4  24689  -54.8  -71.7     11   0.09    275     13  616.8  617.6  616.8
   25.2  24994  -54.3  -70.8     11   0.11    240      7  626.7  627.6  626.7
   24.0  25298  -53.8  -69.9     12   0.13    235     13  636.7  637.9  636.8
   23.8  25353  -53.7  -69.7     12   0.13    243     13  638.5  639.7  638.6
   22.9  25603  -53.5  -69.7     12   0.14    280     15  646.2  647.4  646.2
   21.8  25908  -53.3  -69.8     12   0.14    270     19  655.7  657.0  655.7
   20.8  26213  -53.1  -69.8     11   0.15    280     13  665.3  666.7  665.4
   20.0  26470  -52.9  -69.9     11   0.15    270     12  673.5  675.0  673.6
   19.9  26518  -52.8  -69.8     11   0.16    260     14  675.1  676.6  675.2
   19.1  26767  -52.5  -69.5     11   0.17    260     14  683.7  685.3  683.7
   17.6  27294  -53.5  -69.5     12   0.19    260     14  696.6  698.5  696.7
   17.2  27432  -53.0  -69.3     12   0.19    260     14  702.4  704.3  702.5
   15.7  28042  -50.9  -68.7     10   0.23    260     16  728.5  730.9  728.6
   14.5  28552  -49.1  -68.1      9   0.28    268     17  751.0  753.9  751.2
   14.3  28651  -49.2  -68.2      9   0.27    270     17  753.9  756.7  754.0
   12.8  29369  -50.1  -69.1      9   0.27    258     13  774.8  777.7  774.9
   11.9  29870  -48.1  -67.6      9   0.36    250     10  798.8  802.8  799.0
   11.3  30175  -46.9  -66.7      9   0.43    210     23  813.8  818.6  814.0
   10.8  30489  -45.7  -65.7      9   0.51    227     19  829.4  835.2  829.7
   10.8  30480  -45.7  -65.7      9   0.51    225     19  829.0  834.7  829.2
   10.3  30785  -46.4  -67.0      8   0.45    280     16  837.5  842.7  837.7
   10.0  31000  -46.9  -67.9      7   0.41    275     12  843.4  848.1  843.6
    9.9  31090  -47.0  -68.0      7   0.41    255     11  846.4  851.2  846.6
    9.4  31394  -47.2  -68.2      7   0.42    210     14  856.5  861.5  856.8
    9.3  31482  -47.3  -68.3      7   0.42    217     15  859.5  864.5  859.7
    9.0  31699  -46.8  -68.0      7   0.45    235     16  869.4  874.8  869.6
    8.2  32309  -45.5  -67.1      7   0.56    210     19  897.8  904.7  898.1
    7.6  32829  -44.3  -66.3      7   0.67    221     26  922.6  931.1  923.0
    7.2  33223  -45.5  -66.7      7   0.68    230     32  933.3  942.0  933.7
    7.1  33285  -45.7  -66.7      8   0.68    230     32  935.0  943.8  935.4
    7.0  33380  -44.9  -65.9      8   0.77    230     32  942.1  952.0  942.5
    6.8  33528  -44.5  -66.2      7   0.75    225     32  949.9  959.7  950.3
    6.1  34306  -42.1  -68.1      4   0.65    247     29  991.9 1000.9  992.3
    5.9  34530  -43.3  -68.3      5   0.66    254     29  996.2 1005.3  996.6
    5.7  34747  -42.6  -68.2      4   0.69    260     28 1008.6 1018.2 1009.0